"上市認購(售)權證每日收盤行情資訊彙總表 112年05月29日"
"權證收盤資訊",,,,"標的收盤資訊",,,,"權證基本資訊",,,,,,,,,,
"權證代號","權證簡稱","收盤價","漲跌","標的代號","標的名稱","收盤價/指數","漲跌","權證類型","履約方式","上市日期","履約開始日","最後交易日","履約截止日","行使比例","履約價格(元)/點數","上限價格(元)/點數","下限價格(元)/點數",
="030001","華新凱基29購02","0.90","＋","1605","華新","46.60","＋","認購","美式","111年11月22日","111年11月22日","112年09月19日","112年09月21日","0.45","    66.00","","",
="030003","裕民凱基28購01","1.17","＋","2606","裕民","49.75","＋","認購","美式","111年11月22日","111年11月22日","112年08月17日","112年08月21日","0.85","    65.00","","",
="030004","長榮航凱基2B購01","4.00","＋","2618","長榮航","33.60","＋","認購","美式","111年11月22日","111年11月22日","112年11月17日","112年11月21日","0.60","    30.00","","",
="030008","大立光凱基26購04","0.00","","3008","大立光","2,305.00","＋","認購","美式","111年11月22日","111年11月22日","112年06月19日","112年06月21日","0.02","    3,332.44","","",
="030010","敦泰凱基29購02","0.00","","3545","敦泰","83.70","＋","認購","美式","111年11月22日","111年11月22日","112年09月19日","112年09月21日","0.10","    100.00","","",
="030014","祥碩凱基27購01","0.00","","5269","祥碩","1,300.00","＋","認購","美式","111年11月22日","111年11月22日","112年07月19日","112年07月21日","0.015","    900.00","","",
="030017","富鼎凱基28購01","0.00","","8261","富鼎","106.50","＋","認購","美式","111年11月22日","111年11月22日","112年08月17日","112年08月21日","0.055","    120.00","","",
="03001U","臺股指中信29售03","0.00","","IX0001","臺股指數","16,636.30","","認售","歐式","111年12月22日","112年09月21日","112年09月19日","112年09月21日","0.004","    8,000.00","","",
="030020","大立光中信26購03","0.00","","3008","大立光","2,305.00","＋","認購","歐式","111年11月22日","112年06月21日","112年06月19日","112年06月21日","0.005","    3,369.69","","",
="030023","台積電國泰27購08","3.51","","2330","台積電","568.00","＋","認購","美式","111年11月22日","111年11月22日","112年07月19日","112年07月21日","0.122","    573.58","","",
="030024","台積電國泰27購09","2.54","＋","2330","台積電","568.00","＋","認購","美式","111年11月22日","111年11月22日","112年07月19日","112年07月21日","0.122","    593.36","","",
="03002U","華通國票27售01","0.85","","2313","華通","44.30","＋","認售","歐式","111年12月22日","112年07月21日","112年07月19日","112年07月21日","0.425","    40.50","","",
="030030","慧洋富邦26購01","0.00","","2637","慧洋-KY","60.30","＋","認購","美式","111年11月22日","111年11月22日","112年06月19日","112年06月21日","0.224","    71.38","","",
="030031","智原富邦29購01","0.40","＋","3035","智原","173.50","＋","認購","美式","111年11月22日","111年11月22日","112年09月19日","112年09月21日","0.022","    200.00","","",
="030032","敦泰富邦26購01","0.78","","3545","敦泰","83.70","＋","認購","美式","111年11月22日","111年11月22日","112年06月19日","112年06月21日","0.10","    80.00","","",
="030033","臺股指富邦26購04","0.62","＋","IX0001","臺股指數","16,636.30","","認購","歐式","111年11月22日","112年06月21日","112年06月19日","112年06月21日","0.004","    17,250.00","","",
="030034","電子類富邦26購01","0.00","","IX0027","電子類","797.58","","認購","歐式","111年11月22日","112年06月21日","112年06月19日","112年06月21日","0.02","    700.00","","",
="030036","道瓊反元大28購03","0.48","－",="00669R","國泰美國道瓊反1","8.06","－","認購","美式","111年11月22日","111年11月22日","112年08月17日","112年08月21日","1.00","    8.00","","",
="030037","美指2X元大26購01","0.00","",="00683L","期元大美元指正2(原名：元大美元指數正2)","21.98","－","認購","美式","111年11月22日","111年11月22日","112年06月19日","112年06月21日","0.40","    23.00","","",
="03003U","樺漢國票27售03","0.00","","6414","樺漢","281.00","＋","認售","歐式","111年12月22日","112年07月21日","112年07月19日","112年07月21日","0.149","    160.00","","",
="030041","鴻海元大2A購08","1.10","＋","2317","鴻海","105.50","＋","認購","美式","111年11月22日","111年11月22日","112年10月19日","112年10月23日","0.142","    110.00","","",
="030042","鴻海元大2B購03","1.11","＋","2317","鴻海","105.50","＋","認購","美式","111年11月22日","111年11月22日","112年11月17日","112年11月21日","0.149","    117.00","","",
="030044","台積電元大2A購21","3.49","＋","2330","台積電","568.00","＋","認購","美式","111年11月22日","111年11月22日","112年10月19日","112年10月23日","0.043","    548.85","","",
="030045","台積電元大2B購08","3.04","＋","2330","台積電","568.00","＋","認購","美式","111年11月22日","111年11月22日","112年11月17日","112年11月21日","0.044","    594.34","","",
="030049","宏達電元大2B購02","1.58","＋","2498","宏達電","61.50","＋","認購","美式","111年11月22日","111年11月22日","112年11月17日","112年11月21日","0.128","    60.70","","",
="03004U","臺股指國票26售10","0.02","","IX0001","臺股指數","16,636.30","","認售","歐式","111年12月22日","112年06月21日","112年06月19日","112年06月21日","0.001","    14,700.00","","",
="030052","大立光元大29購04","1.17","＋","3008","大立光","2,305.00","＋","認購","美式","111年11月22日","111年11月22日","112年09月19日","112年09月21日","0.004","    2,313.11","","",
="030053","大立光元大2A購01","0.80","＋","3008","大立光","2,305.00","＋","認購","美式","111年11月22日","111年11月22日","112年10月19日","112年10月23日","0.005","    2,822.77","","",
="030054","大立光元大2B購01","0.80","","3008","大立光","2,305.00","＋","認購","美式","111年11月22日","111年11月22日","112年11月17日","112年11月21日","0.007","    3,332.44","","",
="030057","智原元大2A購01","0.92","＋","3035","智原","173.50","＋","認購","美式","111年11月22日","111年11月22日","112年10月19日","112年10月23日","0.059","    235.00","","",
="030058","晶睿元大28購02","0.57","＋","3454","晶睿","182.50","＋","認購","美式","111年11月22日","111年11月22日","112年08月17日","112年08月21日","0.035","    245.00","","",
="030059","敦泰元大27購03","0.00","","3545","敦泰","83.70","＋","認購","美式","111年11月22日","111年11月22日","112年07月19日","112年07月21日","0.10","    78.00","","",
="03005U","臺股指國票26售11","0.00","","IX0001","臺股指數","16,636.30","","認售","歐式","111年12月22日","112年06月21日","112年06月19日","112年06月21日","0.006","    11,750.00","","",
="03005X","元展05","0.00","","2886","兆豐金","36.20","＋","認購","歐式","103年07月31日","112年10月13日","112年10月11日","112年10月13日","1.657","    9.98","","10.94",
="030068","南電元大2B購03","1.58","＋","8046","南電","302.50","－","認購","美式","111年11月22日","111年11月22日","112年11月17日","112年11月21日","0.025","    297.50","","",
="03006U","臺股指國票27售07","0.07","－","IX0001","臺股指數","16,636.30","","認售","歐式","111年12月22日","112年07月21日","112年07月19日","112年07月21日","0.001","    14,400.00","","",
="03006X","元展06","0.00","","2881","富邦金","61.10","＋","認購","歐式","103年07月31日","112年10月13日","112年10月11日","112年10月13日","1.697","    17.70","","19.68",
="030070","欣興兆豐27購02","1.10","＋","3037","欣興","182.50","－","認購","美式","111年11月23日","111年11月23日","112年07月20日","112年07月24日","0.06","    178.00","","",
="030072","技嘉永豐26購01","5.65","","2376","技嘉","186.00","＋","認購","美式","111年11月23日","111年11月23日","112年06月20日","112年06月26日","0.115","    142.98","","",
="030073","華擎永豐26購01","0.00","","3515","華擎","154.00","＋","認購","美式","111年11月23日","111年11月23日","112年06月20日","112年06月26日","0.062","    168.96","","",
="030074","大立光統一28購02","0.35","＋","3008","大立光","2,305.00","＋","認購","美式","111年11月23日","111年11月23日","112年08月18日","112年08月22日","0.003","    2,613.67","","",
="030075","大立光統一28購03","0.23","","3008","大立光","2,305.00","＋","認購","美式","111年11月23日","111年11月23日","112年08月18日","112年08月22日","0.003","    2,948.23","","",
="030076","臺指反元富28購01","0.00","",="00664R","國泰臺灣加權反1","5.58","－","認購","美式","111年11月23日","111年11月23日","112年08月18日","112年08月22日","1.00","    7.20","","",
="030077","義隆元富27購01","0.44","＋","2458","義隆","104.00","＋","認購","美式","111年11月23日","111年11月23日","112年07月20日","112年07月24日","0.103","    116.41","","",
="030078","祥碩元富26購01","0.00","","5269","祥碩","1,300.00","＋","認購","美式","111年11月23日","111年11月23日","112年06月20日","112年06月26日","0.02","    900.00","","",
="03007U","臺股指國票28售04","0.12","－","IX0001","臺股指數","16,636.30","","認售","歐式","111年12月22日","112年08月21日","112年08月17日","112年08月21日","0.002","    13,500.00","","",
="03007X","元展07","0.00","","2891","中信金","24.40","＋","認購","歐式","103年07月31日","112年09月18日","112年09月14日","112年09月18日","1.766","    7.13","","7.88",
="030080","臺指反凱基2B購04","0.00","",="00664R","國泰臺灣加權反1","5.58","－","認購","美式","111年11月23日","111年11月23日","112年11月20日","112年11月22日","1.00","    7.40","","",
="030083","中砂凱基27購01","0.00","","1560","中砂","114.50","－","認購","美式","111年11月23日","111年11月23日","112年07月20日","112年07月24日","0.10","    160.00","","",
="030085","鴻海凱基26購06","0.47","＋","2317","鴻海","105.50","＋","認購","美式","111年11月23日","111年11月23日","112年06月20日","112年06月26日","0.12","    104.00","","",
="030089","華擎凱基26購02","0.00","","3515","華擎","154.00","＋","認購","美式","111年11月23日","111年11月23日","112年06月20日","112年06月26日","0.12","    180.00","","",
="03008U","臺股指國票29售03","0.15","－","IX0001","臺股指數","16,636.30","","認售","歐式","111年12月22日","112年09月21日","112年09月19日","112年09月21日","0.002","    13,000.00","","",
="030090","嘉澤凱基26購03","0.06","－","3533","嘉澤","909.00","－","認購","美式","111年11月23日","111年11月23日","112年06月20日","112年06月26日","0.04","    1,194.16","","",
="030091","碩天凱基26購01","0.00","","3617","碩天","191.00","－","認購","美式","111年11月23日","111年11月23日","112年06月20日","112年06月26日","0.12","    150.00","","",
="030092","啟碁凱基26購02","0.55","＋","6285","啟碁","87.50","＋","認購","美式","111年11月23日","111年11月23日","112年06月20日","112年06月26日","0.10","    85.00","","",
="030094","嘉基凱基26購01","0.00","","6715","嘉基","145.50","＋","認購","美式","111年11月23日","111年11月23日","112年06月20日","112年06月26日","0.06","    160.00","","",
="030096","T50反1國票26購02","0.01","",="00632R","元大台灣50反1","4.94","－","認購","美式","111年11月23日","111年11月23日","112年06月20日","112年06月26日","1.00","    5.60","","",
="030097","T50反1國票26購03","0.05","－",="00632R","元大台灣50反1","4.94","－","認購","美式","111年11月23日","111年11月23日","112年06月20日","112年06月26日","1.00","    5.20","","",
="030098","T50反1國票27購03","0.00","",="00632R","元大台灣50反1","4.94","－","認購","美式","111年11月23日","111年11月23日","112年07月20日","112年07月24日","1.00","    5.40","","",
="030099","T50反1國票28購04","0.03","－",="00632R","元大台灣50反1","4.94","－","認購","美式","111年11月23日","111年11月23日","112年08月18日","112年08月22日","1.00","    6.00","","",
="03009U","電子類國票26售01","0.00","","IX0027","電子類","797.58","","認售","歐式","111年12月22日","112年06月21日","112年06月19日","112年06月21日","0.03","    660.00","","",
="030100","滬深2X國票26購03","0.30","－",="00637L","元大滬深300正2","13.77","－","認購","美式","111年11月23日","111年11月23日","112年06月20日","112年06月26日","1.00","    15.00","","",
="030101","台泥國票26購01","0.00","","1101","台泥","38.15","＋","認購","美式","111年11月23日","111年11月23日","112年06月20日","112年06月26日","1.00","    40.00","","",
="030102","為升國票26購01","0.47","","2231","為升","172.50","＋","認購","美式","111年11月23日","111年11月23日","112年06月20日","112年06月26日","0.20","    200.00","","",
="030103","國巨國票26購01","1.05","＋","2327","國巨","508.00","＋","認購","美式","111年11月23日","111年11月23日","112年06月20日","112年06月26日","0.04","    500.00","","",
="030104","台積電國票26購04","1.64","＋","2330","台積電","568.00","＋","認購","美式","111年11月23日","111年11月23日","112年06月20日","112年06月26日","0.03","    514.24","","",
="030105","台積電國票27購02","1.27","－","2330","台積電","568.00","＋","認購","美式","111年11月23日","111年11月23日","112年07月20日","112年07月24日","0.04","    553.80","","",
="030106","威盛國票26購02","0.00","","2388","威盛","83.10","＋","認購","美式","111年11月23日","111年11月23日","112年06月20日","112年06月26日","0.30","    90.00","","",
="030107","南亞科國票26購02","0.10","－","2408","南亞科","71.20","－","認購","美式","111年11月23日","111年11月23日","112年06月20日","112年06月26日","1.00","    90.00","","",
="030108","宏達電國票26購02","0.36","＋","2498","宏達電","61.50","＋","認購","美式","111年11月23日","111年11月23日","112年06月20日","112年06月26日","0.25","    67.50","","",
="030109","欣興國票26購04","0.32","－","3037","欣興","182.50","－","認購","美式","111年11月23日","111年11月23日","112年06月20日","112年06月26日","0.30","    230.00","","",
="03010U","電子類國票26售02","0.00","","IX0027","電子類","797.58","","認售","歐式","111年12月22日","112年06月21日","112年06月19日","112年06月21日","0.04","    620.00","","",
="03010X","元展10","0.00","","2317","鴻海","105.50","＋","認購","歐式","103年07月31日","112年09月18日","112年09月14日","112年09月18日","0.761","    34.37","","38.57",
="030111","華擎國票26購02","0.00","","3515","華擎","154.00","＋","認購","美式","111年11月23日","111年11月23日","112年06月20日","112年06月26日","0.30","    195.00","","",
="030112","嘉澤國票26購01","0.00","","3533","嘉澤","909.00","－","認購","美式","111年11月23日","111年11月23日","112年06月20日","112年06月26日","0.08","    1,263.82","","",
="030113","致伸國票26購02","0.00","","4915","致伸","64.40","＋","認購","美式","111年11月23日","111年11月23日","112年06月20日","112年06月26日","0.831","    74.00","","",
="030115","祥碩國票27購01","0.00","","5269","祥碩","1,300.00","＋","認購","美式","111年11月23日","111年11月23日","112年07月20日","112年07月24日","0.01","    800.00","","",
="030116","晶心科國票26購04","0.04","","6533","晶心科","511.00","＋","認購","美式","111年11月23日","111年11月23日","112年06月20日","112年06月26日","0.02","    700.00","","",
="030117","滬深2X中信26購02","0.00","",="00637L","元大滬深300正2","13.77","－","認購","歐式","111年11月23日","112年06月26日","112年06月20日","112年06月26日","0.39","    15.00","","",
="030118","滬深2X中信28購01","0.29","＋",="00637L","元大滬深300正2","13.77","－","認購","歐式","111年11月23日","112年08月22日","112年08月18日","112年08月22日","1.00","    18.80","","",
="03011U","電子類國票26售03","0.00","","IX0027","電子類","797.58","","認售","歐式","111年12月22日","112年06月21日","112年06月19日","112年06月21日","0.06","    600.00","","",
="030120","華新中信29購01","1.39","＋","1605","華新","46.60","＋","認購","歐式","111年11月23日","112年09月22日","112年09月20日","112年09月22日","0.30","    54.00","","",
="030122","為升中信26購01","0.00","","2231","為升","172.50","＋","認購","歐式","111年11月23日","112年06月26日","112年06月20日","112年06月26日","0.038","    198.00","","",
="030123","技嘉中信26購01","2.12","＋","2376","技嘉","186.00","＋","認購","歐式","111年11月23日","112年06月26日","112年06月20日","112年06月26日","0.052","    148.00","","",
="030125","祥碩中信26購01","2.42","＋","5269","祥碩","1,300.00","＋","認購","歐式","111年11月23日","112年06月26日","112年06月20日","112年06月26日","0.008","    1,008.00","","",
="030126","祥碩中信27購01","1.63","＋","5269","祥碩","1,300.00","＋","認購","歐式","111年11月23日","112年07月24日","112年07月20日","112年07月24日","0.006","    1,108.00","","",
="030129","裕隆元大29購02","0.00","","2201","裕隆","82.80","＋","認購","美式","111年11月23日","111年11月23日","112年09月20日","112年09月22日","0.321","    63.20","","",
="03012U","電子類國票26售04","0.00","","IX0027","電子類","797.58","","認售","歐式","111年12月22日","112年06月21日","112年06月19日","112年06月21日","0.075","    580.00","","",
="03012X","元展12","17.70","＋","2882","國泰金","44.75","＋","認購","歐式","103年09月01日","112年10月12日","112年10月06日","112年10月12日","0.747","    21.43","","23.40",
="030130","裕隆元大2A購01","0.00","","2201","裕隆","82.80","＋","認購","美式","111年11月23日","111年11月23日","112年10月19日","112年10月23日","0.245","    58.90","","",
="030133","鴻海元大2B購04","1.18","＋","2317","鴻海","105.50","＋","認購","美式","111年11月23日","111年11月23日","112年11月20日","112年11月22日","0.119","    109.50","","",
="030135","台積電元大29購28","1.65","－","2330","台積電","568.00","＋","認購","美式","111年11月23日","111年11月23日","112年09月20日","112年09月22日","0.025","    564.67","","",
="030136","台積電元大2A購22","1.76","＋","2330","台積電","568.00","＋","認購","美式","111年11月23日","111年11月23日","112年10月19日","112年10月23日","0.02","    533.04","","",
="030137","台積電元大2B購09","1.81","＋","2330","台積電","568.00","＋","認購","美式","111年11月23日","111年11月23日","112年11月20日","112年11月22日","0.02","    543.91","","",
="030139","長榮元大2B購02","1.40","＋","2603","長榮","157.00","＋","認購","美式","111年11月23日","111年11月23日","112年11月20日","112年11月22日","0.079","    191.50","","",
="03013U","電子類國票26售05","0.00","","IX0027","電子類","797.58","","認售","歐式","111年12月22日","112年06月21日","112年06月19日","112年06月21日","0.10","    525.00","","",
="03013X","元展13","0.00","","2887","台新金","18.40","＋","認購","歐式","103年09月01日","112年10月12日","112年10月06日","112年10月12日","1.739","    5.47","","6.00",
="030142","大立光元大29購05","0.72","＋","3008","大立光","2,305.00","＋","認購","美式","111年11月23日","111年11月23日","112年09月20日","112年09月22日","0.004","    2,631.65","","",
="030143","大立光元大2A購02","0.00","","3008","大立光","2,305.00","＋","認購","美式","111年11月23日","111年11月23日","112年10月19日","112年10月23日","0.005","    3,185.42","","",
="030145","欣興元大2B購03","1.93","－","3037","欣興","182.50","－","認購","美式","111年11月23日","111年11月23日","112年11月20日","112年11月22日","0.055","    182.50","","",
="030149","祥碩元大29購01","0.00","","5269","祥碩","1,300.00","＋","認購","美式","111年11月23日","111年11月23日","112年09月20日","112年09月22日","0.01","    870.00","","",
="03014U","電子類國票26售06","0.00","","IX0027","電子類","797.58","","認售","歐式","111年12月22日","112年06月21日","112年06月19日","112年06月21日","0.10","    500.00","","",
="03014X","元展14","0.00","","2892","第一金","28.00","＋","認購","歐式","103年09月01日","112年10月12日","112年10月06日","112年10月12日","1.796","    6.48","","7.06",
="030150","祥碩元大2A購03","4.78","","5269","祥碩","1,300.00","＋","認購","美式","111年11月23日","111年11月23日","112年10月19日","112年10月23日","0.01","    935.00","","",
="030152","聯茂元大2A購01","0.76","","6213","聯茂","72.30","＋","認購","美式","111年11月23日","111年11月23日","112年10月19日","112年10月23日","0.158","    97.00","","",
="030155","力智元大27購01","0.79","","6719","力智","303.00","＋","認購","美式","111年11月23日","111年11月23日","112年07月20日","112年07月24日","0.028","    336.50","","",
="030156","南電元大2B購04","0.85","","8046","南電","302.50","－","認購","美式","111年11月23日","111年11月23日","112年11月20日","112年11月22日","0.015","    315.50","","",
="030157","元黃金富邦28購01","0.93","－",="00635U","期元大S&P黃金(原名：元大S&P黃金)","24.50","－","認購","美式","111年11月23日","111年11月23日","112年08月18日","112年08月22日","1.00","    25.00","","",
="030159","台積電富邦26購09","1.89","＋","2330","台積電","568.00","＋","認購","美式","111年11月23日","111年11月23日","112年06月20日","112年06月26日","0.035","    524.13","","",
="03015U","金融類國票26售03","0.00","","IX0039","金融類","1,620.43","","認售","歐式","111年12月22日","112年06月21日","112年06月19日","112年06月21日","0.015","    1,500.00","","",
="03015X","元展15","0.00","","2884","玉山金","25.80","＋","認購","歐式","103年09月01日","112年10月12日","112年10月06日","112年10月12日","2.213","    5.54","","6.08",
="030160","旺宏富邦28購01","0.00","","2337","旺宏","33.40","＋","認購","美式","111年11月23日","111年11月23日","112年08月18日","112年08月22日","0.50","    48.00","","",
="030161","微星富邦28購01","1.30","－","2377","微星","168.00","－","認購","美式","111年11月23日","111年11月23日","112年08月18日","112年08月22日","0.10","    175.00","","",
="030162","潤泰全富邦26購01","0.00","","2915","潤泰全","56.40","＋","認購","美式","111年11月23日","111年11月23日","112年06月20日","112年06月26日","0.10","    70.00","","",
="030164","滬深2X群益27購04","0.13","",="00637L","元大滬深300正2","13.77","－","認購","美式","111年11月23日","111年11月23日","112年07月20日","112年07月24日","1.00","    17.80","","",
="030166","臺指反群益27購01","0.00","",="00664R","國泰臺灣加權反1","5.58","－","認購","美式","111年11月23日","111年11月23日","112年07月20日","112年07月24日","1.00","    6.50","","",
="030167","FBNQ反群益27購02","0.00","",="00671R","富邦NASDAQ 反1","5.07","－","認購","美式","111年11月23日","111年11月23日","112年07月20日","112年07月24日","1.00","    7.50","","",
="03016U","金融類國票26售04","0.00","","IX0039","金融類","1,620.43","","認售","歐式","111年12月22日","112年06月21日","112年06月19日","112年06月21日","0.02","    1,425.00","","",
="03016X","元展16","0.00","","2883","開發金","12.80","－","認購","歐式","103年09月18日","112年07月17日","112年07月13日","112年07月17日","0.773","    4.32","","4.70",
="030170","鴻海群益26購01","0.12","＋","2317","鴻海","105.50","＋","認購","美式","111年11月23日","111年11月23日","112年06月20日","112年06月26日","0.15","    115.00","","",
="030171","鴻海群益26購02","0.00","","2317","鴻海","105.50","＋","認購","美式","111年11月23日","111年11月23日","112年06月20日","112年06月26日","0.35","    136.00","","",
="030172","台積電群益27購09","1.82","＋","2330","台積電","568.00","＋","認購","美式","111年11月23日","111年11月23日","112年07月20日","112年07月24日","0.102","    598.30","","",
="030173","台積電群益27購10","2.11","＋","2330","台積電","568.00","＋","認購","美式","111年11月23日","111年11月23日","112年07月20日","112年07月24日","0.202","    637.86","","",
="030174","台積電群益28購03","1.63","＋","2330","台積電","568.00","＋","認購","美式","111年11月23日","111年11月23日","112年08月18日","112年08月22日","0.202","    672.47","","",
="03017U","金融類國票26售05","0.00","","IX0039","金融類","1,620.43","","認售","歐式","111年12月22日","112年06月21日","112年06月19日","112年06月21日","0.03","    1,350.00","","",
="03017X","元展17","0.00","","2890","永豐金","17.15","＋","認購","歐式","103年09月18日","112年07月17日","112年07月13日","112年07月17日","0.703","    4.80","","5.23",
="030180","慧洋群益26購01","0.00","","2637","慧洋-KY","60.30","＋","認購","美式","111年11月23日","111年11月23日","112年06月20日","112年06月26日","0.336","    77.18","","",
="030183","晶心科群益27購01","0.00","","6533","晶心科","511.00","＋","認購","美式","111年11月23日","111年11月23日","112年07月20日","112年07月24日","0.01","    685.00","","",
="030184","晶心科群益29購01","0.16","","6533","晶心科","511.00","＋","認購","美式","111年11月23日","111年11月23日","112年09月20日","112年09月22日","0.01","    843.00","","",
="030185","威鋒電群益27購03","0.31","＋","6756","威鋒電子","223.00","＋","認購","美式","111年11月23日","111年11月23日","112年07月20日","112年07月24日","0.087","    304.96","","",
="030187","AES群益27購01","0.00","","6781","AES-KY","690.00","＋","認購","美式","111年11月23日","111年11月23日","112年07月20日","112年07月24日","0.025","    993.00","","",
="030188","臺指反國票27購01","0.00","",="00664R","國泰臺灣加權反1","5.58","－","認購","美式","111年11月24日","111年11月24日","112年07月20日","112年07月24日","1.00","    6.30","","",
="030189","臺指反國票28購01","0.00","",="00664R","國泰臺灣加權反1","5.58","－","認購","美式","111年11月24日","111年11月24日","112年08月21日","112年08月23日","1.00","    6.90","","",
="03018U","金融類國票26售06","0.00","","IX0039","金融類","1,620.43","","認售","歐式","111年12月22日","112年06月21日","112年06月19日","112年06月21日","0.05","    1,200.00","","",
="030190","美指2X國票27購01","0.00","",="00683L","期元大美元指正2(原名：元大美元指數正2)","21.98","－","認購","美式","111年11月24日","111年11月24日","112年07月20日","112年07月24日","0.558","    24.50","","",
="030191","義隆國票26購01","0.00","","2458","義隆","104.00","＋","認購","美式","111年11月24日","111年11月24日","112年06月20日","112年06月26日","0.309","    116.41","","",
="030192","怡利電國票27購01","0.00","","2497","怡利電","71.30","＋","認購","美式","111年11月24日","111年11月24日","112年07月20日","112年07月24日","0.15","    100.00","","",
="030193","王品國票26購02","0.00","","2727","王品","320.00","－","認購","美式","111年11月24日","111年11月24日","112年06月20日","112年06月26日","0.20","    230.00","","",
="030194","晶豪科國票26購01","0.25","＋","3006","晶豪科","88.20","＋","認購","美式","111年11月24日","111年11月24日","112年06月20日","112年06月26日","0.20","    100.00","","",
="030195","揚明光國票26購03","0.00","","3504","揚明光","81.70","＋","認購","美式","111年11月24日","111年11月24日","112年06月20日","112年06月26日","0.394","    136.00","","",
="030196","華擎國票26購03","0.00","","3515","華擎","154.00","＋","認購","美式","111年11月24日","111年11月24日","112年06月20日","112年06月26日","0.184","    180.00","","",
="030197","上緯控國票26購01","0.00","","3708","上緯投控","96.50","－","認購","美式","111年11月24日","111年11月24日","112年06月20日","112年06月26日","0.12","    125.00","","",
="030199","天鈺國票26購01","0.71","＋","4961","天鈺","154.00","＋","認購","美式","111年11月24日","111年11月24日","112年06月20日","112年06月26日","0.10","    160.00","","",
="03019U","臺股指法興26售05","0.00","","IX0001","臺股指數","16,636.30","","認售","歐式","111年12月22日","112年06月21日","112年06月19日","112年06月21日","0.005","    13,100.00","","",
="03019X","元展19","0.00","","5880","合庫金","28.10","＋","認購","歐式","103年09月18日","112年07月17日","112年07月13日","112年07月17日","0.541","    6.29","","6.83",
="030200","中興電統一27購02","0.00","","1513","中興電","113.50","＋","認購","美式","111年11月24日","111年11月24日","112年07月20日","112年07月24日","0.10","    60.66","","",
="030201","晶豪科統一27購01","0.30","＋","3006","晶豪科","88.20","＋","認購","美式","111年11月24日","111年11月24日","112年07月20日","112年07月24日","0.055","    101.11","","",
="030202","玉晶光統一28購01","0.35","","3406","玉晶光","400.00","＋","認購","美式","111年11月24日","111年11月24日","112年08月21日","112年08月23日","0.01","    468.88","","",
="030203","台積電兆豐27購06","1.33","＋","2330","台積電","568.00","＋","認購","美式","111年11月24日","111年11月24日","112年07月20日","112年07月24日","0.038","    548.85","","",
="030207","中興電永豐26購01","0.00","","1513","中興電","113.50","＋","認購","美式","111年11月24日","111年11月24日","112年06月20日","112年06月26日","0.58","    76.79","","",
="030209","愛普永豐26購02","4.02","＋","6531","愛普*","328.50","＋","認購","美式","111年11月24日","111年11月24日","112年06月20日","112年06月26日","0.06","    263.34","","",
="03020U","臺股指法興26售06","0.02","","IX0001","臺股指數","16,636.30","","認售","歐式","111年12月22日","112年06月21日","112年06月19日","112年06月21日","0.005","    13,800.00","","",
="03020X","元展20","5.00","","2801","彰銀","18.15","＋","認購","歐式","103年09月18日","112年07月17日","112年07月13日","112年07月17日","0.482","    7.84","","8.56",
="030210","富鼎永豐26購01","0.00","","8261","富鼎","106.50","＋","認購","美式","111年11月24日","111年11月24日","112年06月20日","112年06月26日","0.091","    136.95","","",
="030212","旺宏元富26購02","0.00","","2337","旺宏","33.40","＋","認購","美式","111年11月24日","111年11月24日","112年06月20日","112年06月26日","0.50","    39.00","","",
="030215","祥碩元富27購02","0.00","","5269","祥碩","1,300.00","＋","認購","美式","111年11月24日","111年11月24日","112年07月20日","112年07月24日","0.02","    1,050.00","","",
="030216","GIS元富28購01","0.00","","6456","GIS-KY","75.40","＋","認購","美式","111年11月24日","111年11月24日","112年08月21日","112年08月23日","0.157","    114.43","","",
="03021U","臺股指法興26售07","0.00","","IX0001","臺股指數","16,636.30","","認售","歐式","111年12月22日","112年06月21日","112年06月19日","112年06月21日","0.003","    14,600.00","","",
="030220","台積電麥證26購08","0.44","－","2330","台積電","568.00","＋","認購","歐式","111年11月24日","112年06月26日","112年06月20日","112年06月26日","0.08","    613.13","","",
="030221","美食麥證27購01","0.00","","2723","美食-KY","152.50","－","認購","歐式","111年11月24日","112年07月24日","112年07月20日","112年07月24日","0.10","    130.00","","",
="030224","滬深2X凱基27購02","0.46","－",="00637L","元大滬深300正2","13.77","－","認購","美式","111年11月24日","111年11月24日","112年07月20日","112年07月24日","1.00","    15.50","","",
="030226","中鴻凱基27購01","0.00","","2014","中鴻","23.15","＋","認購","美式","111年11月24日","111年11月24日","112年07月20日","112年07月24日","1.00","    35.00","","",
="030227","裕隆凱基27購02","4.61","","2201","裕隆","82.80","＋","認購","美式","111年11月24日","111年11月24日","112年07月20日","112年07月24日","0.50","    80.00","","",
="030228","為升凱基27購01","0.44","","2231","為升","172.50","＋","認購","美式","111年11月24日","111年11月24日","112年07月20日","112年07月24日","0.15","    220.00","","",
="030229","鴻海凱基29購02","0.35","","2317","鴻海","105.50","＋","認購","美式","111年11月24日","111年11月24日","112年09月21日","112年09月25日","0.50","    140.00","","",
="03022U","臺股指法興26售08","0.03","－","IX0001","臺股指數","16,636.30","","認售","歐式","111年12月22日","112年06月21日","112年06月19日","112年06月21日","0.002","    15,300.00","","",
="03022X","富展01","28.10","","2317","鴻海","105.50","＋","認購","歐式","103年10月13日","112年08月23日","112年08月21日","112年08月23日","0.401","    35.61","","44.69",
="030234","怡利電凱基26購01","0.00","","2497","怡利電","71.30","＋","認購","美式","111年11月24日","111年11月24日","112年06月20日","112年06月26日","0.25","    100.00","","",
="030235","怡利電凱基28購02","0.00","","2497","怡利電","71.30","＋","認購","美式","111年11月24日","111年11月24日","112年08月21日","112年08月23日","0.15","    110.00","","",
="030237","材料凱基26購02","0.00","","4763","材料-KY","550.00","－","認購","美式","111年11月24日","111年11月24日","112年06月20日","112年06月26日","0.082","    224.85","","",
="030238","祥碩凱基27購02","5.10","＋","5269","祥碩","1,300.00","＋","認購","美式","111年11月24日","111年11月24日","112年07月20日","112年07月24日","0.02","    1,100.00","","",
="03023U","T50正2元大29售01","0.16","－",="00631L","元大台灣50正2","129.10","＋","認售","歐式","111年12月22日","112年09月21日","112年09月19日","112年09月21日","0.15","    70.00","","",
="030241","台灣50元大28購04","1.71","＋",="0050","元大台灣50","126.75","＋","認購","美式","111年11月24日","111年11月24日","112年08月21日","112年08月23日","0.818","    136.92","","",
="030242","台灣50元大28購05","2.52","＋",="0050","元大台灣50","126.75","＋","認購","美式","111年11月24日","111年11月24日","112年08月21日","112年08月23日","0.358","    125.18","","",
="030243","台灣50元大28購06","0.00","",="0050","元大台灣50","126.75","＋","認購","美式","111年11月24日","111年11月24日","112年08月21日","112年08月23日","0.153","    113.45","","",
="030244","台灣50元大29購01","2.40","＋",="0050","元大台灣50","126.75","＋","認購","美式","111年11月24日","111年11月24日","112年09月21日","112年09月25日","0.46","    130.07","","",
="030245","台灣50元大29購02","2.90","＋",="0050","元大台灣50","126.75","＋","認購","美式","111年11月24日","111年11月24日","112年09月21日","112年09月25日","0.205","    116.38","","",
="030246","滬深2X元大28購02","1.03","－",="00637L","元大滬深300正2","13.77","－","認購","美式","111年11月24日","111年11月24日","112年08月21日","112年08月23日","0.80","    14.00","","",
="030247","滬深2X元大29購01","0.86","－",="00637L","元大滬深300正2","13.77","－","認購","美式","111年11月24日","111年11月24日","112年09月21日","112年09月25日","1.00","    16.00","","",
="030248","道瓊銀元大28購01","0.00","",="00738U","期元大道瓊白銀(原名：元大道瓊白銀)","22.79","＋","認購","美式","111年11月24日","111年11月24日","112年08月21日","112年08月23日","0.25","    21.00","","",
="03024U","香港2X元大26售03","0.42","－",="00650L","FH香港正2","11.60","＋","認售","歐式","111年12月22日","112年06月21日","112年06月19日","112年06月21日","0.45","    12.00","","",
="030250","華新元大29購03","1.26","＋","1605","華新","46.60","＋","認購","美式","111年11月24日","111年11月24日","112年09月21日","112年09月25日","0.30","    56.70","","",
="030251","華新元大2A購06","1.18","＋","1605","華新","46.60","＋","認購","美式","111年11月24日","111年11月24日","112年10月19日","112年10月23日","0.342","    63.30","","",
="030252","華新元大2B購02","1.44","＋","1605","華新","46.60","＋","認購","美式","111年11月24日","111年11月24日","112年11月21日","112年11月23日","0.312","    64.80","","",
="030255","台積電元大29購29","1.67","＋","2330","台積電","568.00","＋","認購","美式","111年11月24日","111年11月24日","112年09月21日","112年09月25日","0.025","    558.75","","",
="030256","台積電元大2A購23","1.34","－","2330","台積電","568.00","＋","認購","美式","111年11月24日","111年11月24日","112年10月19日","112年10月23日","0.02","    570.61","","",
="030257","台積電元大2B購10","1.32","－","2330","台積電","568.00","＋","認購","美式","111年11月24日","111年11月24日","112年11月21日","112年11月23日","0.03","    663.57","","",
="03025U","FBNQ2X元大27售01","0.00","",="00670L","富邦NASDAQ正2","78.90","＋","認售","歐式","111年12月22日","112年07月21日","112年07月19日","112年07月21日","0.10","    47.00","","",
="030260","義隆元大2A購01","1.97","＋","2458","義隆","104.00","＋","認購","美式","111年11月24日","111年11月24日","112年10月19日","112年10月23日","0.292","    125.62","","",
="030264","大立光元大29購06","0.92","＋","3008","大立光","2,305.00","＋","認購","美式","111年11月24日","111年11月24日","112年09月21日","112年09月25日","0.003","    2,273.90","","",
="030265","大立光元大2A購03","0.00","","3008","大立光","2,305.00","＋","認購","美式","111年11月24日","111年11月24日","112年10月19日","112年10月23日","0.005","    3,087.41","","",
="030266","大立光元大2B購02","0.67","＋","3008","大立光","2,305.00","＋","認購","美式","111年11月24日","111年11月24日","112年11月21日","112年11月23日","0.005","    3,258.93","","",
="030267","智原元大2B購01","1.24","＋","3035","智原","173.50","＋","認購","美式","111年11月24日","111年11月24日","112年11月21日","112年11月23日","0.037","    177.50","","",
="03026U","中砂元大26售05","0.00","","1560","中砂","114.50","－","認售","歐式","111年12月22日","112年06月21日","112年06月19日","112年06月21日","0.11","    90.00","","",
="03026X","元展23","0.00","",="0061","元大寶滬深","18.39","＋","認購","歐式","103年10月14日","112年08月23日","112年08月21日","112年08月23日","0.50","    9.28","","10.29",
="030276","愛普中信28購02","1.08","＋","6531","愛普*","328.50","＋","認購","歐式","111年11月24日","112年08月23日","112年08月21日","112年08月23日","0.02","    308.00","","",
="030277","聯發科國泰27購02","0.30","＋","2454","聯發科","738.00","＋","認購","美式","111年11月24日","111年11月24日","112年07月20日","112年07月24日","0.02","    850.00","","",
="030278","聯發科國泰27購03","0.31","＋","2454","聯發科","738.00","＋","認購","美式","111年11月24日","111年11月24日","112年07月20日","112年07月24日","0.05","    921.00","","",
="030279","長榮國泰27購04","0.34","＋","2603","長榮","157.00","＋","認購","美式","111年11月24日","111年11月24日","112年07月20日","112年07月24日","0.10","    193.00","","",
="03027P","大立光富邦28售02","0.09","－","3008","大立光","2,305.00","＋","認售","歐式","111年09月16日","112年08月15日","112年08月11日","112年08月15日","0.003","    1,862.25","","",
="03027U","鴻海元大26售11","0.00","","2317","鴻海","105.50","＋","認售","歐式","111年12月22日","112年06月21日","112年06月19日","112年06月21日","0.715","    70.70","","",
="03027X","元展24","0.00","",="006205","FB上証","30.10","－","認購","歐式","103年10月14日","112年08月23日","112年08月21日","112年08月23日","0.50","    14.22","","15.88",
="030280","國巨富邦26購06","0.00","","2327","國巨","508.00","＋","認購","美式","111年11月24日","111年11月24日","112年06月20日","112年06月26日","0.028","    550.00","","",
="030281","華碩富邦26購01","0.00","","2357","華碩","303.50","－","認購","美式","111年11月24日","111年11月24日","112年06月20日","112年06月26日","0.10","    320.00","","",
="030282","大立光富邦29購01","0.23","＋","3008","大立光","2,305.00","＋","認購","美式","111年11月24日","111年11月24日","112年09月21日","112年09月25日","0.009","    3,332.44","","",
="030284","群創富邦26購01","0.28","","3481","群創","14.10","＋","認購","美式","111年11月24日","111年11月24日","112年06月20日","112年06月26日","0.80","    15.00","","",
="030285","聯合再富邦27購01","0.00","","3576","聯合再生","20.30","＋","認購","美式","111年11月24日","111年11月24日","112年07月20日","112年07月24日","0.35","    26.00","","",
="030286","天鈺富邦26購01","0.45","","4961","天鈺","154.00","＋","認購","美式","111年11月24日","111年11月24日","112年06月20日","112年06月26日","0.06","    160.00","","",
="030287","力智富邦27購02","0.00","","6719","力智","303.00","＋","認購","美式","111年11月24日","111年11月24日","112年07月20日","112年07月24日","0.02","    360.00","","",
="030288","T50反1群益29購02","0.00","",="00632R","元大台灣50反1","4.94","－","認購","美式","111年11月24日","111年11月24日","112年09月21日","112年09月25日","1.00","    5.90","","",
="03028U","鴻海元大26售12","0.00","","2317","鴻海","105.50","＋","認售","歐式","111年12月22日","112年06月21日","112年06月19日","112年06月21日","0.24","    85.60","","",
="03028X","元展25","0.00","","1303","南亞","78.40","－","認購","歐式","103年10月15日","112年08月23日","112年08月21日","112年08月23日","0.772","    25.61","","28.19",
="030290","道瓊反群益29購04","0.00","",="00669R","國泰美國道瓊反1","8.06","－","認購","美式","111年11月24日","111年11月24日","112年09月21日","112年09月25日","1.00","    7.90","","",
="030296","怡利電群益29購02","0.63","＋","2497","怡利電","71.30","＋","認購","美式","111年11月24日","111年11月24日","112年09月21日","112年09月25日","0.20","    100.00","","",
="030297","宏達電群益29購01","3.03","＋","2498","宏達電","61.50","＋","認購","美式","111年11月24日","111年11月24日","112年09月21日","112年09月25日","0.544","    69.00","","",
="03029U","光罩元大26售06","0.00","","2338","光罩","81.80","＋","認售","歐式","111年12月22日","112年06月21日","112年06月19日","112年06月21日","0.186","    58.50","","",
="03029X","元展26","30.00","","3702","大聯大","53.00","＋","認購","歐式","103年11月12日","112年09月25日","112年09月21日","112年09月25日","0.775","    14.27","","15.74",
="030300","正文群益27購01","0.84","","4906","正文","31.40","＋","認購","美式","111年11月24日","111年11月24日","112年07月20日","112年07月24日","1.00","    35.00","","",
="030302","愛普群益28購02","4.81","＋","6531","愛普*","328.50","＋","認購","美式","111年11月24日","111年11月24日","112年08月21日","112年08月23日","0.10","    310.00","","",
="030305","元石油國票26購02","0.01","",="00642U","期元大S&P石油(原名：元大S&P石油)","15.46","＋","認購","美式","111年11月25日","111年11月25日","112年06月20日","112年06月26日","1.00","    21.00","","",
="030306","美指2X國票28購01","0.00","",="00683L","期元大美元指正2(原名：元大美元指數正2)","21.98","－","認購","美式","111年11月25日","111年11月25日","112年08月22日","112年08月24日","0.70","    26.50","","",
="030308","裕隆國票26購02","4.81","＋","2201","裕隆","82.80","＋","認購","美式","111年11月25日","111年11月25日","112年06月20日","112年06月26日","1.00","    82.00","","",
="030309","台積電國票26購05","0.77","","2330","台積電","568.00","＋","認購","美式","111年11月25日","111年11月25日","112年06月20日","112年06月26日","0.05","    583.46","","",
="03030U","大立光元大26售19","0.00","","3008","大立光","2,305.00","＋","認售","歐式","111年12月22日","112年06月21日","112年06月19日","112年06月21日","0.017","    1,617.21","","",
="030310","台亞國票26購01","0.00","","2340","台亞","36.30","＋","認購","美式","111年11月25日","111年11月25日","112年06月20日","112年06月26日","0.50","    45.00","","",
="030311","興富發國票26購01","0.00","","2542","興富發","42.10","－","認購","美式","111年11月25日","111年11月25日","112年06月20日","112年06月26日","1.00","    55.00","","",
="030313","大立光國票26購03","0.14","＋","3008","大立光","2,305.00","＋","認購","美式","111年11月25日","111年11月25日","112年06月20日","112年06月26日","0.02","    2,744.36","","",
="030314","智原國票26購02","0.04","＋","3035","智原","173.50","＋","認購","美式","111年11月25日","111年11月25日","112年06月20日","112年06月26日","0.15","    240.00","","",
="030315","總太國票26購01","2.74","－","3056","總太","48.60","＋","認購","美式","111年11月25日","111年11月25日","112年06月20日","112年06月26日","0.20","    35.00","","",
="030316","嘉基國票27購01","0.51","＋","6715","嘉基","145.50","＋","認購","美式","111年11月25日","111年11月25日","112年07月20日","112年07月24日","0.055","    160.00","","",
="030317","力智國票27購01","0.85","＋","6719","力智","303.00","＋","認購","美式","111年11月25日","111年11月25日","112年07月20日","112年07月24日","0.035","    310.00","","",
="03031U","大立光元大26售20","0.00","","3008","大立光","2,305.00","＋","認售","歐式","111年12月22日","112年06月21日","112年06月19日","112年06月21日","0.015","    1,744.63","","",
="030321","聯電中信27購01","0.39","＋","2303","聯電","51.20","＋","認購","歐式","111年11月25日","112年07月24日","112年07月20日","112年07月24日","0.30","    60.00","","",
="030323","智原中信26購01","0.65","","3035","智原","173.50","＋","認購","歐式","111年11月25日","112年06月26日","112年06月20日","112年06月26日","0.05","    172.00","","",
="030324","世芯中信27購01","7.65","＋","3661","世芯-KY","1,660.00","＋","認購","歐式","111年11月25日","112年07月24日","112年07月20日","112年07月24日","0.01","    888.00","","",
="030325","世芯國泰27購01","0.00","","3661","世芯-KY","1,660.00","＋","認購","美式","111年11月25日","111年11月25日","112年07月20日","112年07月24日","0.01","    1,121.00","","",
="030326","世芯統一27購04","0.00","","3661","世芯-KY","1,660.00","＋","認購","美式","111年11月25日","111年11月25日","112年07月20日","112年07月24日","0.007","    1,077.00","","",
="030327","世芯統一27購05","0.00","","3661","世芯-KY","1,660.00","＋","認購","美式","111年11月25日","111年11月25日","112年07月20日","112年07月24日","0.005","    707.77","","",
="030328","世芯統一28購01","3.15","＋","3661","世芯-KY","1,660.00","＋","認購","美式","111年11月25日","111年11月25日","112年08月22日","112年08月24日","0.004","    888.88","","",
="03032Q","恒指麥證26售02","0.00","","HSI"," "," "," ","認售","歐式","111年07月29日","112年06月28日","112年06月26日","112年06月28日","0.0003","HKD 19,000.00","","",
="03032U","華擎元大26售05","0.00","","3515","華擎","154.00","＋","認售","歐式","111年12月22日","112年06月21日","112年06月19日","112年06月21日","0.05","    125.00","","",
="030330","智原兆豐27購01","0.30","＋","3035","智原","173.50","＋","認購","美式","111年11月25日","111年11月25日","112年07月20日","112年07月24日","0.05","    195.00","","",
="030332","日月光兆豐27購01","1.57","－","3711","日月光投控","109.00","－","認購","美式","111年11月25日","111年11月25日","112年07月20日","112年07月24日","0.10","    95.00","","",
="030333","力智兆豐26購02","0.73","","6719","力智","303.00","＋","認購","美式","111年11月25日","111年11月25日","112年06月20日","112年06月26日","0.03","    300.00","","",
="030334","智原元富27購02","0.00","","3035","智原","173.50","＋","認購","美式","111年11月25日","111年11月25日","112年07月20日","112年07月24日","0.07","    220.00","","",
="030335","華擎元富28購01","1.01","","3515","華擎","154.00","＋","認購","美式","111年11月25日","111年11月25日","112年08月22日","112年08月24日","0.08","    170.00","","",
="030337","世芯元富28購01","0.00","","3661","世芯-KY","1,660.00","＋","認購","美式","111年11月25日","111年11月25日","112年08月22日","112年08月24日","0.007","    888.00","","",
="030338","新唐元富28購01","0.00","","4919","新唐","130.50","＋","認購","美式","111年11月25日","111年11月25日","112年08月22日","112年08月24日","0.12","    150.00","","",
="03033U","世芯元大26售10","0.00","","3661","世芯-KY","1,660.00","＋","認售","歐式","111年12月22日","112年06月21日","112年06月19日","112年06月21日","0.02","    628.00","","",
="030347","世芯永豐26購01","0.00","","3661","世芯-KY","1,660.00","＋","認購","美式","111年11月25日","111年11月25日","112年06月20日","112年06月26日","0.012","    1,032.13","","",
="030348","世芯永豐28購01","7.20","＋","3661","世芯-KY","1,660.00","＋","認購","美式","111年11月25日","111年11月25日","112年08月22日","112年08月24日","0.014","    1,211.63","","",
="030349","拓凱永豐26購01","0.42","","4536","拓凱","196.50","＋","認購","美式","111年11月25日","111年11月25日","112年06月20日","112年06月26日","0.047","    211.25","","",
="03034Q","恒指麥證27售02","0.00","","HSI"," "," "," ","認售","歐式","112年01月17日","112年07月17日","112年07月13日","112年07月17日","0.0006","HKD 20,000.00","","",
="03034U","臺股指元大2A售24","0.50","－","IX0001","臺股指數","16,636.30","","認售","歐式","111年12月22日","112年10月23日","112年10月19日","112年10月23日","0.001","    14,000.00","","",
="030351","裕隆富邦26購01","3.51","","2201","裕隆","82.80","＋","認購","美式","111年11月25日","111年11月25日","112年06月20日","112年06月26日","0.15","    60.00","","",
="030352","鴻海富邦26購02","0.00","","2317","鴻海","105.50","＋","認購","美式","111年11月25日","111年11月25日","112年06月20日","112年06月26日","0.20","    120.00","","",
="030354","大立光富邦29購02","0.78","＋","3008","大立光","2,305.00","＋","認購","美式","111年11月25日","111年11月25日","112年09月21日","112年09月25日","0.003","    2,254.30","","",
="030355","日月光富邦26購03","0.49","－","3711","日月光投控","109.00","－","認購","美式","111年11月25日","111年11月25日","112年06月20日","112年06月26日","0.20","    115.00","","",
="030356","道瓊反凱基29購02","0.26","",="00669R","國泰美國道瓊反1","8.06","－","認購","美式","111年11月25日","111年11月25日","112年09月21日","112年09月25日","1.00","    8.80","","",
="030357","道瓊反凱基29購03","0.30","",="00669R","國泰美國道瓊反1","8.06","－","認購","美式","111年11月25日","111年11月25日","112年09月21日","112年09月25日","0.60","    8.20","","",
="03035Q","恒指麥證28售02","0.00","","HSI"," "," "," ","認售","歐式","112年02月24日","112年08月23日","112年08月21日","112年08月23日","0.0005","HKD 17,000.00","","",
="03035U","台積電永豐27售06","0.04","－","2330","台積電","568.00","＋","認售","歐式","111年12月23日","112年07月24日","112年07月20日","112年07月24日","0.048","    397.85","","",
="03035X","元展32","13.60","","1402","遠東新","31.85","＋","認購","歐式","103年12月05日","112年10月24日","112年10月20日","112年10月24日","0.722","    13.15","","14.53",
="030365","美食凱基26購01","3.56","－","2723","美食-KY","152.50","－","認購","美式","111年11月25日","111年11月25日","112年06月20日","112年06月26日","0.11","    120.00","","",
="030366","王品凱基26購01","0.00","","2727","王品","320.00","－","認購","美式","111年11月25日","111年11月25日","112年06月20日","112年06月26日","0.15","    230.00","","",
="030367","智原凱基26購01","0.00","","3035","智原","173.50","＋","認購","美式","111年11月25日","111年11月25日","112年06月20日","112年06月26日","0.06","    180.00","","",
="03036Q","道指麥證29售03","0.83","","DJI"," "," "," ","認售","歐式","112年03月16日","112年09月15日","112年09月13日","112年09月15日","0.0001","USD 25,000.00","","",
="03036U","FBNQ2X群益28售01","0.00","",="00670L","富邦NASDAQ正2","78.90","＋","認售","歐式","111年12月23日","112年08月22日","112年08月18日","112年08月22日","0.15","    44.00","","",
="030370","世芯凱基26購04","0.00","","3661","世芯-KY","1,660.00","＋","認購","美式","111年11月25日","111年11月25日","112年06月20日","112年06月26日","0.02","    1,250.00","","",
="030372","祥碩凱基26購03","0.00","","5269","祥碩","1,300.00","＋","認購","美式","111年11月25日","111年11月25日","112年06月20日","112年06月26日","0.025","    1,000.00","","",
="030374","南電凱基26購02","1.46","＋","8046","南電","302.50","－","認購","美式","111年11月25日","111年11月25日","112年06月20日","112年06月26日","0.25","    350.00","","",
="030375","臺股指凱基29購15","0.00","","IX0001","臺股指數","16,636.30","","認購","歐式","111年11月25日","112年09月25日","112年09月21日","112年09月25日","0.003","    15,000.00","","",
="030376","臺股指凱基29購16","0.00","","IX0001","臺股指數","16,636.30","","認購","歐式","111年11月25日","112年09月25日","112年09月21日","112年09月25日","0.006","    16,000.00","","",
="030378","道瓊反群益29購05","0.72","",="00669R","國泰美國道瓊反1","8.06","－","認購","美式","111年11月25日","111年11月25日","112年09月21日","112年09月25日","1.00","    7.70","","",
="03037Q","道指麥證29售04","0.00","","DJI"," "," "," ","認售","歐式","112年03月16日","112年09月15日","112年09月13日","112年09月15日","0.0002","USD 20,000.00","","",
="03037U","中鋼中信28售01","0.00","","2002","中鋼","29.05","－","認售","歐式","111年12月23日","112年08月22日","112年08月18日","112年08月22日","1.00","    22.00","","",
="03038Q","納指麥證29售03","0.19","","NDX"," "," "," ","認售","歐式","112年03月16日","112年09月15日","112年09月13日","112年09月15日","0.0001","USD 10,000.00","","",
="03038U","華航中信28售01","0.00","","2610","華航","21.65","＋","認售","歐式","111年12月23日","112年08月22日","112年08月18日","112年08月22日","1.00","    12.00","","",
="03038X","元展35","15.80","","4938","和碩","74.70","＋","認購","歐式","103年12月05日","112年10月24日","112年10月20日","112年10月24日","0.328","    27.12","","29.88",
="030394","致伸群益26購01","0.00","","4915","致伸","64.40","＋","認購","美式","111年11月25日","111年11月25日","112年06月20日","112年06月26日","0.50","    68.00","","",
="030396","道瓊反元大26購02","0.28","－",="00669R","國泰美國道瓊反1","8.06","－","認購","美式","111年11月25日","111年11月25日","112年06月20日","112年06月26日","1.00","    8.00","","",
="030397","道瓊反元大27購02","0.28","－",="00669R","國泰美國道瓊反1","8.06","－","認購","美式","111年11月25日","111年11月25日","112年07月20日","112年07月24日","1.00","    8.30","","",
="030398","SGBR2X元大27購02","0.12","＋",="00715L","期街口布蘭特正2","12.73","＋","認購","美式","111年11月25日","111年11月25日","112年07月20日","112年07月24日","0.30","    21.00","","",
="030399","SGBR2X元大28購01","0.30","＋",="00715L","期街口布蘭特正2","12.73","＋","認購","美式","111年11月25日","111年11月25日","112年08月22日","112年08月24日","0.30","    18.50","","",
="03039Q","標普指麥證29售03","0.00","","SPX"," "," "," ","認售","歐式","112年03月16日","112年09月15日","112年09月13日","112年09月15日","0.0005","USD 3,500.00","","",
="03039U","長榮航中信28售01","0.00","","2618","長榮航","33.60","＋","認售","歐式","111年12月23日","112年08月22日","112年08月18日","112年08月22日","1.00","    20.00","","",
="03039X","元展36","14.00","","2357","華碩","303.50","－","認購","歐式","103年12月05日","112年10月24日","112年10月20日","112年10月24日","0.073","    119.51","","133.14",
="030400","FB越南元大27購01","0.00","",="00885","富邦越南","11.45","＋","認購","美式","111年11月25日","111年11月25日","112年07月20日","112年07月24日","1.00","    13.00","","",
="030404","華新元大29購04","1.32","＋","1605","華新","46.60","＋","認購","美式","111年11月25日","111年11月25日","112年09月21日","112年09月25日","0.296","    55.90","","",
="030406","台積電元大29購30","1.59","＋","2330","台積電","568.00","＋","認購","美式","111年11月25日","111年11月25日","112年09月21日","112年09月25日","0.025","    575.56","","",
="030407","台積電元大2A購24","1.39","＋","2330","台積電","568.00","＋","認購","美式","111年11月25日","111年11月25日","112年10月20日","112年10月24日","0.03","    598.30","","",
="030408","台積電元大2B購11","0.59","","2330","台積電","568.00","＋","認購","美式","111年11月25日","111年11月25日","112年11月22日","112年11月24日","0.015","    636.86","","",
="03040Q","標普指麥證29售04","0.00","","SPX"," "," "," ","認售","歐式","112年03月16日","112年09月15日","112年09月13日","112年09月15日","0.0005","USD 3,000.00","","",
="03040U","新光金中信28售01","0.42","－","2888","新光金","8.63","＋","認售","歐式","111年12月23日","112年08月22日","112年08月18日","112年08月22日","1.00","    8.00","","",
="030417","世芯元大29購03","0.00","","3661","世芯-KY","1,660.00","＋","認購","美式","111年11月25日","111年11月25日","112年09月21日","112年09月25日","0.009","    1,035.00","","",
="03041Q","恒指麥證2A售02","0.00","","HSI"," "," "," ","認售","歐式","112年04月28日","112年10月27日","112年10月25日","112年10月27日","0.0005","HKD 18,000.00","","",
="03041U","同欣電中信26售02","0.00","","6271","同欣電","179.50","＋","認售","歐式","111年12月23日","112年06月26日","112年06月20日","112年06月26日","0.13","    150.00","","",
="030423","臺股指元大29購15","2.84","＋","IX0001","臺股指數","16,636.30","","認購","歐式","111年11月25日","112年09月25日","112年09月21日","112年09月25日","0.004","    16,500.00","","",
="030424","臺股指元大29購16","0.00","","IX0001","臺股指數","16,636.30","","認購","歐式","111年11月25日","112年09月25日","112年09月21日","112年09月25日","0.001","    14,200.00","","",
="030425","臺股指元大2A購08","2.94","＋","IX0001","臺股指數","16,636.30","","認購","歐式","111年11月25日","112年10月24日","112年10月20日","112年10月24日","0.005","    17,000.00","","",
="030426","臺股指元大2A購09","2.65","＋","IX0001","臺股指數","16,636.30","","認購","歐式","111年11月25日","112年10月24日","112年10月20日","112年10月24日","0.002","    15,500.00","","",
="030428","中興電國票26購02","0.00","","1513","中興電","113.50","＋","認購","美式","111年11月28日","111年11月28日","112年06月21日","112年06月27日","0.741","    78.00","","",
="030429","華新國票26購02","0.91","＋","1605","華新","46.60","＋","認購","美式","111年11月28日","111年11月28日","112年06月21日","112年06月27日","0.25","    45.00","","",
="03042U","臺股指中信2A售02","0.00","","IX0001","臺股指數","16,636.30","","認售","歐式","111年12月23日","112年10月23日","112年10月19日","112年10月23日","0.003","    9,588.00","","",
="030431","聯電國票26購02","0.10","＋","2303","聯電","51.20","＋","認購","美式","111年11月28日","111年11月28日","112年06月21日","112年06月27日","0.65","    60.00","","",
="030433","台積電國票27購03","0.64","","2330","台積電","568.00","＋","認購","美式","111年11月28日","111年11月28日","112年07月25日","112年07月27日","0.05","    623.02","","",
="030434","長榮國票26購02","0.00","","2603","長榮","157.00","＋","認購","美式","111年11月28日","111年11月28日","112年06月21日","112年06月27日","0.25","    230.00","","",
="030435","八方國票26購02","0.00","","2753","八方雲集","167.00","","認購","美式","111年11月28日","111年11月28日","112年06月21日","112年06月27日","0.059","    227.29","","",
="030436","世芯國票26購04","0.00","","3661","世芯-KY","1,660.00","＋","認購","美式","111年11月28日","111年11月28日","112年06月21日","112年06月27日","0.01","    1,000.00","","",
="030437","貿聯國票26購02","0.00","","3665","貿聯-KY","270.50","＋","認購","美式","111年11月28日","111年11月28日","112年06月21日","112年06月27日","0.10","    308.78","","",
="030438","新唐國票26購02","0.00","","4919","新唐","130.50","＋","認購","美式","111年11月28日","111年11月28日","112年06月21日","112年06月27日","0.16","    170.00","","",
="030439","威鋒電國票27購01","0.44","","6756","威鋒電子","223.00","＋","認購","美式","111年11月28日","111年11月28日","112年07月25日","112年07月27日","0.062","    290.44","","",
="03043U","臺股指中信2A售03","0.00","","IX0001","臺股指數","16,636.30","","認售","歐式","111年12月23日","112年10月23日","112年10月19日","112年10月23日","0.004","    7,777.00","","",
="030440","華新康和27購01","0.35","＋","1605","華新","46.60","＋","認購","美式","111年11月28日","111年11月28日","112年07月25日","112年07月27日","0.25","    56.00","","",
="030442","華新永豐26購01","0.00","","1605","華新","46.60","＋","認購","美式","111年11月28日","111年11月28日","112年06月21日","112年06月27日","0.39","    57.95","","",
="030444","世芯永豐27購01","0.00","","3661","世芯-KY","1,660.00","＋","認購","美式","111年11月28日","111年11月28日","112年07月25日","112年07月27日","0.01","    1,124.38","","",
="030449","大立光元富2B購01","0.80","＋","3008","大立光","2,305.00","＋","認購","美式","111年11月28日","111年11月28日","112年11月23日","112年11月27日","0.005","    2,646.35","","",
="03044U","臺股指國票26售12","0.00","","IX0001","臺股指數","16,636.30","","認售","歐式","111年12月23日","112年06月26日","112年06月20日","112年06月26日","0.006","    11,300.00","","",
="030452","世芯元富2B購01","5.90","＋","3661","世芯-KY","1,660.00","＋","認購","美式","111年11月28日","111年11月28日","112年11月23日","112年11月27日","0.01","    1,100.00","","",
="030455","T50反1國泰27購01","0.00","",="00632R","元大台灣50反1","4.94","－","認購","美式","111年11月28日","111年11月28日","112年07月25日","112年07月27日","1.00","    5.70","","",
="030456","大成鋼國泰27購01","0.96","＋","2027","大成鋼","45.25","＋","認購","美式","111年11月28日","111年11月28日","112年07月25日","112年07月27日","0.50","    48.03","","",
="030457","元黃金群益27購01","0.00","",="00635U","期元大S&P黃金(原名：元大S&P黃金)","24.50","－","認購","美式","111年11月28日","111年11月28日","112年07月25日","112年07月27日","0.56","    22.70","","",
="030458","道瓊反群益29購06","0.55","",="00669R","國泰美國道瓊反1","8.06","－","認購","美式","111年11月28日","111年11月28日","112年09月25日","112年09月27日","1.00","    8.10","","",
="030459","裕隆群益26購01","6.85","＋","2201","裕隆","82.80","＋","認購","美式","111年11月28日","111年11月28日","112年06月21日","112年06月27日","1.00","    80.00","","",
="03045U","臺股指國票26售13","0.00","","IX0001","臺股指數","16,636.30","","認售","歐式","111年12月23日","112年06月26日","112年06月20日","112年06月26日","0.004","    12,100.00","","",
="03046U","臺股指國票26售14","0.00","","IX0001","臺股指數","16,636.30","","認售","歐式","111年12月23日","112年06月26日","112年06月20日","112年06月26日","0.002","    13,700.00","","",
="030472","光罩兆豐27購01","0.78","","2338","光罩","81.80","＋","認購","美式","111年11月28日","111年11月28日","112年07月25日","112年07月27日","0.07","    76.80","","",
="030473","長榮兆豐28購01","0.31","＋","2603","長榮","157.00","＋","認購","美式","111年11月28日","111年11月28日","112年08月24日","112年08月28日","0.07","    178.00","","",
="030475","臻鼎兆豐27購01","0.00","","4958","臻鼎-KY","114.50","＋","認購","美式","111年11月28日","111年11月28日","112年07月25日","112年07月27日","0.07","    128.00","","",
="030476","台灣50凱基29購01","2.79","＋",="0050","元大台灣50","126.75","＋","認購","美式","111年11月28日","111年11月28日","112年09月25日","112年09月27日","0.614","    132.03","","",
="030477","台灣50凱基2B購01","0.00","",="0050","元大台灣50","126.75","＋","認購","美式","111年11月28日","111年11月28日","112年11月23日","112年11月27日","1.023","    141.81","","",
="030478","元石油凱基29購02","0.00","",="00642U","期元大S&P石油(原名：元大S&P石油)","15.46","＋","認購","美式","111年11月28日","111年11月28日","112年09月25日","112年09月27日","0.60","    20.00","","",
="030479","臺指反凱基2B購05","0.00","",="00664R","國泰臺灣加權反1","5.58","－","認購","美式","111年11月28日","111年11月28日","112年11月23日","112年11月27日","1.00","    6.20","","",
="03047U","臺股指國票28售05","0.00","","IX0001","臺股指數","16,636.30","","認售","歐式","111年12月23日","112年08月22日","112年08月18日","112年08月22日","0.008","    10,500.00","","",
="03047X","元展44","0.00","","1605","華新","46.60","＋","認購","歐式","103年12月11日","112年10月25日","112年10月23日","112年10月25日","0.822","    4.38","","4.81",
="030480","道瓊反凱基29購04","0.00","",="00669R","國泰美國道瓊反1","8.06","－","認購","美式","111年11月28日","111年11月28日","112年09月25日","112年09月27日","0.60","    8.00","","",
="030481","SGBR2X凱基29購02","0.00","",="00715L","期街口布蘭特正2","12.73","＋","認購","美式","111年11月28日","111年11月28日","112年09月25日","112年09月27日","0.30","    19.00","","",
="030485","光罩凱基27購03","0.00","","2338","光罩","81.80","＋","認購","美式","111年11月28日","111年11月28日","112年07月25日","112年07月27日","0.20","    120.00","","",
="030489","興富發凱基26購01","0.00","","2542","興富發","42.10","－","認購","美式","111年11月28日","111年11月28日","112年06月21日","112年06月27日","1.00","    56.00","","",
="03048U","臺股指國票2A售01","0.20","","IX0001","臺股指數","16,636.30","","認售","歐式","111年12月23日","112年10月23日","112年10月19日","112年10月23日","0.007","    9,500.00","","",
="030492","漢翔凱基26購01","0.00","","2634","漢翔","55.80","＋","認購","美式","111年11月28日","111年11月28日","112年06月21日","112年06月27日","0.30","    35.00","","",
="030493","三商壽凱基26購01","0.06","","2867","三商壽","5.22","＋","認購","美式","111年11月28日","111年11月28日","112年06月21日","112年06月27日","1.006","    5.97","","",
="030494","玉晶光凱基26購03","0.00","","3406","玉晶光","400.00","＋","認購","美式","111年11月28日","111年11月28日","112年06月21日","112年06月27日","0.07","    550.00","","",
="030495","新唐凱基27購02","0.44","","4919","新唐","130.50","＋","認購","美式","111年11月28日","111年11月28日","112年07月25日","112年07月27日","0.12","    160.00","","",
="030496","眾達凱基26購01","0.17","＋","4977","眾達-KY","113.00","＋","認購","美式","111年11月28日","111年11月28日","112年06月21日","112年06月27日","0.089","    137.80","","",
="030497","聯茂凱基27購01","0.00","","6213","聯茂","72.30","＋","認購","美式","111年11月28日","111年11月28日","112年07月25日","112年07月27日","0.27","    110.00","","",
="030498","富鼎凱基28購02","0.00","","8261","富鼎","106.50","＋","認購","美式","111年11月28日","111年11月28日","112年08月24日","112年08月28日","0.05","    150.00","","",
="030499","電子類凱基26購05","3.18","＋","IX0027","電子類","797.58","","認購","歐式","111年11月28日","112年06月27日","112年06月21日","112年06月27日","0.04","    720.00","","",
="03049U","台積電國泰28售07","0.09","","2330","台積電","568.00","＋","認售","歐式","111年12月23日","112年08月22日","112年08月18日","112年08月22日","0.201","    372.98","","",
="03049X","元展46","0.00","","9939","宏全","106.50","＋","認購","歐式","103年12月11日","112年10月25日","112年10月23日","112年10月25日","0.177","    22.19","","24.37",
="030500","SGBR2X元大26購03","0.00","",="00715L","期街口布蘭特正2","12.73","＋","認購","美式","111年11月28日","111年11月28日","112年06月21日","112年06月27日","0.40","    19.50","","",
="030501","SGBR2X元大27購03","0.00","",="00715L","期街口布蘭特正2","12.73","＋","認購","美式","111年11月28日","111年11月28日","112年07月25日","112年07月27日","0.30","    21.00","","",
="030502","SGBR2X元大28購02","0.00","",="00715L","期街口布蘭特正2","12.73","＋","認購","美式","111年11月28日","111年11月28日","112年08月24日","112年08月28日","0.30","    20.00","","",
="030508","台積電元大29購31","0.00","","2330","台積電","568.00","＋","認購","美式","111年11月28日","111年11月28日","112年09月25日","112年09月27日","0.03","    620.06","","",
="03050U","華新凱基27售02","0.00","","1605","華新","46.60","＋","認售","歐式","111年12月23日","112年07月24日","112年07月20日","112年07月24日","0.35","    38.00","","",
="03050X","元展47","0.00","","9945","潤泰新","35.00","＋","認購","歐式","103年12月11日","112年10月25日","112年10月23日","112年10月25日","0.402","    9.04","","9.79",
="03051U","聯電凱基26售06","0.00","","2303","聯電","51.20","＋","認售","歐式","111年12月23日","112年06月26日","112年06月20日","112年06月26日","0.33","    43.00","","",
="030523","電子類元大29購01","0.00","","IX0027","電子類","797.58","","認購","歐式","111年11月28日","112年09月27日","112年09月25日","112年09月27日","0.03","    720.00","","",
="030524","電子類元大29購02","2.16","＋","IX0027","電子類","797.58","","認購","歐式","111年11月28日","112年09月27日","112年09月25日","112年09月27日","0.02","    690.00","","",
="030525","金融類元大29購01","0.00","","IX0039","金融類","1,620.43","","認購","歐式","111年11月28日","112年09月27日","112年09月25日","112年09月27日","0.015","    1,480.00","","",
="030526","金融類元大29購02","0.00","","IX0039","金融類","1,620.43","","認購","歐式","111年11月28日","112年09月27日","112年09月25日","112年09月27日","0.01","    1,420.00","","",
="030527","道瓊反富邦27購01","1.12","",="00669R","國泰美國道瓊反1","8.06","－","認購","美式","111年11月28日","111年11月28日","112年07月25日","112年07月27日","1.00","    7.00","","",
="030528","台積電富邦26購11","1.56","＋","2330","台積電","568.00","＋","認購","美式","111年11月28日","111年11月28日","112年06月21日","112年06月27日","0.05","    553.80","","",
="030529","友達富邦26購05","0.38","","2409","友達","17.65","＋","認購","美式","111年11月28日","111年11月28日","112年06月21日","112年06月27日","0.50","    18.00","","",
="03052U","台積電凱基26售24","0.00","","2330","台積電","568.00","＋","認售","歐式","111年12月23日","112年06月26日","112年06月20日","112年06月26日","0.151","    358.06","","",
="03052X","元展49","0.00","","1301","台塑","93.30","－","認購","歐式","104年01月08日","112年10月24日","112年10月20日","112年10月24日","0.366","    29.06","","31.89",
="030530","聯發科富邦26購04","0.35","＋","2454","聯發科","738.00","＋","認購","美式","111年11月28日","111年11月28日","112年06月21日","112年06月27日","0.02","    800.00","","",
="030531","聯詠富邦26購02","0.00","","3034","聯詠","423.50","＋","認購","美式","111年11月28日","111年11月28日","112年06月21日","112年06月27日","0.05","    330.00","","",
="030534","嘉聯益富邦28購01","0.00","","6153","嘉聯益","23.15","＋","認購","美式","111年11月28日","111年11月28日","112年08月24日","112年08月28日","0.50","    40.00","","",
="030535","力積電富邦26購04","0.00","","6770","力積電","30.85","＋","認購","美式","111年11月28日","111年11月28日","112年06月21日","112年06月27日","0.404","    37.67","","",
="030537","元晶國票26購02","0.00","","6443","元晶","36.20","＋","認購","美式","111年11月29日","111年11月29日","112年06月26日","112年06月28日","0.315","    43.00","","",
="030538","全新中信26購01","0.40","","2455","全新","100.00","","認購","歐式","111年11月29日","112年06月28日","112年06月26日","112年06月28日","0.06","    102.00","","",
="030539","世芯中信29購01","8.70","","3661","世芯-KY","1,660.00","＋","認購","歐式","111年11月29日","112年09月28日","112年09月26日","112年09月28日","0.015","    1,120.00","","",
="03053U","台積電凱基29售02","0.04","","2330","台積電","568.00","＋","認售","歐式","111年12月23日","112年09月22日","112年09月20日","112年09月22日","0.251","    258.60","","",
="030540","敦泰統一28購01","0.90","＋","3545","敦泰","83.70","＋","認購","美式","111年11月29日","111年11月29日","112年08月24日","112年08月28日","0.068","    80.88","","",
="030542","敦泰國泰27購01","1.64","","3545","敦泰","83.70","＋","認購","美式","111年11月29日","111年11月29日","112年07月26日","112年07月28日","0.15","    80.00","","",
="030545","中華永豐26購01","0.00","","2204","中華","91.60","－","認購","美式","111年11月29日","111年11月29日","112年06月26日","112年06月28日","0.255","    68.38","","",
="030549","全新永豐26購01","1.11","＋","2455","全新","100.00","","認購","美式","111年11月29日","111年11月29日","112年06月26日","112年06月28日","0.185","    104.00","","",
="03054U","佳世達凱基26售01","0.00","","2352","佳世達","40.20","＋","認售","歐式","111年12月23日","112年06月26日","112年06月20日","112年06月26日","1.00","    20.00","","",
="030550","景碩永豐26購01","0.06","","3189","景碩","116.00","＋","認購","美式","111年11月29日","111年11月29日","112年06月26日","112年06月28日","0.066","    151.56","","",
="030552","AES永豐26購01","0.00","","6781","AES-KY","690.00","＋","認購","美式","111年11月29日","111年11月29日","112年06月26日","112年06月28日","0.018","    1,021.95","","",
="030554","鴻海康和26購02","0.37","＋","2317","鴻海","105.50","＋","認購","美式","111年11月29日","111年11月29日","112年06月26日","112年06月28日","0.12","    105.00","","",
="03055U","飛宏凱基27售02","0.00","","2457","飛宏","76.40","＋","認售","歐式","111年12月23日","112年07月24日","112年07月20日","112年07月24日","0.25","    38.00","","",
="030560","T50反1元大29購05","0.10","－",="00632R","元大台灣50反1","4.94","－","認購","美式","111年11月29日","111年11月29日","112年09月26日","112年09月28日","1.00","    5.65","","",
="030561","T50反1元大2A購04","0.00","",="00632R","元大台灣50反1","4.94","－","認購","美式","111年11月29日","111年11月29日","112年10月26日","112年10月30日","1.00","    5.55","","",
="030562","FB越南元大27購02","0.00","",="00885","富邦越南","11.45","＋","認購","美式","111年11月29日","111年11月29日","112年07月26日","112年07月28日","1.00","    13.00","","",
="030569","台積電元大29購32","0.66","－","2330","台積電","568.00","＋","認購","美式","111年11月29日","111年11月29日","112年09月26日","112年09月28日","0.03","    667.53","","",
="03056U","乙盛凱基26售02","0.00","","5243","乙盛-KY","83.70","＋","認售","歐式","111年12月23日","112年06月26日","112年06月20日","112年06月26日","0.35","    42.00","","",
="030577","眾達元大28購02","1.00","＋","4977","眾達-KY","113.00","＋","認購","美式","111年11月29日","111年11月29日","112年08月24日","112年08月28日","0.046","    108.27","","",
="03057U","力積電凱基27售01","0.00","","6770","力積電","30.85","＋","認售","歐式","111年12月23日","112年07月24日","112年07月20日","112年07月24日","0.404","    29.74","","",
="030582","裕隆元富28購02","0.00","","2201","裕隆","82.80","＋","認購","美式","111年11月29日","111年11月29日","112年08月24日","112年08月28日","0.23","    75.00","","",
="030583","台光電元富26購01","0.31","＋","2383","台光電","204.50","＋","認購","美式","111年11月29日","111年11月29日","112年06月26日","112年06月28日","0.09","    235.00","","",
="030584","全新元富26購01","1.06","","2455","全新","100.00","","認購","美式","111年11月29日","111年11月29日","112年06月26日","112年06月28日","0.15","    100.00","","",
="030585","大立光元富2B購02","0.88","＋","3008","大立光","2,305.00","＋","認購","美式","111年11月29日","111年11月29日","112年11月24日","112年11月28日","0.008","    2,940.39","","",
="030587","世芯元富26購03","0.00","","3661","世芯-KY","1,660.00","＋","認購","美式","111年11月29日","111年11月29日","112年06月26日","112年06月28日","0.017","    1,329.75","","",
="030589","裕隆麥證27購01","0.00","","2201","裕隆","82.80","＋","認購","歐式","111年11月29日","112年07月28日","112年07月26日","112年07月28日","0.22","    70.00","","",
="03058P","T50正2國票28售01","0.00","",="00631L","元大台灣50正2","129.10","＋","認售","歐式","111年12月01日","112年08月31日","112年08月29日","112年08月31日","0.50","    50.00","","",
="03058U","東哥凱基26售04","0.00","","8478","東哥遊艇","520.00","＋","認售","歐式","111年12月23日","112年06月26日","112年06月20日","112年06月26日","0.022","    300.00","","",
="030590","元油反富邦27購01","0.53","－",="00673R","期元大S&P原油反1(原名：元大S&P原油反1)","9.03","－","認購","美式","111年11月29日","111年11月29日","112年07月26日","112年07月28日","0.50","    8.50","","",
="030592","聯電富邦26購03","0.00","","2303","聯電","51.20","＋","認購","美式","111年11月29日","111年11月29日","112年06月26日","112年06月28日","0.30","    55.00","","",
="030593","鴻海富邦26購03","0.00","","2317","鴻海","105.50","＋","認購","美式","111年11月29日","111年11月29日","112年06月26日","112年06月28日","0.15","    110.00","","",
="030594","技嘉富邦26購02","0.00","","2376","技嘉","186.00","＋","認購","美式","111年11月29日","111年11月29日","112年06月26日","112年06月28日","0.08","    120.00","","",
="030595","南亞科富邦26購01","0.83","－","2408","南亞科","71.20","－","認購","美式","111年11月29日","111年11月29日","112年06月26日","112年06月28日","0.20","    70.00","","",
="030597","欣興富邦27購03","0.55","－","3037","欣興","182.50","－","認購","美式","111年11月29日","111年11月29日","112年07月26日","112年07月28日","0.05","    200.00","","",
="030598","富采富邦26購01","0.15","＋","3714","富采","49.90","＋","認購","美式","111年11月29日","111年11月29日","112年06月26日","112年06月28日","0.25","    55.00","","",
="03059U","臺股指凱基29售24","0.20","－","IX0001","臺股指數","16,636.30","","認售","歐式","111年12月23日","112年09月22日","112年09月20日","112年09月22日","0.002","    13,500.00","","",
="030600","上証2X凱基29購01","0.60","－",="00633L","富邦上証正2","35.01","－","認購","美式","111年11月29日","111年11月29日","112年09月26日","112年09月28日","0.48","    45.00","","",
="030601","A50正2凱基28購01","0.00","",="00655L","國泰中國A50正2","24.65","－","認購","美式","111年11月29日","111年11月29日","112年08月24日","112年08月28日","0.35","    26.00","","",
="030602","台泥凱基28購01","0.00","","1101","台泥","38.15","＋","認購","美式","111年11月29日","111年11月29日","112年08月24日","112年08月28日","1.00","    45.00","","",
="030603","中砂凱基26購02","0.00","","1560","中砂","114.50","－","認購","美式","111年11月29日","111年11月29日","112年06月26日","112年06月28日","0.05","    110.00","","",
="030604","台積電凱基29購01","3.11","－","2330","台積電","568.00","＋","認購","美式","111年11月29日","111年11月29日","112年09月26日","112年09月28日","0.06","    563.69","","",
="030605","台積電凱基2A購10","0.00","","2330","台積電","568.00","＋","認購","美式","111年11月29日","111年11月29日","112年10月26日","112年10月30日","0.08","    662.59","","",
="030606","聯發科凱基26購08","0.23","＋","2454","聯發科","738.00","＋","認購","美式","111年11月29日","111年11月29日","112年06月26日","112年06月28日","0.03","    860.00","","",
="030607","長榮凱基27購06","0.38","＋","2603","長榮","157.00","＋","認購","美式","111年11月29日","111年11月29日","112年07月26日","112年07月28日","0.15","    200.00","","",
="030609","臺企銀凱基26購01","0.00","","2834","臺企銀","14.10","＋","認購","美式","111年11月29日","111年11月29日","112年06月26日","112年06月28日","1.00","    14.00","","",
="03060U","臺股指凱基29售25","0.00","","IX0001","臺股指數","16,636.30","","認售","歐式","111年12月23日","112年09月22日","112年09月20日","112年09月22日","0.004","    11,500.00","","",
="03060X","元展55","0.00","","1326","台化","69.40","＋","認購","歐式","104年08月21日","112年10月12日","112年10月06日","112年10月12日","0.287","    28.35","","33.54",
="030610","智原凱基27購01","0.18","＋","3035","智原","173.50","＋","認購","美式","111年11月29日","111年11月29日","112年07月26日","112年07月28日","0.09","    255.00","","",
="030611","玉晶光凱基26購04","0.33","＋","3406","玉晶光","400.00","＋","認購","美式","111年11月29日","111年11月29日","112年06月26日","112年06月28日","0.045","    450.00","","",
="030613","世芯凱基27購04","6.55","","3661","世芯-KY","1,660.00","＋","認購","美式","111年11月29日","111年11月29日","112年07月26日","112年07月28日","0.015","    1,150.00","","",
="030619","聯發科群益27購03","0.18","＋","2454","聯發科","738.00","＋","認購","美式","111年11月29日","111年11月29日","112年07月26日","112年07月28日","0.035","    950.00","","",
="03061U","臺股指凱基2A售13","0.00","","IX0001","臺股指數","16,636.30","","認售","歐式","111年12月23日","112年10月23日","112年10月19日","112年10月23日","0.004","    11,000.00","","",
="030620","聯發科群益27購04","0.10","＋","2454","聯發科","738.00","＋","認購","美式","111年11月29日","111年11月29日","112年07月26日","112年07月28日","0.10","    1,100.00","","",
="03062U","台灣50元富26售08","0.00","",="0050","元大台灣50","126.75","＋","認售","歐式","111年12月23日","112年06月26日","112年06月20日","112年06月26日","1.023","    93.89","","",
="030630","A50正2永豐26購01","0.00","",="00655L","國泰中國A50正2","24.65","－","認購","美式","111年11月30日","111年11月30日","112年06月27日","112年06月29日","0.35","    25.98","","",
="030631","光罩永豐27購02","0.35","＋","2338","光罩","81.80","＋","認購","美式","111年11月30日","111年11月30日","112年07月27日","112年07月31日","0.041","    84.30","","",
="030633","飛宏永豐26購01","0.00","","2457","飛宏","76.40","＋","認購","美式","111年11月30日","111年11月30日","112年06月27日","112年06月29日","0.28","    49.77","","",
="030635","AES永豐27購01","0.00","","6781","AES-KY","690.00","＋","認購","美式","111年11月30日","111年11月30日","112年07月27日","112年07月31日","0.013","    1,056.30","","",
="030637","慧洋國票26購01","0.00","","2637","慧洋-KY","60.30","＋","認購","美式","111年11月30日","111年11月30日","112年06月27日","112年06月29日","0.336","    71.38","","",
="030638","聯詠國票26購01","0.00","","3034","聯詠","423.50","＋","認購","美式","111年11月30日","111年11月30日","112年06月27日","112年06月29日","0.08","    350.00","","",
="030639","創意國票26購03","24.50","＋","3443","創意","1,515.00","＋","認購","美式","111年11月30日","111年11月30日","112年06月27日","112年06月29日","0.06","    1,110.00","","",
="03063U","元晶元富26售01","0.00","","6443","元晶","36.20","＋","認售","歐式","111年12月23日","112年06月26日","112年06月20日","112年06月26日","0.38","    30.00","","",
="030640","台勝科國票26購02","0.00","","3532","台勝科","157.00","＋","認購","美式","111年11月30日","111年11月30日","112年06月27日","112年06月29日","0.06","    180.00","","",
="030641","材料國票26購02","0.00","","4763","材料-KY","550.00","－","認購","美式","111年11月30日","111年11月30日","112年06月27日","112年06月29日","0.102","    205.29","","",
="030642","穎崴國票26購01","0.00","","6515","穎崴","830.00","－","認購","美式","111年11月30日","111年11月30日","112年06月27日","112年06月29日","0.026","    500.00","","",
="030643","AES國票26購03","0.00","","6781","AES-KY","690.00","＋","認購","美式","111年11月30日","111年11月30日","112年06月27日","112年06月29日","0.015","    1,000.00","","",
="030644","南電國票26購04","1.10","－","8046","南電","302.50","－","認購","美式","111年11月30日","111年11月30日","112年06月27日","112年06月29日","0.05","    290.00","","",
="030645","富鼎國票26購03","0.00","","8261","富鼎","106.50","＋","認購","美式","111年11月30日","111年11月30日","112年06月27日","112年06月29日","0.078","    120.00","","",
="030646","臺指反凱基2B購06","0.00","",="00664R","國泰臺灣加權反1","5.58","－","認購","美式","111年11月30日","111年11月30日","112年11月27日","112年11月29日","1.00","    6.00","","",
="03064U","旺宏元大26售02","0.00","","2337","旺宏","33.40","＋","認售","歐式","111年12月23日","112年06月26日","112年06月20日","112年06月26日","0.784","    29.30","","",
="030650","台積電凱基2A購11","0.00","","2330","台積電","568.00","＋","認購","美式","111年11月30日","111年11月30日","112年09月27日","112年10月02日","0.04","    494.46","","",
="030651","台積電凱基3B購01","5.15","","2330","台積電","568.00","＋","認購","美式","111年11月30日","111年11月30日","113年11月27日","113年11月29日","0.06","    692.24","","",
="030653","漢唐凱基26購01","0.00","","2404","漢唐","227.50","＋","認購","美式","111年11月30日","111年11月30日","112年06月27日","112年06月29日","0.10","    200.00","","",
="030655","陽明凱基27購04","0.00","","2609","陽明","62.00","＋","認購","美式","111年11月30日","111年11月30日","112年07月27日","112年07月31日","0.50","    97.00","","",
="030657","智原凱基26購02","0.00","","3035","智原","173.50","＋","認購","美式","111年11月30日","111年11月30日","112年06月27日","112年06月29日","0.10","    230.00","","",
="030659","創意凱基27購03","0.00","","3443","創意","1,515.00","＋","認購","美式","111年11月30日","111年11月30日","112年07月27日","112年07月31日","0.017","    1,000.00","","",
="03065U","南亞科元大26售04","0.00","","2408","南亞科","71.20","－","認售","歐式","111年12月23日","112年06月26日","112年06月20日","112年06月26日","0.552","    43.05","","",
="030660","創意凱基2A購01","8.45","＋","3443","創意","1,515.00","＋","認購","美式","111年11月30日","111年11月30日","112年09月27日","112年10月02日","0.017","    1,100.00","","",
="030663","帆宣凱基27購01","0.00","","6196","帆宣","131.50","","認購","美式","111年11月30日","111年11月30日","112年07月27日","112年07月31日","0.12","    160.00","","",
="030664","滬深2X元富2B購01","0.00","",="00637L","元大滬深300正2","13.77","－","認購","美式","111年11月30日","111年11月30日","112年11月27日","112年11月29日","1.00","    18.00","","",
="030665","台達電元富26購01","0.38","－","2308","台達電","315.50","－","認購","美式","111年11月30日","111年11月30日","112年06月27日","112年06月29日","0.08","    350.00","","",
="030666","創意元富28購04","0.00","","3443","創意","1,515.00","＋","認購","美式","111年11月30日","111年11月30日","112年08月25日","112年08月29日","0.025","    1,050.00","","",
="030667","創意元富28購05","0.00","","3443","創意","1,515.00","＋","認購","美式","111年11月30日","111年11月30日","112年08月25日","112年08月29日","0.025","    950.00","","",
="030668","華擎元富28購02","0.61","＋","3515","華擎","154.00","＋","認購","美式","111年11月30日","111年11月30日","112年08月25日","112年08月29日","0.05","    180.00","","",
="03066U","晶華元大26售08","0.00","","2707","晶華","288.00","＋","認售","歐式","111年12月23日","112年06月26日","112年06月20日","112年06月26日","0.051","    229.50","","",
="030670","聯電富邦26購04","0.85","＋","2303","聯電","51.20","＋","認購","美式","111年11月30日","111年11月30日","112年06月27日","112年06月29日","0.25","    50.00","","",
="030671","聯發科富邦26購05","0.19","","2454","聯發科","738.00","＋","認購","美式","111年11月30日","111年11月30日","112年06月27日","112年06月29日","0.025","    850.00","","",
="030672","玉晶光富邦27購01","0.36","＋","3406","玉晶光","400.00","＋","認購","美式","111年11月30日","111年11月30日","112年07月27日","112年07月31日","0.01","    400.00","","",
="030674","飛宏中信27購01","3.15","＋","2457","飛宏","76.40","＋","認購","歐式","111年11月30日","112年07月31日","112年07月27日","112年07月31日","0.12","    56.00","","",
="030675","裕民中信27購01","0.59","＋","2606","裕民","49.75","＋","認購","歐式","111年11月30日","112年07月31日","112年07月27日","112年07月31日","0.20","    55.00","","",
="030678","長榮統一2B購01","0.43","＋","2603","長榮","157.00","＋","認購","美式","111年11月30日","111年11月30日","112年11月27日","112年11月29日","0.07","    200.00","","",
="030679","創意統一27購03","4.95","＋","3443","創意","1,515.00","＋","認購","美式","111年11月30日","111年11月30日","112年07月27日","112年07月31日","0.008","    900.00","","",
="03067U","國泰金元大26售04","0.00","","2882","國泰金","44.75","＋","認售","歐式","111年12月23日","112年06月26日","112年06月20日","112年06月26日","0.396","    40.10","","",
="030680","創意統一2A購01","2.12","＋","3443","創意","1,515.00","＋","認購","美式","111年11月30日","111年11月30日","112年10月26日","112年10月30日","0.004","    1,088.88","","",
="030681","敦泰統一27購01","1.16","＋","3545","敦泰","83.70","＋","認購","美式","111年11月30日","111年11月30日","112年07月27日","112年07月31日","0.08","    75.00","","",
="030682","聯電國泰27購04","0.00","","2303","聯電","51.20","＋","認購","美式","111年11月30日","111年11月30日","112年07月27日","112年07月31日","0.40","    55.00","","",
="030683","台達電國泰27購01","0.46","＋","2308","台達電","315.50","－","認購","美式","111年11月30日","111年11月30日","112年07月27日","112年07月31日","0.08","    369.00","","",
="030684","創意國泰27購01","0.00","","3443","創意","1,515.00","＋","認購","美式","111年11月30日","111年11月30日","112年07月27日","112年07月31日","0.02","    930.00","","",
="030685","創意國泰27購02","10.80","＋","3443","創意","1,515.00","＋","認購","美式","111年11月30日","111年11月30日","112年07月27日","112年07月31日","0.02","    980.00","","",
="030686","祥碩國泰27購01","5.50","","5269","祥碩","1,300.00","＋","認購","美式","111年11月30日","111年11月30日","112年07月27日","112年07月31日","0.015","    965.00","","",
="030687","南電國泰27購01","0.78","－","8046","南電","302.50","－","認購","美式","111年11月30日","111年11月30日","112年07月27日","112年07月31日","0.05","    335.00","","",
="030688","T50正2群益27購02","0.00","",="00631L","元大台灣50正2","129.10","＋","認購","美式","111年11月30日","111年11月30日","112年07月27日","112年07月31日","0.30","    120.00","","",
="03068P","臺股指富邦26售02","0.07","","IX0001","臺股指數","16,636.30","","認售","歐式","111年09月19日","112年06月19日","112年06月15日","112年06月19日","0.001","    13,250.00","","",
="03068U","晶睿元大26售02","0.91","－","3454","晶睿","182.50","＋","認售","歐式","111年12月23日","112年06月26日","112年06月20日","112年06月26日","0.031","    200.00","","",
="030690","裕隆群益27購01","2.97","＋","2201","裕隆","82.80","＋","認購","美式","111年11月30日","111年11月30日","112年07月27日","112年07月31日","0.50","    90.00","","",
="030691","宏達電群益26購04","0.00","","2498","宏達電","61.50","＋","認購","美式","111年11月30日","111年11月30日","112年06月27日","112年06月29日","0.25","    60.00","","",
="030692","長榮群益27購03","0.00","","2603","長榮","157.00","＋","認購","美式","111年11月30日","111年11月30日","112年07月27日","112年07月31日","0.20","    240.00","","",
="030695","上証2X元大26購02","0.26","－",="00633L","富邦上証正2","35.01","－","認購","美式","111年11月30日","111年11月30日","112年06月27日","112年06月29日","0.30","    39.00","","",
="03069P","台積電中信27售01","0.00","","2330","台積電","568.00","＋","認售","歐式","111年09月20日","112年07月19日","112年07月17日","112年07月19日","0.05","    383.70","","",
="03069U","南電元大26售12","0.00","","8046","南電","302.50","－","認售","歐式","111年12月23日","112年06月26日","112年06月20日","112年06月26日","0.092","    184.00","","",
="030703","裕隆元大27購01","2.86","＋","2201","裕隆","82.80","＋","認購","美式","111年11月30日","111年11月30日","112年07月27日","112年07月31日","0.25","    80.00","","",
="030708","台積電元大2A購25","0.74","＋","2330","台積電","568.00","＋","認購","美式","111年11月30日","111年11月30日","112年09月27日","112年10月02日","0.04","    684.34","","",
="03070U","南電元大26售13","0.00","","8046","南電","302.50","－","認售","歐式","111年12月23日","112年06月26日","112年06月20日","112年06月26日","0.055","    216.00","","",
="03071U","臺股指元大27售19","0.00","","IX0001","臺股指數","16,636.30","","認售","歐式","111年12月23日","112年07月24日","112年07月20日","112年07月24日","0.004","    11,200.00","","",
="030722","創意康和27購01","0.00","","3443","創意","1,515.00","＋","認購","美式","111年12月01日","111年12月01日","112年07月27日","112年07月31日","0.015","    1,000.00","","",
="030723","富鼎永豐26購02","0.00","","8261","富鼎","106.50","＋","認購","美式","111年12月01日","111年12月01日","112年06月28日","112年06月30日","0.09","    156.18","","",
="030724","裕隆統一28購01","0.38","","2201","裕隆","82.80","＋","認購","美式","111年12月01日","111年12月01日","112年08月29日","112年08月31日","0.07","    97.20","","",
="030725","光罩統一27購02","0.20","＋","2338","光罩","81.80","＋","認購","美式","111年12月01日","111年12月01日","112年07月27日","112年07月31日","0.065","    106.66","","",
="030726","T50正2元富25購01","0.00","",="00631L","元大台灣50正2","129.10","＋","認購","美式","111年12月01日","111年12月01日","112年05月29日","112年05月31日","0.13","    110.00","","",
="030727","A50正2元富28購02","0.65","－",="00655L","國泰中國A50正2","24.65","－","認購","美式","111年12月01日","111年12月01日","112年08月29日","112年08月31日","0.40","    27.00","","",
="030728","愛普元富25購03","0.00","","6531","愛普*","328.50","＋","認購","美式","111年12月01日","111年12月01日","112年05月29日","112年05月31日","0.047","    230.00","","",
="030729","國巨麥證25購02","0.00","","2327","國巨","508.00","＋","認購","歐式","111年12月01日","112年05月31日","112年05月29日","112年05月31日","0.10","    650.00","","",
="03072U","臺股指元大27售20","0.00","","IX0001","臺股指數","16,636.30","","認售","歐式","111年12月23日","112年07月24日","112年07月20日","112年07月24日","0.003","    11,800.00","","",
="030730","飛宏麥證26購01","0.00","","2457","飛宏","76.40","＋","認購","歐式","111年12月01日","112年06月30日","112年06月28日","112年06月30日","0.30","    50.00","","",
="030731","創意麥證25購03","0.00","","3443","創意","1,515.00","＋","認購","歐式","111年12月01日","112年05月31日","112年05月29日","112年05月31日","0.017","    880.00","","",
="030732","創意麥證26購02","5.75","＋","3443","創意","1,515.00","＋","認購","歐式","111年12月01日","112年06月30日","112年06月28日","112年06月30日","0.012","    999.00","","",
="030733","道瓊反國票27購02","0.00","",="00669R","國泰美國道瓊反1","8.06","－","認購","美式","111年12月01日","111年12月01日","112年07月27日","112年07月31日","1.00","    7.50","","",
="030734","元美指國票2A購01","0.33","",="00682U","期元大美元指數(原名：元大美元指數)","20.75","－","認購","美式","111年12月01日","111年12月01日","112年09月27日","112年10月02日","0.40","    21.00","","",
="030735","飛宏國票26購01","0.00","","2457","飛宏","76.40","＋","認購","美式","111年12月01日","111年12月01日","112年06月28日","112年06月30日","0.20","    45.00","","",
="030736","王品國票26購04","0.00","","2727","王品","320.00","－","認購","美式","111年12月01日","111年12月01日","112年06月28日","112年06月30日","0.177","    210.00","","",
="030737","世芯國票25購03","0.00","","3661","世芯-KY","1,660.00","＋","認購","美式","111年12月01日","111年12月01日","112年05月29日","112年05月31日","0.01","    950.00","","",
="030738","寶成國票26購01","0.00","","9904","寶成","32.05","－","認購","美式","111年12月01日","111年12月01日","112年06月28日","112年06月30日","0.70","    36.00","","",
="030739","T50正2凱基2A購02","3.00","＋",="00631L","元大台灣50正2","129.10","＋","認購","美式","111年12月01日","111年12月01日","112年09月27日","112年10月02日","0.20","    130.00","","",
="03073U","臺股指元大27售21","0.00","","IX0001","臺股指數","16,636.30","","認售","歐式","111年12月23日","112年07月24日","112年07月20日","112年07月24日","0.003","    12,400.00","","",
="030740","臺指反凱基2B購07","0.00","",="00664R","國泰臺灣加權反1","5.58","－","認購","美式","111年12月01日","111年12月01日","112年11月28日","112年11月30日","1.00","    6.50","","",
="030741","中興電凱基25購02","23.90","＋","1513","中興電","113.50","＋","認購","美式","111年12月01日","111年12月01日","112年05月29日","112年05月31日","0.55","    70.00","","",
="030742","華新凱基25購08","0.00","","1605","華新","46.60","＋","認購","美式","111年12月01日","111年12月01日","112年05月29日","112年05月31日","0.30","    50.00","","",
="030743","台積電凱基27購19","3.00","－","2330","台積電","568.00","＋","認購","美式","111年12月01日","111年12月01日","112年07月27日","112年07月31日","0.102","    573.58","","",
="030744","台積電凱基27購20","0.85","","2330","台積電","568.00","＋","認購","美式","111年12月01日","111年12月01日","112年07月27日","112年07月31日","0.222","    672.47","","",
="030745","台亞凱基25購01","0.00","","2340","台亞","36.30","＋","認購","美式","111年12月01日","111年12月01日","112年05月29日","112年05月31日","0.60","    45.00","","",
="030746","技嘉凱基27購02","8.35","＋","2376","技嘉","186.00","＋","認購","美式","111年12月01日","111年12月01日","112年07月27日","112年07月31日","0.25","    160.00","","",
="030747","微星凱基25購03","0.00","","2377","微星","168.00","－","認購","美式","111年12月01日","111年12月01日","112年05月29日","112年05月31日","0.20","    160.00","","",
="030748","飛宏凱基25購01","16.60","＋","2457","飛宏","76.40","＋","認購","美式","111年12月01日","111年12月01日","112年05月29日","112年05月31日","1.00","    60.00","","",
="030749","新興凱基25購01","0.00","","2605","新興","21.45","＋","認購","美式","111年12月01日","111年12月01日","112年05月29日","112年05月31日","1.00","    25.00","","",
="03074F","恒指麥證26購01","0.00","","HSI"," "," "," ","認購","歐式","111年07月29日","112年06月28日","112年06月26日","112年06月28日","0.0005","HKD 23,000.00","","",
="03074U","臺股指元大27售22","0.00","","IX0001","臺股指數","16,636.30","","認售","歐式","111年12月23日","112年07月24日","112年07月20日","112年07月24日","0.002","    13,000.00","","",
="03074X","元展69","0.00","","2887","台新金","18.40","＋","認購","歐式","105年02月15日","112年10月02日","112年09月27日","112年10月02日","1.382","    3.71","","4.41",
="030750","慧洋凱基27購02","0.00","","2637","慧洋-KY","60.30","＋","認購","美式","111年12月01日","111年12月01日","112年07月27日","112年07月31日","0.392","    71.38","","",
="030751","創意凱基25購07","0.00","","3443","創意","1,515.00","＋","認購","美式","111年12月01日","111年12月01日","112年05月29日","112年05月31日","0.015","    800.00","","",
="030752","揚明光凱基25購04","0.03","","3504","揚明光","81.70","＋","認購","美式","111年12月01日","111年12月01日","112年05月29日","112年05月31日","0.10","    90.00","","",
="030753","合勤控凱基25購02","0.00","","3704","合勤控","43.85","＋","認購","美式","111年12月01日","111年12月01日","112年05月29日","112年05月31日","1.00","    45.00","","",
="030754","三福化凱基25購02","0.00","","4755","三福化","131.00","＋","認購","美式","111年12月01日","111年12月01日","112年05月29日","112年05月31日","0.12","    150.00","","",
="030755","元晶凱基26購03","0.50","","6443","元晶","36.20","＋","認購","美式","111年12月01日","111年12月01日","112年06月28日","112年06月30日","0.60","    40.00","","",
="030756","愛普凱基26購02","0.00","","6531","愛普*","328.50","＋","認購","美式","111年12月01日","111年12月01日","112年06月28日","112年06月30日","0.08","    250.00","","",
="030757","AES凱基25購06","0.00","","6781","AES-KY","690.00","＋","認購","美式","111年12月01日","111年12月01日","112年05月29日","112年05月31日","0.03","    1,100.00","","",
="030758","臺指2X中信28購02","1.45","＋",="00663L","國泰臺灣加權正2","119.40","＋","認購","歐式","111年12月01日","112年08月31日","112年08月29日","112年08月31日","0.12","    120.00","","",
="030759","敦泰中信25購01","0.00","","3545","敦泰","83.70","＋","認購","歐式","111年12月01日","112年05月31日","112年05月29日","112年05月31日","0.50","    97.00","","",
="03075U","臺股指元大27售23","0.07","－","IX0001","臺股指數","16,636.30","","認售","歐式","111年12月23日","112年07月24日","112年07月20日","112年07月24日","0.002","    13,600.00","","",
="03075X","元展70","0.00","","2888","新光金","8.63","＋","認購","歐式","105年02月15日","112年10月02日","112年09月27日","112年10月02日","1.261","    2.99","","3.54",
="030760","台積電富邦26購12","0.11","","2330","台積電","568.00","＋","認購","美式","111年12月01日","111年12月01日","112年06月28日","112年06月30日","0.132","    692.24","","",
="030761","聯發科富邦28購02","0.42","＋","2454","聯發科","738.00","＋","認購","美式","111年12月01日","111年12月01日","112年08月29日","112年08月31日","0.04","    1,000.00","","",
="030762","威鋒電富邦27購01","0.00","","6756","威鋒電子","223.00","＋","認購","美式","111年12月01日","111年12月01日","112年07月27日","112年07月31日","0.036","    242.03","","",
="030763","國企2X群益25購04","0.00","",="00665L","富邦恒生國企正2","7.02","－","認購","美式","111年12月01日","111年12月01日","112年05月29日","112年05月31日","0.77","    7.00","","",
="030764","裕隆群益28購01","0.00","","2201","裕隆","82.80","＋","認購","美式","111年12月01日","111年12月01日","112年08月29日","112年08月31日","0.25","    75.00","","",
="030765","威盛群益27購03","1.37","＋","2388","威盛","83.10","＋","認購","美式","111年12月01日","111年12月01日","112年07月27日","112年07月31日","0.10","    75.00","","",
="030766","創意群益25購08","0.00","","3443","創意","1,515.00","＋","認購","美式","111年12月01日","111年12月01日","112年05月29日","112年05月31日","0.037","    844.00","","",
="030767","世芯群益25購08","0.00","","3661","世芯-KY","1,660.00","＋","認購","美式","111年12月01日","111年12月01日","112年05月29日","112年05月31日","0.01","    950.00","","",
="030768","嘉聯益群益25購03","0.00","","6153","嘉聯益","23.15","＋","認購","美式","111年12月01日","111年12月01日","112年05月29日","112年05月31日","0.32","    30.00","","",
="030769","穎崴群益25購01","0.00","","6515","穎崴","830.00","－","認購","美式","111年12月01日","111年12月01日","112年05月29日","112年05月31日","0.034","    550.00","","",
="03076F","恒指麥證27購01","0.00","","HSI"," "," "," ","認購","歐式","112年01月17日","112年07月17日","112年07月13日","112年07月17日","0.0005","HKD 22,000.00","","",
="03076U","臺股指富邦26售05","0.00","","IX0001","臺股指數","16,636.30","","認售","歐式","111年12月23日","112年06月26日","112年06月20日","112年06月26日","0.001","    13,500.00","","",
="030770","愛普群益25購02","0.00","","6531","愛普*","328.50","＋","認購","美式","111年12月01日","111年12月01日","112年05月29日","112年05月31日","0.06","    238.20","","",
="030771","寶成群益25購01","0.00","","9904","寶成","32.05","－","認購","美式","111年12月01日","111年12月01日","112年05月29日","112年05月31日","0.88","    40.00","","",
="030772","T50正2元大25購05","0.00","",="00631L","元大台灣50正2","129.10","＋","認購","美式","111年12月01日","111年12月01日","112年05月29日","112年05月31日","0.15","    107.00","","",
="030773","元石油元大26購01","0.25","＋",="00642U","期元大S&P石油(原名：元大S&P石油)","15.46","＋","認購","美式","111年12月01日","111年12月01日","112年06月28日","112年06月30日","0.50","    17.00","","",
="030774","美費半元大26購02","0.00","",="00830","國泰費城半導體","31.65","＋","認購","美式","111年12月01日","111年12月01日","112年06月28日","112年06月30日","0.502","    29.85","","",
="030775","中砂元大28購02","0.65","－","1560","中砂","114.50","－","認購","美式","111年12月01日","111年12月01日","112年08月29日","112年08月31日","0.072","    132.00","","",
="030776","華新元大25購16","0.00","","1605","華新","46.60","＋","認購","美式","111年12月01日","111年12月01日","112年05月29日","112年05月31日","0.635","    66.30","","",
="030777","華新元大25購17","0.00","","1605","華新","46.60","＋","認購","美式","111年12月01日","111年12月01日","112年05月29日","112年05月31日","0.25","    68.00","","",
="030778","大成鋼元大25購04","0.00","","2027","大成鋼","45.25","＋","認購","美式","111年12月01日","111年12月01日","112年05月29日","112年05月31日","0.529","    43.20","","",
="030779","為升元大25購03","0.00","","2231","為升","172.50","＋","認購","美式","111年12月01日","111年12月01日","112年05月29日","112年05月31日","0.083","    173.00","","",
="03077F","恒指麥證28購01","0.00","","HSI"," "," "," ","認購","歐式","112年02月24日","112年08月23日","112年08月21日","112年08月23日","0.0003","HKD 21,000.00","","",
="03077U","聚陽康和27售01","0.00","","1477","聚陽","219.00","＋","認售","歐式","111年12月26日","112年07月25日","112年07月21日","112年07月25日","0.053","    173.61","","",
="030780","華通元大25購05","0.00","","2313","華通","44.30","＋","認購","美式","111年12月01日","111年12月01日","112年05月29日","112年05月31日","1.062","    68.47","","",
="030781","台積電元大25購46","1.84","＋","2330","台積電","568.00","＋","認購","美式","111年12月01日","111年12月01日","112年05月29日","112年05月31日","0.025","    497.43","","",
="030782","台積電元大2A購26","1.34","＋","2330","台積電","568.00","＋","認購","美式","111年12月01日","111年12月01日","112年10月27日","112年10月31日","0.03","    606.21","","",
="030783","台積電元大2A購27","2.09","＋","2330","台積電","568.00","＋","認購","美式","111年12月01日","111年12月01日","112年09月27日","112年10月02日","0.025","    535.01","","",
="030784","威盛元大25購10","0.00","","2388","威盛","83.10","＋","認購","美式","111年12月01日","111年12月01日","112年05月29日","112年05月31日","0.173","    88.80","","",
="030785","威盛元大25購11","1.43","","2388","威盛","83.10","＋","認購","美式","111年12月01日","111年12月01日","112年05月29日","112年05月31日","0.11","    65.00","","",
="030786","全新元大25購02","0.00","","2455","全新","100.00","","認購","美式","111年12月01日","111年12月01日","112年05月29日","112年05月31日","0.102","    87.70","","",
="030787","萬海元大25購09","0.00","","2615","萬海","60.00","＋","認購","美式","111年12月01日","111年12月01日","112年05月29日","112年05月31日","0.22","    87.20","","",
="030788","台驊控元大25購02","0.00","","2636","台驊投控","71.70","","認購","美式","111年12月01日","111年12月01日","112年05月29日","112年05月31日","0.23","    77.85","","",
="030789","慧洋元大25購08","0.00","","2637","慧洋-KY","60.30","＋","認購","美式","111年12月01日","111年12月01日","112年05月29日","112年05月31日","0.325","    66.92","","",
="03078F","道指麥證29購01","0.00","","DJI"," "," "," ","認購","歐式","112年03月16日","112年09月15日","112年09月13日","112年09月15日","0.0003","USD 45,000.00","","",
="03078U","威致國票26售02","0.00","","2028","威致","25.85","－","認售","歐式","111年12月26日","112年06月26日","112年06月20日","112年06月26日","0.258","    24.27","","",
="030790","欣興元大25購14","2.78","－","3037","欣興","182.50","－","認購","美式","111年12月01日","111年12月01日","112年05月29日","112年05月31日","0.382","    180.50","","",
="030791","玉晶光元大25購07","0.00","","3406","玉晶光","400.00","＋","認購","美式","111年12月01日","111年12月01日","112年05月29日","112年05月31日","0.014","    437.50","","",
="030792","創意元大25購06","10.00","＋","3443","創意","1,515.00","＋","認購","美式","111年12月01日","111年12月01日","112年05月29日","112年05月31日","0.02","    1,000.00","","",
="030793","創意元大25購09","9.40","＋","3443","創意","1,515.00","＋","認購","美式","111年12月01日","111年12月01日","112年05月29日","112年05月31日","0.02","    1,050.00","","",
="030794","創意元大25購13","0.00","","3443","創意","1,515.00","＋","認購","美式","111年12月01日","111年12月01日","112年05月29日","112年05月31日","0.018","    950.00","","",
="030795","瑞鼎元大25購06","0.00","","3592","瑞鼎","348.00","＋","認購","美式","111年12月01日","111年12月01日","112年05月29日","112年05月31日","0.031","    313.50","","",
="030796","世芯元大25購12","0.00","","3661","世芯-KY","1,660.00","＋","認購","美式","111年12月01日","111年12月01日","112年05月29日","112年05月31日","0.021","    1,315.00","","",
="030797","致伸元大25購07","0.00","","4915","致伸","64.40","＋","認購","美式","111年12月01日","111年12月01日","112年05月29日","112年05月31日","0.287","    63.00","","",
="030798","祥碩元大25購12","4.70","＋","5269","祥碩","1,300.00","＋","認購","美式","111年12月01日","111年12月01日","112年05月29日","112年05月31日","0.023","    1,095.00","","",
="030799","中磊元大25購03","0.00","","5388","中磊","93.30","＋","認購","美式","111年12月01日","111年12月01日","112年05月29日","112年05月31日","0.21","    91.90","","",
="03079F","道指麥證29購02","0.00","","DJI"," "," "," ","認購","歐式","112年03月16日","112年09月15日","112年09月13日","112年09月15日","0.0002","USD 40,000.00","","",
="03079U","欣興永豐26售02","0.00","","3037","欣興","182.50","－","認售","歐式","111年12月26日","112年06月26日","112年06月20日","112年06月26日","0.115","    98.80","","",
="030800","啟碁元大25購07","0.00","","6285","啟碁","87.50","＋","認購","美式","111年12月01日","111年12月01日","112年05月29日","112年05月31日","0.53","    119.00","","",
="030801","晶碩元大25購01","0.00","","6491","晶碩","366.50","＋","認購","美式","111年12月01日","111年12月01日","112年05月29日","112年05月31日","0.034","    390.00","","",
="030802","愛普元大25購07","2.24","","6531","愛普*","328.50","＋","認購","美式","111年12月01日","111年12月01日","112年05月29日","112年05月31日","0.074","    298.50","","",
="030803","南電元大25購12","0.00","","8046","南電","302.50","－","認購","美式","111年12月01日","111年12月01日","112年05月29日","112年05月31日","0.05","    390.50","","",
="030804","台灣50國票26購02","0.00","",="0050","元大台灣50","126.75","＋","認購","美式","111年12月02日","111年12月02日","112年05月30日","112年06月01日","0.307","    119.31","","",
="030805","台灣50國票27購01","0.00","",="0050","元大台灣50","126.75","＋","認購","美式","111年12月02日","111年12月02日","112年06月29日","112年07月03日","0.511","    127.14","","",
="030806","台灣50國票28購01","0.95","＋",="0050","元大台灣50","126.75","＋","認購","美式","111年12月02日","111年12月02日","112年07月28日","112年08月01日","1.023","    136.92","","",
="030807","光罩國票27購01","0.17","","2338","光罩","81.80","＋","認購","美式","111年12月02日","111年12月02日","112年06月29日","112年07月03日","0.168","    100.00","","",
="030808","金像電國票27購01","3.89","－","2368","金像電","121.50","","認購","美式","111年12月02日","111年12月02日","112年06月29日","112年07月03日","0.207","    106.24","","",
="030809","瑞昱國票27購01","1.72","＋","2379","瑞昱","388.00","＋","認購","美式","111年12月02日","111年12月02日","112年06月29日","112年07月03日","0.065","    375.00","","",
="03080F","納指麥證29購01","0.00","","NDX"," "," "," ","認購","歐式","112年03月16日","112年09月15日","112年09月13日","112年09月15日","0.0003","USD 16,000.00","","",
="03080U","聚陽中信26售01","0.00","","1477","聚陽","219.00","＋","認售","歐式","111年12月26日","112年06月26日","112年06月20日","112年06月26日","0.085","    187.69","","",
="030810","飛宏國票26購02","0.00","","2457","飛宏","76.40","＋","認購","美式","111年12月02日","111年12月02日","112年05月30日","112年06月01日","0.25","    45.00","","",
="030811","長榮國票28購01","0.00","","2603","長榮","157.00","＋","認購","美式","111年12月02日","111年12月02日","112年07月28日","112年08月01日","0.25","    240.00","","",
="030812","漢翔國票27購01","0.00","","2634","漢翔","55.80","＋","認購","美式","111年12月02日","111年12月02日","112年06月29日","112年07月03日","1.00","    50.00","","",
="030813","晶華國票27購01","0.00","","2707","晶華","288.00","＋","認購","美式","111年12月02日","111年12月02日","112年06月29日","112年07月03日","0.08","    250.00","","",
="030814","世芯國票26購05","0.00","","3661","世芯-KY","1,660.00","＋","認購","美式","111年12月02日","111年12月02日","112年05月30日","112年06月01日","0.01","    1,050.00","","",
="030815","合勤控國票27購01","1.64","＋","3704","合勤控","43.85","＋","認購","美式","111年12月02日","111年12月02日","112年06月29日","112年07月03日","1.00","    46.00","","",
="030816","合勤控國票27購02","1.22","","3704","合勤控","43.85","＋","認購","美式","111年12月02日","111年12月02日","112年06月29日","112年07月03日","0.87","    47.00","","",
="030817","元金反中信26購01","0.00","",="00674R","期元大S&P黃金反1(原名：元大S&P黃金反1)","12.25","","認購","歐式","111年12月02日","112年06月01日","112年05月30日","112年06月01日","1.00","    13.88","","",
="030818","中石化中信29購01","0.00","","1314","中石化","9.72","－","認購","歐式","111年12月02日","112年09月01日","112年08月30日","112年09月01日","1.00","    11.00","","",
="030819","陽明國泰28購01","0.25","","2609","陽明","62.00","＋","認購","美式","111年12月02日","111年12月02日","112年07月28日","112年08月01日","0.25","    78.00","","",
="03081F","納指麥證29購02","0.00","","NDX"," "," "," ","認購","歐式","112年03月16日","112年09月15日","112年09月13日","112年09月15日","0.0002","USD 14,000.00","","",
="03081U","台積電中信2C售03","0.08","","2330","台積電","568.00","＋","認售","歐式","111年12月26日","112年12月25日","112年12月21日","112年12月25日","0.05","    298.39","","",
="030820","長榮航國泰28購01","1.54","＋","2618","長榮航","33.60","＋","認購","美式","111年12月02日","111年12月02日","112年07月28日","112年08月01日","0.60","    34.29","","",
="030821","啟碁國泰28購01","0.55","＋","6285","啟碁","87.50","＋","認購","美式","111年12月02日","111年12月02日","112年07月28日","112年08月01日","0.20","    99.00","","",
="030822","AES國泰28購01","0.00","","6781","AES-KY","690.00","＋","認購","美式","111年12月02日","111年12月02日","112年07月28日","112年08月01日","0.015","    1,039.00","","",
="030823","道瓊銀群益28購03","0.00","",="00738U","期元大道瓊白銀(原名：元大道瓊白銀)","22.79","＋","認購","美式","111年12月02日","111年12月02日","112年07月28日","112年08月01日","0.432","    22.80","","",
="030824","台積電群益26購04","0.00","","2330","台積電","568.00","＋","認購","美式","111年12月02日","111年12月02日","112年05月30日","112年06月01日","0.035","    499.41","","",
="030825","台積電群益2C購02","0.00","","2330","台積電","568.00","＋","認購","美式","111年12月02日","111年12月02日","112年11月29日","112年12月01日","0.08","    662.59","","",
="030826","長榮群益27購04","0.09","＋","2603","長榮","157.00","＋","認購","美式","111年12月02日","111年12月02日","112年06月29日","112年07月03日","0.05","    179.00","","",
="030827","陽明群益26購04","0.00","","2609","陽明","62.00","＋","認購","美式","111年12月02日","111年12月02日","112年05月30日","112年06月01日","0.40","    78.00","","",
="030828","長榮航群益26購04","0.00","","2618","長榮航","33.60","＋","認購","美式","111年12月02日","111年12月02日","112年05月30日","112年06月01日","0.50","    30.00","","",
="030829","長榮航群益26購05","0.61","＋","2618","長榮航","33.60","＋","認購","美式","111年12月02日","111年12月02日","112年05月30日","112年06月01日","0.50","    33.00","","",
="03082F","標普指麥證29購01","0.00","","SPX"," "," "," ","認購","歐式","112年03月16日","112年09月15日","112年09月13日","112年09月15日","0.001","USD 4,500.00","","",
="03082P","S&P正2國票26售01","0.00","",="00647L","元大S&P500正2","57.80","＋","認售","歐式","111年12月01日","112年06月30日","112年06月28日","112年06月30日","0.109","    53.00","","",
="03082U","台積電中信2C售04","0.09","－","2330","台積電","568.00","＋","認售","歐式","111年12月26日","112年12月25日","112年12月21日","112年12月25日","0.05","    318.28","","",
="030830","大立光群益26購01","0.00","","3008","大立光","2,305.00","＋","認購","美式","111年12月02日","111年12月02日","112年05月30日","112年06月01日","0.009","    2,401.32","","",
="030831","揚明光群益26購02","0.00","","3504","揚明光","81.70","＋","認購","美式","111年12月02日","111年12月02日","112年05月30日","112年06月01日","0.04","    95.00","","",
="030832","世芯群益26購01","0.00","","3661","世芯-KY","1,660.00","＋","認購","美式","111年12月02日","111年12月02日","112年05月30日","112年06月01日","0.01","    1,050.00","","",
="030833","愛普群益26購04","0.00","","6531","愛普*","328.50","＋","認購","美式","111年12月02日","111年12月02日","112年05月30日","112年06月01日","0.065","    240.00","","",
="030834","振樺電群益28購01","0.00","","8114","振樺電","108.00","","認購","美式","111年12月02日","111年12月02日","112年07月28日","112年08月01日","0.08","    150.00","","",
="030835","世紀鋼群益26購01","0.00","","9958","世紀鋼","109.50","＋","認購","美式","111年12月02日","111年12月02日","112年05月30日","112年06月01日","0.066","    90.00","","",
="030836","台積電兆豐28購02","3.02","＋","2330","台積電","568.00","＋","認購","美式","111年12月02日","111年12月02日","112年07月28日","112年08月01日","0.036","    493.47","","",
="030837","世芯兆豐28購01","0.00","","3661","世芯-KY","1,660.00","＋","認購","美式","111年12月02日","111年12月02日","112年07月28日","112年08月01日","0.007","    888.00","","",
="030838","威鋒電兆豐27購01","0.55","","6756","威鋒電子","223.00","＋","認購","美式","111年12月02日","111年12月02日","112年06月29日","112年07月03日","0.036","    222.67","","",
="030839","台泥康和26購01","0.00","","1101","台泥","38.15","＋","認購","美式","111年12月02日","111年12月02日","112年05月30日","112年06月01日","0.50","    37.00","","",
="03083F","標普指麥證29購02","0.00","","SPX"," "," "," ","認購","歐式","112年03月16日","112年09月15日","112年09月13日","112年09月15日","0.0002","USD 4,000.00","","",
="03083U","台積電中信2C售05","0.00","","2330","台積電","568.00","＋","認售","歐式","111年12月26日","112年12月25日","112年12月21日","112年12月25日","0.04","    338.17","","",
="030840","鴻海康和28購01","0.30","＋","2317","鴻海","105.50","＋","認購","美式","111年12月02日","111年12月02日","112年07月28日","112年08月01日","0.20","    115.00","","",
="030841","國巨康和26購01","0.00","","2327","國巨","508.00","＋","認購","美式","111年12月02日","111年12月02日","112年05月30日","112年06月01日","0.025","    450.00","","",
="030842","中石化永豐28購01","0.00","","1314","中石化","9.72","－","認購","美式","111年12月02日","111年12月02日","112年07月28日","112年08月01日","0.88","    12.74","","",
="030843","和大永豐26購01","0.00","","1536","和大","71.40","＋","認購","美式","111年12月02日","111年12月02日","112年05月30日","112年06月01日","0.195","    87.00","","",
="030844","廣宇永豐26購01","0.00","","2328","廣宇","39.40","＋","認購","美式","111年12月02日","111年12月02日","112年05月30日","112年06月01日","0.43","    41.64","","",
="030845","美律永豐26購01","0.00","","2439","美律","88.60","＋","認購","美式","111年12月02日","111年12月02日","112年05月30日","112年06月01日","0.315","    116.42","","",
="030846","長榮航永豐26購02","0.00","","2618","長榮航","33.60","＋","認購","美式","111年12月02日","111年12月02日","112年05月30日","112年06月01日","1.00","    39.03","","",
="030847","漢翔永豐26購01","0.00","","2634","漢翔","55.80","＋","認購","美式","111年12月02日","111年12月02日","112年05月30日","112年06月01日","0.495","    43.23","","",
="030848","美食永豐27購01","0.00","","2723","美食-KY","152.50","－","認購","美式","111年12月02日","111年12月02日","112年06月29日","112年07月03日","0.12","    174.00","","",
="030849","明泰永豐27購01","0.84","＋","3380","明泰","37.30","＋","認購","美式","111年12月02日","111年12月02日","112年06月29日","112年07月03日","0.38","    38.31","","",
="03084F","恒指麥證2A購01","1.06","","HSI"," "," "," ","認購","歐式","112年04月28日","112年10月27日","112年10月25日","112年10月27日","0.002","HKD 24,000.00","","",
="03084U","台積電中信2C售06","0.10","＋","2330","台積電","568.00","＋","認售","歐式","111年12月26日","112年12月25日","112年12月21日","112年12月25日","0.03","    358.06","","",
="030850","敦泰永豐27購01","0.90","","3545","敦泰","83.70","＋","認購","美式","111年12月02日","111年12月02日","112年06月29日","112年07月03日","0.126","    83.56","","",
="030851","合勤控永豐27購01","1.73","","3704","合勤控","43.85","＋","認購","美式","111年12月02日","111年12月02日","112年06月29日","112年07月03日","0.345","    40.55","","",
="030852","潤泰新永豐27購01","0.00","","9945","潤泰新","35.00","＋","認購","美式","111年12月02日","111年12月02日","112年06月29日","112年07月03日","0.245","    56.43","","",
="030853","滬深2X元富26購01","0.00","",="00637L","元大滬深300正2","13.77","－","認購","美式","111年12月02日","111年12月02日","112年05月30日","112年06月01日","1.00","    13.50","","",
="030854","智邦元富27購02","3.41","＋","2345","智邦","357.50","＋","認購","美式","111年12月02日","111年12月02日","112年06月29日","112年07月03日","0.065","    310.00","","",
="030855","飛宏元富26購01","0.00","","2457","飛宏","76.40","＋","認購","美式","111年12月02日","111年12月02日","112年05月30日","112年06月01日","0.23","    43.00","","",
="030856","中興電麥證29購01","0.00","","1513","中興電","113.50","＋","認購","歐式","111年12月02日","112年09月01日","112年08月30日","112年09月01日","0.063","    60.00","","",
="030857","台積電麥證2B購01","0.00","","2330","台積電","568.00","＋","認購","歐式","111年12月02日","112年11月01日","112年10月30日","112年11月01日","0.162","    721.91","","",
="030858","晶華麥證26購01","0.00","","2707","晶華","288.00","＋","認購","歐式","111年12月02日","112年06月01日","112年05月30日","112年06月01日","0.08","    250.00","","",
="030859","滬深2X凱基28購03","0.53","－",="00637L","元大滬深300正2","13.77","－","認購","美式","111年12月02日","111年12月02日","112年07月28日","112年08月01日","0.50","    14.00","","",
="03085U","臺股指中信29售04","0.00","","IX0001","臺股指數","16,636.30","","認售","歐式","111年12月26日","112年09月25日","112年09月21日","112年09月25日","0.001","    13,588.00","","",
="030860","滬深2X凱基2A購02","0.64","－",="00637L","元大滬深300正2","13.77","－","認購","美式","111年12月02日","111年12月02日","112年09月27日","112年10月02日","0.90","    16.50","","",
="030861","中興電凱基29購01","0.00","","1513","中興電","113.50","＋","認購","美式","111年12月02日","111年12月02日","112年08月30日","112年09月01日","0.44","    85.00","","",
="030862","和大凱基27購01","0.00","","1536","和大","71.40","＋","認購","美式","111年12月02日","111年12月02日","112年06月29日","112年07月03日","0.15","    80.00","","",
="030863","裕隆凱基2B購01","1.85","＋","2201","裕隆","82.80","＋","認購","美式","111年12月02日","111年12月02日","112年10月30日","112年11月01日","0.20","    95.00","","",
="030864","中華凱基26購02","0.00","","2204","中華","91.60","－","認購","美式","111年12月02日","111年12月02日","112年05月30日","112年06月01日","0.35","    70.00","","",
="030865","鴻海凱基2A購02","2.09","＋","2317","鴻海","105.50","＋","認購","美式","111年12月02日","111年12月02日","112年09月27日","112年10月02日","0.25","    106.00","","",
="030866","台積電凱基2C購03","3.67","＋","2330","台積電","568.00","＋","認購","美式","111年12月02日","111年12月02日","112年11月29日","112年12月01日","0.06","    553.80","","",
="030867","台積電凱基2C購04","2.90","－","2330","台積電","568.00","＋","認購","美式","111年12月02日","111年12月02日","112年11月29日","112年12月01日","0.03","    499.41","","",
="030868","台積電凱基2C購05","1.47","","2330","台積電","568.00","＋","認購","美式","111年12月02日","111年12月02日","112年11月29日","112年12月01日","0.04","    598.30","","",
="030869","威盛凱基26購04","1.56","","2388","威盛","83.10","＋","認購","美式","111年12月02日","111年12月02日","112年05月30日","112年06月01日","0.18","    75.00","","",
="03086U","臺股指中信29售05","0.00","","IX0001","臺股指數","16,636.30","","認售","歐式","111年12月26日","112年09月25日","112年09月21日","112年09月25日","0.001","    11,688.00","","",
="030870","眾達凱基2A購01","0.35","＋","4977","眾達-KY","113.00","＋","認購","美式","111年12月02日","111年12月02日","112年09月27日","112年10月02日","0.046","    155.76","","",
="030871","祥碩凱基26購04","0.00","","5269","祥碩","1,300.00","＋","認購","美式","111年12月02日","111年12月02日","112年05月30日","112年06月01日","0.03","    950.00","","",
="030872","穎崴凱基28購01","0.00","","6515","穎崴","830.00","－","認購","美式","111年12月02日","111年12月02日","112年07月28日","112年08月01日","0.03","    600.00","","",
="030873","力智凱基28購01","0.36","","6719","力智","303.00","＋","認購","美式","111年12月02日","111年12月02日","112年07月28日","112年08月01日","0.04","    400.00","","",
="030874","富鼎凱基27購01","0.00","","8261","富鼎","106.50","＋","認購","美式","111年12月02日","111年12月02日","112年06月29日","112年07月03日","0.063","    135.00","","",
="030875","臺股指凱基27購02","1.34","＋","IX0001","臺股指數","16,636.30","","認購","歐式","111年12月02日","112年07月03日","112年06月29日","112年07月03日","0.01","    17,300.00","","",
="030876","臺股指凱基2A購06","3.72","＋","IX0001","臺股指數","16,636.30","","認購","歐式","111年12月02日","112年10月02日","112年09月27日","112年10月02日","0.005","    16,400.00","","",
="030877","臺股指凱基2A購07","0.00","","IX0001","臺股指數","16,636.30","","認購","歐式","111年12月02日","112年10月02日","112年09月27日","112年10月02日","0.007","    16,888.00","","",
="030878","T50反1富邦2C購01","0.00","",="00632R","元大台灣50反1","4.94","－","認購","美式","111年12月02日","111年12月02日","112年11月29日","112年12月01日","1.00","    6.00","","",
="030879","FB越南富邦26購01","0.00","",="00885","富邦越南","11.45","＋","認購","美式","111年12月02日","111年12月02日","112年05月30日","112年06月01日","1.00","    12.50","","",
="03087U","S&P500凱基28售01","0.00","",="00646","元大S&P500","40.02","＋","認售","歐式","111年12月26日","112年08月25日","112年08月23日","112年08月25日","0.50","    34.00","","",
="030880","華新富邦26購01","0.00","","1605","華新","46.60","＋","認購","美式","111年12月02日","111年12月02日","112年05月30日","112年06月01日","0.15","    50.00","","",
="030881","裕隆富邦26購02","0.00","","2201","裕隆","82.80","＋","認購","美式","111年12月02日","111年12月02日","112年05月30日","112年06月01日","0.20","    80.00","","",
="030882","聯電富邦29購01","0.65","＋","2303","聯電","51.20","＋","認購","美式","111年12月02日","111年12月02日","112年08月30日","112年09月01日","0.50","    60.00","","",
="030883","瑞昱富邦27購01","1.69","＋","2379","瑞昱","388.00","＋","認購","美式","111年12月02日","111年12月02日","112年06月29日","112年07月03日","0.038","    350.00","","",
="030884","滬深2X元大29購02","0.50","",="00637L","元大滬深300正2","13.77","－","認購","美式","111年12月02日","111年12月02日","112年08月30日","112年09月01日","0.90","    17.00","","",
="030885","滬深2X元大29購03","0.82","－",="00637L","元大滬深300正2","13.77","－","認購","美式","111年12月02日","111年12月02日","112年08月30日","112年09月01日","0.60","    14.00","","",
="030886","美費半元大27購02","2.75","＋",="00830","國泰費城半導體","31.65","＋","認購","美式","111年12月02日","111年12月02日","112年06月29日","112年07月03日","0.402","    24.88","","",
="030887","美費半元大28購01","2.28","",="00830","國泰費城半導體","31.65","＋","認購","美式","111年12月02日","111年12月02日","112年07月28日","112年08月01日","0.603","    29.85","","",
="030888","和大元大26購01","0.00","","1536","和大","71.40","＋","認購","美式","111年12月02日","111年12月02日","112年05月30日","112年06月01日","0.189","    83.20","","",
="030889","裕隆元大26購01","0.07","","2201","裕隆","82.80","＋","認購","美式","111年12月02日","111年12月02日","112年05月30日","112年06月01日","0.168","    90.00","","",
="03088P","國泰金元大29售01","0.00","","2882","國泰金","44.75","＋","認售","歐式","111年09月20日","112年09月19日","112年09月15日","112年09月19日","1.016","    25.50","","",
="03088U","華城凱基27售01","0.00","","1519","華城","141.00","＋","認售","歐式","111年12月26日","112年07月25日","112年07月21日","112年07月25日","0.492","    30.00","","",
="030890","華通元大26購01","0.00","","2313","華通","44.30","＋","認購","美式","111年12月02日","111年12月02日","112年05月30日","112年06月01日","0.422","    50.10","","",
="030891","台積電元大2A購28","1.81","＋","2330","台積電","568.00","＋","認購","美式","111年12月02日","111年12月02日","112年09月27日","112年10月02日","0.02","    508.31","","",
="030892","台積電元大2B購12","1.45","＋","2330","台積電","568.00","＋","認購","美式","111年12月02日","111年12月02日","112年10月30日","112年11月01日","0.03","    596.32","","",
="030893","台積電元大2C購01","0.00","","2330","台積電","568.00","＋","認購","美式","111年12月02日","111年12月02日","112年11月29日","112年12月01日","0.03","    615.11","","",
="030894","台亞元大26購01","0.00","","2340","台亞","36.30","＋","認購","美式","111年12月02日","111年12月02日","112年05月30日","112年06月01日","0.311","    36.45","","",
="030895","順德元大26購01","0.10","","2351","順德","123.00","＋","認購","美式","111年12月02日","111年12月02日","112年05月30日","112年06月01日","0.08","    130.00","","",
="030896","瑞昱元大26購01","3.02","","2379","瑞昱","388.00","＋","認購","美式","111年12月02日","111年12月02日","112年05月30日","112年06月01日","0.042","    315.00","","",
="030897","飛宏元大26購01","0.00","","2457","飛宏","76.40","＋","認購","美式","111年12月02日","111年12月02日","112年05月30日","112年06月01日","0.282","    45.95","","",
="030898","興富發元大26購01","0.00","","2542","興富發","42.10","－","認購","美式","111年12月02日","111年12月02日","112年05月30日","112年06月01日","0.357","    44.80","","",
="030899","陽明元大26購03","0.00","","2609","陽明","62.00","＋","認購","美式","111年12月02日","111年12月02日","112年05月30日","112年06月01日","0.20","    63.80","","",
="03089U","聯電凱基26售07","0.00","","2303","聯電","51.20","＋","認售","歐式","111年12月26日","112年06月26日","112年06月20日","112年06月26日","0.80","    37.00","","",
="030900","陽明元大2B購01","1.15","＋","2609","陽明","62.00","＋","認購","美式","111年12月02日","111年12月02日","112年10月30日","112年11月01日","0.15","    66.30","","",
="030901","八方元大26購01","0.00","","2753","八方雲集","167.00","","認購","美式","111年12月02日","111年12月02日","112年05月30日","112年06月01日","0.112","    271.76","","",
="030902","富邦金元大26購02","0.00","","2881","富邦金","61.10","＋","認購","美式","111年12月02日","111年12月02日","112年05月30日","112年06月01日","0.949","    76.00","","",
="030903","開發金元大26購01","0.00","","2883","開發金","12.80","－","認購","美式","111年12月02日","111年12月02日","112年05月30日","112年06月01日","0.606","    13.10","","",
="030904","威強電元大26購01","0.00","","3022","威強電","91.20","＋","認購","美式","111年12月02日","111年12月02日","112年05月30日","112年06月01日","0.151","    74.90","","",
="030905","景碩元大26購01","0.00","","3189","景碩","116.00","＋","認購","美式","111年12月02日","111年12月02日","112年05月30日","112年06月01日","0.087","    140.00","","",
="030906","台勝科元大26購01","0.00","","3532","台勝科","157.00","＋","認購","美式","111年12月02日","111年12月02日","112年05月30日","112年06月01日","0.056","    154.00","","",
="030907","世芯元大26購05","8.40","＋","3661","世芯-KY","1,660.00","＋","認購","美式","111年12月02日","111年12月02日","112年05月30日","112年06月01日","0.014","    1,060.00","","",
="030908","元晶元大26購01","0.00","","6443","元晶","36.20","＋","認購","美式","111年12月02日","111年12月02日","112年05月30日","112年06月01日","0.314","    40.25","","",
="030909","AES元大26購01","0.00","","6781","AES-KY","690.00","＋","認購","美式","111年12月02日","111年12月02日","112年05月30日","112年06月01日","0.021","    1,115.00","","",
="03090U","聯發科凱基27售07","0.12","－","2454","聯發科","738.00","＋","認售","歐式","111年12月26日","112年07月25日","112年07月21日","112年07月25日","0.055","    550.00","","",
="030910","南茂元大26購01","0.00","","8150","南茂","39.55","＋","認購","美式","111年12月02日","111年12月02日","112年05月30日","112年06月01日","0.318","    33.10","","",
="030911","臺股指元大2A購13","0.00","","IX0001","臺股指數","16,636.30","","認購","歐式","111年12月02日","112年10月02日","112年09月27日","112年10月02日","0.008","    20,200.00","","",
="030912","臺股指元大2A購14","2.53","＋","IX0001","臺股指數","16,636.30","","認購","歐式","111年12月02日","112年10月02日","112年09月27日","112年10月02日","0.007","    17,800.00","","",
="030913","臺股指元大2A購15","0.00","","IX0001","臺股指數","16,636.30","","認購","歐式","111年12月02日","112年10月02日","112年09月27日","112年10月02日","0.006","    19,200.00","","",
="030914","臺股指元大2B購01","0.00","","IX0001","臺股指數","16,636.30","","認購","歐式","111年12月02日","112年11月01日","112年10月30日","112年11月01日","0.006","    19,800.00","","",
="030915","臺股指元大2B購02","0.00","","IX0001","臺股指數","16,636.30","","認購","歐式","111年12月02日","112年11月01日","112年10月30日","112年11月01日","0.005","    18,800.00","","",
="03091U","長榮凱基27售10","0.38","","2603","長榮","157.00","＋","認售","歐式","111年12月26日","112年07月25日","112年07月21日","112年07月25日","0.15","    125.00","","",
="03092U","智原凱基27售03","0.00","","3035","智原","173.50","＋","認售","歐式","111年12月26日","112年07月25日","112年07月21日","112年07月25日","0.10","    120.00","","",
="030936","富邦金兆豐28購01","0.00","","2881","富邦金","61.10","＋","認購","美式","111年12月05日","111年12月05日","112年08月02日","112年08月04日","0.23","    68.00","","",
="030937","台灣50台新26購03","0.00","",="0050","元大台灣50","126.75","＋","認購","歐式","111年12月05日","112年06月05日","112年06月01日","112年06月05日","0.184","    121.00","","",
="030938","亞聚永豐27購01","0.00","","1308","亞聚","26.05","＋","認購","美式","111年12月05日","111年12月05日","112年06月30日","112年07月04日","0.435","    35.58","","",
="030939","華新永豐26購02","0.00","","1605","華新","46.60","＋","認購","美式","111年12月05日","111年12月05日","112年06月01日","112年06月05日","0.168","    53.14","","",
="03093U","創意凱基26售04","0.01","","3443","創意","1,515.00","＋","認售","歐式","111年12月26日","112年06月26日","112年06月20日","112年06月26日","0.01","    675.00","","",
="03093X","永豐金元大61展01","0.00","","2890","永豐金","17.15","＋","認購","歐式","105年07月04日","112年09月25日","112年09月21日","112年09月25日","1.563","    3.65","","4.40",
="030940","和益永豐26購01","0.00","","1709","和益","25.20","","認購","美式","111年12月05日","111年12月05日","112年06月01日","112年06月05日","0.66","    30.16","","",
="030941","國巨永豐27購01","0.00","","2327","國巨","508.00","＋","認購","美式","111年12月05日","111年12月05日","112年06月30日","112年07月04日","0.032","    601.56","","",
="030942","宏達電永豐27購01","0.00","","2498","宏達電","61.50","＋","認購","美式","111年12月05日","111年12月05日","112年06月30日","112年07月04日","0.272","    78.91","","",
="030943","晶華永豐27購01","0.29","－","2707","晶華","288.00","＋","認購","美式","111年12月05日","111年12月05日","112年06月30日","112年07月04日","0.058","    329.60","","",
="030944","晶睿永豐28購01","0.00","","3454","晶睿","182.50","＋","認購","美式","111年12月05日","111年12月05日","112年08月02日","112年08月04日","0.04","    273.42","","",
="030945","富采永豐26購01","0.00","","3714","富采","49.90","＋","認購","美式","111年12月05日","111年12月05日","112年06月01日","112年06月05日","0.38","    55.58","","",
="030946","智伸科永豐27購01","0.00","","4551","智伸科","129.00","－","認購","美式","111年12月05日","111年12月05日","112年06月30日","112年07月04日","0.089","    214.46","","",
="030947","三福化永豐27購01","0.00","","4755","三福化","131.00","＋","認購","美式","111年12月05日","111年12月05日","112年06月30日","112年07月04日","0.076","    171.93","","",
="030948","晶心科永豐27購01","0.05","","6533","晶心科","511.00","＋","認購","美式","111年12月05日","111年12月05日","112年06月30日","112年07月04日","0.022","    763.62","","",
="030949","台塑康和26購01","0.00","","1301","台塑","93.30","－","認購","美式","111年12月05日","111年12月05日","112年06月01日","112年06月05日","0.25","    100.00","","",
="03094U","南電凱基28售05","0.00","","8046","南電","302.50","－","認售","歐式","111年12月26日","112年08月25日","112年08月23日","112年08月25日","0.12","    160.00","","",
="030950","聚陽康和26購01","0.00","","1477","聚陽","219.00","＋","認購","美式","111年12月05日","111年12月05日","112年06月01日","112年06月05日","0.043","    253.38","","",
="030951","中鋼康和26購01","0.00","","2002","中鋼","29.05","－","認購","美式","111年12月05日","111年12月05日","112年06月01日","112年06月05日","1.00","    34.00","","",
="030952","國泰金康和26購01","0.00","","2882","國泰金","44.75","＋","認購","美式","111年12月05日","111年12月05日","112年06月01日","112年06月05日","0.609","    48.24","","",
="030953","新光金康和28購01","0.10","＋","2888","新光金","8.63","＋","認購","美式","111年12月05日","111年12月05日","112年08月02日","112年08月04日","1.00","    9.98","","",
="030954","中信金康和26購01","0.00","","2891","中信金","24.40","＋","認購","美式","111年12月05日","111年12月05日","112年06月01日","112年06月05日","1.00","    27.50","","",
="030955","晶心科康和26購01","0.00","","6533","晶心科","511.00","＋","認購","美式","111年12月05日","111年12月05日","112年06月01日","112年06月05日","0.015","    666.00","","",
="030956","元石油凱基2A購01","0.31","＋",="00642U","期元大S&P石油(原名：元大S&P石油)","15.46","＋","認購","美式","111年12月05日","111年12月05日","112年10月02日","112年10月04日","0.80","    22.00","","",
="030957","華新凱基2C購01","1.66","＋","1605","華新","46.60","＋","認購","美式","111年12月05日","111年12月05日","112年11月30日","112年12月04日","0.20","    46.00","","",
="030958","台積電凱基2C購06","0.00","","2330","台積電","568.00","＋","認購","美式","111年12月05日","111年12月05日","112年11月30日","112年12月04日","0.04","    618.08","","",
="030959","台積電凱基2C購07","1.77","＋","2330","台積電","568.00","＋","認購","美式","111年12月05日","111年12月05日","112年11月30日","112年12月04日","0.07","    652.69","","",
="03095U","國巨群益26售02","0.00","","2327","國巨","508.00","＋","認售","歐式","111年12月26日","112年06月26日","112年06月20日","112年06月26日","0.06","    300.00","","",
="030960","台積電凱基2C購08","0.00","","2330","台積電","568.00","＋","認購","美式","111年12月05日","111年12月05日","112年11月30日","112年12月04日","0.03","    479.63","","",
="030961","台積電凱基33購01","3.83","＋","2330","台積電","568.00","＋","認購","美式","111年12月05日","111年12月05日","113年02月29日","113年03月04日","0.04","    548.85","","",
="030962","宏達電凱基28購02","0.29","＋","2498","宏達電","61.50","＋","認購","美式","111年12月05日","111年12月05日","112年08月02日","112年08月04日","0.30","    86.00","","",
="030963","慧洋凱基27購03","0.24","","2637","慧洋-KY","60.30","＋","認購","美式","111年12月05日","111年12月05日","112年06月30日","112年07月04日","0.247","    62.45","","",
="030964","晶華凱基28購01","0.00","","2707","晶華","288.00","＋","認購","美式","111年12月05日","111年12月05日","112年08月02日","112年08月04日","0.07","    350.00","","",
="030965","晶睿凱基28購01","0.09","","3454","晶睿","182.50","＋","認購","美式","111年12月05日","111年12月05日","112年08月02日","112年08月04日","0.06","    300.00","","",
="030966","合勤控凱基27購01","0.00","","3704","合勤控","43.85","＋","認購","美式","111年12月05日","111年12月05日","112年06月30日","112年07月04日","0.33","    40.00","","",
="030967","晶心科凱基26購01","0.00","","6533","晶心科","511.00","＋","認購","美式","111年12月05日","111年12月05日","112年06月01日","112年06月05日","0.02","    600.00","","",
="030968","南電凱基26購03","0.00","","8046","南電","302.50","－","認購","美式","111年12月05日","111年12月05日","112年06月01日","112年06月05日","0.06","    300.00","","",
="030969","世紀鋼凱基26購01","0.00","","9958","世紀鋼","109.50","＋","認購","美式","111年12月05日","111年12月05日","112年06月01日","112年06月05日","0.30","    108.00","","",
="03096U","威盛群益26售04","0.00","","2388","威盛","83.10","＋","認售","歐式","111年12月26日","112年06月26日","112年06月20日","112年06月26日","0.15","    66.00","","",
="030970","上証2X元富29購01","0.74","－",="00633L","富邦上証正2","35.01","－","認購","美式","111年12月05日","111年12月05日","112年08月31日","112年09月04日","0.50","    42.00","","",
="030971","聯發科元富31購03","1.93","＋","2454","聯發科","738.00","＋","認購","美式","111年12月05日","111年12月05日","113年01月02日","113年01月04日","0.025","    780.00","","",
="030972","長榮航元富29購01","1.81","＋","2618","長榮航","33.60","＋","認購","美式","111年12月05日","111年12月05日","112年08月31日","112年09月04日","0.65","    35.00","","",
="030973","長榮航元富29購02","2.86","＋","2618","長榮航","33.60","＋","認購","美式","111年12月05日","111年12月05日","112年08月31日","112年09月04日","0.55","    30.00","","",
="030974","長榮麥證26購02","0.00","","2603","長榮","157.00","＋","認購","歐式","111年12月05日","112年06月05日","112年06月01日","112年06月05日","0.30","    240.00","","",
="030975","晶睿麥證26購01","0.00","","3454","晶睿","182.50","＋","認購","歐式","111年12月05日","112年06月05日","112年06月01日","112年06月05日","0.05","    270.00","","",
="030976","晶心科麥證26購01","0.00","","6533","晶心科","511.00","＋","認購","歐式","111年12月05日","112年06月05日","112年06月01日","112年06月05日","0.025","    750.00","","",
="030977","T50反1中信29購01","0.22","",="00632R","元大台灣50反1","4.94","－","認購","歐式","111年12月05日","112年09月04日","112年08月31日","112年09月04日","1.00","    5.00","","",
="030978","T50反1中信2A購01","0.00","",="00632R","元大台灣50反1","4.94","－","認購","歐式","111年12月05日","112年10月04日","112年10月02日","112年10月04日","1.00","    5.50","","",
="030979","華新中信26購01","0.00","","1605","華新","46.60","＋","認購","歐式","111年12月05日","112年06月05日","112年06月01日","112年06月05日","0.20","    60.00","","",
="03097U","中鋼元富26售02","0.00","","2002","中鋼","29.05","－","認售","歐式","111年12月26日","112年06月26日","112年06月20日","112年06月26日","1.00","    25.00","","",
="030980","台積電中信26購05","2.33","＋","2330","台積電","568.00","＋","認購","歐式","111年12月05日","112年06月05日","112年06月01日","112年06月05日","0.03","    494.46","","",
="030981","台積電中信28購03","2.10","＋","2330","台積電","568.00","＋","認購","歐式","111年12月05日","112年08月04日","112年08月02日","112年08月04日","0.03","    514.24","","",
="030982","台積電中信2A購02","2.01","＋","2330","台積電","568.00","＋","認購","歐式","111年12月05日","112年10月04日","112年10月02日","112年10月04日","0.03","    534.02","","",
="030983","台積電中信2C購01","1.84","＋","2330","台積電","568.00","＋","認購","歐式","111年12月05日","112年12月04日","112年11月30日","112年12月04日","0.03","    553.80","","",
="030984","聯發科中信27購02","0.09","＋","2454","聯發科","738.00","＋","認購","歐式","111年12月05日","112年07月04日","112年06月30日","112年07月04日","0.022","    888.00","","",
="030985","宏達電中信27購01","0.06","＋","2498","宏達電","61.50","＋","認購","歐式","111年12月05日","112年07月04日","112年06月30日","112年07月04日","0.10","    82.00","","",
="030986","神基中信26購01","0.00","","3005","神基","69.40","＋","認購","歐式","111年12月05日","112年06月05日","112年06月01日","112年06月05日","0.912","    59.64","","",
="030987","富采中信27購01","0.44","","3714","富采","49.90","＋","認購","歐式","111年12月05日","112年07月04日","112年06月30日","112年07月04日","0.18","    50.80","","",
="030988","威鋒電中信26購01","0.02","","6756","威鋒電子","223.00","＋","認購","歐式","111年12月05日","112年06月05日","112年06月01日","112年06月05日","0.062","    249.78","","",
="030989","AES中信29購01","0.05","－","6781","AES-KY","690.00","＋","認購","歐式","111年12月05日","112年09月04日","112年08月31日","112年09月04日","0.005","    1,198.00","","",
="03098U","大成鋼元富26售02","0.00","","2027","大成鋼","45.25","＋","認售","歐式","111年12月26日","112年06月26日","112年06月20日","112年06月26日","0.50","    36.00","","",
="030990","南茂中信28購01","1.73","＋","8150","南茂","39.55","＋","認購","歐式","111年12月05日","112年08月04日","112年08月02日","112年08月04日","0.40","    37.80","","",
="030991","裕隆國泰28購01","2.67","＋","2201","裕隆","82.80","＋","認購","美式","111年12月05日","111年12月05日","112年08月02日","112年08月04日","0.30","    80.00","","",
="030992","美律國泰28購01","0.00","","2439","美律","88.60","＋","認購","美式","111年12月05日","111年12月05日","112年08月02日","112年08月04日","0.20","    103.00","","",
="030993","王品國泰28購01","0.00","","2727","王品","320.00","－","認購","美式","111年12月05日","111年12月05日","112年08月02日","112年08月04日","0.07","    186.00","","",
="030994","台灣50群益26購01","0.00","",="0050","元大台灣50","126.75","＋","認購","美式","111年12月05日","111年12月05日","112年06月01日","112年06月05日","0.307","    112.47","","",
="030995","台灣50群益26購02","0.00","",="0050","元大台灣50","126.75","＋","認購","美式","111年12月05日","111年12月05日","112年06月01日","112年06月05日","0.307","    115.40","","",
="030996","台灣50群益27購01","3.00","＋",="0050","元大台灣50","126.75","＋","認購","美式","111年12月05日","111年12月05日","112年06月30日","112年07月04日","1.023","    129.09","","",
="030997","台灣50群益28購01","2.93","＋",="0050","元大台灣50","126.75","＋","認購","美式","111年12月05日","111年12月05日","112年08月02日","112年08月04日","0.307","    119.31","","",
="030998","台灣50群益2C購01","0.00","",="0050","元大台灣50","126.75","＋","認購","美式","111年12月05日","111年12月05日","112年11月30日","112年12月04日","1.023","    156.48","","",
="030999","T50反1群益28購05","0.00","",="00632R","元大台灣50反1","4.94","－","認購","美式","111年12月05日","111年12月05日","112年08月02日","112年08月04日","1.00","    5.45","","",
="03099U","新光鋼元富26售02","0.00","","2031","新光鋼","48.80","－","認售","歐式","111年12月26日","112年06月26日","112年06月20日","112年06月26日","1.00","    33.00","","",
="031000","T50反1群益29購03","0.06","－",="00632R","元大台灣50反1","4.94","－","認購","美式","111年12月05日","111年12月05日","112年08月31日","112年09月04日","1.00","    5.60","","",
="031001","華新群益26購01","0.00","","1605","華新","46.60","＋","認購","美式","111年12月05日","111年12月05日","112年06月01日","112年06月05日","0.25","    51.00","","",
="031002","華新群益26購02","0.00","","1605","華新","46.60","＋","認購","美式","111年12月05日","111年12月05日","112年06月01日","112年06月05日","0.35","    58.00","","",
="031003","聯電群益26購04","0.00","","2303","聯電","51.20","＋","認購","美式","111年12月05日","111年12月05日","112年06月01日","112年06月05日","1.00","    56.00","","",
="031004","鴻海群益28購01","0.41","＋","2317","鴻海","105.50","＋","認購","美式","111年12月05日","111年12月05日","112年08月02日","112年08月04日","0.10","    109.00","","",
="031005","台積電群益26購06","0.00","","2330","台積電","568.00","＋","認購","美式","111年12月05日","111年12月05日","112年06月01日","112年06月05日","0.07","    558.75","","",
="031006","旺宏群益26購01","0.00","","2337","旺宏","33.40","＋","認購","美式","111年12月05日","111年12月05日","112年06月01日","112年06月05日","1.00","    45.00","","",
="031007","光罩群益28購01","0.00","","2338","光罩","81.80","＋","認購","美式","111年12月05日","111年12月05日","112年08月02日","112年08月04日","0.20","    116.00","","",
="031008","燿華群益26購01","0.00","","2367","燿華","18.05","＋","認購","美式","111年12月05日","111年12月05日","112年06月01日","112年06月05日","1.00","    23.00","","",
="031009","瑞昱群益26購01","0.00","","2379","瑞昱","388.00","＋","認購","美式","111年12月05日","111年12月05日","112年06月01日","112年06月05日","0.08","    428.00","","",
="03100U","上証2X元大26售04","0.00","",="00633L","富邦上証正2","35.01","－","認售","歐式","111年12月26日","112年06月26日","112年06月20日","112年06月26日","0.30","    34.00","","",
="031010","聯發科群益27購05","0.00","","2454","聯發科","738.00","＋","認購","美式","111年12月05日","111年12月05日","112年06月30日","112年07月04日","0.05","    875.00","","",
="031011","聯發科群益27購06","0.00","","2454","聯發科","738.00","＋","認購","美式","111年12月05日","111年12月05日","112年06月30日","112年07月04日","0.05","    925.00","","",
="031012","宏達電群益28購02","0.00","","2498","宏達電","61.50","＋","認購","美式","111年12月05日","111年12月05日","112年08月02日","112年08月04日","0.588","    86.00","","",
="031013","美食群益26購01","0.00","","2723","美食-KY","152.50","－","認購","美式","111年12月05日","111年12月05日","112年06月01日","112年06月05日","0.20","    158.00","","",
="031014","國泰金群益26購01","0.00","","2882","國泰金","44.75","＋","認購","美式","111年12月05日","111年12月05日","112年06月01日","112年06月05日","0.559","    45.29","","",
="031015","國泰金群益27購02","0.00","","2882","國泰金","44.75","＋","認購","美式","111年12月05日","111年12月05日","112年06月30日","112年07月04日","0.813","    49.23","","",
="031016","國泰金群益28購01","0.00","","2882","國泰金","44.75","＋","認購","美式","111年12月05日","111年12月05日","112年08月02日","112年08月04日","1.016","    54.15","","",
="031017","晶睿群益26購03","0.00","","3454","晶睿","182.50","＋","認購","美式","111年12月05日","111年12月05日","112年06月01日","112年06月05日","0.09","    300.00","","",
="031018","敦泰群益28購03","0.00","","3545","敦泰","83.70","＋","認購","美式","111年12月05日","111年12月05日","112年08月02日","112年08月04日","0.075","    80.00","","",
="031019","晶心科群益26購05","0.00","","6533","晶心科","511.00","＋","認購","美式","111年12月05日","111年12月05日","112年06月01日","112年06月05日","0.02","    599.00","","",
="03101U","滬深2X元大2A售02","1.17","",="00637L","元大滬深300正2","13.77","－","認售","歐式","111年12月26日","112年10月25日","112年10月23日","112年10月25日","0.50","    15.00","","",
="031020","帝寶群益26購01","0.00","","6605","帝寶","99.80","＋","認購","美式","111年12月05日","111年12月05日","112年06月01日","112年06月05日","0.20","    95.00","","",
="031021","南電群益28購01","1.55","－","8046","南電","302.50","－","認購","美式","111年12月05日","111年12月05日","112年08月02日","112年08月04日","0.05","    305.00","","",
="031022","南電群益28購02","0.00","","8046","南電","302.50","－","認購","美式","111年12月05日","111年12月05日","112年08月02日","112年08月04日","0.05","    350.00","","",
="031023","臺股指群益26購02","0.00","","IX0001","臺股指數","16,636.30","","認購","歐式","111年12月05日","112年06月05日","112年06月01日","112年06月05日","0.003","    15,900.00","","",
="031024","道瓊反富邦28購01","0.00","",="00669R","國泰美國道瓊反1","8.06","－","認購","美式","111年12月05日","111年12月05日","112年08月02日","112年08月04日","1.00","    7.50","","",
="031025","華通富邦27購01","0.00","","2313","華通","44.30","＋","認購","美式","111年12月05日","111年12月05日","112年06月30日","112年07月04日","0.425","    61.21","","",
="031026","台積電富邦2A購03","1.67","＋","2330","台積電","568.00","＋","認購","美式","111年12月05日","111年12月05日","112年10月02日","112年10月04日","0.03","    543.91","","",
="031027","威盛富邦29購01","0.86","＋","2388","威盛","83.10","＋","認購","美式","111年12月05日","111年12月05日","112年08月31日","112年09月04日","0.06","    82.00","","",
="031028","晶睿富邦28購01","0.26","－","3454","晶睿","182.50","＋","認購","美式","111年12月05日","111年12月05日","112年08月02日","112年08月04日","0.03","    240.00","","",
="031029","晶心科富邦28購01","0.35","＋","6533","晶心科","511.00","＋","認購","美式","111年12月05日","111年12月05日","112年08月02日","112年08月04日","0.01","    600.00","","",
="03102U","A50正2元大26售02","0.43","－",="00655L","國泰中國A50正2","24.65","－","認售","歐式","111年12月26日","112年06月26日","112年06月20日","112年06月26日","0.50","    24.00","","",
="031030","AES富邦26購01","0.00","","6781","AES-KY","690.00","＋","認購","美式","111年12月05日","111年12月05日","112年06月01日","112年06月05日","0.012","    1,000.00","","",
="031031","SGBR2X元大26購04","0.00","",="00715L","期街口布蘭特正2","12.73","＋","認購","美式","111年12月05日","111年12月05日","112年06月01日","112年06月05日","0.40","    18.50","","",
="031032","SGBR2X元大26購05","0.01","",="00715L","期街口布蘭特正2","12.73","＋","認購","美式","111年12月05日","111年12月05日","112年06月01日","112年06月05日","0.30","    16.00","","",
="031033","中興電元大26購01","0.00","","1513","中興電","113.50","＋","認購","美式","111年12月05日","111年12月05日","112年06月01日","112年06月05日","0.178","    67.60","","",
="031034","華新元大2B購03","1.14","＋","1605","華新","46.60","＋","認購","美式","111年12月05日","111年12月05日","112年11月02日","112年11月06日","0.232","    57.40","","",
="031035","華新元大2C購01","0.33","","1605","華新","46.60","＋","認購","美式","111年12月05日","111年12月05日","112年11月30日","112年12月04日","0.10","    70.00","","",
="031036","大成鋼元大26購02","0.00","","2027","大成鋼","45.25","＋","認購","美式","111年12月05日","111年12月05日","112年06月01日","112年06月05日","1.00","    57.10","","",
="031037","裕隆元大28購01","1.32","－","2201","裕隆","82.80","＋","認購","美式","111年12月05日","111年12月05日","112年08月02日","112年08月04日","0.15","    85.00","","",
="031038","裕隆元大2A購02","1.39","＋","2201","裕隆","82.80","＋","認購","美式","111年12月05日","111年12月05日","112年10月02日","112年10月04日","0.15","    95.00","","",
="031039","三陽元大26購01","0.00","","2206","三陽工業","74.20","＋","認購","美式","111年12月05日","111年12月05日","112年06月01日","112年06月05日","0.364","    36.10","","",
="03103P","臺股指群益29售03","0.00","","IX0001","臺股指數","16,636.30","","認售","歐式","111年09月21日","112年09月20日","112年09月18日","112年09月20日","0.01","    7,500.00","","",
="03103U","聯發科元大26售25","0.00","","2454","聯發科","738.00","＋","認售","歐式","111年12月26日","112年06月26日","112年06月20日","112年06月26日","0.073","    506.00","","",
="031040","國巨元大26購01","0.00","","2327","國巨","508.00","＋","認購","美式","111年12月05日","111年12月05日","112年06月01日","112年06月05日","0.047","    523.00","","",
="031041","台積電元大2A購29","1.70","","2330","台積電","568.00","＋","認購","美式","111年12月05日","111年12月05日","112年10月02日","112年10月04日","0.015","    482.60","","",
="031042","台積電元大2B購13","1.78","＋","2330","台積電","568.00","＋","認購","美式","111年12月05日","111年12月05日","112年11月02日","112年11月06日","0.02","    537.98","","",
="031043","台積電元大2C購02","2.08","＋","2330","台積電","568.00","＋","認購","美式","111年12月05日","111年12月05日","112年11月30日","112年12月04日","0.025","    563.69","","",
="031044","威盛元大26購01","0.00","","2388","威盛","83.10","＋","認購","美式","111年12月05日","111年12月05日","112年06月01日","112年06月05日","0.157","    86.30","","",
="031045","飛宏元大26購02","9.50","＋","2457","飛宏","76.40","＋","認購","美式","111年12月05日","111年12月05日","112年06月01日","112年06月05日","0.447","    55.10","","",
="031046","台驊控元大26購02","0.00","","2636","台驊投控","71.70","","認購","美式","111年12月05日","111年12月05日","112年06月01日","112年06月05日","0.208","    75.09","","",
="031047","慧洋元大26購01","0.00","","2637","慧洋-KY","60.30","＋","認購","美式","111年12月05日","111年12月05日","112年06月01日","112年06月05日","0.522","    78.34","","",
="031048","三商壽元大26購01","0.00","","2867","三商壽","5.22","＋","認購","美式","111年12月05日","111年12月05日","112年06月01日","112年06月05日","1.006","    6.28","","",
="031049","創意元大26購04","0.00","","3443","創意","1,515.00","＋","認購","美式","111年12月05日","111年12月05日","112年06月01日","112年06月05日","0.012","    845.00","","",
="03104P","臺股指群益29售04","0.00","","IX0001","臺股指數","16,636.30","","認售","歐式","111年09月21日","112年09月20日","112年09月18日","112年09月20日","0.003","    10,000.00","","",
="03104U","台積電群益27售11","0.05","","2330","台積電","568.00","＋","認售","歐式","111年12月27日","112年07月26日","112年07月24日","112年07月26日","0.101","    424.70","","",
="031050","晶睿元大26購01","0.00","","3454","晶睿","182.50","＋","認購","美式","111年12月05日","111年12月05日","112年06月01日","112年06月05日","0.051","    300.00","","",
="031051","新唐元大26購02","0.00","","4919","新唐","130.50","＋","認購","美式","111年12月05日","111年12月05日","112年06月01日","112年06月05日","0.126","    177.00","","",
="031052","天鈺元大26購03","0.11","","4961","天鈺","154.00","＋","認購","美式","111年12月05日","111年12月05日","112年06月01日","112年06月05日","0.108","    170.00","","",
="031053","中磊元大26購01","0.00","","5388","中磊","93.30","＋","認購","美式","111年12月05日","111年12月05日","112年06月01日","112年06月05日","0.135","    79.90","","",
="031054","盛群元大26購01","0.00","","6202","盛群","69.70","＋","認購","美式","111年12月05日","111年12月05日","112年06月01日","112年06月05日","0.187","    83.32","","",
="031055","晶心科元大26購01","0.00","","6533","晶心科","511.00","＋","認購","美式","111年12月05日","111年12月05日","112年06月01日","112年06月05日","0.018","    645.00","","",
="031056","AES元大26購02","0.00","","6781","AES-KY","690.00","＋","認購","美式","111年12月05日","111年12月05日","112年06月01日","112年06月05日","0.017","    1,075.00","","",
="031057","富鼎元大28購01","0.00","","8261","富鼎","106.50","＋","認購","美式","111年12月05日","111年12月05日","112年08月02日","112年08月04日","0.034","    126.00","","",
="031058","滬深2X國票27購02","0.11","",="00637L","元大滬深300正2","13.77","－","認購","美式","111年12月05日","111年12月05日","112年06月30日","112年07月04日","1.00","    17.00","","",
="031059","中石化國票27購01","0.00","","1314","中石化","9.72","－","認購","美式","111年12月05日","111年12月05日","112年06月30日","112年07月04日","1.00","    12.00","","",
="03105P","南亞凱基25售02","0.00","","1303","南亞","78.40","－","認售","歐式","111年12月01日","112年05月31日","112年05月29日","112年05月31日","0.50","    60.00","","",
="03105U","威強電群益27售01","0.00","","3022","威強電","91.20","＋","認售","歐式","111年12月27日","112年07月26日","112年07月24日","112年07月26日","0.25","    50.00","","",
="031060","華新國票26購03","0.01","","1605","華新","46.60","＋","認購","美式","111年12月05日","111年12月05日","112年06月01日","112年06月05日","0.50","    60.00","","",
="031061","東鹼國票27購01","0.00","","1708","東鹼","36.40","＋","認購","美式","111年12月05日","111年12月05日","112年06月30日","112年07月04日","0.50","    50.00","","",
="031062","致茂國票27購01","0.75","＋","2360","致茂","226.50","＋","認購","美式","111年12月05日","111年12月05日","112年06月30日","112年07月04日","0.09","    240.00","","",
="031063","瑞昱國票26購01","0.00","","2379","瑞昱","388.00","＋","認購","美式","111年12月05日","111年12月05日","112年06月01日","112年06月05日","0.05","    350.00","","",
="031064","台光電國票27購01","0.30","＋","2383","台光電","204.50","＋","認購","美式","111年12月05日","111年12月05日","112年06月30日","112年07月04日","0.10","    240.00","","",
="031065","威盛國票27購01","1.68","＋","2388","威盛","83.10","＋","認購","美式","111年12月05日","111年12月05日","112年06月30日","112年07月04日","0.20","    80.00","","",
="031066","陽明國票26購02","0.01","","2609","陽明","62.00","＋","認購","美式","111年12月05日","111年12月05日","112年06月01日","112年06月05日","0.50","    85.00","","",
="031067","華航國票26購03","1.70","＋","2610","華航","21.65","＋","認購","美式","111年12月05日","111年12月05日","112年06月01日","112年06月05日","0.50","    18.00","","",
="031068","美食國票27購01","0.00","","2723","美食-KY","152.50","－","認購","美式","111年12月05日","111年12月05日","112年06月30日","112年07月04日","0.16","    170.00","","",
="031069","開發金國票27購01","0.04","","2883","開發金","12.80","－","認購","美式","111年12月05日","111年12月05日","112年06月30日","112年07月04日","1.00","    15.00","","",
="03106U","揚明光群益26售05","0.00","","3504","揚明光","81.70","＋","認售","歐式","111年12月27日","112年06月26日","112年06月20日","112年06月26日","0.07","    60.00","","",
="031070","神基國票27購01","0.00","","3005","神基","69.40","＋","認購","美式","111年12月05日","111年12月05日","112年06月30日","112年07月04日","0.429","    46.60","","",
="031071","大立光國票27購01","0.39","＋","3008","大立光","2,305.00","＋","認購","美式","111年12月05日","111年12月05日","112年06月30日","112年07月04日","0.01","    2,548.34","","",
="031072","建漢國票27購01","0.00","","3062","建漢","22.45","＋","認購","美式","111年12月05日","111年12月05日","112年06月30日","112年07月04日","0.60","    29.00","","",
="031073","晶睿國票27購02","0.00","","3454","晶睿","182.50","＋","認購","美式","111年12月05日","111年12月05日","112年06月30日","112年07月04日","0.025","    240.00","","",
="031074","嘉聯益國票27購01","0.00","","6153","嘉聯益","23.15","＋","認購","美式","111年12月05日","111年12月05日","112年06月30日","112年07月04日","0.248","    28.00","","",
="031075","盛群國票27購01","0.00","","6202","盛群","69.70","＋","認購","美式","111年12月05日","111年12月05日","112年06月30日","112年07月04日","0.30","    85.00","","",
="031076","晶心科國票28購01","0.20","","6533","晶心科","511.00","＋","認購","美式","111年12月05日","111年12月05日","112年08月02日","112年08月04日","0.035","    793.00","","",
="031077","AES國票28購01","0.00","","6781","AES-KY","690.00","＋","認購","美式","111年12月05日","111年12月05日","112年08月02日","112年08月04日","0.02","    1,200.00","","",
="031078","台光電康和26購01","0.02","","2383","台光電","204.50","＋","認購","美式","111年12月06日","111年12月06日","112年06月01日","112年06月05日","0.06","    236.00","","",
="031079","威盛康和26購01","0.00","","2388","威盛","83.10","＋","認購","美式","111年12月06日","111年12月06日","112年06月01日","112年06月05日","0.10","    90.00","","",
="03107U","台積電兆豐28售05","0.08","","2330","台積電","568.00","＋","認售","歐式","111年12月27日","112年08月28日","112年08月24日","112年08月28日","0.033","    427.69","","",
="031080","晶華康和26購02","0.00","","2707","晶華","288.00","＋","認購","美式","111年12月06日","111年12月06日","112年06月01日","112年06月05日","0.04","    300.00","","",
="031081","東陽永豐27購01","0.12","","1319","東陽","49.90","＋","認購","美式","111年12月06日","111年12月06日","112年07月03日","112年07月05日","0.29","    63.05","","",
="031082","上銀永豐27購01","0.98","","2049","上銀","235.50","＋","認購","美式","111年12月06日","111年12月06日","112年07月03日","112年07月05日","0.078","    240.94","","",
="031083","義隆永豐26購01","0.00","","2458","義隆","104.00","＋","認購","美式","111年12月06日","111年12月06日","112年06月01日","112年06月05日","0.33","    113.40","","",
="031084","裕民永豐27購01","0.00","","2606","裕民","49.75","＋","認購","美式","111年12月06日","111年12月06日","112年07月03日","112年07月05日","0.295","    58.59","","",
="031085","台航永豐26購01","0.00","","2617","台航","29.35","＋","認購","美式","111年12月06日","111年12月06日","112年06月01日","112年06月05日","0.405","    31.74","","",
="031086","晶技永豐26購01","0.00","","3042","晶技","89.40","＋","認購","美式","111年12月06日","111年12月06日","112年06月01日","112年06月05日","0.28","    107.38","","",
="031087","嘉澤永豐27購01","0.18","－","3533","嘉澤","909.00","－","認購","美式","111年12月06日","111年12月06日","112年07月03日","112年07月05日","0.014","    1,091.45","","",
="031088","矽力永豐27購01","0.01","－","6415","矽力*-KY","394.50","＋","認購","美式","111年12月06日","111年12月06日","112年07月03日","112年07月05日","0.017","    722.62","","",
="031089","晶碩永豐27購01","0.00","","6491","晶碩","366.50","＋","認購","美式","111年12月06日","111年12月06日","112年07月03日","112年07月05日","0.033","    558.95","","",
="03108U","華新康和26售01","0.00","","1605","華新","46.60","＋","認售","歐式","111年12月27日","112年06月26日","112年06月20日","112年06月26日","0.50","    33.00","","",
="031090","晶心科永豐28購01","0.00","","6533","晶心科","511.00","＋","認購","美式","111年12月06日","111年12月06日","112年08月03日","112年08月07日","0.013","    666.88","","",
="031091","AES永豐27購02","0.00","","6781","AES-KY","690.00","＋","認購","美式","111年12月06日","111年12月06日","112年07月03日","112年07月05日","0.011","    1,168.89","","",
="031092","南電永豐27購01","0.00","","8046","南電","302.50","－","認購","美式","111年12月06日","111年12月06日","112年07月03日","112年07月05日","0.049","    429.75","","",
="031093","新光金兆豐28購01","0.00","","2888","新光金","8.63","＋","認購","美式","111年12月06日","111年12月06日","112年08月03日","112年08月07日","1.00","    9.60","","",
="031094","聯發科台新26購01","0.00","","2454","聯發科","738.00","＋","認購","歐式","111年12月06日","112年06月05日","112年06月01日","112年06月05日","0.015","    775.95","","",
="031095","晶華元富26購01","0.00","","2707","晶華","288.00","＋","認購","美式","111年12月06日","111年12月06日","112年06月01日","112年06月05日","0.059","    300.00","","",
="031096","美食元富26購01","0.00","","2723","美食-KY","152.50","－","認購","美式","111年12月06日","111年12月06日","112年06月01日","112年06月05日","0.10","    140.00","","",
="031097","國泰金元富26購01","0.00","","2882","國泰金","44.75","＋","認購","美式","111年12月06日","111年12月06日","112年06月01日","112年06月05日","1.016","    49.23","","",
="031098","日月光元富29購01","1.18","－","3711","日月光投控","109.00","－","認購","美式","111年12月06日","111年12月06日","112年09月01日","112年09月05日","0.15","    115.00","","",
="031099","晶碩元富26購01","0.00","","6491","晶碩","366.50","＋","認購","美式","111年12月06日","111年12月06日","112年06月01日","112年06月05日","0.031","    450.00","","",
="03109U","台塑國票26售02","0.00","","1301","台塑","93.30","－","認售","歐式","111年12月27日","112年06月26日","112年06月20日","112年06月26日","0.20","    80.00","","",
="031100","裕隆麥證26購01","0.06","","2201","裕隆","82.80","＋","認購","歐式","111年12月06日","112年06月05日","112年06月01日","112年06月05日","0.20","    95.00","","",
="031101","晶心科麥證27購01","0.15","＋","6533","晶心科","511.00","＋","認購","歐式","111年12月06日","112年07月05日","112年07月03日","112年07月05日","0.02","    666.00","","",
="031102","國巨群益26購01","0.00","","2327","國巨","508.00","＋","認購","美式","111年12月06日","111年12月06日","112年06月01日","112年06月05日","0.08","    650.00","","",
="031103","台亞群益26購01","0.00","","2340","台亞","36.30","＋","認購","美式","111年12月06日","111年12月06日","112年06月01日","112年06月05日","0.80","    50.00","","",
="031104","義隆群益26購02","0.00","","2458","義隆","104.00","＋","認購","美式","111年12月06日","111年12月06日","112年06月01日","112年06月05日","0.412","    124.17","","",
="031105","宏達電群益28購03","0.35","","2498","宏達電","61.50","＋","認購","美式","111年12月06日","111年12月06日","112年08月03日","112年08月07日","0.30","    80.00","","",
="031106","潤泰全群益26購01","0.00","","2915","潤泰全","56.40","＋","認購","美式","111年12月06日","111年12月06日","112年06月01日","112年06月05日","0.40","    83.00","","",
="031107","大立光群益26購02","0.00","","3008","大立光","2,305.00","＋","認購","美式","111年12月06日","111年12月06日","112年06月01日","112年06月05日","0.01","    2,634.59","","",
="031108","欣興群益26購02","0.00","","3037","欣興","182.50","－","認購","美式","111年12月06日","111年12月06日","112年06月01日","112年06月05日","0.12","    210.00","","",
="031109","景碩群益26購02","0.00","","3189","景碩","116.00","＋","認購","美式","111年12月06日","111年12月06日","112年06月01日","112年06月05日","0.10","    170.00","","",
="03110U","南亞國票27售01","0.00","","1303","南亞","78.40","－","認售","歐式","111年12月27日","112年07月26日","112年07月24日","112年07月26日","0.25","    65.00","","",
="031110","創意群益26購03","9.60","","3443","創意","1,515.00","＋","認購","美式","111年12月06日","111年12月06日","112年06月01日","112年06月05日","0.017","    911.00","","",
="031111","健策群益26購02","6.05","＋","3653","健策","616.00","＋","認購","美式","111年12月06日","111年12月06日","112年06月01日","112年06月05日","0.08","    550.00","","",
="031112","材料群益26購01","0.00","","4763","材料-KY","550.00","－","認購","美式","111年12月06日","111年12月06日","112年06月01日","112年06月05日","0.102","    195.52","","",
="031113","祥碩群益26購03","5.20","＋","5269","祥碩","1,300.00","＋","認購","美式","111年12月06日","111年12月06日","112年06月01日","112年06月05日","0.015","    930.00","","",
="031114","祥碩群益28購01","5.70","","5269","祥碩","1,300.00","＋","認購","美式","111年12月06日","111年12月06日","112年08月03日","112年08月07日","0.025","    1,155.00","","",
="031115","中磊群益26購02","0.00","","5388","中磊","93.30","＋","認購","美式","111年12月06日","111年12月06日","112年06月01日","112年06月05日","0.21","    103.68","","",
="031116","愛普群益26購05","3.84","＋","6531","愛普*","328.50","＋","認購","美式","111年12月06日","111年12月06日","112年06月01日","112年06月05日","0.11","    295.00","","",
="031117","緯穎群益26購01","0.70","－","6669","緯穎","1,205.00","＋","認購","美式","111年12月06日","111年12月06日","112年06月01日","112年06月05日","0.04","    1,270.00","","",
="031118","嘉基群益27購01","0.00","","6715","嘉基","145.50","＋","認購","美式","111年12月06日","111年12月06日","112年07月03日","112年07月05日","0.06","    170.00","","",
="031119","南電群益28購03","0.37","－","8046","南電","302.50","－","認購","美式","111年12月06日","111年12月06日","112年08月03日","112年08月07日","0.08","    420.00","","",
="03111U","東陽國票27售01","0.00","","1319","東陽","49.90","＋","認售","歐式","111年12月27日","112年07月26日","112年07月24日","112年07月26日","0.30","    35.00","","",
="031120","台泥凱基2C購01","1.16","＋","1101","台泥","38.15","＋","認購","美式","111年12月06日","111年12月06日","112年12月01日","112年12月05日","1.00","    50.00","","",
="031121","華新凱基2C購02","1.34","","1605","華新","46.60","＋","認購","美式","111年12月06日","111年12月06日","112年12月01日","112年12月05日","0.25","    56.00","","",
="031122","永光凱基28購01","0.56","＋","1711","永光","20.20","＋","認購","美式","111年12月06日","111年12月06日","112年08月03日","112年08月07日","0.70","    24.00","","",
="031123","裕隆凱基33購01","0.00","","2201","裕隆","82.80","＋","認購","美式","111年12月06日","111年12月06日","113年03月01日","113年03月05日","0.12","    100.00","","",
="031124","裕隆凱基33購02","1.72","－","2201","裕隆","82.80","＋","認購","美式","111年12月06日","111年12月06日","113年03月01日","113年03月05日","0.10","    88.00","","",
="031125","裕隆凱基33購03","0.00","","2201","裕隆","82.80","＋","認購","美式","111年12月06日","111年12月06日","113年03月01日","113年03月05日","0.08","    77.00","","",
="031126","裕隆凱基33購04","0.00","","2201","裕隆","82.80","＋","認購","美式","111年12月06日","111年12月06日","113年03月01日","113年03月05日","0.10","    66.00","","",
="031127","台積電凱基27購21","0.00","","2330","台積電","568.00","＋","認購","美式","111年12月06日","111年12月06日","112年07月03日","112年07月05日","0.102","    682.36","","",
="031128","台積電凱基2C購09","0.00","","2330","台積電","568.00","＋","認購","美式","111年12月06日","111年12月06日","112年12月01日","112年12月05日","0.035","    529.08","","",
="031129","台積電凱基33購02","0.00","","2330","台積電","568.00","＋","認購","美式","111年12月06日","111年12月06日","113年03月01日","113年03月05日","0.05","    627.97","","",
="03112U","儒鴻國票26售02","0.00","","1476","儒鴻","470.00","＋","認售","歐式","111年12月27日","112年06月26日","112年06月20日","112年06月26日","0.03","    400.00","","",
="031130","台積電凱基33購03","2.62","＋","2330","台積電","568.00","＋","認購","美式","111年12月06日","111年12月06日","113年03月01日","113年03月05日","0.025","    509.29","","",
="031131","強茂凱基26購01","0.00","","2481","強茂","70.20","＋","認購","美式","111年12月06日","111年12月06日","112年06月01日","112年06月05日","0.40","    80.00","","",
="031132","宏達電凱基26購07","0.00","","2498","宏達電","61.50","＋","認購","美式","111年12月06日","111年12月06日","112年06月01日","112年06月05日","0.35","    82.00","","",
="031133","晶華凱基26購02","0.00","","2707","晶華","288.00","＋","認購","美式","111年12月06日","111年12月06日","112年06月01日","112年06月05日","0.08","    320.00","","",
="031134","美食凱基2A購01","0.67","－","2723","美食-KY","152.50","－","認購","美式","111年12月06日","111年12月06日","112年10月03日","112年10月05日","0.07","    190.00","","",
="031135","奇鋐凱基26購01","0.00","","3017","奇鋐","206.00","－","認購","美式","111年12月06日","111年12月06日","112年06月01日","112年06月05日","0.121","    138.39","","",
="031136","貿聯凱基27購01","0.00","","3665","貿聯-KY","270.50","＋","認購","美式","111年12月06日","111年12月06日","112年07月03日","112年07月05日","0.085","    318.74","","",
="031137","智伸科凱基28購01","0.00","","4551","智伸科","129.00","－","認購","美式","111年12月06日","111年12月06日","112年08月03日","112年08月07日","0.04","    200.00","","",
="031138","天鈺凱基27購02","0.00","","4961","天鈺","154.00","＋","認購","美式","111年12月06日","111年12月06日","112年07月03日","112年07月05日","0.10","    150.00","","",
="031139","晶心科凱基28購01","0.38","","6533","晶心科","511.00","＋","認購","美式","111年12月06日","111年12月06日","112年08月03日","112年08月07日","0.025","    700.00","","",
="03113U","和大國票26售01","0.00","","1536","和大","71.40","＋","認售","歐式","111年12月27日","112年06月26日","112年06月20日","112年06月26日","0.15","    60.00","","",
="031140","富鼎凱基2A購01","0.00","","8261","富鼎","106.50","＋","認購","美式","111年12月06日","111年12月06日","112年10月03日","112年10月05日","0.081","    170.00","","",
="031141","台灣50元大29購03","0.00","",="0050","元大台灣50","126.75","＋","認購","美式","111年12月06日","111年12月06日","112年09月01日","112年09月05日","0.716","    156.48","","",
="031142","台灣50元大29購04","0.00","",="0050","元大台灣50","126.75","＋","認購","美式","111年12月06日","111年12月06日","112年09月01日","112年09月05日","0.614","    144.74","","",
="031143","台灣50元大29購05","1.94","＋",="0050","元大台灣50","126.75","＋","認購","美式","111年12月06日","111年12月06日","112年09月01日","112年09月05日","0.205","    121.27","","",
="031144","台灣50元大2A購01","1.15","",="0050","元大台灣50","126.75","＋","認購","美式","111年12月06日","111年12月06日","112年10月03日","112年10月05日","0.614","    148.65","","",
="031145","台灣50元大2A購02","0.00","",="0050","元大台灣50","126.75","＋","認購","美式","111年12月06日","111年12月06日","112年10月03日","112年10月05日","0.307","    131.05","","",
="031146","T50反1元大29購06","0.13","－",="00632R","元大台灣50反1","4.94","－","認購","美式","111年12月06日","111年12月06日","112年09月01日","112年09月05日","1.00","    5.30","","",
="031147","T50反1元大2A購05","0.14","－",="00632R","元大台灣50反1","4.94","－","認購","美式","111年12月06日","111年12月06日","112年10月03日","112年10月05日","1.00","    5.40","","",
="031148","上証2X元大28購01","0.32","－",="00633L","富邦上証正2","35.01","－","認購","美式","111年12月06日","111年12月06日","112年08月03日","112年08月07日","0.25","    41.00","","",
="031149","香港反元大29購01","0.00","",="00651R","FH香港反1","8.90","－","認購","美式","111年12月06日","111年12月06日","112年09月01日","112年09月05日","0.50","    9.00","","",
="03114U","聯電國票27售03","0.00","","2303","聯電","51.20","＋","認售","歐式","111年12月27日","112年07月26日","112年07月24日","112年07月26日","0.75","    35.00","","",
="031150","臺指反元大2B購01","0.00","",="00664R","國泰臺灣加權反1","5.58","－","認購","美式","111年12月06日","111年12月06日","112年11月02日","112年11月06日","1.00","    6.30","","",
="031151","道瓊銀元大27購01","0.00","",="00738U","期元大道瓊白銀(原名：元大道瓊白銀)","22.79","＋","認購","美式","111年12月06日","111年12月06日","112年07月03日","112年07月05日","0.60","    24.00","","",
="031152","中502X元大27購01","0.00","",="00753L","中信中國50正2","8.81","","認購","美式","111年12月06日","111年12月06日","112年07月03日","112年07月05日","0.60","    13.00","","",
="031153","中502X元大27購02","0.00","",="00753L","中信中國50正2","8.81","","認購","美式","111年12月06日","111年12月06日","112年07月03日","112年07月05日","0.50","    11.00","","",
="031154","中砂元大29購01","0.57","－","1560","中砂","114.50","－","認購","美式","111年12月06日","111年12月06日","112年09月01日","112年09月05日","0.075","    143.00","","",
="031155","華新元大26購05","0.00","","1605","華新","46.60","＋","認購","美式","111年12月06日","111年12月06日","112年06月01日","112年06月05日","0.344","    56.30","","",
="031156","華新元大2C購02","0.00","","1605","華新","46.60","＋","認購","美式","111年12月06日","111年12月06日","112年12月01日","112年12月05日","0.298","    69.00","","",
="031157","裕隆元大28購02","0.00","","2201","裕隆","82.80","＋","認購","美式","111年12月06日","111年12月06日","112年08月03日","112年08月07日","0.10","    70.00","","",
="031158","裕隆元大29購03","0.00","","2201","裕隆","82.80","＋","認購","美式","111年12月06日","111年12月06日","112年09月01日","112年09月05日","0.10","    75.00","","",
="031159","鴻海元大26購04","0.00","","2317","鴻海","105.50","＋","認購","美式","111年12月06日","111年12月06日","112年06月01日","112年06月05日","0.30","    119.00","","",
="03115U","聯電國票2A售01","0.00","","2303","聯電","51.20","＋","認售","歐式","111年12月27日","112年10月26日","112年10月24日","112年10月26日","1.00","    24.00","","",
="031160","宏達電元大26購03","0.00","","2498","宏達電","61.50","＋","認購","美式","111年12月06日","111年12月06日","112年06月01日","112年06月05日","0.382","    81.80","","",
="031161","萬海元大26購04","0.00","","2615","萬海","60.00","＋","認購","美式","111年12月06日","111年12月06日","112年06月01日","112年06月05日","0.352","    105.00","","",
="031162","萬海元大26購05","0.00","","2615","萬海","60.00","＋","認購","美式","111年12月06日","111年12月06日","112年06月01日","112年06月05日","0.293","    99.50","","",
="031163","美食元大26購01","0.00","","2723","美食-KY","152.50","－","認購","美式","111年12月06日","111年12月06日","112年06月01日","112年06月05日","0.073","    150.00","","",
="031164","美食元大26購02","0.00","","2723","美食-KY","152.50","－","認購","美式","111年12月06日","111年12月06日","112年06月01日","112年06月05日","0.061","    135.00","","",
="031165","王品元大26購01","0.00","","2727","王品","320.00","－","認購","美式","111年12月06日","111年12月06日","112年06月01日","112年06月05日","0.05","    170.00","","",
="031166","揚明光元大26購02","0.00","","3504","揚明光","81.70","＋","認購","美式","111年12月06日","111年12月06日","112年06月01日","112年06月05日","0.05","    105.00","","",
="031167","世芯元大26購06","0.00","","3661","世芯-KY","1,660.00","＋","認購","美式","111年12月06日","111年12月06日","112年06月01日","112年06月05日","0.014","    1,185.00","","",
="031168","貿聯元大26購01","0.00","","3665","貿聯-KY","270.50","＋","認購","美式","111年12月06日","111年12月06日","112年06月01日","112年06月05日","0.077","    300.32","","",
="031169","貿聯元大26購02","0.00","","3665","貿聯-KY","270.50","＋","認購","美式","111年12月06日","111年12月06日","112年06月01日","112年06月05日","0.048","    253.50","","",
="03116U","玉晶光國票27售04","0.00","","3406","玉晶光","400.00","＋","認售","歐式","111年12月27日","112年07月26日","112年07月24日","112年07月26日","0.06","    280.00","","",
="031170","貿聯元大2A購01","0.90","＋","3665","貿聯-KY","270.50","＋","認購","美式","111年12月06日","111年12月06日","112年10月03日","112年10月05日","0.073","    355.10","","",
="031171","四維航元大26購01","0.00","","5608","四維航","23.10","＋","認購","美式","111年12月06日","111年12月06日","112年06月01日","112年06月05日","0.612","    31.80","","",
="031172","晶心科元大26購02","0.00","","6533","晶心科","511.00","＋","認購","美式","111年12月06日","111年12月06日","112年06月01日","112年06月05日","0.024","    729.00","","",
="031173","AES元大26購03","0.00","","6781","AES-KY","690.00","＋","認購","美式","111年12月06日","111年12月06日","112年06月01日","112年06月05日","0.017","    1,150.00","","",
="031174","AES元大26購04","0.00","","6781","AES-KY","690.00","＋","認購","美式","111年12月06日","111年12月06日","112年06月01日","112年06月05日","0.012","    1,000.00","","",
="031175","AES元大2A購01","0.34","＋","6781","AES-KY","690.00","＋","認購","美式","111年12月06日","111年12月06日","112年10月03日","112年10月05日","0.013","    1,250.00","","",
="031176","華新中信28購02","0.00","","1605","華新","46.60","＋","認購","歐式","111年12月06日","112年08月07日","112年08月03日","112年08月07日","0.10","    60.00","","",
="031177","裕隆中信26購01","0.01","","2201","裕隆","82.80","＋","認購","歐式","111年12月06日","112年06月05日","112年06月01日","112年06月05日","0.15","    100.00","","",
="031178","旺宏中信26購02","0.00","","2337","旺宏","33.40","＋","認購","歐式","111年12月06日","112年06月05日","112年06月01日","112年06月05日","0.30","    40.00","","",
="031179","華邦電中信27購01","0.29","＋","2344","華邦電","26.90","＋","認購","歐式","111年12月06日","112年07月05日","112年07月03日","112年07月05日","1.00","    32.00","","",
="03117U","臺股指國票27售08","0.10","＋","IX0001","臺股指數","16,636.30","","認售","歐式","111年12月27日","112年07月26日","112年07月24日","112年07月26日","0.005","    11,600.00","","",
="031180","台新金中信28購01","1.31","－","2887","台新金","18.40","＋","認購","歐式","111年12月06日","112年08月07日","112年08月03日","112年08月07日","1.00","    18.00","","",
="031181","嘉晶中信26購01","0.00","","3016","嘉晶","65.10","＋","認購","歐式","111年12月06日","112年06月05日","112年06月01日","112年06月05日","0.45","    120.00","","",
="031182","欣興中信28購01","0.63","－","3037","欣興","182.50","－","認購","歐式","111年12月06日","112年08月07日","112年08月03日","112年08月07日","0.08","    226.00","","",
="031183","創意中信26購01","5.45","＋","3443","創意","1,515.00","＋","認購","歐式","111年12月06日","112年06月05日","112年06月01日","112年06月05日","0.01","    920.00","","",
="031184","力積電中信27購01","0.00","","6770","力積電","30.85","＋","認購","歐式","111年12月06日","112年07月05日","112年07月03日","112年07月05日","1.009","    49.56","","",
="031185","華新國泰28購01","0.58","","1605","華新","46.60","＋","認購","美式","111年12月06日","111年12月06日","112年08月03日","112年08月07日","0.35","    56.00","","",
="031186","台積電國泰28購01","2.40","－","2330","台積電","568.00","＋","認購","美式","111年12月06日","111年12月06日","112年08月03日","112年08月07日","0.162","    623.02","","",
="031187","威盛國泰28購01","1.16","＋","2388","威盛","83.10","＋","認購","美式","111年12月06日","111年12月06日","112年08月03日","112年08月07日","0.20","    94.00","","",
="031188","晶心科國泰28購01","0.00","","6533","晶心科","511.00","＋","認購","美式","111年12月06日","111年12月06日","112年08月03日","112年08月07日","0.015","    666.00","","",
="031189","晶心科國泰28購02","0.24","","6533","晶心科","511.00","＋","認購","美式","111年12月06日","111年12月06日","112年08月03日","112年08月07日","0.02","    720.00","","",
="03118U","臺股指國票28售06","0.00","","IX0001","臺股指數","16,636.30","","認售","歐式","111年12月27日","112年08月28日","112年08月24日","112年08月28日","0.002","    13,100.00","","",
="031190","滬深2X富邦28購01","0.17","",="00637L","元大滬深300正2","13.77","－","認購","美式","111年12月06日","111年12月06日","112年08月03日","112年08月07日","1.00","    18.00","","",
="031191","元石油富邦27購01","0.10","",="00642U","期元大S&P石油(原名：元大S&P石油)","15.46","＋","認購","美式","111年12月06日","111年12月06日","112年07月03日","112年07月05日","0.30","    17.50","","",
="031192","SGBR2X富邦28購01","0.16","＋",="00715L","期街口布蘭特正2","12.73","＋","認購","美式","111年12月06日","111年12月06日","112年08月03日","112年08月07日","0.20","    17.00","","",
="031193","東陽富邦26購01","0.00","","1319","東陽","49.90","＋","認購","美式","111年12月06日","111年12月06日","112年06月01日","112年06月05日","0.30","    60.00","","",
="031194","華新富邦26購02","0.00","","1605","華新","46.60","＋","認購","美式","111年12月06日","111年12月06日","112年06月01日","112年06月05日","0.20","    60.00","","",
="031195","允強富邦26購01","0.00","","2034","允強","28.65","－","認購","美式","111年12月06日","111年12月06日","112年06月01日","112年06月05日","0.60","    35.00","","",
="031196","致茂富邦27購01","0.48","＋","2360","致茂","226.50","＋","認購","美式","111年12月06日","111年12月06日","112年07月03日","112年07月05日","0.05","    250.00","","",
="031197","長榮富邦27購03","0.00","","2603","長榮","157.00","＋","認購","美式","111年12月06日","111年12月06日","112年07月03日","112年07月05日","0.085","    240.00","","",
="031198","長榮富邦2A購01","0.62","＋","2603","長榮","157.00","＋","認購","美式","111年12月06日","111年12月06日","112年10月03日","112年10月05日","0.032","    160.00","","",
="031199","群創富邦28購01","0.82","＋","3481","群創","14.10","＋","認購","美式","111年12月06日","111年12月06日","112年08月03日","112年08月07日","0.40","    12.50","","",
="03119U","臺股指國票28售07","0.00","","IX0001","臺股指數","16,636.30","","認售","歐式","111年12月27日","112年08月28日","112年08月24日","112年08月28日","0.003","    12,700.00","","",
="031200","台勝科富邦26購01","0.00","","3532","台勝科","157.00","＋","認購","美式","111年12月06日","111年12月06日","112年06月01日","112年06月05日","0.06","    180.00","","",
="031201","富采富邦27購01","0.00","","3714","富采","49.90","＋","認購","美式","111年12月06日","111年12月06日","112年07月03日","112年07月05日","0.50","    65.00","","",
="031202","台郡富邦27購01","0.00","","6269","台郡","99.00","＋","認購","美式","111年12月06日","111年12月06日","112年07月03日","112年07月05日","0.10","    120.00","","",
="031203","康舒富邦28購01","0.00","","6282","康舒","44.05","＋","認購","美式","111年12月06日","111年12月06日","112年08月03日","112年08月07日","0.20","    30.00","","",
="031204","力積電富邦28購01","0.00","","6770","力積電","30.85","＋","認購","美式","111年12月06日","111年12月06日","112年08月03日","112年08月07日","0.706","    49.56","","",
="031205","裕民康和26購01","0.00","","2606","裕民","49.75","＋","認購","美式","111年12月07日","111年12月07日","112年06月02日","112年06月06日","0.23","    55.00","","",
="031206","漢翔康和26購01","0.00","","2634","漢翔","55.80","＋","認購","美式","111年12月07日","111年12月07日","112年06月02日","112年06月06日","0.30","    40.00","","",
="031207","日月光康和28購01","0.63","＋","3711","日月光投控","109.00","－","認購","美式","111年12月07日","111年12月07日","112年08月03日","112年08月07日","0.12","    120.00","","",
="031208","祥碩康和26購01","4.98","＋","5269","祥碩","1,300.00","＋","認購","美式","111年12月07日","111年12月07日","112年06月02日","112年06月06日","0.015","    950.00","","",
="031209","南電康和26購03","0.00","","8046","南電","302.50","－","認購","美式","111年12月07日","111年12月07日","112年06月02日","112年06月06日","0.035","    344.00","","",
="03120U","臺股指國票29售04","0.00","","IX0001","臺股指數","16,636.30","","認售","歐式","111年12月27日","112年09月26日","112年09月22日","112年09月26日","0.001","    14,100.00","","",
="031210","T50正2國票2A購01","2.50","＋",="00631L","元大台灣50正2","129.10","＋","認購","美式","111年12月07日","111年12月07日","112年10月04日","112年10月06日","0.111","    115.00","","",
="031211","技嘉國票27購01","6.05","＋","2376","技嘉","186.00","＋","認購","美式","111年12月07日","111年12月07日","112年07月04日","112年07月06日","0.10","    130.00","","",
="031212","可成國票26購01","0.48","","2474","可成","189.00","＋","認購","美式","111年12月07日","111年12月07日","112年06月02日","112年06月06日","0.08","    185.00","","",
="031213","新光金國票26購01","0.00","","2888","新光金","8.63","＋","認購","美式","111年12月07日","111年12月07日","112年06月02日","112年06月06日","1.00","    9.00","","",
="031214","乙盛國票27購01","2.34","＋","5243","乙盛-KY","83.70","＋","認購","美式","111年12月07日","111年12月07日","112年07月04日","112年07月06日","0.341","    82.00","","",
="031215","晶心科國票26購05","0.00","","6533","晶心科","511.00","＋","認購","美式","111年12月07日","111年12月07日","112年06月02日","112年06月06日","0.019","    600.00","","",
="031216","華擎群益26購01","0.00","","3515","華擎","154.00","＋","認購","美式","111年12月07日","111年12月07日","112年06月02日","112年06月06日","0.08","    170.00","","",
="031217","世芯群益26購02","0.00","","3661","世芯-KY","1,660.00","＋","認購","美式","111年12月07日","111年12月07日","112年06月02日","112年06月06日","0.01","    995.00","","",
="031218","景碩台新26購01","0.00","","3189","景碩","116.00","＋","認購","歐式","111年12月07日","112年06月06日","112年06月02日","112年06月06日","0.07","    146.06","","",
="031219","華新永豐27購01","0.00","","1605","華新","46.60","＋","認購","美式","111年12月07日","111年12月07日","112年07月04日","112年07月06日","0.25","    68.15","","",
="03121U","SGBR2X凱基2A售02","0.00","",="00715L","期街口布蘭特正2","12.73","＋","認售","歐式","111年12月27日","112年10月26日","112年10月24日","112年10月26日","0.30","    13.00","","",
="031220","廣宇永豐27購01","0.00","","2328","廣宇","39.40","＋","認購","美式","111年12月07日","111年12月07日","112年07月04日","112年07月06日","0.49","    53.24","","",
="031221","宏達電永豐28購01","0.00","","2498","宏達電","61.50","＋","認購","美式","111年12月07日","111年12月07日","112年08月03日","112年08月07日","0.21","    88.65","","",
="031222","智原永豐27購02","0.30","＋","3035","智原","173.50","＋","認購","美式","111年12月07日","111年12月07日","112年07月04日","112年07月06日","0.037","    190.00","","",
="031223","緯穎永豐26購01","1.07","＋","6669","緯穎","1,205.00","＋","認購","美式","111年12月07日","111年12月07日","112年06月02日","112年06月06日","0.02","    1,212.30","","",
="031224","威鋒電永豐28購01","0.23","","6756","威鋒電子","223.00","＋","認購","美式","111年12月07日","111年12月07日","112年08月03日","112年08月07日","0.024","    279.72","","",
="031225","統一實永豐26購01","0.00","","9907","統一實","19.45","","認購","美式","111年12月07日","111年12月07日","112年06月02日","112年06月06日","1.00","    23.50","","",
="031226","T50正2元大2A購01","1.74","＋",="00631L","元大台灣50正2","129.10","＋","認購","美式","111年12月07日","111年12月07日","112年10月04日","112年10月06日","0.15","    145.00","","",
="031227","國企2X元大26購01","0.00","",="00665L","富邦恒生國企正2","7.02","－","認購","美式","111年12月07日","111年12月07日","112年06月02日","112年06月06日","1.00","    9.00","","",
="031228","國企2X元大26購02","0.00","",="00665L","富邦恒生國企正2","7.02","－","認購","美式","111年12月07日","111年12月07日","112年06月02日","112年06月06日","0.70","    8.00","","",
="031229","中興電元大26購02","13.30","","1513","中興電","113.50","＋","認購","美式","111年12月07日","111年12月07日","112年06月02日","112年06月06日","0.432","    83.70","","",
="03122U","儒鴻元富26售02","0.00","","1476","儒鴻","470.00","＋","認售","歐式","111年12月27日","112年06月26日","112年06月20日","112年06月26日","0.045","    450.00","","",
="031230","裕隆元大29購04","0.00","","2201","裕隆","82.80","＋","認購","美式","111年12月07日","111年12月07日","112年09月04日","112年09月06日","0.063","    77.50","","",
="031231","偉詮電元大26購01","0.00","","2436","偉詮電","51.60","＋","認購","美式","111年12月07日","111年12月07日","112年06月02日","112年06月06日","0.188","    50.60","","",
="031232","宏達電元大26購04","0.00","","2498","宏達電","61.50","＋","認購","美式","111年12月07日","111年12月07日","112年06月02日","112年06月06日","0.36","    80.20","","",
="031233","陽明元大26購04","0.00","","2609","陽明","62.00","＋","認購","美式","111年12月07日","111年12月07日","112年06月02日","112年06月06日","0.426","    83.60","","",
="031234","慧洋元大26購02","0.00","","2637","慧洋-KY","60.30","＋","認購","美式","111年12月07日","111年12月07日","112年06月02日","112年06月06日","0.453","    76.02","","",
="031235","晶華元大26購01","0.00","","2707","晶華","288.00","＋","認購","美式","111年12月07日","111年12月07日","112年06月02日","112年06月06日","0.084","    335.00","","",
="031236","晶華元大26購02","0.00","","2707","晶華","288.00","＋","認購","美式","111年12月07日","111年12月07日","112年06月02日","112年06月06日","0.069","    310.00","","",
="031237","晶華元大2A購01","1.23","＋","2707","晶華","288.00","＋","認購","美式","111年12月07日","111年12月07日","112年10月04日","112年10月06日","0.068","    385.00","","",
="031238","開發金元大29購01","0.10","","2883","開發金","12.80","－","認購","美式","111年12月07日","111年12月07日","112年09月04日","112年09月06日","1.00","    16.75","","",
="031239","智原元大26購04","0.00","","3035","智原","173.50","＋","認購","美式","111年12月07日","111年12月07日","112年06月02日","112年06月06日","0.123","    264.50","","",
="03123U","大成鋼元富26售05","0.00","","2027","大成鋼","45.25","＋","認售","歐式","111年12月27日","112年06月26日","112年06月20日","112年06月26日","0.70","    35.00","","",
="031240","智原元大26購05","0.00","","3035","智原","173.50","＋","認購","美式","111年12月07日","111年12月07日","112年06月02日","112年06月06日","0.10","    257.50","","",
="031241","景碩元大26購02","0.00","","3189","景碩","116.00","＋","認購","美式","111年12月07日","111年12月07日","112年06月02日","112年06月06日","0.188","    197.50","","",
="031242","揚明光元大26購03","0.00","","3504","揚明光","81.70","＋","認購","美式","111年12月07日","111年12月07日","112年06月02日","112年06月06日","0.069","    95.00","","",
="031243","世芯元大26購07","0.00","","3661","世芯-KY","1,660.00","＋","認購","美式","111年12月07日","111年12月07日","112年06月02日","112年06月06日","0.01","    988.00","","",
="031244","致伸元大26購01","0.00","","4915","致伸","64.40","＋","認購","美式","111年12月07日","111年12月07日","112年06月02日","112年06月06日","0.583","    80.00","","",
="031245","立積元大26購01","0.00","","4968","立積","170.00","＋","認購","美式","111年12月07日","111年12月07日","112年06月02日","112年06月06日","0.037","    135.00","","",
="031246","中磊元大26購02","0.00","","5388","中磊","93.30","＋","認購","美式","111年12月07日","111年12月07日","112年06月02日","112年06月06日","0.147","    82.75","","",
="031247","啟碁元大26購01","0.00","","6285","啟碁","87.50","＋","認購","美式","111年12月07日","111年12月07日","112年06月02日","112年06月06日","0.411","    138.00","","",
="031248","富鼎元大26購02","0.00","","8261","富鼎","106.50","＋","認購","美式","111年12月07日","111年12月07日","112年06月02日","112年06月06日","0.048","    135.00","","",
="031249","世紀鋼元大29購01","1.69","＋","9958","世紀鋼","109.50","＋","認購","美式","111年12月07日","111年12月07日","112年09月04日","112年09月06日","0.284","    133.00","","",
="03124U","大成鋼元富26售06","0.00","","2027","大成鋼","45.25","＋","認售","歐式","111年12月27日","112年06月26日","112年06月20日","112年06月26日","0.50","    40.00","","",
="031250","亞泥凱基26購01","0.00","","1102","亞泥","43.85","－","認購","美式","111年12月07日","111年12月07日","112年06月02日","112年06月06日","1.00","    50.00","","",
="031251","中興電凱基2A購01","0.00","","1513","中興電","113.50","＋","認購","美式","111年12月07日","111年12月07日","112年10月04日","112年10月06日","0.242","    95.00","","",
="031252","新光鋼凱基26購01","0.00","","2031","新光鋼","48.80","－","認購","美式","111年12月07日","111年12月07日","112年06月02日","112年06月06日","0.80","    50.00","","",
="031253","台積電凱基2B購03","1.52","＋","2330","台積電","568.00","＋","認購","美式","111年12月07日","111年12月07日","112年11月02日","112年11月06日","0.05","    647.75","","",
="031254","台積電凱基33購04","2.88","＋","2330","台積電","568.00","＋","認購","美式","111年12月07日","111年12月07日","113年03月04日","113年03月06日","0.06","    697.20","","",
="031255","台積電凱基3C購01","3.02","＋","2330","台積電","568.00","＋","認購","美式","111年12月07日","111年12月07日","113年12月04日","113年12月06日","0.025","    578.52","","",
="031256","台積電凱基3C購02","2.67","＋","2330","台積電","568.00","＋","認購","美式","111年12月07日","111年12月07日","113年12月04日","113年12月06日","0.03","    677.41","","",
="031257","晶華凱基2A購01","0.00","","2707","晶華","288.00","＋","認購","美式","111年12月07日","111年12月07日","112年10月04日","112年10月06日","0.04","    380.00","","",
="031258","康普凱基26購01","0.00","","4739","康普","88.80","＋","認購","美式","111年12月07日","111年12月07日","112年06月02日","112年06月06日","0.10","    130.00","","",
="031259","四維航凱基27購01","0.00","","5608","四維航","23.10","＋","認購","美式","111年12月07日","111年12月07日","112年07月04日","112年07月06日","1.00","    37.00","","",
="03125U","新光鋼元富26售03","0.00","","2031","新光鋼","48.80","－","認售","歐式","111年12月27日","112年06月26日","112年06月20日","112年06月26日","0.50","    38.00","","",
="031260","啟碁凱基2C購01","0.45","＋","6285","啟碁","87.50","＋","認購","美式","111年12月07日","111年12月07日","112年12月04日","112年12月06日","0.161","    130.00","","",
="031261","裕隆元富29購01","0.00","","2201","裕隆","82.80","＋","認購","美式","111年12月07日","111年12月07日","112年09月04日","112年09月06日","0.23","    98.85","","",
="031262","鴻海麥證26購02","0.00","","2317","鴻海","105.50","＋","認購","歐式","111年12月07日","112年06月06日","112年06月02日","112年06月06日","0.11","    103.00","","",
="031263","台積電麥證26購09","0.00","","2330","台積電","568.00","＋","認購","歐式","111年12月07日","112年06月06日","112年06月02日","112年06月06日","0.304","    716.97","","",
="031264","致茂麥證26購01","0.15","","2360","致茂","226.50","＋","認購","歐式","111年12月07日","112年06月06日","112年06月02日","112年06月06日","0.12","    250.00","","",
="031265","可成麥證26購01","0.00","","2474","可成","189.00","＋","認購","歐式","111年12月07日","112年06月06日","112年06月02日","112年06月06日","0.50","    240.00","","",
="031266","美食麥證28購01","0.58","－","2723","美食-KY","152.50","－","認購","歐式","111年12月07日","112年08月07日","112年08月03日","112年08月07日","0.10","    180.00","","",
="031267","神基麥證26購01","0.00","","3005","神基","69.40","＋","認購","歐式","111年12月07日","112年06月06日","112年06月02日","112年06月06日","0.537","    44.73","","",
="031268","和碩麥證26購01","0.00","","4938","和碩","74.70","＋","認購","歐式","111年12月07日","112年06月06日","112年06月02日","112年06月06日","0.30","    66.00","","",
="031269","臺股指麥證2A購06","0.26","＋","IX0001","臺股指數","16,636.30","","認購","歐式","111年12月07日","112年10月06日","112年10月04日","112年10月06日","0.012","    21,000.00","","",
="03126P","創意元大26售02","0.00","","3443","創意","1,515.00","＋","認售","歐式","111年10月18日","112年06月19日","112年06月15日","112年06月19日","0.015","    411.50","","",
="03126U","美食元富26售03","0.16","","2723","美食-KY","152.50","－","認售","歐式","111年12月27日","112年06月26日","112年06月20日","112年06月26日","0.10","    120.00","","",
="031270","中砂中信27購01","0.00","","1560","中砂","114.50","－","認購","歐式","111年12月07日","112年07月06日","112年07月04日","112年07月06日","0.037","    120.00","","",
="031271","晶豪科中信28購01","0.81","＋","3006","晶豪科","88.20","＋","認購","歐式","111年12月07日","112年08月07日","112年08月03日","112年08月07日","0.10","    92.00","","",
="031272","智原中信26購02","0.02","","3035","智原","173.50","＋","認購","歐式","111年12月07日","112年06月06日","112年06月02日","112年06月06日","0.04","    202.00","","",
="031273","康普中信26購01","0.00","","4739","康普","88.80","＋","認購","歐式","111年12月07日","112年06月06日","112年06月02日","112年06月06日","0.33","    150.00","","",
="031274","台灣50國泰28購01","0.00","",="0050","元大台灣50","126.75","＋","認購","美式","111年12月07日","111年12月07日","112年08月03日","112年08月07日","0.307","    125.18","","",
="031275","中興電國泰28購01","0.00","","1513","中興電","113.50","＋","認購","美式","111年12月07日","111年12月07日","112年08月03日","112年08月07日","0.40","    77.00","","",
="031276","國巨國泰28購01","0.00","","2327","國巨","508.00","＋","認購","美式","111年12月07日","111年12月07日","112年08月03日","112年08月07日","0.05","    585.00","","",
="031277","國巨國泰28購02","0.00","","2327","國巨","508.00","＋","認購","美式","111年12月07日","111年12月07日","112年08月03日","112年08月07日","0.05","    605.00","","",
="031278","飛宏國泰27購01","0.00","","2457","飛宏","76.40","＋","認購","美式","111年12月07日","111年12月07日","112年07月04日","112年07月06日","0.35","    50.00","","",
="031279","萬海國泰28購01","0.00","","2615","萬海","60.00","＋","認購","美式","111年12月07日","111年12月07日","112年08月03日","112年08月07日","0.20","    91.00","","",
="03127U","欣興元富26售03","0.00","","3037","欣興","182.50","－","認售","歐式","111年12月27日","112年06月26日","112年06月20日","112年06月26日","0.20","    105.00","","",
="031280","健策國泰28購02","4.30","＋","3653","健策","616.00","＋","認購","美式","111年12月07日","111年12月07日","112年08月03日","112年08月07日","0.03","    485.00","","",
="031281","力智國泰28購01","0.36","＋","6719","力智","303.00","＋","認購","美式","111年12月07日","111年12月07日","112年08月03日","112年08月07日","0.03","    382.00","","",
="031282","臺股指國泰26購04","0.00","","IX0001","臺股指數","16,636.30","","認購","歐式","111年12月07日","112年06月06日","112年06月02日","112年06月06日","0.003","    15,888.00","","",
="031283","力麗富邦28購01","0.17","－","1444","力麗","10.50","＋","認購","美式","111年12月07日","111年12月07日","112年08月03日","112年08月07日","0.70","    13.00","","",
="031284","大成鋼富邦26購01","0.00","","2027","大成鋼","45.25","＋","認購","美式","111年12月07日","111年12月07日","112年06月02日","112年06月06日","0.65","    50.00","","",
="031285","聯電富邦2A購01","0.97","＋","2303","聯電","51.20","＋","認購","美式","111年12月07日","111年12月07日","112年10月04日","112年10月06日","0.50","    65.00","","",
="031286","國巨富邦28購01","0.00","","2327","國巨","508.00","＋","認購","美式","111年12月07日","111年12月07日","112年08月03日","112年08月07日","0.03","    600.00","","",
="031287","台積電富邦2A購04","0.97","＋","2330","台積電","568.00","＋","認購","美式","111年12月07日","111年12月07日","112年10月04日","112年10月06日","0.06","    672.47","","",
="031288","華航富邦28購01","0.73","＋","2610","華航","21.65","＋","認購","美式","111年12月07日","111年12月07日","112年08月03日","112年08月07日","0.80","    24.00","","",
="031289","智原富邦27購02","0.00","","3035","智原","173.50","＋","認購","美式","111年12月07日","111年12月07日","112年07月04日","112年07月06日","0.05","    220.00","","",
="03128U","台灣50中信27售03","0.20","－",="0050","元大台灣50","126.75","＋","認售","歐式","111年12月27日","112年07月26日","112年07月24日","112年07月26日","0.123","    115.40","","",
="031290","景碩富邦26購01","0.00","","3189","景碩","116.00","＋","認購","美式","111年12月07日","111年12月07日","112年06月02日","112年06月06日","0.10","    170.00","","",
="031291","敦泰富邦28購01","0.00","","3545","敦泰","83.70","＋","認購","美式","111年12月07日","111年12月07日","112年08月03日","112年08月07日","0.06","    65.00","","",
="031292","大聯大富邦27購01","0.00","","3702","大聯大","53.00","＋","認購","美式","111年12月07日","111年12月07日","112年07月04日","112年07月06日","0.50","    60.00","","",
="031293","南電富邦27購01","0.48","","8046","南電","302.50","－","認購","美式","111年12月07日","111年12月07日","112年07月04日","112年07月06日","0.01","    260.00","","",
="031294","T50正2群益28購01","0.00","",="00631L","元大台灣50正2","129.10","＋","認購","美式","111年12月07日","111年12月07日","112年08月03日","112年08月07日","0.60","    150.00","","",
="031295","FBNQ2X群益26購01","0.00","",="00670L","富邦NASDAQ正2","78.90","＋","認購","美式","111年12月07日","111年12月07日","112年06月02日","112年06月06日","0.28","    78.00","","",
="031296","華新群益26購03","0.00","","1605","華新","46.60","＋","認購","美式","111年12月07日","111年12月07日","112年06月02日","112年06月06日","0.50","    65.00","","",
="031297","聯電群益26購05","0.00","","2303","聯電","51.20","＋","認購","美式","111年12月07日","111年12月07日","112年06月02日","112年06月06日","0.50","    52.00","","",
="031298","宏達電群益26購05","0.00","","2498","宏達電","61.50","＋","認購","美式","111年12月07日","111年12月07日","112年06月02日","112年06月06日","0.25","    68.00","","",
="031299","智原群益26購01","0.00","","3035","智原","173.50","＋","認購","美式","111年12月07日","111年12月07日","112年06月02日","112年06月06日","0.09","    209.80","","",
="03129U","台灣50中信28售01","0.20","－",="0050","元大台灣50","126.75","＋","認售","歐式","111年12月27日","112年08月28日","112年08月24日","112年08月28日","0.153","    107.58","","",
="031300","光罩兆豐28購01","0.00","","2338","光罩","81.80","＋","認購","美式","111年12月08日","111年12月08日","112年08月03日","112年08月07日","0.065","    98.80","","",
="031301","元金反國票26購01","0.00","",="00674R","期元大S&P黃金反1(原名：元大S&P黃金反1)","12.25","","認購","美式","111年12月08日","111年12月08日","112年06月05日","112年06月07日","1.00","    13.00","","",
="031302","元金反國票28購01","0.00","",="00674R","期元大S&P黃金反1(原名：元大S&P黃金反1)","12.25","","認購","美式","111年12月08日","111年12月08日","112年08月03日","112年08月07日","1.00","    14.00","","",
="031303","元金反國票2A購01","0.00","",="00674R","期元大S&P黃金反1(原名：元大S&P黃金反1)","12.25","","認購","美式","111年12月08日","111年12月08日","112年10月05日","112年10月11日","1.00","    15.00","","",
="031304","亞聚國票26購01","0.00","","1308","亞聚","26.05","＋","認購","美式","111年12月08日","111年12月08日","112年06月05日","112年06月07日","0.33","    32.00","","",
="031305","東陽國票26購01","0.00","","1319","東陽","49.90","＋","認購","美式","111年12月08日","111年12月08日","112年06月05日","112年06月07日","0.20","    50.00","","",
="031306","宏達電國票27購03","0.08","","2498","宏達電","61.50","＋","認購","美式","111年12月08日","111年12月08日","112年07月05日","112年07月07日","0.25","    83.00","","",
="031307","創意國票27購03","0.00","","3443","創意","1,515.00","＋","認購","美式","111年12月08日","111年12月08日","112年07月05日","112年07月07日","0.016","    820.00","","",
="031308","世紀鋼國票27購01","1.56","＋","9958","世紀鋼","109.50","＋","認購","美式","111年12月08日","111年12月08日","112年07月05日","112年07月07日","0.15","    100.00","","",
="031309","大成鋼永豐26購01","0.00","","2027","大成鋼","45.25","＋","認購","美式","111年12月08日","111年12月08日","112年06月05日","112年06月07日","0.595","    57.12","","",
="03130U","台灣50中信29售01","0.00","",="0050","元大台灣50","126.75","＋","認售","歐式","111年12月27日","112年09月26日","112年09月22日","112年09月26日","0.511","    68.46","","",
="031310","裕隆永豐27購01","1.10","＋","2201","裕隆","82.80","＋","認購","美式","111年12月08日","111年12月08日","112年07月05日","112年07月07日","0.275","    89.81","","",
="031311","鴻海永豐28購01","0.00","","2317","鴻海","105.50","＋","認購","美式","111年12月08日","111年12月08日","112年08月03日","112年08月07日","0.135","    117.88","","",
="031312","燿華永豐26購01","0.00","","2367","燿華","18.05","＋","認購","美式","111年12月08日","111年12月08日","112年06月05日","112年06月07日","1.00","    26.78","","",
="031313","奇鋐永豐27購01","0.00","","3017","奇鋐","206.00","－","認購","美式","111年12月08日","111年12月08日","112年07月05日","112年07月07日","0.101","    146.12","","",
="031314","玉晶光永豐27購02","0.10","＋","3406","玉晶光","400.00","＋","認購","美式","111年12月08日","111年12月08日","112年07月05日","112年07月07日","0.049","    544.25","","",
="031315","新唐永豐27購01","0.00","","4919","新唐","130.50","＋","認購","美式","111年12月08日","111年12月08日","112年07月05日","112年07月07日","0.089","    149.14","","",
="031316","中磊永豐26購01","0.00","","5388","中磊","93.30","＋","認購","美式","111年12月08日","111年12月08日","112年06月05日","112年06月07日","0.215","    100.48","","",
="031317","元金反中信28購01","0.00","",="00674R","期元大S&P黃金反1(原名：元大S&P黃金反1)","12.25","","認購","歐式","111年12月08日","112年08月07日","112年08月03日","112年08月07日","1.00","    15.00","","",
="031318","大成鋼中信28購01","0.00","","2027","大成鋼","45.25","＋","認購","歐式","111年12月08日","112年08月07日","112年08月03日","112年08月07日","0.20","    52.88","","",
="031319","微星中信28購01","2.62","＋","2377","微星","168.00","－","認購","歐式","111年12月08日","112年08月07日","112年08月03日","112年08月07日","0.08","    140.00","","",
="03131U","台泥中信26售01","0.00","","1101","台泥","38.15","＋","認售","歐式","111年12月27日","112年06月26日","112年06月20日","112年06月26日","1.00","    25.00","","",
="031320","元大金中信27購01","0.00","","2885","元大金","23.55","＋","認購","歐式","111年12月08日","112年07月07日","112年07月05日","112年07月07日","1.00","    28.00","","",
="031321","潤泰全中信28購01","0.00","","2915","潤泰全","56.40","＋","認購","歐式","111年12月08日","112年08月07日","112年08月03日","112年08月07日","0.10","    85.00","","",
="031322","奇鋐中信26購01","0.00","","3017","奇鋐","206.00","－","認購","歐式","111年12月08日","112年06月07日","112年06月05日","112年06月07日","0.061","    164.10","","",
="031323","新唐中信28購01","0.32","＋","4919","新唐","130.50","＋","認購","歐式","111年12月08日","112年08月07日","112年08月03日","112年08月07日","0.05","    150.00","","",
="031324","元晶中信27購01","0.04","","6443","元晶","36.20","＋","認購","歐式","111年12月08日","112年07月07日","112年07月05日","112年07月07日","0.437","    50.00","","",
="031325","力智中信29購01","0.17","＋","6719","力智","303.00","＋","認購","歐式","111年12月08日","112年09月07日","112年09月05日","112年09月07日","0.009","    408.00","","",
="031326","南電中信28購01","0.06","－","8046","南電","302.50","－","認購","歐式","111年12月08日","112年08月07日","112年08月03日","112年08月07日","0.018","    428.00","","",
="031327","長榮國泰28購01","0.63","＋","2603","長榮","157.00","＋","認購","美式","111年12月08日","111年12月08日","112年08月03日","112年08月07日","0.10","    183.00","","",
="031328","長榮國泰28購02","0.00","","2603","長榮","157.00","＋","認購","美式","111年12月08日","111年12月08日","112年08月03日","112年08月07日","0.10","    197.00","","",
="031329","儒鴻元富27購01","0.00","","1476","儒鴻","470.00","＋","認購","美式","111年12月08日","111年12月08日","112年07月05日","112年07月07日","0.045","    515.00","","",
="03132U","亞泥中信26售01","0.00","","1102","亞泥","43.85","－","認售","歐式","111年12月27日","112年06月26日","112年06月20日","112年06月26日","0.67","    30.00","","",
="031330","威盛元富28購06","0.59","＋","2388","威盛","83.10","＋","認購","美式","111年12月08日","111年12月08日","112年08月03日","112年08月07日","0.20","    100.00","","",
="031331","聯發科元富31購04","1.59","＋","2454","聯發科","738.00","＋","認購","美式","111年12月08日","111年12月08日","113年01月04日","113年01月08日","0.027","    850.00","","",
="031332","鴻海麥證28購02","0.00","","2317","鴻海","105.50","＋","認購","歐式","111年12月08日","112年08月07日","112年08月03日","112年08月07日","1.00","    155.00","","",
="031333","飛宏麥證26購02","0.00","","2457","飛宏","76.40","＋","認購","歐式","111年12月08日","112年06月07日","112年06月05日","112年06月07日","0.20","    45.00","","",
="031334","滬深2X群益26購05","0.00","",="00637L","元大滬深300正2","13.77","－","認購","美式","111年12月08日","111年12月08日","112年06月05日","112年06月07日","1.00","    16.80","","",
="031335","美費半群益28購01","0.00","",="00830","國泰費城半導體","31.65","＋","認購","美式","111年12月08日","111年12月08日","112年08月03日","112年08月07日","0.502","    25.38","","",
="031336","FB越南群益27購04","0.00","",="00885","富邦越南","11.45","＋","認購","美式","111年12月08日","111年12月08日","112年07月05日","112年07月07日","1.00","    14.00","","",
="031337","力麗群益27購01","0.00","","1444","力麗","10.50","＋","認購","美式","111年12月08日","111年12月08日","112年07月05日","112年07月07日","1.00","    16.00","","",
="031338","台光電群益26購01","0.03","＋","2383","台光電","204.50","＋","認購","美式","111年12月08日","111年12月08日","112年06月05日","112年06月07日","0.08","    250.00","","",
="031339","萬海群益26購01","0.00","","2615","萬海","60.00","＋","認購","美式","111年12月08日","111年12月08日","112年06月05日","112年06月07日","0.25","    92.00","","",
="03133U","華新中信28售03","0.00","","1605","華新","46.60","＋","認售","歐式","111年12月27日","112年08月28日","112年08月24日","112年08月28日","0.20","    40.00","","",
="031340","漢翔群益26購01","0.00","","2634","漢翔","55.80","＋","認購","美式","111年12月08日","111年12月08日","112年06月05日","112年06月07日","0.40","    43.00","","",
="031341","漢翔群益26購02","4.61","＋","2634","漢翔","55.80","＋","認購","美式","111年12月08日","111年12月08日","112年06月05日","112年06月07日","1.00","    52.00","","",
="031342","揚明光群益26購03","0.00","","3504","揚明光","81.70","＋","認購","美式","111年12月08日","111年12月08日","112年06月05日","112年06月07日","0.038","    105.00","","",
="031343","世芯群益26購03","0.00","","3661","世芯-KY","1,660.00","＋","認購","美式","111年12月08日","111年12月08日","112年06月05日","112年06月07日","0.013","    1,088.00","","",
="031344","天鈺群益26購01","0.00","","4961","天鈺","154.00","＋","認購","美式","111年12月08日","111年12月08日","112年06月05日","112年06月07日","0.08","    158.00","","",
="031345","富鼎群益26購02","0.00","","8261","富鼎","106.50","＋","認購","美式","111年12月08日","111年12月08日","112年06月05日","112年06月07日","0.168","    158.00","","",
="031346","滬深2X元大26購06","0.00","",="00637L","元大滬深300正2","13.77","－","認購","美式","111年12月08日","111年12月08日","112年06月05日","112年06月07日","0.50","    14.50","","",
="031347","元金反元大26購01","0.00","",="00674R","期元大S&P黃金反1(原名：元大S&P黃金反1)","12.25","","認購","美式","111年12月08日","111年12月08日","112年06月05日","112年06月07日","1.00","    13.00","","",
="031348","台灣5G元大29購01","0.00","",="00881","國泰台灣5G PLUS ETF基金","16.12","＋","認購","美式","111年12月08日","111年12月08日","112年09月05日","112年09月07日","1.025","    16.10","","",
="031349","FB台半元大2A購01","0.90","＋",="00892","富邦台灣半導體","12.41","＋","認購","美式","111年12月08日","111年12月08日","112年10月05日","112年10月11日","1.00","    12.50","","",
="03134U","中鋼中信26售02","0.00","","2002","中鋼","29.05","－","認售","歐式","111年12月27日","112年06月26日","112年06月20日","112年06月26日","1.00","    25.00","","",
="031350","華新元大26購06","0.00","","1605","華新","46.60","＋","認購","美式","111年12月08日","111年12月08日","112年06月05日","112年06月07日","0.64","    71.50","","",
="031351","華新元大26購07","0.00","","1605","華新","46.60","＋","認購","美式","111年12月08日","111年12月08日","112年06月05日","112年06月07日","0.313","    55.20","","",
="031352","華新元大2A購07","0.68","","1605","華新","46.60","＋","認購","美式","111年12月08日","111年12月08日","112年10月05日","112年10月11日","0.34","    71.00","","",
="031353","裕隆元大26購02","0.55","","2201","裕隆","82.80","＋","認購","美式","111年12月08日","111年12月08日","112年06月05日","112年06月07日","0.14","    82.50","","",
="031354","三陽元大26購02","0.00","","2206","三陽工業","74.20","＋","認購","美式","111年12月08日","111年12月08日","112年06月05日","112年06月07日","0.651","    45.20","","",
="031355","鴻海元大26購05","0.00","","2317","鴻海","105.50","＋","認購","美式","111年12月08日","111年12月08日","112年06月05日","112年06月07日","1.00","    156.00","","",
="031356","鴻海元大26購06","0.00","","2317","鴻海","105.50","＋","認購","美式","111年12月08日","111年12月08日","112年06月05日","112年06月07日","0.666","    148.00","","",
="031357","光罩元大26購02","0.00","","2338","光罩","81.80","＋","認購","美式","111年12月08日","111年12月08日","112年06月05日","112年06月07日","0.12","    130.00","","",
="031358","威盛元大26購02","0.00","","2388","威盛","83.10","＋","認購","美式","111年12月08日","111年12月08日","112年06月05日","112年06月07日","0.236","    107.50","","",
="031359","美律元大26購01","0.00","","2439","美律","88.60","＋","認購","美式","111年12月08日","111年12月08日","112年06月05日","112年06月07日","0.626","    133.00","","",
="03135U","萬海中信27售02","0.00","","2615","萬海","60.00","＋","認售","歐式","111年12月27日","112年07月26日","112年07月24日","112年07月26日","0.068","    88.00","","",
="031360","宏達電元大26購05","0.00","","2498","宏達電","61.50","＋","認購","美式","111年12月08日","111年12月08日","112年06月05日","112年06月07日","0.323","    83.40","","",
="031361","景碩元大26購03","0.00","","3189","景碩","116.00","＋","認購","美式","111年12月08日","111年12月08日","112年06月05日","112年06月07日","0.098","    187.50","","",
="031362","玉晶光元大26購03","0.00","","3406","玉晶光","400.00","＋","認購","美式","111年12月08日","111年12月08日","112年06月05日","112年06月07日","0.041","    488.50","","",
="031363","嘉澤元大26購01","0.00","","3533","嘉澤","909.00","－","認購","美式","111年12月08日","111年12月08日","112年06月05日","112年06月07日","0.062","    1,313.58","","",
="031364","敦泰元大26購01","0.00","","3545","敦泰","83.70","＋","認購","美式","111年12月08日","111年12月08日","112年06月05日","112年06月07日","0.137","    100.00","","",
="031365","康普元大26購01","0.00","","4739","康普","88.80","＋","認購","美式","111年12月08日","111年12月08日","112年06月05日","112年06月07日","0.057","    104.50","","",
="031366","立積元大26購02","0.48","＋","4968","立積","170.00","＋","認購","美式","111年12月08日","111年12月08日","112年06月05日","112年06月07日","0.041","    164.00","","",
="031367","乙盛元大26購02","0.88","＋","5243","乙盛-KY","83.70","＋","認購","美式","111年12月08日","111年12月08日","112年06月05日","112年06月07日","0.163","    80.00","","",
="031368","中磊元大26購03","0.00","","5388","中磊","93.30","＋","認購","美式","111年12月08日","111年12月08日","112年06月05日","112年06月07日","0.17","    87.42","","",
="031369","聯茂元大26購01","0.00","","6213","聯茂","72.30","＋","認購","美式","111年12月08日","111年12月08日","112年06月05日","112年06月07日","0.175","    85.50","","",
="03136P","台積電麥證28售04","0.16","＋","2330","台積電","568.00","＋","認售","歐式","111年09月22日","112年08月21日","112年08月17日","112年08月21日","0.05","    435.13","","",
="03136U","欣興國泰28售01","0.09","","3037","欣興","182.50","－","認售","歐式","111年12月27日","112年08月28日","112年08月24日","112年08月28日","0.15","    93.00","","",
="031370","啟碁元大26購02","0.00","","6285","啟碁","87.50","＋","認購","美式","111年12月08日","111年12月08日","112年06月05日","112年06月07日","0.121","    107.00","","",
="031371","晶心科元大26購03","0.00","","6533","晶心科","511.00","＋","認購","美式","111年12月08日","111年12月08日","112年06月05日","112年06月07日","0.015","    588.00","","",
="031372","緯穎元大26購01","1.10","＋","6669","緯穎","1,205.00","＋","認購","美式","111年12月08日","111年12月08日","112年06月05日","112年06月07日","0.027","    1,270.00","","",
="031373","威鋒電元大26購01","0.00","","6756","威鋒電子","223.00","＋","認購","美式","111年12月08日","111年12月08日","112年06月05日","112年06月07日","0.087","    333.04","","",
="031374","振樺電元大26購03","0.00","","8114","振樺電","108.00","","認購","美式","111年12月08日","111年12月08日","112年06月05日","112年06月07日","0.075","    151.50","","",
="031375","臺股指元大2B購03","0.00","","IX0001","臺股指數","16,636.30","","認購","歐式","111年12月08日","112年11月07日","112年11月03日","112年11月07日","0.003","    18,888.00","","",
="031376","臺股指元大2B購04","2.52","＋","IX0001","臺股指數","16,636.30","","認購","歐式","111年12月08日","112年11月07日","112年11月03日","112年11月07日","0.002","    16,888.00","","",
="031377","滬深2X凱基27購03","0.00","",="00637L","元大滬深300正2","13.77","－","認購","美式","111年12月08日","111年12月08日","112年07月05日","112年07月07日","1.00","    17.50","","",
="031378","滬深2X凱基28購04","0.12","",="00637L","元大滬深300正2","13.77","－","認購","美式","111年12月08日","111年12月08日","112年08月03日","112年08月07日","1.00","    18.50","","",
="031379","道瓊銀凱基2A購02","0.00","",="00738U","期元大道瓊白銀(原名：元大道瓊白銀)","22.79","＋","認購","美式","111年12月08日","111年12月08日","112年10月05日","112年10月11日","0.60","    25.00","","",
="03137P","創意麥證26售01","0.01","","3443","創意","1,515.00","＋","認售","歐式","111年09月22日","112年06月21日","112年06月19日","112年06月21日","0.06","    400.00","","",
="03137U","創意國泰28售01","0.00","","3443","創意","1,515.00","＋","認售","歐式","111年12月27日","112年08月28日","112年08月24日","112年08月28日","0.025","    535.00","","",
="031380","中興電凱基27購02","5.95","＋","1513","中興電","113.50","＋","認購","美式","111年12月08日","111年12月08日","112年07月05日","112年07月07日","0.30","    97.00","","",
="031381","華城凱基26購01","0.00","","1519","華城","141.00","＋","認購","美式","111年12月08日","111年12月08日","112年06月05日","112年06月07日","0.50","    55.00","","",
="031382","大亞凱基26購01","0.00","","1609","大亞","31.00","＋","認購","美式","111年12月08日","111年12月08日","112年06月05日","112年06月07日","1.00","    25.00","","",
="031383","裕隆凱基26購03","0.00","","2201","裕隆","82.80","＋","認購","美式","111年12月08日","111年12月08日","112年06月05日","112年06月07日","0.50","    92.00","","",
="031384","台積電凱基27購22","0.00","","2330","台積電","568.00","＋","認購","美式","111年12月08日","111年12月08日","112年07月05日","112年07月07日","0.06","    583.46","","",
="031385","台積電凱基2A購12","0.00","","2330","台積電","568.00","＋","認購","美式","111年12月08日","111年12月08日","112年10月05日","112年10月11日","0.08","    637.86","","",
="031386","台積電凱基2B購04","1.98","＋","2330","台積電","568.00","＋","認購","美式","111年12月08日","111年12月08日","112年11月03日","112年11月07日","0.06","    608.19","","",
="031387","威盛凱基2A購01","0.95","＋","2388","威盛","83.10","＋","認購","美式","111年12月08日","111年12月08日","112年10月05日","112年10月11日","0.15","    110.00","","",
="031388","長榮凱基27購07","0.20","＋","2603","長榮","157.00","＋","認購","美式","111年12月08日","111年12月08日","112年07月05日","112年07月07日","0.07","    188.00","","",
="031389","晶豪科凱基27購01","0.75","","3006","晶豪科","88.20","＋","認購","美式","111年12月08日","111年12月08日","112年07月05日","112年07月07日","0.25","    100.00","","",
="03138U","臺股指國泰27售01","0.00","","IX0001","臺股指數","16,636.30","","認售","歐式","111年12月27日","112年07月26日","112年07月24日","112年07月26日","0.003","    13,350.00","","",
="031390","聯陽凱基26購01","0.00","","3014","聯陽","113.50","＋","認購","美式","111年12月08日","111年12月08日","112年06月05日","112年06月07日","0.30","    90.00","","",
="031391","晶心科凱基26購03","0.00","","6533","晶心科","511.00","＋","認購","美式","111年12月08日","111年12月08日","112年06月05日","112年06月07日","0.05","    790.00","","",
="031392","矽創凱基28購01","1.14","＋","8016","矽創","225.50","＋","認購","美式","111年12月08日","111年12月08日","112年08月03日","112年08月07日","0.12","    260.00","","",
="031393","T50正2富邦28購01","1.59","＋",="00631L","元大台灣50正2","129.10","＋","認購","美式","111年12月08日","111年12月08日","112年08月03日","112年08月07日","0.10","    120.00","","",
="031394","T50反1富邦2B購01","0.13","",="00632R","元大台灣50反1","4.94","－","認購","美式","111年12月08日","111年12月08日","112年11月03日","112年11月07日","1.00","    5.50","","",
="031395","鴻海富邦27購03","0.26","","2317","鴻海","105.50","＋","認購","美式","111年12月08日","111年12月08日","112年07月05日","112年07月07日","0.10","    110.00","","",
="031396","燿華富邦28購01","0.00","","2367","燿華","18.05","＋","認購","美式","111年12月08日","111年12月08日","112年08月03日","112年08月07日","0.35","    22.00","","",
="031397","可成富邦29購01","0.87","＋","2474","可成","189.00","＋","認購","美式","111年12月08日","111年12月08日","112年09月05日","112年09月07日","0.035","    170.00","","",
="031398","長榮航富邦28購01","1.06","＋","2618","長榮航","33.60","＋","認購","美式","111年12月08日","111年12月08日","112年08月03日","112年08月07日","0.30","    32.00","","",
="031399","漢翔富邦27購01","0.00","","2634","漢翔","55.80","＋","認購","美式","111年12月08日","111年12月08日","112年07月05日","112年07月07日","0.45","    50.00","","",
="03139U","臺股指國泰28售03","0.07","","IX0001","臺股指數","16,636.30","","認售","歐式","111年12月27日","112年08月28日","112年08月24日","112年08月28日","0.003","    13,000.00","","",
="031400","新光金富邦2A購01","0.12","＋","2888","新光金","8.63","＋","認購","美式","111年12月08日","111年12月08日","112年10月05日","112年10月11日","1.00","    10.80","","",
="031401","玉晶光富邦28購01","0.24","＋","3406","玉晶光","400.00","＋","認購","美式","111年12月08日","111年12月08日","112年08月03日","112年08月07日","0.03","    520.00","","",
="031402","愛普富邦27購01","0.00","","6531","愛普*","328.50","＋","認購","美式","111年12月08日","111年12月08日","112年07月05日","112年07月07日","0.025","    240.00","","",
="031403","華城永豐27購01","0.00","","1519","華城","141.00","＋","認購","美式","111年12月09日","111年12月09日","112年07月06日","112年07月10日","0.275","    62.03","","",
="031404","裕隆永豐26購02","1.14","－","2201","裕隆","82.80","＋","認購","美式","111年12月09日","111年12月09日","112年06月06日","112年06月08日","0.205","    79.00","","",
="031405","世芯永豐26購03","0.00","","3661","世芯-KY","1,660.00","＋","認購","美式","111年12月09日","111年12月09日","112年06月06日","112年06月08日","0.013","    1,154.44","","",
="031406","拓凱永豐27購01","0.00","","4536","拓凱","196.50","＋","認購","美式","111年12月09日","111年12月09日","112年07月06日","112年07月10日","0.048","    260.16","","",
="031407","乙盛永豐28購01","1.82","＋","5243","乙盛-KY","83.70","＋","認購","美式","111年12月09日","111年12月09日","112年08月04日","112年08月08日","0.167","    78.68","","",
="031408","中租永豐26購01","0.00","","5871","中租-KY","210.50","＋","認購","美式","111年12月09日","111年12月09日","112年06月06日","112年06月08日","0.049","    244.53","","",
="031409","台郡永豐27購01","0.00","","6269","台郡","99.00","＋","認購","美式","111年12月09日","111年12月09日","112年07月06日","112年07月10日","0.089","    130.10","","",
="03140U","臺股指國泰29售01","0.00","","IX0001","臺股指數","16,636.30","","認售","歐式","111年12月27日","112年09月26日","112年09月22日","112年09月26日","0.003","    12,750.00","","",
="031410","力智永豐27購01","0.00","","6719","力智","303.00","＋","認購","美式","111年12月09日","111年12月09日","112年07月06日","112年07月10日","0.031","    371.58","","",
="031411","世紀鋼永豐27購01","1.29","＋","9958","世紀鋼","109.50","＋","認購","美式","111年12月09日","111年12月09日","112年07月06日","112年07月10日","0.19","    111.70","","",
="031412","儒鴻康和26購01","0.00","","1476","儒鴻","470.00","＋","認購","美式","111年12月09日","111年12月09日","112年06月06日","112年06月08日","0.035","    550.00","","",
="031413","光罩康和28購01","0.00","","2338","光罩","81.80","＋","認購","美式","111年12月09日","111年12月09日","112年08月04日","112年08月08日","0.10","    120.00","","",
="031414","華邦電康和26購01","0.00","","2344","華邦電","26.90","＋","認購","美式","111年12月09日","111年12月09日","112年06月06日","112年06月08日","0.80","    27.00","","",
="031415","長榮康和26購01","0.00","","2603","長榮","157.00","＋","認購","美式","111年12月09日","111年12月09日","112年06月06日","112年06月08日","0.15","    215.00","","",
="031416","智原康和26購01","0.00","","3035","智原","173.50","＋","認購","美式","111年12月09日","111年12月09日","112年06月06日","112年06月08日","0.05","    210.00","","",
="031417","T50正2國票29購01","0.00","",="00631L","元大台灣50正2","129.10","＋","認購","美式","111年12月09日","111年12月09日","112年09月06日","112年09月08日","0.35","    150.00","","",
="031418","上証2X國票27購01","0.06","",="00633L","富邦上証正2","35.01","－","認購","美式","111年12月09日","111年12月09日","112年07月06日","112年07月10日","0.40","    46.00","","",
="031419","滬深2X國票28購01","0.00","",="00637L","元大滬深300正2","13.77","－","認購","美式","111年12月09日","111年12月09日","112年08月04日","112年08月08日","1.00","    21.00","","",
="03141U","華新富邦26售03","0.00","","1605","華新","46.60","＋","認售","歐式","111年12月27日","112年06月26日","112年06月20日","112年06月26日","0.15","    40.00","","",
="031420","S&P正2國票27購01","0.00","",="00647L","元大S&P500正2","57.80","＋","認購","美式","111年12月09日","111年12月09日","112年07月06日","112年07月10日","0.20","    60.00","","",
="031421","S&P反1國票27購01","0.00","",="00648R","元大S&P500反1","6.93","－","認購","美式","111年12月09日","111年12月09日","112年07月06日","112年07月10日","1.00","    7.20","","",
="031422","S&P反1國票28購02","0.14","",="00648R","元大S&P500反1","6.93","－","認購","美式","111年12月09日","111年12月09日","112年08月04日","112年08月08日","1.00","    7.60","","",
="031423","A50正2國票27購01","0.00","",="00655L","國泰中國A50正2","24.65","－","認購","美式","111年12月09日","111年12月09日","112年07月06日","112年07月10日","1.00","    40.00","","",
="031424","道瓊反國票27購03","0.00","",="00669R","國泰美國道瓊反1","8.06","－","認購","美式","111年12月09日","111年12月09日","112年07月06日","112年07月10日","0.907","    7.25","","",
="031425","元金反國票27購01","0.00","",="00674R","期元大S&P黃金反1(原名：元大S&P黃金反1)","12.25","","認購","美式","111年12月09日","111年12月09日","112年07月06日","112年07月10日","1.00","    13.50","","",
="031426","元金反國票2C購01","0.00","",="00674R","期元大S&P黃金反1(原名：元大S&P黃金反1)","12.25","","認購","美式","111年12月09日","111年12月09日","112年12月06日","112年12月08日","1.00","    16.00","","",
="031427","中興電國票27購01","0.00","","1513","中興電","113.50","＋","認購","美式","111年12月09日","111年12月09日","112年07月06日","112年07月10日","0.729","    86.00","","",
="031428","華新國票28購01","0.22","＋","1605","華新","46.60","＋","認購","美式","111年12月09日","111年12月09日","112年08月04日","112年08月08日","0.15","    55.00","","",
="031429","漢唐國票27購01","0.00","","2404","漢唐","227.50","＋","認購","美式","111年12月09日","111年12月09日","112年07月06日","112年07月10日","0.09","    220.00","","",
="03142U","電子類富邦29售01","0.00","","IX0027","電子類","797.58","","認售","歐式","111年12月27日","112年09月26日","112年09月22日","112年09月26日","0.02","    600.00","","",
="031430","強茂國票26購01","0.44","＋","2481","強茂","70.20","＋","認購","美式","111年12月09日","111年12月09日","112年06月06日","112年06月08日","0.18","    70.00","","",
="031431","宏達電國票28購01","0.83","＋","2498","宏達電","61.50","＋","認購","美式","111年12月09日","111年12月09日","112年08月04日","112年08月08日","0.15","    63.00","","",
="031432","華航國票26購04","0.83","＋","2610","華航","21.65","＋","認購","美式","111年12月09日","111年12月09日","112年06月06日","112年06月08日","0.60","    20.50","","",
="031433","台航國票27購01","0.00","","2617","台航","29.35","＋","認購","美式","111年12月09日","111年12月09日","112年07月06日","112年07月10日","0.60","    32.00","","",
="031434","美食國票27購02","0.00","","2723","美食-KY","152.50","－","認購","美式","111年12月09日","111年12月09日","112年07月06日","112年07月10日","0.16","    190.00","","",
="031435","八方國票27購01","0.00","","2753","八方雲集","167.00","","認購","美式","111年12月09日","111年12月09日","112年07月06日","112年07月10日","0.164","    286.59","","",
="031436","富邦金國票26購02","0.00","","2881","富邦金","61.10","＋","認購","美式","111年12月09日","111年12月09日","112年06月06日","112年06月08日","0.40","    65.00","","",
="031437","智原國票27購01","0.24","","3035","智原","173.50","＋","認購","美式","111年12月09日","111年12月09日","112年07月06日","112年07月10日","0.08","    210.00","","",
="031438","揚明光國票27購01","0.29","","3504","揚明光","81.70","＋","認購","美式","111年12月09日","111年12月09日","112年07月06日","112年07月10日","0.066","    90.00","","",
="031439","碩天國票27購01","0.00","","3617","碩天","191.00","－","認購","美式","111年12月09日","111年12月09日","112年07月06日","112年07月10日","0.14","    160.00","","",
="03143U","華新元大26售12","0.00","","1605","華新","46.60","＋","認售","歐式","111年12月27日","112年06月26日","112年06月20日","112年06月26日","1.00","    29.00","","",
="031440","四維航國票27購01","0.00","","5608","四維航","23.10","＋","認購","美式","111年12月09日","111年12月09日","112年07月06日","112年07月10日","0.70","    30.00","","",
="031441","元晶國票27購01","0.00","","6443","元晶","36.20","＋","認購","美式","111年12月09日","111年12月09日","112年07月06日","112年07月10日","0.755","    47.00","","",
="031442","晶心科國票28購02","0.58","＋","6533","晶心科","511.00","＋","認購","美式","111年12月09日","111年12月09日","112年08月04日","112年08月08日","0.015","    550.00","","",
="031443","力積電國票27購01","0.00","","6770","力積電","30.85","＋","認購","美式","111年12月09日","111年12月09日","112年07月06日","112年07月10日","0.303","    34.70","","",
="031444","滬深2X凱基2A購03","0.26","",="00637L","元大滬深300正2","13.77","－","認購","美式","111年12月09日","111年12月09日","112年10月05日","112年10月11日","1.00","    20.00","","",
="031445","臺指2X凱基2A購01","2.96","＋",="00663L","國泰臺灣加權正2","119.40","＋","認購","美式","111年12月09日","111年12月09日","112年10月05日","112年10月11日","0.25","    130.00","","",
="031446","道瓊銅凱基2A購01","0.00","",="00763U","期街口道瓊銅","23.38","＋","認購","美式","111年12月09日","111年12月09日","112年10月05日","112年10月11日","0.33","    28.00","","",
="031447","中鋼凱基26購01","0.00","","2002","中鋼","29.05","－","認購","美式","111年12月09日","111年12月09日","112年06月06日","112年06月08日","1.00","    35.00","","",
="031448","中鴻凱基26購03","0.00","","2014","中鴻","23.15","＋","認購","美式","111年12月09日","111年12月09日","112年06月06日","112年06月08日","0.50","    25.00","","",
="031449","裕隆凱基27購03","0.00","","2201","裕隆","82.80","＋","認購","美式","111年12月09日","111年12月09日","112年07月06日","112年07月10日","0.15","    70.00","","",
="03144U","華新元大26售13","0.00","","1605","華新","46.60","＋","認售","歐式","111年12月27日","112年06月26日","112年06月20日","112年06月26日","0.196","    47.80","","",
="031450","廣宇凱基26購01","0.00","","2328","廣宇","39.40","＋","認購","美式","111年12月09日","111年12月09日","112年06月06日","112年06月08日","0.60","    50.00","","",
="031451","台積電凱基26購16","0.00","","2330","台積電","568.00","＋","認購","美式","111年12月09日","111年12月09日","112年06月06日","112年06月08日","0.304","    702.14","","",
="031452","台積電凱基26購17","0.46","","2330","台積電","568.00","＋","認購","美式","111年12月09日","111年12月09日","112年06月06日","112年06月08日","0.102","    603.25","","",
="031453","漢翔凱基26購02","0.00","","2634","漢翔","55.80","＋","認購","美式","111年12月09日","111年12月09日","112年06月06日","112年06月08日","1.00","    50.00","","",
="031454","拓凱凱基26購01","0.00","","4536","拓凱","196.50","＋","認購","美式","111年12月09日","111年12月09日","112年06月06日","112年06月08日","0.15","    290.00","","",
="031455","致伸凱基27購01","0.00","","4915","致伸","64.40","＋","認購","美式","111年12月09日","111年12月09日","112年07月06日","112年07月10日","0.35","    66.00","","",
="031456","康舒凱基28購01","0.00","","6282","康舒","44.05","＋","認購","美式","111年12月09日","111年12月09日","112年08月04日","112年08月08日","0.50","    34.00","","",
="031457","晶碩凱基27購01","0.00","","6491","晶碩","366.50","＋","認購","美式","111年12月09日","111年12月09日","112年07月06日","112年07月10日","0.05","    600.00","","",
="031458","力積電凱基26購02","0.00","","6770","力積電","30.85","＋","認購","美式","111年12月09日","111年12月09日","112年06月06日","112年06月08日","0.757","    39.65","","",
="031459","富邦媒凱基26購01","0.00","","8454","富邦媒","703.00","＋","認購","美式","111年12月09日","111年12月09日","112年06月06日","112年06月08日","0.035","    900.00","","",
="03145U","技嘉元大26售05","0.00","","2376","技嘉","186.00","＋","認售","歐式","111年12月27日","112年06月26日","112年06月20日","112年06月26日","0.469","    62.40","","",
="031460","臺股指凱基27購03","2.46","＋","IX0001","臺股指數","16,636.30","","認購","歐式","111年12月09日","112年07月10日","112年07月06日","112年07月10日","0.002","    15,300.00","","",
="031461","臺股指凱基27購04","0.00","","IX0001","臺股指數","16,636.30","","認購","歐式","111年12月09日","112年07月10日","112年07月06日","112年07月10日","0.002","    15,500.00","","",
="031462","臺股指凱基27購05","2.67","","IX0001","臺股指數","16,636.30","","認購","歐式","111年12月09日","112年07月10日","112年07月06日","112年07月10日","0.003","    15,700.00","","",
="031463","滬深2X中信29購01","0.00","",="00637L","元大滬深300正2","13.77","－","認購","歐式","111年12月09日","112年09月08日","112年09月06日","112年09月08日","0.50","    20.00","","",
="031464","S&P反1中信29購01","0.00","",="00648R","元大S&P500反1","6.93","－","認購","歐式","111年12月09日","112年09月08日","112年09月06日","112年09月08日","1.00","    7.50","","",
="031465","中鋼中信26購01","0.00","","2002","中鋼","29.05","－","認購","歐式","111年12月09日","112年06月08日","112年06月06日","112年06月08日","1.00","    36.00","","",
="031466","燿華中信28購01","0.00","","2367","燿華","18.05","＋","認購","歐式","111年12月09日","112年08月08日","112年08月04日","112年08月08日","0.60","    23.88","","",
="031467","宏達電中信26購01","0.00","","2498","宏達電","61.50","＋","認購","歐式","111年12月09日","112年06月08日","112年06月06日","112年06月08日","0.108","    70.80","","",
="031468","宏達電中信29購01","0.20","＋","2498","宏達電","61.50","＋","認購","歐式","111年12月09日","112年09月08日","112年09月06日","112年09月08日","0.10","    88.80","","",
="031469","漢翔中信27購01","0.00","","2634","漢翔","55.80","＋","認購","歐式","111年12月09日","112年07月10日","112年07月06日","112年07月10日","0.75","    53.00","","",
="03146U","聯發科元大26售26","0.00","","2454","聯發科","738.00","＋","認售","歐式","111年12月27日","112年06月26日","112年06月20日","112年06月26日","0.109","    472.00","","",
="031470","台中銀中信28購01","1.23","＋","2812","台中銀","14.65","＋","認購","歐式","111年12月09日","112年08月08日","112年08月04日","112年08月08日","0.80","    14.00","","",
="031471","國泰金中信27購01","0.00","","2882","國泰金","44.75","＋","認購","歐式","111年12月09日","112年07月10日","112年07月06日","112年07月10日","1.00","    50.00","","",
="031472","國泰金中信28購01","0.18","＋","2882","國泰金","44.75","＋","認購","歐式","111年12月09日","112年08月08日","112年08月04日","112年08月08日","1.00","    60.00","","",
="031473","群創中信27購01","0.52","＋","3481","群創","14.10","＋","認購","歐式","111年12月09日","112年07月10日","112年07月06日","112年07月10日","1.00","    15.00","","",
="031474","T50正2國泰28購02","0.00","",="00631L","元大台灣50正2","129.10","＋","認購","美式","111年12月09日","111年12月09日","112年08月04日","112年08月08日","0.25","    120.00","","",
="031475","國巨國泰28購03","0.00","","2327","國巨","508.00","＋","認購","美式","111年12月09日","111年12月09日","112年08月04日","112年08月08日","0.04","    585.00","","",
="031476","長榮國泰28購03","0.46","","2603","長榮","157.00","＋","認購","美式","111年12月09日","111年12月09日","112年08月04日","112年08月08日","0.20","    211.00","","",
="031477","漢翔國泰28購01","0.00","","2634","漢翔","55.80","＋","認購","美式","111年12月09日","111年12月09日","112年08月04日","112年08月08日","0.35","    42.27","","",
="031478","貿聯國泰28購01","0.67","","3665","貿聯-KY","270.50","＋","認購","美式","111年12月09日","111年12月09日","112年08月04日","112年08月08日","0.06","    308.78","","",
="031479","力積電國泰28購01","0.15","","6770","力積電","30.85","＋","認購","美式","111年12月09日","111年12月09日","112年08月04日","112年08月08日","0.605","    39.82","","",
="03147U","聯發科元大26售27","0.00","","2454","聯發科","738.00","＋","認售","歐式","111年12月27日","112年06月26日","112年06月20日","112年06月26日","0.096","    487.50","","",
="031480","中鋼富邦26購01","0.00","","2002","中鋼","29.05","－","認購","美式","111年12月09日","111年12月09日","112年06月06日","112年06月08日","1.00","    35.00","","",
="031481","佳世達富邦27購01","0.00","","2352","佳世達","40.20","＋","認購","美式","111年12月09日","111年12月09日","112年07月06日","112年07月10日","0.65","    32.00","","",
="031482","瑞昱富邦28購01","1.42","＋","2379","瑞昱","388.00","＋","認購","美式","111年12月09日","111年12月09日","112年08月04日","112年08月08日","0.05","    400.00","","",
="031483","潤泰全富邦28購01","0.00","","2915","潤泰全","56.40","＋","認購","美式","111年12月09日","111年12月09日","112年08月04日","112年08月08日","0.10","    80.00","","",
="031484","奇鋐富邦27購01","0.00","","3017","奇鋐","206.00","－","認購","美式","111年12月09日","111年12月09日","112年07月06日","112年07月10日","0.066","    148.28","","",
="031485","聯詠富邦27購02","3.58","＋","3034","聯詠","423.50","＋","認購","美式","111年12月09日","111年12月09日","112年07月06日","112年07月10日","0.065","    380.00","","",
="031486","景碩富邦26購02","0.00","","3189","景碩","116.00","＋","認購","美式","111年12月09日","111年12月09日","112年06月06日","112年06月08日","0.08","    185.00","","",
="031487","健策富邦27購01","2.67","＋","3653","健策","616.00","＋","認購","美式","111年12月09日","111年12月09日","112年07月06日","112年07月10日","0.02","    500.00","","",
="031488","帆宣富邦26購01","0.00","","6196","帆宣","131.50","","認購","美式","111年12月09日","111年12月09日","112年06月06日","112年06月08日","0.10","    150.00","","",
="031489","緯穎富邦27購01","1.76","＋","6669","緯穎","1,205.00","＋","認購","美式","111年12月09日","111年12月09日","112年07月06日","112年07月10日","0.01","    1,100.00","","",
="03148U","群創元大26售02","0.00","","3481","群創","14.10","＋","認售","歐式","111年12月27日","112年06月26日","112年06月20日","112年06月26日","1.00","    7.81","","",
="031490","潤泰新富邦28購01","0.00","","9945","潤泰新","35.00","＋","認購","美式","111年12月09日","111年12月09日","112年08月04日","112年08月08日","0.10","    55.00","","",
="031491","上証2X元大26購03","0.10","",="00633L","富邦上証正2","35.01","－","認購","美式","111年12月09日","111年12月09日","112年06月06日","112年06月08日","0.15","    37.00","","",
="031492","元石油元大26購02","0.00","",="00642U","期元大S&P石油(原名：元大S&P石油)","15.46","＋","認購","美式","111年12月09日","111年12月09日","112年06月06日","112年06月08日","0.50","    18.00","","",
="031493","元石油元大26購03","0.15","",="00642U","期元大S&P石油(原名：元大S&P石油)","15.46","＋","認購","美式","111年12月09日","111年12月09日","112年06月06日","112年06月08日","0.40","    16.00","","",
="031494","FB越南元大26購02","0.00","",="00885","富邦越南","11.45","＋","認購","美式","111年12月09日","111年12月09日","112年06月06日","112年06月08日","0.50","    11.00","","",
="031495","華新元大2C購03","0.00","","1605","華新","46.60","＋","認購","美式","111年12月09日","111年12月09日","112年12月06日","112年12月08日","0.215","    62.20","","",
="031496","廣宇元大26購01","0.00","","2328","廣宇","39.40","＋","認購","美式","111年12月09日","111年12月09日","112年06月06日","112年06月08日","0.357","    44.65","","",
="031497","仲琦元大26購01","0.00","","2419","仲琦","26.70","＋","認購","美式","111年12月09日","111年12月09日","112年06月06日","112年06月08日","0.696","    35.90","","",
="031498","仲琦元大26購02","0.00","","2419","仲琦","26.70","＋","認購","美式","111年12月09日","111年12月09日","112年06月06日","112年06月08日","0.554","    33.15","","",
="031499","仲琦元大26購03","0.00","","2419","仲琦","26.70","＋","認購","美式","111年12月09日","111年12月09日","112年06月06日","112年06月08日","0.50","    35.00","","",
="03149U","南電元大26售14","0.00","","8046","南電","302.50","－","認售","歐式","111年12月27日","112年06月26日","112年06月20日","112年06月26日","0.238","    139.00","","",
="031500","宏達電元大26購06","0.00","","2498","宏達電","61.50","＋","認購","美式","111年12月09日","111年12月09日","112年06月06日","112年06月08日","0.432","    87.50","","",
="031501","美食元大26購03","0.00","","2723","美食-KY","152.50","－","認購","美式","111年12月09日","111年12月09日","112年06月06日","112年06月08日","0.11","    179.00","","",
="031502","美食元大2B購01","1.16","","2723","美食-KY","152.50","－","認購","美式","111年12月09日","111年12月09日","112年11月06日","112年11月08日","0.113","    200.00","","",
="031503","富邦金元大26購03","0.00","","2881","富邦金","61.10","＋","認購","美式","111年12月09日","111年12月09日","112年06月06日","112年06月08日","0.606","    70.20","","",
="031504","富邦金元大26購04","0.00","","2881","富邦金","61.10","＋","認購","美式","111年12月09日","111年12月09日","112年06月06日","112年06月08日","0.555","    70.00","","",
="031505","富邦金元大26購05","0.00","","2881","富邦金","61.10","＋","認購","美式","111年12月09日","111年12月09日","112年06月06日","112年06月08日","0.498","    67.30","","",
="031506","晶豪科元大26購01","0.00","","3006","晶豪科","88.20","＋","認購","美式","111年12月09日","111年12月09日","112年06月06日","112年06月08日","0.335","    104.00","","",
="031507","景碩元大26購04","0.00","","3189","景碩","116.00","＋","認購","美式","111年12月09日","111年12月09日","112年06月06日","112年06月08日","0.116","    193.50","","",
="031508","材料元大26購01","0.00","","4763","材料-KY","550.00","－","認購","美式","111年12月09日","111年12月09日","112年06月06日","112年06月08日","0.073","    209.20","","",
="031509","晶心科元大26購04","0.22","","6533","晶心科","511.00","＋","認購","美式","111年12月09日","111年12月09日","112年06月06日","112年06月08日","0.013","    543.00","","",
="03150U","南電元大26售15","0.00","","8046","南電","302.50","－","認售","歐式","111年12月27日","112年06月26日","112年06月20日","112年06月26日","0.109","    172.00","","",
="031510","AES元大26購05","0.00","","6781","AES-KY","690.00","＋","認購","美式","111年12月09日","111年12月09日","112年06月06日","112年06月08日","0.015","    1,015.00","","",
="031511","臺股指元大2A購18","0.00","","IX0001","臺股指數","16,636.30","","認購","歐式","111年12月09日","112年10月11日","112年10月05日","112年10月11日","0.005","    18,400.00","","",
="031512","臺股指元大2A購19","0.00","","IX0001","臺股指數","16,636.30","","認購","歐式","111年12月09日","112年10月11日","112年10月05日","112年10月11日","0.002","    15,500.00","","",
="031513","臺股指元大2A購20","0.00","","IX0001","臺股指數","16,636.30","","認購","歐式","111年12月09日","112年10月11日","112年10月05日","112年10月11日","0.001","    14,700.00","","",
="031514","臺股指元大2B購05","0.00","","IX0001","臺股指數","16,636.30","","認購","歐式","111年12月09日","112年11月08日","112年11月06日","112年11月08日","0.005","    19,400.00","","",
="031515","臺股指元大2B購06","0.00","","IX0001","臺股指數","16,636.30","","認購","歐式","111年12月09日","112年11月08日","112年11月06日","112年11月08日","0.004","    17,600.00","","",
="031516","臺股指元大2B購07","1.88","","IX0001","臺股指數","16,636.30","","認購","歐式","111年12月09日","112年11月08日","112年11月06日","112年11月08日","0.001","    14,900.00","","",
="031517","上証2X元富29購02","0.00","",="00633L","富邦上証正2","35.01","－","認購","美式","111年12月09日","111年12月09日","112年09月06日","112年09月08日","0.50","    59.00","","",
="031518","上証2X元富29購03","0.00","",="00633L","富邦上証正2","35.01","－","認購","美式","111年12月09日","111年12月09日","112年09月06日","112年09月08日","0.50","    50.00","","",
="031519","華城元富27購01","0.00","","1519","華城","141.00","＋","認購","美式","111年12月09日","111年12月09日","112年07月06日","112年07月10日","0.29","    70.00","","",
="03151P","華新凱基25售07","0.00","","1605","華新","46.60","＋","認售","歐式","111年12月01日","112年05月31日","112年05月29日","112年05月31日","0.32","    40.00","","",
="03151U","大立光群益26售09","0.00","","3008","大立光","2,305.00","＋","認售","歐式","111年12月28日","112年06月27日","112年06月21日","112年06月27日","0.02","    1,632.90","","",
="031520","大成鋼元富26購01","0.00","","2027","大成鋼","45.25","＋","認購","美式","111年12月09日","111年12月09日","112年06月06日","112年06月08日","1.00","    54.00","","",
="031521","飛宏元富26購02","0.00","","2457","飛宏","76.40","＋","認購","美式","111年12月09日","111年12月09日","112年06月06日","112年06月08日","0.29","    50.00","","",
="031522","智原元富29購01","0.40","","3035","智原","173.50","＋","認購","美式","111年12月09日","111年12月09日","112年09月06日","112年09月08日","0.075","    255.00","","",
="031523","亞泥麥證26購01","0.00","","1102","亞泥","43.85","－","認購","歐式","111年12月09日","112年06月08日","112年06月06日","112年06月08日","1.00","    48.00","","",
="031524","台塑麥證26購01","0.00","","1301","台塑","93.30","－","認購","歐式","111年12月09日","112年06月08日","112年06月06日","112年06月08日","1.00","    111.00","","",
="031525","廣宇麥證26購01","0.00","","2328","廣宇","39.40","＋","認購","歐式","111年12月09日","112年06月08日","112年06月06日","112年06月08日","1.00","    60.88","","",
="031526","盛群麥證26購01","0.00","","6202","盛群","69.70","＋","認購","歐式","111年12月09日","112年06月08日","112年06月06日","112年06月08日","0.45","    100.00","","",
="031527","上証2X群益26購01","0.00","",="00633L","富邦上証正2","35.01","－","認購","美式","111年12月09日","111年12月09日","112年06月06日","112年06月08日","0.50","    50.00","","",
="031528","S&P反1群益2A購01","0.46","－",="00648R","元大S&P500反1","6.93","－","認購","美式","111年12月09日","111年12月09日","112年10月05日","112年10月11日","1.00","    7.25","","",
="031529","A50正2群益26購03","0.00","",="00655L","國泰中國A50正2","24.65","－","認購","美式","111年12月09日","111年12月09日","112年06月06日","112年06月08日","0.50","    36.00","","",
="03152U","群創中信26售01","0.00","","3481","群創","14.10","＋","認售","歐式","111年12月28日","112年06月27日","112年06月21日","112年06月27日","1.00","    10.00","","",
="031530","國企2X群益26購01","0.00","",="00665L","富邦恒生國企正2","7.02","－","認購","美式","111年12月09日","111年12月09日","112年06月06日","112年06月08日","1.00","    11.00","","",
="031531","FBNQ反群益28購01","0.24","",="00671R","富邦NASDAQ 反1","5.07","－","認購","美式","111年12月09日","111年12月09日","112年08月04日","112年08月08日","1.00","    6.00","","",
="031532","FBNQ反群益28購02","0.00","",="00671R","富邦NASDAQ 反1","5.07","－","認購","美式","111年12月09日","111年12月09日","112年08月04日","112年08月08日","1.00","    8.00","","",
="031533","威盛群益26購02","0.00","","2388","威盛","83.10","＋","認購","美式","111年12月09日","111年12月09日","112年06月06日","112年06月08日","0.30","    97.50","","",
="031534","飛宏群益26購01","0.00","","2457","飛宏","76.40","＋","認購","美式","111年12月09日","111年12月09日","112年06月06日","112年06月08日","0.60","    60.00","","",
="031535","可成群益26購01","0.00","","2474","可成","189.00","＋","認購","美式","111年12月09日","111年12月09日","112年06月06日","112年06月08日","0.123","    208.00","","",
="031536","慧洋群益27購01","0.00","","2637","慧洋-KY","60.30","＋","認購","美式","111年12月09日","111年12月09日","112年07月06日","112年07月10日","0.336","    71.38","","",
="031537","智原群益26購03","0.00","","3035","智原","173.50","＋","認購","美式","111年12月09日","111年12月09日","112年06月06日","112年06月08日","0.08","    225.00","","",
="031538","玉晶光群益26購03","0.00","","3406","玉晶光","400.00","＋","認購","美式","111年12月09日","111年12月09日","112年06月06日","112年06月08日","0.232","    591.00","","",
="031539","世芯群益26購04","0.00","","3661","世芯-KY","1,660.00","＋","認購","美式","111年12月09日","111年12月09日","112年06月06日","112年06月08日","0.022","    1,340.00","","",
="03153U","聯電國泰28售03","0.00","","2303","聯電","51.20","＋","認售","歐式","111年12月28日","112年08月28日","112年08月24日","112年08月28日","1.00","    30.00","","",
="031540","晶心科群益26購06","0.00","","6533","晶心科","511.00","＋","認購","美式","111年12月09日","111年12月09日","112年06月06日","112年06月08日","0.02","    730.00","","",
="031541","中石化法興29購01","0.00","","1314","中石化","9.72","－","認購","歐式","111年12月09日","112年09月08日","112年09月06日","112年09月08日","1.00","    12.00","","",
="031542","鴻海法興26購01","0.00","","2317","鴻海","105.50","＋","認購","歐式","111年12月09日","112年06月08日","112年06月06日","112年06月08日","1.00","    125.00","","",
="031543","台積電法興26購01","0.00","","2330","台積電","568.00","＋","認購","歐式","111年12月09日","112年06月08日","112年06月06日","112年06月08日","0.122","    613.13","","",
="031544","聯發科法興26購01","0.00","","2454","聯發科","738.00","＋","認購","歐式","111年12月09日","112年06月08日","112年06月06日","112年06月08日","0.03","    850.00","","",
="031545","開發金法興26購01","0.00","","2883","開發金","12.80","－","認購","歐式","111年12月09日","112年06月08日","112年06月06日","112年06月08日","1.00","    14.00","","",
="031546","晶豪科法興28購01","1.37","＋","3006","晶豪科","88.20","＋","認購","歐式","111年12月09日","112年08月08日","112年08月04日","112年08月08日","0.20","    95.00","","",
="031547","欣興法興26購01","0.00","","3037","欣興","182.50","－","認購","歐式","111年12月09日","112年06月08日","112年06月06日","112年06月08日","0.10","    200.00","","",
="031548","世芯法興28購01","0.00","","3661","世芯-KY","1,660.00","＋","認購","歐式","111年12月09日","112年08月08日","112年08月04日","112年08月08日","0.01","    1,050.00","","",
="031549","貿聯法興28購01","0.00","","3665","貿聯-KY","270.50","＋","認購","歐式","111年12月09日","112年08月08日","112年08月04日","112年08月08日","0.03","    298.82","","",
="03154U","南電國泰28售02","0.19","","8046","南電","302.50","－","認售","歐式","111年12月28日","112年08月28日","112年08月24日","112年08月28日","0.10","    185.00","","",
="031550","日月光法興26購01","0.13","－","3711","日月光投控","109.00","－","認購","歐式","111年12月09日","112年06月08日","112年06月06日","112年06月08日","0.30","    120.00","","",
="031551","新唐法興28購01","0.69","＋","4919","新唐","130.50","＋","認購","歐式","111年12月09日","112年08月08日","112年08月04日","112年08月08日","0.10","    150.00","","",
="031552","啟碁法興28購01","0.42","","6285","啟碁","87.50","＋","認購","歐式","111年12月09日","112年08月08日","112年08月04日","112年08月08日","0.20","    110.00","","",
="031553","南電第一2C購02","0.62","－","8046","南電","302.50","－","認購","美式","111年12月12日","111年12月12日","112年12月07日","112年12月11日","0.01","    312.68","","",
="031554","A50正2國票27購02","0.00","",="00655L","國泰中國A50正2","24.65","－","認購","美式","111年12月12日","111年12月12日","112年07月07日","112年07月11日","1.00","    36.00","","",
="031555","三陽國票27購01","14.60","＋","2206","三陽工業","74.20","＋","認購","美式","111年12月12日","111年12月12日","112年07月07日","112年07月11日","0.50","    45.00","","",
="031556","廣宇國票27購01","0.00","","2328","廣宇","39.40","＋","認購","美式","111年12月12日","111年12月12日","112年07月07日","112年07月11日","0.70","    45.00","","",
="031557","燿華國票27購01","0.00","","2367","燿華","18.05","＋","認購","美式","111年12月12日","111年12月12日","112年07月07日","112年07月11日","0.50","    21.00","","",
="031558","長榮國票27購01","0.03","＋","2603","長榮","157.00","＋","認購","美式","111年12月12日","111年12月12日","112年07月07日","112年07月11日","0.20","    220.00","","",
="031559","漢翔國票27購02","0.00","","2634","漢翔","55.80","＋","認購","美式","111年12月12日","111年12月12日","112年07月07日","112年07月11日","1.00","    45.00","","",
="03155U","華新國票27售02","0.11","","1605","華新","46.60","＋","認售","歐式","111年12月28日","112年07月27日","112年07月25日","112年07月27日","1.00","    30.00","","",
="031560","潤泰全國票27購01","0.00","","2915","潤泰全","56.40","＋","認購","美式","111年12月12日","111年12月12日","112年07月07日","112年07月11日","0.60","    100.00","","",
="031561","欣興國票27購01","1.62","－","3037","欣興","182.50","－","認購","美式","111年12月12日","111年12月12日","112年07月07日","112年07月11日","0.06","    160.00","","",
="031562","景碩國票27購01","0.02","","3189","景碩","116.00","＋","認購","美式","111年12月12日","111年12月12日","112年07月07日","112年07月11日","0.16","    180.00","","",
="031563","揚明光國票27購02","0.21","＋","3504","揚明光","81.70","＋","認購","美式","111年12月12日","111年12月12日","112年07月07日","112年07月11日","0.095","    100.00","","",
="031564","拓凱國票27購01","0.00","","4536","拓凱","196.50","＋","認購","美式","111年12月12日","111年12月12日","112年07月07日","112年07月11日","0.10","    250.00","","",
="031565","樺漢國票27購01","0.00","","6414","樺漢","281.00","＋","認購","美式","111年12月12日","111年12月12日","112年07月07日","112年07月11日","0.12","    260.00","","",
="031566","晶碩國票27購01","0.00","","6491","晶碩","366.50","＋","認購","美式","111年12月12日","111年12月12日","112年07月07日","112年07月11日","0.06","    500.00","","",
="031567","穎崴國票27購01","0.00","","6515","穎崴","830.00","－","認購","美式","111年12月12日","111年12月12日","112年07月07日","112年07月11日","0.026","    540.00","","",
="031568","南電國票27購01","0.56","－","8046","南電","302.50","－","認購","美式","111年12月12日","111年12月12日","112年07月07日","112年07月11日","0.12","    370.00","","",
="031569","富邦媒國票27購01","0.00","","8454","富邦媒","703.00","＋","認購","美式","111年12月12日","111年12月12日","112年07月07日","112年07月11日","0.06","    900.00","","",
="03156P","台驊控元大26售01","0.00","","2636","台驊投控","71.70","","認售","歐式","111年09月22日","112年06月21日","112年06月19日","112年06月21日","0.149","    52.27","","",
="03156U","華新國票28售02","0.00","","1605","華新","46.60","＋","認售","歐式","111年12月28日","112年08月28日","112年08月24日","112年08月28日","1.00","    25.00","","",
="031570","滬深2X康和29購01","0.00","",="00637L","元大滬深300正2","13.77","－","認購","美式","111年12月12日","111年12月12日","112年09月07日","112年09月11日","1.00","    22.00","","",
="031571","台塑永豐26購01","0.00","","1301","台塑","93.30","－","認購","美式","111年12月12日","111年12月12日","112年06月08日","112年06月12日","0.30","    105.12","","",
="031572","廣宇永豐26購02","0.00","","2328","廣宇","39.40","＋","認購","美式","111年12月12日","111年12月12日","112年06月08日","112年06月12日","0.345","    45.57","","",
="031573","光罩永豐27購03","0.00","","2338","光罩","81.80","＋","認購","美式","111年12月12日","111年12月12日","112年07月07日","112年07月11日","0.10","    115.44","","",
="031574","長榮永豐27購02","0.15","","2603","長榮","157.00","＋","認購","美式","111年12月12日","111年12月12日","112年07月07日","112年07月11日","0.09","    198.58","","",
="031575","漢翔永豐27購01","4.10","","2634","漢翔","55.80","＋","認購","美式","111年12月12日","111年12月12日","112年07月07日","112年07月11日","0.51","    49.04","","",
="031576","矽力元富26購01","0.00","","6415","矽力*-KY","394.50","＋","認購","美式","111年12月12日","111年12月12日","112年06月08日","112年06月12日","0.02","    545.17","","",
="031577","世紀鋼元富29購01","1.10","＋","9958","世紀鋼","109.50","＋","認購","美式","111年12月12日","111年12月12日","112年09月07日","112年09月11日","0.10","    115.00","","",
="031578","鴻海麥證26購03","0.00","","2317","鴻海","105.50","＋","認購","歐式","111年12月12日","112年06月12日","112年06月08日","112年06月12日","0.35","    128.00","","",
="031579","光罩中信26購02","0.00","","2338","光罩","81.80","＋","認購","歐式","111年12月12日","112年06月12日","112年06月08日","112年06月12日","0.06","    120.00","","",
="03157U","技嘉國票26售01","0.00","","2376","技嘉","186.00","＋","認售","歐式","111年12月28日","112年06月27日","112年06月21日","112年06月27日","0.075","    100.00","","",
="031580","南亞科中信26購01","0.00","","2408","南亞科","71.20","－","認購","歐式","111年12月12日","112年06月12日","112年06月08日","112年06月12日","1.00","    80.00","","",
="031581","新光金中信26購01","0.00","","2888","新光金","8.63","＋","認購","歐式","111年12月12日","112年06月12日","112年06月08日","112年06月12日","1.00","    8.80","","",
="031582","新光金中信29購01","0.00","","2888","新光金","8.63","＋","認購","歐式","111年12月12日","112年09月11日","112年09月07日","112年09月11日","1.00","    10.00","","",
="031583","大立光中信28購01","0.51","＋","3008","大立光","2,305.00","＋","認購","歐式","111年12月12日","112年08月11日","112年08月09日","112年08月11日","0.003","    2,340.55","","",
="031584","大立光中信29購01","0.00","","3008","大立光","2,305.00","＋","認購","歐式","111年12月12日","112年09月11日","112年09月07日","112年09月11日","0.005","    3,320.68","","",
="031585","貿聯中信27購01","0.00","","3665","貿聯-KY","270.50","＋","認購","歐式","111年12月12日","112年07月11日","112年07月07日","112年07月11日","0.131","    387.35","","",
="031586","晶碩中信27購01","0.00","","6491","晶碩","366.50","＋","認購","歐式","111年12月12日","112年07月11日","112年07月07日","112年07月11日","0.018","    588.00","","",
="031587","T50反1國泰28購01","0.00","",="00632R","元大台灣50反1","4.94","－","認購","美式","111年12月12日","111年12月12日","112年08月09日","112年08月11日","1.00","    5.96","","",
="031588","宏達電國泰28購01","0.68","＋","2498","宏達電","61.50","＋","認購","美式","111年12月12日","111年12月12日","112年08月09日","112年08月11日","0.25","    73.00","","",
="031589","王品國泰28購02","0.00","","2727","王品","320.00","－","認購","美式","111年12月12日","111年12月12日","112年08月09日","112年08月11日","0.06","    195.00","","",
="03158U","技嘉國票27售02","0.00","","2376","技嘉","186.00","＋","認售","歐式","111年12月28日","112年07月27日","112年07月25日","112年07月27日","0.20","    80.00","","",
="031590","道瓊銀凱基2A購03","0.00","",="00738U","期元大道瓊白銀(原名：元大道瓊白銀)","22.79","＋","認購","美式","111年12月12日","111年12月12日","112年10月05日","112年10月11日","1.00","    28.00","","",
="031591","中502X凱基27購01","0.13","＋",="00753L","中信中國50正2","8.81","","認購","美式","111年12月12日","111年12月12日","112年07月07日","112年07月11日","0.60","    12.50","","",
="031592","中興電凱基27購03","0.00","","1513","中興電","113.50","＋","認購","美式","111年12月12日","111年12月12日","112年07月07日","112年07月11日","0.20","    65.00","","",
="031593","中砂凱基26購03","0.00","","1560","中砂","114.50","－","認購","美式","111年12月12日","111年12月12日","112年06月08日","112年06月12日","0.148","    180.00","","",
="031594","鴻海凱基29購03","0.30","","2317","鴻海","105.50","＋","認購","美式","111年12月12日","111年12月12日","112年09月07日","112年09月11日","0.25","    128.00","","",
="031595","燿華凱基27購01","0.00","","2367","燿華","18.05","＋","認購","美式","111年12月12日","111年12月12日","112年07月07日","112年07月11日","0.60","    22.00","","",
="031596","宏達電凱基2B購02","1.45","＋","2498","宏達電","61.50","＋","認購","美式","111年12月12日","111年12月12日","112年11月09日","112年11月13日","0.14","    62.00","","",
="031597","長榮航凱基26購04","0.00","","2618","長榮航","33.60","＋","認購","美式","111年12月12日","111年12月12日","112年06月08日","112年06月12日","1.00","    35.00","","",
="031598","美食凱基27購01","0.00","","2723","美食-KY","152.50","－","認購","美式","111年12月12日","111年12月12日","112年07月07日","112年07月11日","0.12","    175.00","","",
="031599","八方凱基27購01","0.00","","2753","八方雲集","167.00","","認購","美式","111年12月12日","111年12月12日","112年07月07日","112年07月11日","0.098","    296.47","","",
="03159P","正文元大26售01","0.00","","4906","正文","31.40","＋","認售","歐式","111年09月22日","112年06月21日","112年06月19日","112年06月21日","0.222","    29.00","","",
="03159U","臺股指國票26售16","0.00","","IX0001","臺股指數","16,636.30","","認售","歐式","111年12月28日","112年06月27日","112年06月21日","112年06月27日","0.002","    13,300.00","","",
="031600","富邦金凱基26購04","0.00","","2881","富邦金","61.10","＋","認購","美式","111年12月12日","111年12月12日","112年06月08日","112年06月12日","0.38","    62.00","","",
="031601","大立光凱基26購05","0.00","","3008","大立光","2,305.00","＋","認購","美式","111年12月12日","111年12月12日","112年06月08日","112年06月12日","0.02","    2,597.34","","",
="031602","智原凱基27購02","0.44","＋","3035","智原","173.50","＋","認購","美式","111年12月12日","111年12月12日","112年07月07日","112年07月11日","0.065","    190.00","","",
="031603","欣興凱基2B購01","2.05","－","3037","欣興","182.50","－","認購","美式","111年12月12日","111年12月12日","112年11月09日","112年11月13日","0.06","    175.00","","",
="031604","緯創凱基27購01","0.00","","3231","緯創","68.00","＋","認購","美式","111年12月12日","111年12月12日","112年07月07日","112年07月11日","1.00","    33.00","","",
="031605","世芯凱基27購05","0.00","","3661","世芯-KY","1,660.00","＋","認購","美式","111年12月12日","111年12月12日","112年07月07日","112年07月11日","0.013","    1,000.00","","",
="031606","立積凱基27購04","1.06","＋","4968","立積","170.00","＋","認購","美式","111年12月12日","111年12月12日","112年07月07日","112年07月11日","0.085","    180.00","","",
="031607","力智凱基26購02","0.00","","6719","力智","303.00","＋","認購","美式","111年12月12日","111年12月12日","112年06月08日","112年06月12日","0.085","    425.00","","",
="031608","元石油群益26購01","0.00","",="00642U","期元大S&P石油(原名：元大S&P石油)","15.46","＋","認購","美式","111年12月12日","111年12月12日","112年06月08日","112年06月12日","1.00","    16.50","","",
="031609","香港2X群益27購02","0.19","＋",="00650L","FH香港正2","11.60","＋","認購","美式","111年12月12日","111年12月12日","112年07月07日","112年07月11日","0.611","    15.00","","",
="03160U","臺股指國票27售10","0.00","","IX0001","臺股指數","16,636.30","","認售","歐式","111年12月28日","112年07月27日","112年07月25日","112年07月27日","0.004","    11,100.00","","",
="031610","元金反群益28購01","0.00","",="00674R","期元大S&P黃金反1(原名：元大S&P黃金反1)","12.25","","認購","美式","111年12月12日","111年12月12日","112年08月09日","112年08月11日","1.00","    14.00","","",
="031611","中砂群益26購01","0.00","","1560","中砂","114.50","－","認購","美式","111年12月12日","111年12月12日","112年06月08日","112年06月12日","0.08","    158.88","","",
="031612","廣宇群益26購01","0.00","","2328","廣宇","39.40","＋","認購","美式","111年12月12日","111年12月12日","112年06月08日","112年06月12日","0.388","    46.00","","",
="031613","台積電群益26購07","2.12","","2330","台積電","568.00","＋","認購","美式","111年12月12日","111年12月12日","112年06月08日","112年06月12日","0.05","    529.08","","",
="031614","台積電群益26購08","0.67","","2330","台積電","568.00","＋","認購","美式","111年12月12日","111年12月12日","112年06月08日","112年06月12日","0.102","    593.36","","",
="031615","聯發科群益26購11","0.00","","2454","聯發科","738.00","＋","認購","美式","111年12月12日","111年12月12日","112年06月08日","112年06月12日","0.025","    770.00","","",
="031616","飛宏群益26購02","0.00","","2457","飛宏","76.40","＋","認購","美式","111年12月12日","111年12月12日","112年06月08日","112年06月12日","0.806","    56.00","","",
="031617","長榮群益26購06","0.00","","2603","長榮","157.00","＋","認購","美式","111年12月12日","111年12月12日","112年06月08日","112年06月12日","0.05","    153.00","","",
="031618","大立光群益26購04","0.00","","3008","大立光","2,305.00","＋","認購","美式","111年12月12日","111年12月12日","112年06月08日","112年06月12日","0.007","    2,244.50","","",
="031619","威強電群益26購01","0.00","","3022","威強電","91.20","＋","認購","美式","111年12月12日","111年12月12日","112年06月08日","112年06月12日","0.15","    96.00","","",
="03161U","臺股指國票28售09","0.03","－","IX0001","臺股指數","16,636.30","","認售","歐式","111年12月28日","112年08月28日","112年08月24日","112年08月28日","0.01","    8,500.00","","",
="031620","世芯群益26購05","13.20","＋","3661","世芯-KY","1,660.00","＋","認購","美式","111年12月12日","111年12月12日","112年06月08日","112年06月12日","0.03","    1,200.00","","",
="031621","愛普群益26購07","0.00","","6531","愛普*","328.50","＋","認購","美式","111年12月12日","111年12月12日","112年06月08日","112年06月12日","0.06","    215.00","","",
="031622","晶心科群益26購07","0.45","＋","6533","晶心科","511.00","＋","認購","美式","111年12月12日","111年12月12日","112年06月08日","112年06月12日","0.02","    538.00","","",
="031623","AES群益28購01","0.00","","6781","AES-KY","690.00","＋","認購","美式","111年12月12日","111年12月12日","112年08月09日","112年08月11日","0.02","    1,190.00","","",
="031624","SGBR2X元大26購06","0.28","＋",="00715L","期街口布蘭特正2","12.73","＋","認購","美式","111年12月12日","111年12月12日","112年06月08日","112年06月12日","0.25","    13.00","","",
="031625","台塑元大26購01","0.00","","1301","台塑","93.30","－","認購","美式","111年12月12日","111年12月12日","112年06月08日","112年06月12日","0.30","    100.74","","",
="031626","中興電元大26購03","0.00","","1513","中興電","113.50","＋","認購","美式","111年12月12日","111年12月12日","112年06月08日","112年06月12日","0.378","    80.60","","",
="031627","華新元大2A購08","1.14","＋","1605","華新","46.60","＋","認購","美式","111年12月12日","111年12月12日","112年10月05日","112年10月11日","0.218","    53.90","","",
="031628","華新元大2B購04","1.06","","1605","華新","46.60","＋","認購","美式","111年12月12日","111年12月12日","112年11月09日","112年11月13日","0.26","    61.70","","",
="031629","華新元大2C購04","0.00","","1605","華新","46.60","＋","認購","美式","111年12月12日","111年12月12日","112年12月07日","112年12月11日","0.217","    60.60","","",
="03162U","台光電康和27售01","0.10","","2383","台光電","204.50","＋","認售","歐式","111年12月28日","112年07月27日","112年07月25日","112年07月27日","0.05","    145.00","","",
="031630","鴻海元大2A購09","0.87","＋","2317","鴻海","105.50","＋","認購","美式","111年12月12日","111年12月12日","112年10月05日","112年10月11日","0.102","    107.00","","",
="031631","鴻海元大2B購05","0.85","＋","2317","鴻海","105.50","＋","認購","美式","111年12月12日","111年12月12日","112年11月09日","112年11月13日","0.12","    113.50","","",
="031632","鴻海元大2C購01","0.88","＋","2317","鴻海","105.50","＋","認購","美式","111年12月12日","111年12月12日","112年12月07日","112年12月11日","0.216","    134.00","","",
="031633","國巨元大26購03","0.00","","2327","國巨","508.00","＋","認購","美式","111年12月12日","111年12月12日","112年06月08日","112年06月12日","0.094","    700.00","","",
="031634","廣宇元大26購02","0.49","","2328","廣宇","39.40","＋","認購","美式","111年12月12日","111年12月12日","112年06月08日","112年06月12日","0.24","    39.00","","",
="031635","佳世達元大26購01","6.65","＋","2352","佳世達","40.20","＋","認購","美式","111年12月12日","111年12月12日","112年06月08日","112年06月12日","0.777","    31.63","","",
="031636","宏達電元大26購07","0.00","","2498","宏達電","61.50","＋","認購","美式","111年12月12日","111年12月12日","112年06月08日","112年06月12日","0.293","    76.40","","",
="031637","宏達電元大26購08","0.00","","2498","宏達電","61.50","＋","認購","美式","111年12月12日","111年12月12日","112年06月08日","112年06月12日","0.254","    70.50","","",
="031638","聯詠元大26購03","0.00","","3034","聯詠","423.50","＋","認購","美式","111年12月12日","111年12月12日","112年06月08日","112年06月12日","0.064","    343.50","","",
="031639","創意元大26購03","18.00","","3443","創意","1,515.00","＋","認購","美式","111年12月12日","111年12月12日","112年06月08日","112年06月12日","0.041","    1,100.00","","",
="03163U","聯詠永豐26售01","0.00","","3034","聯詠","423.50","＋","認售","歐式","111年12月28日","112年06月27日","112年06月21日","112年06月27日","0.088","    265.84","","",
="031640","中磊元大26購04","0.00","","5388","中磊","93.30","＋","認購","美式","111年12月12日","111年12月12日","112年06月08日","112年06月12日","0.183","    84.18","","",
="031641","四維航元大26購02","0.00","","5608","四維航","23.10","＋","認購","美式","111年12月12日","111年12月12日","112年06月08日","112年06月12日","1.00","    37.65","","",
="031642","晶心科元大26購05","0.00","","6533","晶心科","511.00","＋","認購","美式","111年12月12日","111年12月12日","112年06月08日","112年06月12日","0.026","    705.00","","",
="031643","晶心科元大26購06","0.09","","6533","晶心科","511.00","＋","認購","美式","111年12月12日","111年12月12日","112年06月08日","112年06月12日","0.021","    627.00","","",
="031644","嘉基元大26購01","0.00","","6715","嘉基","145.50","＋","認購","美式","111年12月12日","111年12月12日","112年06月08日","112年06月12日","0.071","    156.00","","",
="031645","富邦媒元大26購01","0.15","","8454","富邦媒","703.00","＋","認購","美式","111年12月12日","111年12月12日","112年06月08日","112年06月12日","0.025","    840.00","","",
="031646","裕隆富邦28購02","0.00","","2201","裕隆","82.80","＋","認購","美式","111年12月12日","111年12月12日","112年08月09日","112年08月11日","0.15","    70.00","","",
="031647","聯電富邦29購02","1.70","＋","2303","聯電","51.20","＋","認購","美式","111年12月12日","111年12月12日","112年09月07日","112年09月11日","0.30","    50.00","","",
="031648","鴻海富邦28購02","0.00","","2317","鴻海","105.50","＋","認購","美式","111年12月12日","111年12月12日","112年08月09日","112年08月11日","0.15","    120.00","","",
="031649","廣宇富邦28購01","0.25","＋","2328","廣宇","39.40","＋","認購","美式","111年12月12日","111年12月12日","112年08月09日","112年08月11日","0.20","    45.00","","",
="03164U","世芯永豐27售02","0.03","","3661","世芯-KY","1,660.00","＋","認售","歐式","111年12月28日","112年07月27日","112年07月25日","112年07月27日","0.014","    585.38","","",
="031650","瑞昱富邦28購02","2.26","＋","2379","瑞昱","388.00","＋","認購","美式","111年12月12日","111年12月12日","112年08月09日","112年08月11日","0.033","    330.00","","",
="031651","南亞科富邦29購01","0.00","","2408","南亞科","71.20","－","認購","美式","111年12月12日","111年12月12日","112年09月07日","112年09月11日","0.15","    60.00","","",
="031652","義隆富邦28購03","0.00","","2458","義隆","104.00","＋","認購","美式","111年12月12日","111年12月12日","112年08月09日","112年08月11日","0.227","    116.41","","",
="031653","宏達電富邦28購01","0.48","＋","2498","宏達電","61.50","＋","認購","美式","111年12月12日","111年12月12日","112年08月09日","112年08月11日","0.10","    70.00","","",
="031654","陽明富邦26購01","0.00","","2609","陽明","62.00","＋","認購","美式","111年12月12日","111年12月12日","112年06月08日","112年06月12日","0.25","    90.00","","",
="031655","美食富邦28購01","0.00","","2723","美食-KY","152.50","－","認購","美式","111年12月12日","111年12月12日","112年08月09日","112年08月11日","0.04","    145.00","","",
="031656","智原富邦27購03","0.00","","3035","智原","173.50","＋","認購","美式","111年12月12日","111年12月12日","112年07月07日","112年07月11日","0.05","    220.00","","",
="031657","敦泰富邦28購02","0.00","","3545","敦泰","83.70","＋","認購","美式","111年12月12日","111年12月12日","112年08月09日","112年08月11日","0.06","    90.00","","",
="031658","致伸富邦26購01","0.00","","4915","致伸","64.40","＋","認購","美式","111年12月12日","111年12月12日","112年06月08日","112年06月12日","0.30","    67.00","","",
="031659","臻鼎富邦27購01","0.00","","4958","臻鼎-KY","114.50","＋","認購","美式","111年12月12日","111年12月12日","112年07月07日","112年07月11日","0.13","    150.00","","",
="03165U","聯詠凱基26售06","0.00","","3034","聯詠","423.50","＋","認售","歐式","111年12月28日","112年06月27日","112年06月21日","112年06月27日","0.04","    300.00","","",
="031660","元晶富邦28購01","0.43","＋","6443","元晶","36.20","＋","認購","美式","111年12月12日","111年12月12日","112年08月09日","112年08月11日","0.20","    40.00","","",
="031661","晶碩富邦26購01","0.00","","6491","晶碩","366.50","＋","認購","美式","111年12月12日","111年12月12日","112年06月08日","112年06月12日","0.02","    475.00","","",
="031662","寶成富邦28購01","0.00","","9904","寶成","32.05","－","認購","美式","111年12月12日","111年12月12日","112年08月09日","112年08月11日","0.25","    35.00","","",
="031663","國巨兆豐26購02","0.00","","2327","國巨","508.00","＋","認購","美式","111年12月12日","111年12月12日","112年06月08日","112年06月12日","0.02","    500.00","","",
="031664","聯發科兆豐27購03","0.53","＋","2454","聯發科","738.00","＋","認購","美式","111年12月12日","111年12月12日","112年07月07日","112年07月11日","0.015","    750.00","","",
="031665","大立光兆豐27購01","0.85","＋","3008","大立光","2,305.00","＋","認購","美式","111年12月12日","111年12月12日","112年07月07日","112年07月11日","0.004","    2,156.29","","",
="031666","景碩兆豐29購02","0.22","","3189","景碩","116.00","＋","認購","美式","111年12月12日","111年12月12日","112年09月07日","112年09月11日","0.05","    140.00","","",
="031667","玉晶光兆豐29購01","0.97","＋","3406","玉晶光","400.00","＋","認購","美式","111年12月12日","111年12月12日","112年09月07日","112年09月11日","0.018","    380.00","","",
="031668","世紀鋼兆豐28購01","2.52","＋","9958","世紀鋼","109.50","＋","認購","美式","111年12月12日","111年12月12日","112年08月09日","112年08月11日","0.10","    88.80","","",
="031669","台積電康和28購01","2.20","＋","2330","台積電","568.00","＋","認購","美式","111年12月13日","111年12月13日","112年08月10日","112年08月14日","0.07","    568.63","","",
="03166U","揚明光凱基28售01","0.00","","3504","揚明光","81.70","＋","認售","歐式","111年12月28日","112年08月28日","112年08月24日","112年08月28日","0.10","    60.00","","",
="031670","友達康和28購01","0.88","","2409","友達","17.65","＋","認購","美式","111年12月13日","111年12月13日","112年08月10日","112年08月14日","0.80","    18.50","","",
="031671","世芯康和26購01","0.00","","3661","世芯-KY","1,660.00","＋","認購","美式","111年12月13日","111年12月13日","112年06月08日","112年06月12日","0.008","    995.00","","",
="031672","台灣50永豐27購04","0.00","",="0050","元大台灣50","126.75","＋","認購","美式","111年12月13日","111年12月13日","112年07月10日","112年07月12日","0.302","    125.36","","",
="031673","中興電永豐27購01","0.00","","1513","中興電","113.50","＋","認購","美式","111年12月13日","111年12月13日","112年07月10日","112年07月12日","0.30","    86.84","","",
="031674","為升永豐27購01","0.66","－","2231","為升","172.50","＋","認購","美式","111年12月13日","111年12月13日","112年07月10日","112年07月12日","0.089","    195.11","","",
="031675","台積電永豐27購05","1.57","＋","2330","台積電","568.00","＋","認購","美式","111年12月13日","111年12月13日","112年07月10日","112年07月12日","0.041","    553.36","","",
="031676","美食永豐27購02","0.00","","2723","美食-KY","152.50","－","認購","美式","111年12月13日","111年12月13日","112年07月10日","112年07月12日","0.096","    196.70","","",
="031677","聯合再永豐27購01","0.00","","3576","聯合再生","20.30","＋","認購","美式","111年12月13日","111年12月13日","112年07月10日","112年07月12日","0.795","    28.06","","",
="031678","東哥永豐26購01","0.00","","8478","東哥遊艇","520.00","＋","認購","美式","111年12月13日","111年12月13日","112年06月08日","112年06月12日","0.025","    373.52","","",
="031679","東哥永豐27購01","3.66","","8478","東哥遊艇","520.00","＋","認購","美式","111年12月13日","111年12月13日","112年07月10日","112年07月12日","0.038","    441.14","","",
="03167U","南亞科元大26售05","0.00","","2408","南亞科","71.20","－","認售","歐式","111年12月28日","112年06月27日","112年06月21日","112年06月27日","1.00","    35.60","","",
="031680","寶成永豐26購01","0.00","","9904","寶成","32.05","－","認購","美式","111年12月13日","111年12月13日","112年06月08日","112年06月12日","0.495","    37.92","","",
="031681","美指2X國票26購02","0.00","",="00683L","期元大美元指正2(原名：元大美元指數正2)","21.98","－","認購","美式","111年12月13日","111年12月13日","112年06月08日","112年06月12日","0.558","    22.50","","",
="031682","鴻海國票27購02","0.68","＋","2317","鴻海","105.50","＋","認購","美式","111年12月13日","111年12月13日","112年07月10日","112年07月12日","0.06","    95.00","","",
="031683","陽明國票27購02","0.00","","2609","陽明","62.00","＋","認購","美式","111年12月13日","111年12月13日","112年07月10日","112年07月12日","0.25","    70.00","","",
="031684","臺企銀國票27購01","0.00","","2834","臺企銀","14.10","＋","認購","美式","111年12月13日","111年12月13日","112年07月10日","112年07月12日","0.80","    14.00","","",
="031685","群創國票28購01","0.51","＋","3481","群創","14.10","＋","認購","美式","111年12月13日","111年12月13日","112年08月10日","112年08月14日","1.00","    15.50","","",
="031686","世芯國票28購01","6.75","＋","3661","世芯-KY","1,660.00","＋","認購","美式","111年12月13日","111年12月13日","112年08月10日","112年08月14日","0.015","    1,250.00","","",
="031687","立積國票26購03","0.00","","4968","立積","170.00","＋","認購","美式","111年12月13日","111年12月13日","112年06月08日","112年06月12日","0.05","    140.00","","",
="031688","T50正2群益26購02","3.85","＋",="00631L","元大台灣50正2","129.10","＋","認購","美式","111年12月13日","111年12月13日","112年06月08日","112年06月12日","0.158","    105.00","","",
="031689","臺指反群益28購01","0.00","",="00664R","國泰臺灣加權反1","5.58","－","認購","美式","111年12月13日","111年12月13日","112年08月10日","112年08月14日","1.00","    6.30","","",
="03168U","聯發科元大26售28","0.00","","2454","聯發科","738.00","＋","認售","歐式","111年12月28日","112年06月27日","112年06月21日","112年06月27日","0.119","    459.50","","",
="031690","中興電群益26購01","0.00","","1513","中興電","113.50","＋","認購","美式","111年12月13日","111年12月13日","112年06月08日","112年06月12日","0.36","    77.00","","",
="031691","華新群益26購04","0.00","","1605","華新","46.60","＋","認購","美式","111年12月13日","111年12月13日","112年06月08日","112年06月12日","0.20","    52.00","","",
="031692","華新群益26購05","0.00","","1605","華新","46.60","＋","認購","美式","111年12月13日","111年12月13日","112年06月08日","112年06月12日","1.00","    70.00","","",
="031693","飛宏群益26購03","0.00","","2457","飛宏","76.40","＋","認購","美式","111年12月13日","111年12月13日","112年06月08日","112年06月12日","0.272","    50.00","","",
="031694","宏達電群益28購04","0.00","","2498","宏達電","61.50","＋","認購","美式","111年12月13日","111年12月13日","112年08月10日","112年08月14日","0.30","    89.00","","",
="031695","華航群益26購01","0.76","","2610","華航","21.65","＋","認購","美式","111年12月13日","111年12月13日","112年06月08日","112年06月12日","0.60","    20.50","","",
="031696","長榮航群益26購06","0.00","","2618","長榮航","33.60","＋","認購","美式","111年12月13日","111年12月13日","112年06月08日","112年06月12日","1.00","    37.00","","",
="031697","貿聯群益26購01","0.00","","3665","貿聯-KY","270.50","＋","認購","美式","111年12月13日","111年12月13日","112年06月08日","112年06月12日","0.09","    316.75","","",
="031698","台表科群益26購01","0.00","","6278","台表科","100.50","＋","認購","美式","111年12月13日","111年12月13日","112年06月08日","112年06月12日","0.16","    120.00","","",
="031699","元晶群益26購01","0.00","","6443","元晶","36.20","＋","認購","美式","111年12月13日","111年12月13日","112年06月08日","112年06月12日","0.202","    38.00","","",
="03169U","大立光元大26售21","0.00","","3008","大立光","2,305.00","＋","認售","歐式","111年12月28日","112年06月27日","112年06月21日","112年06月27日","0.026","    1,465.29","","",
="031700","富邦媒群益26購01","0.00","","8454","富邦媒","703.00","＋","認購","美式","111年12月13日","111年12月13日","112年06月08日","112年06月12日","0.03","    778.00","","",
="031701","東哥群益26購01","7.60","","8478","東哥遊艇","520.00","＋","認購","美式","111年12月13日","111年12月13日","112年06月08日","112年06月12日","0.06","    399.00","","",
="031702","漢翔元富26購01","0.00","","2634","漢翔","55.80","＋","認購","美式","111年12月13日","111年12月13日","112年06月08日","112年06月12日","0.37","    43.00","","",
="031703","漢翔元富29購01","4.43","＋","2634","漢翔","55.80","＋","認購","美式","111年12月13日","111年12月13日","112年09月08日","112年09月12日","0.43","    50.00","","",
="031704","華擎元富26購01","0.00","","3515","華擎","154.00","＋","認購","美式","111年12月13日","111年12月13日","112年06月08日","112年06月12日","0.10","    160.00","","",
="031705","東哥元富26購01","0.00","","8478","東哥遊艇","520.00","＋","認購","美式","111年12月13日","111年12月13日","112年06月08日","112年06月12日","0.023","    360.00","","",
="031706","台灣50麥證26購06","0.00","",="0050","元大台灣50","126.75","＋","認購","歐式","111年12月13日","112年06月12日","112年06月08日","112年06月12日","1.023","    141.81","","",
="031707","鴻海麥證26購04","0.00","","2317","鴻海","105.50","＋","認購","歐式","111年12月13日","112年06月12日","112年06月08日","112年06月12日","0.85","    115.00","","",
="031708","鴻海麥證27購02","0.00","","2317","鴻海","105.50","＋","認購","歐式","111年12月13日","112年07月12日","112年07月10日","112年07月12日","1.00","    145.00","","",
="031709","台積電麥證26購10","0.00","","2330","台積電","568.00","＋","認購","歐式","111年12月13日","112年06月12日","112年06月08日","112年06月12日","0.152","    543.91","","",
="03170U","南電元大26售16","0.00","","8046","南電","302.50","－","認售","歐式","111年12月28日","112年06月27日","112年06月21日","112年06月27日","0.074","    192.00","","",
="031710","台積電麥證26購11","0.00","","2330","台積電","568.00","＋","認購","歐式","111年12月13日","112年06月12日","112年06月08日","112年06月12日","0.07","    494.46","","",
="031711","聯合再麥證26購01","0.00","","3576","聯合再生","20.30","＋","認購","歐式","111年12月13日","112年06月12日","112年06月08日","112年06月12日","0.80","    23.00","","",
="031712","合勤控麥證26購01","0.00","","3704","合勤控","43.85","＋","認購","歐式","111年12月13日","112年06月12日","112年06月08日","112年06月12日","0.70","    42.00","","",
="031713","東哥麥證26購01","0.00","","8478","東哥遊艇","520.00","＋","認購","歐式","111年12月13日","112年06月12日","112年06月08日","112年06月12日","0.05","    458.88","","",
="031714","A50正2元大27購02","0.16","－",="00655L","國泰中國A50正2","24.65","－","認購","美式","111年12月13日","111年12月13日","112年07月10日","112年07月12日","0.30","    29.00","","",
="031715","和大元大26購02","0.00","","1536","和大","71.40","＋","認購","美式","111年12月13日","111年12月13日","112年06月08日","112年06月12日","0.14","    73.60","","",
="031716","華新元大2A購09","1.15","＋","1605","華新","46.60","＋","認購","美式","111年12月13日","111年12月13日","112年10月06日","112年10月12日","0.213","    53.30","","",
="031717","華新元大2B購05","1.37","＋","1605","華新","46.60","＋","認購","美式","111年12月13日","111年12月13日","112年11月09日","112年11月13日","0.178","    49.10","","",
="031718","華新元大2C購05","0.00","","1605","華新","46.60","＋","認購","美式","111年12月13日","111年12月13日","112年12月08日","112年12月12日","0.289","    70.50","","",
="031719","裕隆元大2C購01","3.15","＋","2201","裕隆","82.80","＋","認購","美式","111年12月13日","111年12月13日","112年12月08日","112年12月12日","0.17","    81.30","","",
="03171P","臺股指凱基26售19","0.00","","IX0001","臺股指數","16,636.30","","認售","歐式","111年09月22日","112年06月21日","112年06月19日","112年06月21日","0.005","    12,000.00","","",
="03171U","南電元大26售17","0.00","","8046","南電","302.50","－","認售","歐式","111年12月28日","112年06月27日","112年06月21日","112年06月27日","0.044","    229.00","","",
="031720","漢翔元大26購01","0.00","","2634","漢翔","55.80","＋","認購","美式","111年12月13日","111年12月13日","112年06月08日","112年06月12日","0.271","    36.15","","",
="031721","漢翔元大2A購01","0.00","","2634","漢翔","55.80","＋","認購","美式","111年12月13日","111年12月13日","112年10月06日","112年10月12日","0.229","    37.85","","",
="031722","漢翔元大2B購01","4.85","＋","2634","漢翔","55.80","＋","認購","美式","111年12月13日","111年12月13日","112年11月09日","112年11月13日","0.456","    52.80","","",
="031723","王品元大26購02","0.00","","2727","王品","320.00","－","認購","美式","111年12月13日","111年12月13日","112年06月08日","112年06月12日","0.085","    200.00","","",
="031724","玉晶光元大26購04","0.00","","3406","玉晶光","400.00","＋","認購","美式","111年12月13日","111年12月13日","112年06月08日","112年06月12日","0.027","    380.00","","",
="031725","啟碁元大2C購01","0.76","＋","6285","啟碁","87.50","＋","認購","美式","111年12月13日","111年12月13日","112年12月08日","112年12月12日","0.261","    129.00","","",
="031726","元晶元大26購02","0.00","","6443","元晶","36.20","＋","認購","美式","111年12月13日","111年12月13日","112年06月08日","112年06月12日","0.291","    38.15","","",
="031727","穎崴元大28購01","5.95","＋","6515","穎崴","830.00","－","認購","美式","111年12月13日","111年12月13日","112年08月10日","112年08月14日","0.027","    650.00","","",
="031728","晶心科元大26購07","0.00","","6533","晶心科","511.00","＋","認購","美式","111年12月13日","111年12月13日","112年06月08日","112年06月12日","0.022","    663.00","","",
="031729","矽創元大26購01","0.00","","8016","矽創","225.50","＋","認購","美式","111年12月13日","111年12月13日","112年06月08日","112年06月12日","0.081","    213.50","","",
="03172P","臺股指凱基26售20","0.00","","IX0001","臺股指數","16,636.30","","認售","歐式","111年09月22日","112年06月21日","112年06月19日","112年06月21日","0.003","    14,500.00","","",
="03172U","宏達電元富26售02","0.00","","2498","宏達電","61.50","＋","認售","歐式","111年12月28日","112年06月27日","112年06月21日","112年06月27日","0.25","    44.32","","",
="031730","矽創元大2B購01","1.98","＋","8016","矽創","225.50","＋","認購","美式","111年12月13日","111年12月13日","112年11月09日","112年11月13日","0.106","    271.50","","",
="031731","富鼎元大26購03","0.00","","8261","富鼎","106.50","＋","認購","美式","111年12月13日","111年12月13日","112年06月08日","112年06月12日","0.035","    115.00","","",
="031732","東哥元大26購01","0.00","","8478","東哥遊艇","520.00","＋","認購","美式","111年12月13日","111年12月13日","112年06月08日","112年06月12日","0.028","    390.00","","",
="031733","東哥元大26購02","0.00","","8478","東哥遊艇","520.00","＋","認購","美式","111年12月13日","111年12月13日","112年06月08日","112年06月12日","0.024","    355.00","","",
="031734","東哥元大2A購01","3.39","＋","8478","東哥遊艇","520.00","＋","認購","美式","111年12月13日","111年12月13日","112年10月06日","112年10月12日","0.024","    455.00","","",
="031735","廣宇中信26購01","0.00","","2328","廣宇","39.40","＋","認購","歐式","111年12月13日","112年06月12日","112年06月08日","112年06月12日","0.50","    58.00","","",
="031736","光罩中信27購01","0.00","","2338","光罩","81.80","＋","認購","歐式","111年12月13日","112年07月12日","112年07月10日","112年07月12日","0.066","    106.00","","",
="031737","強茂中信26購01","0.00","","2481","強茂","70.20","＋","認購","歐式","111年12月13日","112年06月12日","112年06月08日","112年06月12日","0.60","    90.00","","",
="031738","嘉澤中信27購01","0.08","－","3533","嘉澤","909.00","－","認購","歐式","111年12月13日","112年07月12日","112年07月10日","112年07月12日","0.04","    1,293.68","","",
="031739","鴻海國泰28購01","0.21","＋","2317","鴻海","105.50","＋","認購","美式","111年12月13日","111年12月13日","112年08月10日","112年08月14日","0.30","    125.00","","",
="03173P","臺股指凱基26售21","0.05","－","IX0001","臺股指數","16,636.30","","認售","歐式","111年09月22日","112年06月21日","112年06月19日","112年06月21日","0.002","    15,000.00","","",
="03173U","聯詠元富26售02","0.00","","3034","聯詠","423.50","＋","認售","歐式","111年12月28日","112年06月27日","112年06月21日","112年06月27日","0.05","    290.00","","",
="031740","鴻海國泰28購02","0.00","","2317","鴻海","105.50","＋","認購","美式","111年12月13日","111年12月13日","112年08月10日","112年08月14日","0.50","    135.00","","",
="031741","美食國泰28購01","0.00","","2723","美食-KY","152.50","－","認購","美式","111年12月13日","111年12月13日","112年08月10日","112年08月14日","0.10","    165.00","","",
="031742","中石化富邦28購01","0.00","","1314","中石化","9.72","－","認購","美式","111年12月13日","111年12月13日","112年08月10日","112年08月14日","0.80","    11.00","","",
="031743","宏達電富邦28購02","0.18","＋","2498","宏達電","61.50","＋","認購","美式","111年12月13日","111年12月13日","112年08月10日","112年08月14日","0.10","    80.00","","",
="031744","裕民富邦28購01","0.00","","2606","裕民","49.75","＋","認購","美式","111年12月13日","111年12月13日","112年08月10日","112年08月14日","0.16","    50.00","","",
="031745","世紀鋼富邦28購01","1.07","＋","9958","世紀鋼","109.50","＋","認購","美式","111年12月13日","111年12月13日","112年08月10日","112年08月14日","0.10","    110.00","","",
="031746","鴻海兆豐26購03","0.00","","2317","鴻海","105.50","＋","認購","美式","111年12月13日","111年12月13日","112年06月08日","112年06月12日","0.15","    110.00","","",
="031747","創意兆豐28購01","6.55","＋","3443","創意","1,515.00","＋","認購","美式","111年12月13日","111年12月13日","112年08月10日","112年08月14日","0.009","    788.00","","",
="031748","華新台新26購01","0.00","","1605","華新","46.60","＋","認購","歐式","111年12月13日","112年06月12日","112年06月08日","112年06月12日","0.18","    49.87","","",
="031749","上証2X凱基26購04","0.00","",="00633L","富邦上証正2","35.01","－","認購","美式","111年12月13日","111年12月13日","112年06月08日","112年06月12日","1.00","    55.00","","",
="03174U","AES元富26售02","0.00","","6781","AES-KY","690.00","＋","認售","歐式","111年12月28日","112年06月27日","112年06月21日","112年06月27日","0.025","    650.00","","",
="031750","中502X凱基29購01","0.30","",="00753L","中信中國50正2","8.81","","認購","美式","111年12月13日","111年12月13日","112年09月08日","112年09月12日","0.60","    14.00","","",
="031751","廣宇凱基27購01","0.00","","2328","廣宇","39.40","＋","認購","美式","111年12月13日","111年12月13日","112年07月10日","112年07月12日","1.00","    58.00","","",
="031752","華邦電凱基26購02","0.00","","2344","華邦電","26.90","＋","認購","美式","111年12月13日","111年12月13日","112年06月08日","112年06月12日","1.00","    24.00","","",
="031753","技嘉凱基27購03","0.00","","2376","技嘉","186.00","＋","認購","美式","111年12月13日","111年12月13日","112年07月10日","112年07月12日","0.08","    110.00","","",
="031754","長榮凱基26購06","0.00","","2603","長榮","157.00","＋","認購","美式","111年12月13日","111年12月13日","112年06月08日","112年06月12日","0.35","    220.00","","",
="031755","漢翔凱基27購01","0.00","","2634","漢翔","55.80","＋","認購","美式","111年12月13日","111年12月13日","112年07月10日","112年07月12日","0.50","    45.00","","",
="031756","聯詠凱基26購04","0.00","","3034","聯詠","423.50","＋","認購","美式","111年12月13日","111年12月13日","112年06月08日","112年06月12日","0.15","    400.00","","",
="031757","聯詠凱基2A購01","3.70","＋","3034","聯詠","423.50","＋","認購","美式","111年12月13日","111年12月13日","112年10月06日","112年10月12日","0.085","    440.00","","",
="031758","致伸凱基28購01","0.28","＋","4915","致伸","64.40","＋","認購","美式","111年12月13日","111年12月13日","112年08月10日","112年08月14日","0.572","    86.00","","",
="031759","和碩凱基26購01","1.87","＋","4938","和碩","74.70","＋","認購","美式","111年12月13日","111年12月13日","112年06月08日","112年06月12日","1.00","    75.00","","",
="03175U","遠東新麥證26售01","0.00","","1402","遠東新","31.85","＋","認售","歐式","111年12月28日","112年06月27日","112年06月21日","112年06月27日","1.00","    25.00","","",
="031760","矽力凱基26購01","0.00","","6415","矽力*-KY","394.50","＋","認購","美式","111年12月13日","111年12月13日","112年06月08日","112年06月12日","0.025","    545.17","","",
="031761","力智凱基28購02","0.53","＋","6719","力智","303.00","＋","認購","美式","111年12月13日","111年12月13日","112年08月10日","112年08月14日","0.026","    350.00","","",
="031762","東哥凱基26購01","0.00","","8478","東哥遊艇","520.00","＋","認購","美式","111年12月13日","111年12月13日","112年06月08日","112年06月12日","0.03","    350.00","","",
="031763","東哥凱基27購01","0.00","","8478","東哥遊艇","520.00","＋","認購","美式","111年12月13日","111年12月13日","112年07月10日","112年07月12日","0.03","    400.00","","",
="031764","東哥凱基28購01","0.00","","8478","東哥遊艇","520.00","＋","認購","美式","111年12月13日","111年12月13日","112年08月10日","112年08月14日","0.05","    450.00","","",
="031765","上証2X永豐26購01","0.00","",="00633L","富邦上証正2","35.01","－","認購","美式","111年12月14日","111年12月14日","112年06月09日","112年06月13日","0.32","    47.67","","",
="031766","滬深2X永豐26購02","0.00","",="00637L","元大滬深300正2","13.77","－","認購","美式","111年12月14日","111年12月14日","112年06月09日","112年06月13日","0.83","    18.76","","",
="031767","康舒永豐27購01","4.12","＋","6282","康舒","44.05","＋","認購","美式","111年12月14日","111年12月14日","112年07月11日","112年07月13日","0.495","    36.06","","",
="031768","滬深2X群益28購01","0.00","",="00637L","元大滬深300正2","13.77","－","認購","美式","111年12月14日","111年12月14日","112年08月10日","112年08月14日","1.00","    21.50","","",
="031769","FBNQ2X群益26購02","0.00","",="00670L","富邦NASDAQ正2","78.90","＋","認購","美式","111年12月14日","111年12月14日","112年06月09日","112年06月13日","0.15","    62.00","","",
="03176U","川湖麥證26售02","0.00","","2059","川湖","436.00","＋","認售","歐式","111年12月28日","112年06月27日","112年06月21日","112年06月27日","0.10","    300.00","","",
="031770","華新群益26購06","0.00","","1605","華新","46.60","＋","認購","美式","111年12月14日","111年12月14日","112年06月09日","112年06月13日","0.20","    49.00","","",
="031771","鴻海群益26購03","0.00","","2317","鴻海","105.50","＋","認購","美式","111年12月14日","111年12月14日","112年06月09日","112年06月13日","0.08","    103.00","","",
="031772","鴻海群益27購01","0.03","","2317","鴻海","105.50","＋","認購","美式","111年12月14日","111年12月14日","112年07月11日","112年07月13日","0.70","    143.00","","",
="031773","瑞昱群益26購02","0.00","","2379","瑞昱","388.00","＋","認購","美式","111年12月14日","111年12月14日","112年06月09日","112年06月13日","0.12","    390.00","","",
="031774","怡利電群益26購01","0.00","","2497","怡利電","71.30","＋","認購","美式","111年12月14日","111年12月14日","112年06月09日","112年06月13日","0.15","    95.00","","",
="031775","宏達電群益26購07","0.05","＋","2498","宏達電","61.50","＋","認購","美式","111年12月14日","111年12月14日","112年06月09日","112年06月13日","0.30","    75.00","","",
="031776","智原群益26購05","0.00","","3035","智原","173.50","＋","認購","美式","111年12月14日","111年12月14日","112年06月09日","112年06月13日","0.16","    244.00","","",
="031777","台勝科群益26購01","0.00","","3532","台勝科","157.00","＋","認購","美式","111年12月14日","111年12月14日","112年06月09日","112年06月13日","0.10","    188.00","","",
="031778","聯茂群益26購01","0.00","","6213","聯茂","72.30","＋","認購","美式","111年12月14日","111年12月14日","112年06月09日","112年06月13日","0.30","    100.00","","",
="031779","樺漢群益26購01","0.00","","6414","樺漢","281.00","＋","認購","美式","111年12月14日","111年12月14日","112年06月09日","112年06月13日","0.08","    249.90","","",
="03177P","長榮凱基25售19","0.00","","2603","長榮","157.00","＋","認售","歐式","111年12月01日","112年05月31日","112年05月29日","112年05月31日","0.15","    130.00","","",
="03177U","緯創麥證26售01","0.02","","3231","緯創","68.00","＋","認售","歐式","111年12月28日","112年06月27日","112年06月21日","112年06月27日","0.80","    25.00","","",
="031780","南亞中信26購01","0.00","","1303","南亞","78.40","－","認購","歐式","111年12月14日","112年06月13日","112年06月09日","112年06月13日","0.75","    110.00","","",
="031781","中華中信26購01","0.00","","2204","中華","91.60","－","認購","歐式","111年12月14日","112年06月13日","112年06月09日","112年06月13日","0.50","    80.00","","",
="031782","臻鼎中信28購01","0.10","","4958","臻鼎-KY","114.50","＋","認購","歐式","111年12月14日","112年08月14日","112年08月10日","112年08月14日","0.048","    148.00","","",
="031783","T50反1國泰28購02","0.00","",="00632R","元大台灣50反1","4.94","－","認購","美式","111年12月14日","111年12月14日","112年08月10日","112年08月14日","1.00","    6.05","","",
="031784","SGBR2X國泰28購01","0.00","",="00715L","期街口布蘭特正2","12.73","＋","認購","美式","111年12月14日","111年12月14日","112年08月10日","112年08月14日","0.50","    16.56","","",
="031785","華新國泰28購02","0.00","","1605","華新","46.60","＋","認購","美式","111年12月14日","111年12月14日","112年08月10日","112年08月14日","0.40","    58.50","","",
="031786","台積電國泰28購03","4.50","＋","2330","台積電","568.00","＋","認購","美式","111年12月14日","111年12月14日","112年08月10日","112年08月14日","0.122","    568.63","","",
="031787","怡利電國泰28購01","0.40","","2497","怡利電","71.30","＋","認購","美式","111年12月14日","111年12月14日","112年08月10日","112年08月14日","0.20","    97.00","","",
="031788","智原國泰28購01","0.66","＋","3035","智原","173.50","＋","認購","美式","111年12月14日","111年12月14日","112年08月10日","112年08月14日","0.08","    209.00","","",
="031789","穎崴國泰28購01","0.00","","6515","穎崴","830.00","－","認購","美式","111年12月14日","111年12月14日","112年08月10日","112年08月14日","0.03","    550.00","","",
="03178P","創意凱基26售01","0.00","","3443","創意","1,515.00","＋","認售","歐式","111年12月01日","112年06月30日","112年06月28日","112年06月30日","0.013","    650.00","","",
="03178U","台灣50第一29售02","0.00","",="0050","元大台灣50","126.75","＋","認售","歐式","111年12月29日","112年09月28日","112年09月26日","112年09月28日","0.106","    102.94","","",
="031790","東哥國泰28購01","0.00","","8478","東哥遊艇","520.00","＋","認購","美式","111年12月14日","111年12月14日","112年08月10日","112年08月14日","0.03","    433.00","","",
="031791","台積電富邦29購03","1.83","＋","2330","台積電","568.00","＋","認購","美式","111年12月14日","111年12月14日","112年09月11日","112年09月13日","0.04","    543.91","","",
="031792","智邦富邦26購01","0.00","","2345","智邦","357.50","＋","認購","美式","111年12月14日","111年12月14日","112年06月09日","112年06月13日","0.04","    300.00","","",
="031793","聯發科富邦29購01","0.76","＋","2454","聯發科","738.00","＋","認購","美式","111年12月14日","111年12月14日","112年09月11日","112年09月13日","0.017","    830.00","","",
="031794","漢翔富邦27購02","3.93","","2634","漢翔","55.80","＋","認購","美式","111年12月14日","111年12月14日","112年07月11日","112年07月13日","0.42","    48.00","","",
="031795","慧洋富邦28購01","0.60","＋","2637","慧洋-KY","60.30","＋","認購","美式","111年12月14日","111年12月14日","112年08月10日","112年08月14日","0.112","    53.53","","",
="031796","創意富邦28購01","0.00","","3443","創意","1,515.00","＋","認購","美式","111年12月14日","111年12月14日","112年08月10日","112年08月14日","0.009","    1,080.00","","",
="031797","天鈺富邦28購01","0.00","","4961","天鈺","154.00","＋","認購","美式","111年12月14日","111年12月14日","112年08月10日","112年08月14日","0.04","    130.00","","",
="031798","東哥富邦26購01","0.00","","8478","東哥遊艇","520.00","＋","認購","美式","111年12月14日","111年12月14日","112年06月09日","112年06月13日","0.01","    345.00","","",
="031799","華城台新26購01","0.00","","1519","華城","141.00","＋","認購","歐式","111年12月14日","112年06月13日","112年06月09日","112年06月13日","0.18","    51.79","","",
="03179P","T50正2群益27售03","0.00","",="00631L","元大台灣50正2","129.10","＋","認售","歐式","111年12月01日","112年07月31日","112年07月27日","112年07月31日","0.281","    85.00","","",
="03179U","台灣50國票26售06","0.00","",="0050","元大台灣50","126.75","＋","認售","歐式","111年12月29日","112年06月28日","112年06月26日","112年06月28日","0.358","    99.75","","",
="031800","陽明康和26購02","0.00","","2609","陽明","62.00","＋","認購","美式","111年12月14日","111年12月14日","112年06月09日","112年06月13日","0.30","    75.00","","",
="031801","長榮航康和26購02","0.36","＋","2618","長榮航","33.60","＋","認購","美式","111年12月14日","111年12月14日","112年06月09日","112年06月13日","0.60","    35.00","","",
="031802","新唐康和26購02","0.00","","4919","新唐","130.50","＋","認購","美式","111年12月14日","111年12月14日","112年06月09日","112年06月13日","0.075","    150.00","","",
="031803","台灣50國票27購02","0.00","",="0050","元大台灣50","126.75","＋","認購","美式","111年12月14日","111年12月14日","112年07月11日","112年07月13日","1.023","    146.70","","",
="031804","神隆國票27購01","0.00","","1789","神隆","26.20","＋","認購","美式","111年12月14日","111年12月14日","112年07月11日","112年07月13日","0.50","    30.00","","",
="031805","聯電國票26購03","0.43","","2303","聯電","51.20","＋","認購","美式","111年12月14日","111年12月14日","112年06月09日","112年06月13日","0.80","    55.00","","",
="031806","聯電國票28購01","2.26","＋","2303","聯電","51.20","＋","認購","美式","111年12月14日","111年12月14日","112年08月10日","112年08月14日","0.30","    45.00","","",
="031807","威盛國票27購03","0.32","＋","2388","威盛","83.10","＋","認購","美式","111年12月14日","111年12月14日","112年07月11日","112年07月13日","0.50","    115.00","","",
="031808","裕民國票27購01","0.00","","2606","裕民","49.75","＋","認購","美式","111年12月14日","111年12月14日","112年07月11日","112年07月13日","1.00","    70.00","","",
="031809","國泰金國票28購01","0.35","","2882","國泰金","44.75","＋","認購","美式","111年12月14日","111年12月14日","112年08月10日","112年08月14日","1.00","    56.00","","",
="03180P","滬深2X群益25售06","0.00","",="00637L","元大滬深300正2","13.77","－","認售","歐式","111年12月01日","112年05月31日","112年05月29日","112年05月31日","1.00","    11.80","","",
="03180U","台灣50國票26售07","0.00","",="0050","元大台灣50","126.75","＋","認售","歐式","111年12月29日","112年06月28日","112年06月26日","112年06月28日","0.614","    89.97","","",
="031810","聯合再國票27購01","0.00","","3576","聯合再生","20.30","＋","認購","美式","111年12月14日","111年12月14日","112年07月11日","112年07月13日","0.80","    28.00","","",
="031811","材料國票27購01","0.00","","4763","材料-KY","550.00","－","認購","美式","111年12月14日","111年12月14日","112年07月11日","112年07月13日","0.123","    263.95","","",
="031812","聯茂國票27購01","0.00","","6213","聯茂","72.30","＋","認購","美式","111年12月14日","111年12月14日","112年07月11日","112年07月13日","0.30","    90.00","","",
="031813","矽力國票27購01","0.10","","6415","矽力*-KY","394.50","＋","認購","美式","111年12月14日","111年12月14日","112年07月11日","112年07月13日","0.04","    614.56","","",
="031814","臺股指國票26購05","0.00","","IX0001","臺股指數","16,636.30","","認購","歐式","111年12月14日","112年06月13日","112年06月09日","112年06月13日","0.001","    14,500.00","","",
="031815","臺股指國票26購06","0.00","","IX0001","臺股指數","16,636.30","","認購","歐式","111年12月14日","112年06月13日","112年06月09日","112年06月13日","0.002","    15,750.00","","",
="031816","臺股指國票26購07","0.00","","IX0001","臺股指數","16,636.30","","認購","歐式","111年12月14日","112年06月13日","112年06月09日","112年06月13日","0.005","    17,500.00","","",
="031817","臺股指國票27購04","0.00","","IX0001","臺股指數","16,636.30","","認購","歐式","111年12月14日","112年07月13日","112年07月11日","112年07月13日","0.001","    15,000.00","","",
="031818","臺股指國票27購05","1.20","＋","IX0001","臺股指數","16,636.30","","認購","歐式","111年12月14日","112年07月13日","112年07月11日","112年07月13日","0.003","    16,500.00","","",
="031819","臺股指國票28購01","0.24","＋","IX0001","臺股指數","16,636.30","","認購","歐式","111年12月14日","112年08月14日","112年08月10日","112年08月14日","0.007","    19,000.00","","",
="03181P","大立光群益25售16","0.00","","3008","大立光","2,305.00","＋","認售","歐式","111年12月01日","112年05月31日","112年05月29日","112年05月31日","0.018","    1,568.21","","",
="03181U","台灣50國票27售05","0.00","",="0050","元大台灣50","126.75","＋","認售","歐式","111年12月29日","112年07月28日","112年07月26日","112年07月28日","0.256","    103.67","","",
="031820","道瓊指元大2A購01","0.00","",="00668","國泰美國道瓊","36.92","＋","認購","美式","111年12月14日","111年12月14日","112年10月11日","112年10月13日","0.10","    35.00","","",
="031821","台泥元大28購01","0.00","","1101","台泥","38.15","＋","認購","美式","111年12月14日","111年12月14日","112年08月10日","112年08月14日","1.00","    45.00","","",
="031822","中石化元大26購01","0.00","","1314","中石化","9.72","－","認購","美式","111年12月14日","111年12月14日","112年06月09日","112年06月13日","0.647","    10.50","","",
="031823","華新元大2C購06","0.00","","1605","華新","46.60","＋","認購","美式","111年12月14日","111年12月14日","112年12月11日","112年12月13日","0.077","    59.50","","",
="031824","上銀元大26購01","0.00","","2049","上銀","235.50","＋","認購","美式","111年12月14日","111年12月14日","112年06月09日","112年06月13日","0.073","    205.50","","",
="031825","三陽元大26購03","22.30","","2206","三陽工業","74.20","＋","認購","美式","111年12月14日","111年12月14日","112年06月09日","112年06月13日","0.911","    49.15","","",
="031826","國巨元大26購05","0.00","","2327","國巨","508.00","＋","認購","美式","111年12月14日","111年12月14日","112年06月09日","112年06月13日","0.091","    718.00","","",
="031827","漢唐元大26購01","0.00","","2404","漢唐","227.50","＋","認購","美式","111年12月14日","111年12月14日","112年06月09日","112年06月13日","0.08","    211.60","","",
="031828","飛宏元大26購03","0.00","","2457","飛宏","76.40","＋","認購","美式","111年12月14日","111年12月14日","112年06月09日","112年06月13日","0.30","    47.95","","",
="031829","義隆元大26購01","2.34","","2458","義隆","104.00","＋","認購","美式","111年12月14日","111年12月14日","112年06月09日","112年06月13日","0.181","    92.16","","",
="03182P","長榮元富26售03","0.00","","2603","長榮","157.00","＋","認售","歐式","111年09月22日","112年06月21日","112年06月19日","112年06月21日","0.13","    130.00","","",
="03182U","國巨國票27售02","0.00","","2327","國巨","508.00","＋","認售","歐式","111年12月29日","112年07月28日","112年07月26日","112年07月28日","0.20","    280.00","","",
="031830","漢翔元大2A購02","0.00","","2634","漢翔","55.80","＋","認購","美式","111年12月14日","111年12月14日","112年10月11日","112年10月13日","0.25","    37.00","","",
="031831","漢翔元大2B購02","0.00","","2634","漢翔","55.80","＋","認購","美式","111年12月14日","111年12月14日","112年11月09日","112年11月13日","0.333","    40.00","","",
="031832","漢翔元大2C購01","4.66","＋","2634","漢翔","55.80","＋","認購","美式","111年12月14日","111年12月14日","112年12月11日","112年12月13日","0.379","    51.00","","",
="031833","慧洋元大26購03","0.00","","2637","慧洋-KY","60.30","＋","認購","美式","111年12月14日","111年12月14日","112年06月09日","112年06月13日","0.303","    63.26","","",
="031834","美食元大26購04","0.00","","2723","美食-KY","152.50","－","認購","美式","111年12月14日","111年12月14日","112年06月09日","112年06月13日","0.122","    189.50","","",
="031835","國泰金元大26購03","0.00","","2882","國泰金","44.75","＋","認購","美式","111年12月14日","111年12月14日","112年06月09日","112年06月13日","1.00","    55.00","","",
="031836","聯詠元大26購04","0.00","","3034","聯詠","423.50","＋","認購","美式","111年12月14日","111年12月14日","112年06月09日","112年06月13日","0.154","    429.00","","",
="031837","世芯元大2C購01","5.40","＋","3661","世芯-KY","1,660.00","＋","認購","美式","111年12月14日","111年12月14日","112年12月11日","112年12月13日","0.009","    1,215.00","","",
="031838","拓凱元大26購01","0.00","","4536","拓凱","196.50","＋","認購","美式","111年12月14日","111年12月14日","112年06月09日","112年06月13日","0.053","    234.00","","",
="031839","穎崴元大26購01","8.85","","6515","穎崴","830.00","－","認購","美式","111年12月14日","111年12月14日","112年06月09日","112年06月13日","0.028","    550.00","","",
="03183U","晶心科國票28售04","0.00","","6533","晶心科","511.00","＋","認售","歐式","111年12月29日","112年08月28日","112年08月24日","112年08月28日","0.03","    300.00","","",
="031840","晶心科元大28購01","0.00","","6533","晶心科","511.00","＋","認購","美式","111年12月14日","111年12月14日","112年08月10日","112年08月14日","0.019","    800.00","","",
="031841","富鼎元大26購04","0.00","","8261","富鼎","106.50","＋","認購","美式","111年12月14日","111年12月14日","112年06月09日","112年06月13日","0.049","    120.00","","",
="031842","寶成元大26購01","0.00","","9904","寶成","32.05","－","認購","美式","111年12月14日","111年12月14日","112年06月09日","112年06月13日","0.769","    39.75","","",
="031843","智原元富29購02","0.99","＋","3035","智原","173.50","＋","認購","美式","111年12月14日","111年12月14日","112年09月11日","112年09月13日","0.085","    205.00","","",
="031844","致伸麥證27購01","0.41","－","4915","致伸","64.40","＋","認購","歐式","111年12月14日","112年07月13日","112年07月11日","112年07月13日","0.243","    70.00","","",
="031845","華新兆豐27購01","0.39","","1605","華新","46.60","＋","認購","美式","111年12月14日","111年12月14日","112年07月11日","112年07月13日","0.14","    48.00","","",
="031846","聯電兆豐28購01","1.50","＋","2303","聯電","51.20","＋","認購","美式","111年12月14日","111年12月14日","112年08月10日","112年08月14日","0.50","    52.80","","",
="031847","友達兆豐28購02","0.00","","2409","友達","17.65","＋","認購","美式","111年12月14日","111年12月14日","112年08月10日","112年08月14日","0.44","    16.00","","",
="031848","聯發科兆豐28購01","0.49","＋","2454","聯發科","738.00","＋","認購","美式","111年12月14日","111年12月14日","112年08月10日","112年08月14日","0.025","    825.00","","",
="031849","智易兆豐29購01","0.79","","3596","智易","115.00","＋","認購","美式","111年12月14日","111年12月14日","112年09月11日","112年09月13日","0.045","    104.50","","",
="03184U","臺股指國票27售14","0.00","","IX0001","臺股指數","16,636.30","","認售","歐式","111年12月29日","112年07月28日","112年07月26日","112年07月28日","0.001","    13,900.00","","",
="031850","聯茂兆豐27購01","0.00","","6213","聯茂","72.30","＋","認購","美式","111年12月14日","111年12月14日","112年07月11日","112年07月13日","0.12","    82.00","","",
="031851","台灣50凱基28購04","0.00","",="0050","元大台灣50","126.75","＋","認購","美式","111年12月14日","111年12月14日","112年08月10日","112年08月14日","0.205","    109.53","","",
="031852","台灣50凱基28購05","0.00","",="0050","元大台灣50","126.75","＋","認購","美式","111年12月14日","111年12月14日","112年08月10日","112年08月14日","0.307","    117.36","","",
="031853","台灣50凱基29購02","2.45","＋",="0050","元大台灣50","126.75","＋","認購","美式","111年12月14日","111年12月14日","112年09月11日","112年09月13日","1.023","    136.92","","",
="031854","台灣50凱基29購03","0.00","",="0050","元大台灣50","126.75","＋","認購","美式","111年12月14日","111年12月14日","112年09月11日","112年09月13日","1.023","    146.70","","",
="031855","中興電凱基27購04","0.00","","1513","中興電","113.50","＋","認購","美式","111年12月14日","111年12月14日","112年07月11日","112年07月13日","0.235","    77.00","","",
="031856","華新凱基2C購03","0.00","","1605","華新","46.60","＋","認購","美式","111年12月14日","111年12月14日","112年12月11日","112年12月13日","0.30","    70.00","","",
="031857","鴻海凱基2A購03","0.00","","2317","鴻海","105.50","＋","認購","美式","111年12月14日","111年12月14日","112年10月11日","112年10月13日","0.40","    145.00","","",
="031858","宏達電凱基26購08","0.00","","2498","宏達電","61.50","＋","認購","美式","111年12月14日","111年12月14日","112年06月09日","112年06月13日","0.25","    68.00","","",
="031859","王品凱基27購01","0.00","","2727","王品","320.00","－","認購","美式","111年12月14日","111年12月14日","112年07月11日","112年07月13日","0.08","    210.00","","",
="03185U","智原永豐26售03","0.00","","3035","智原","173.50","＋","認售","歐式","111年12月29日","112年06月28日","112年06月26日","112年06月28日","0.067","    123.62","","",
="031860","聯詠凱基26購05","0.00","","3034","聯詠","423.50","＋","認購","美式","111年12月14日","111年12月14日","112年06月09日","112年06月13日","0.06","    330.00","","",
="031861","創意凱基26購03","12.80","＋","3443","創意","1,515.00","＋","認購","美式","111年12月14日","111年12月14日","112年06月09日","112年06月13日","0.03","    1,150.00","","",
="031862","聯合再凱基27購01","0.00","","3576","聯合再生","20.30","＋","認購","美式","111年12月14日","111年12月14日","112年07月11日","112年07月13日","1.00","    30.00","","",
="031863","穎崴凱基2A購01","5.25","－","6515","穎崴","830.00","－","認購","美式","111年12月14日","111年12月14日","112年10月11日","112年10月13日","0.025","    690.00","","",
="031864","矽創凱基26購02","0.00","","8016","矽創","225.50","＋","認購","美式","111年12月14日","111年12月14日","112年06月09日","112年06月13日","0.085","    210.00","","",
="031865","神隆永豐27購01","0.00","","1789","神隆","26.20","＋","認購","美式","111年12月15日","111年12月15日","112年07月12日","112年07月14日","0.345","    32.42","","",
="031866","強茂永豐27購01","0.40","＋","2481","強茂","70.20","＋","認購","美式","111年12月15日","111年12月15日","112年07月12日","112年07月14日","0.295","    84.24","","",
="031867","上品永豐27購01","0.39","","4770","上品","297.00","＋","認購","美式","111年12月15日","111年12月15日","112年07月12日","112年07月14日","0.033","    346.89","","",
="031868","上品永豐28購01","0.34","","4770","上品","297.00","＋","認購","美式","111年12月15日","111年12月15日","112年08月10日","112年08月14日","0.037","    406.70","","",
="031869","聯電第一29購03","0.97","","2303","聯電","51.20","＋","認購","美式","111年12月15日","111年12月15日","112年09月12日","112年09月14日","0.108","    46.33","","",
="03186U","萬海群益26售03","0.00","","2615","萬海","60.00","＋","認售","歐式","111年12月29日","112年06月28日","112年06月26日","112年06月28日","0.28","    65.00","","",
="031870","台積電兆豐29購01","0.00","","2330","台積電","568.00","＋","認購","美式","111年12月15日","111年12月15日","112年09月12日","112年09月14日","0.036","    514.24","","",
="031871","威盛兆豐28購01","0.88","＋","2388","威盛","83.10","＋","認購","美式","111年12月15日","111年12月15日","112年08月10日","112年08月14日","0.07","    78.80","","",
="031872","漢唐中信27購01","0.36","＋","2404","漢唐","227.50","＋","認購","歐式","111年12月15日","112年07月14日","112年07月12日","112年07月14日","0.20","    280.00","","",
="031873","聯發科中信26購02","0.72","＋","2454","聯發科","738.00","＋","認購","歐式","111年12月15日","112年06月14日","112年06月12日","112年06月14日","0.015","    708.00","","",
="031874","聯發科中信27購04","0.00","","2454","聯發科","738.00","＋","認購","歐式","111年12月15日","112年07月14日","112年07月12日","112年07月14日","0.015","    788.00","","",
="031875","同欣電中信26購01","0.00","","6271","同欣電","179.50","＋","認購","歐式","111年12月15日","112年06月14日","112年06月12日","112年06月14日","0.169","    330.00","","",
="031876","威盛國泰28購02","1.49","＋","2388","威盛","83.10","＋","認購","美式","111年12月15日","111年12月15日","112年08月10日","112年08月14日","0.30","    98.00","","",
="031877","大立光台新26購01","0.48","","3008","大立光","2,305.00","＋","認購","歐式","111年12月15日","112年06月14日","112年06月12日","112年06月14日","0.005","    2,289.83","","",
="031878","T50正2富邦26購03","0.19","",="00631L","元大台灣50正2","129.10","＋","認購","美式","111年12月15日","111年12月15日","112年06月12日","112年06月14日","0.35","    150.00","","",
="031879","中興電富邦28購01","0.00","","1513","中興電","113.50","＋","認購","美式","111年12月15日","111年12月15日","112年08月10日","112年08月14日","0.20","    70.00","","",
="03187U","神隆元富26售04","0.00","","1789","神隆","26.20","＋","認售","歐式","111年12月29日","112年06月28日","112年06月26日","112年06月28日","0.50","    23.00","","",
="031880","中砂富邦28購01","0.00","","1560","中砂","114.50","－","認購","美式","111年12月15日","111年12月15日","112年08月10日","112年08月14日","0.05","    150.00","","",
="031881","鴻海凱基27購04","0.00","","2317","鴻海","105.50","＋","認購","美式","111年12月15日","111年12月15日","112年07月12日","112年07月14日","0.25","    120.00","","",
="031882","瑞昱凱基26購02","0.00","","2379","瑞昱","388.00","＋","認購","美式","111年12月15日","111年12月15日","112年06月12日","112年06月14日","0.04","    300.00","","",
="031883","威盛凱基26購06","0.18","","2388","威盛","83.10","＋","認購","美式","111年12月15日","111年12月15日","112年06月12日","112年06月14日","0.20","    95.00","","",
="031884","長榮凱基2A購02","1.42","＋","2603","長榮","157.00","＋","認購","美式","111年12月15日","111年12月15日","112年10月12日","112年10月16日","0.07","    160.00","","",
="031885","裕民凱基26購01","0.00","","2606","裕民","49.75","＋","認購","美式","111年12月15日","111年12月15日","112年06月12日","112年06月14日","0.40","    55.00","","",
="031886","長榮航凱基29購02","2.25","＋","2618","長榮航","33.60","＋","認購","美式","111年12月15日","111年12月15日","112年09月12日","112年09月14日","0.65","    33.00","","",
="031887","漢翔凱基2A購01","0.00","","2634","漢翔","55.80","＋","認購","美式","111年12月15日","111年12月15日","112年10月12日","112年10月16日","0.30","    37.00","","",
="031888","慧洋凱基26購01","0.00","","2637","慧洋-KY","60.30","＋","認購","美式","111年12月15日","111年12月15日","112年06月12日","112年06月14日","0.785","    78.51","","",
="031889","美食凱基2B購01","0.88","－","2723","美食-KY","152.50","－","認購","美式","111年12月15日","111年12月15日","112年11月10日","112年11月14日","0.12","    210.00","","",
="03188U","萬海元富26售02","0.00","","2615","萬海","60.00","＋","認售","歐式","111年12月29日","112年06月28日","112年06月26日","112年06月28日","0.15","    80.00","","",
="031890","京鼎凱基26購01","0.00","","3413","京鼎","193.00","＋","認購","美式","111年12月15日","111年12月15日","112年06月12日","112年06月14日","0.12","    240.00","","",
="031891","碩天凱基26購02","0.00","","3617","碩天","191.00","－","認購","美式","111年12月15日","111年12月15日","112年06月12日","112年06月14日","0.08","    110.00","","",
="031892","材料凱基27購02","0.00","","4763","材料-KY","550.00","－","認購","美式","111年12月15日","111年12月15日","112年07月12日","112年07月14日","0.087","    254.17","","",
="031893","上品凱基26購01","0.00","","4770","上品","297.00","＋","認購","美式","111年12月15日","111年12月15日","112年06月12日","112年06月14日","0.062","    461.18","","",
="031894","上品凱基26購02","0.00","","4770","上品","297.00","＋","認購","美式","111年12月15日","111年12月15日","112年06月12日","112年06月14日","0.047","    384.31","","",
="031895","聯茂凱基26購01","0.00","","6213","聯茂","72.30","＋","認購","美式","111年12月15日","111年12月15日","112年06月12日","112年06月14日","0.20","    85.00","","",
="031896","志強凱基27購01","0.00","","6768","志強-KY","69.70","","認購","美式","111年12月15日","111年12月15日","112年07月12日","112年07月14日","0.07","    90.00","","",
="031897","臺股指凱基29購19","0.00","","IX0001","臺股指數","16,636.30","","認購","歐式","111年12月15日","112年09月14日","112年09月12日","112年09月14日","0.002","    13,800.00","","",
="031898","臺股指凱基29購20","4.35","＋","IX0001","臺股指數","16,636.30","","認購","歐式","111年12月15日","112年09月14日","112年09月12日","112年09月14日","0.002","    14,200.00","","",
="031899","臺股指凱基29購21","0.00","","IX0001","臺股指數","16,636.30","","認購","歐式","111年12月15日","112年09月14日","112年09月12日","112年09月14日","0.002","    14,700.00","","",
="03189U","大立光元富29售02","0.58","－","3008","大立光","2,305.00","＋","認售","歐式","111年12月29日","112年09月28日","112年09月26日","112年09月28日","0.015","    1,764.23","","",
="031900","臺股指凱基29購22","0.00","","IX0001","臺股指數","16,636.30","","認購","歐式","111年12月15日","112年09月14日","112年09月12日","112年09月14日","0.003","    15,500.00","","",
="031901","滬深2X元富26購03","0.00","",="00637L","元大滬深300正2","13.77","－","認購","美式","111年12月15日","111年12月15日","112年06月12日","112年06月14日","1.00","    19.00","","",
="031902","滬深2X元富29購01","0.00","",="00637L","元大滬深300正2","13.77","－","認購","美式","111年12月15日","111年12月15日","112年09月12日","112年09月14日","1.00","    20.00","","",
="031903","聯發科元富27購05","1.14","＋","2454","聯發科","738.00","＋","認購","美式","111年12月15日","111年12月15日","112年07月12日","112年07月14日","0.03","    750.00","","",
="031904","晶華元富26購02","0.00","","2707","晶華","288.00","＋","認購","美式","111年12月15日","111年12月15日","112年06月12日","112年06月14日","0.059","    330.00","","",
="031905","晶華元富2A購01","0.00","","2707","晶華","288.00","＋","認購","美式","111年12月15日","111年12月15日","112年10月12日","112年10月16日","0.05","    370.00","","",
="031906","嘉澤元富27購02","0.21","－","3533","嘉澤","909.00","－","認購","美式","111年12月15日","111年12月15日","112年07月12日","112年07月14日","0.02","    1,144.41","","",
="031907","敦泰元富27購02","0.00","","3545","敦泰","83.70","＋","認購","美式","111年12月15日","111年12月15日","112年07月12日","112年07月14日","0.25","    67.00","","",
="031908","上品元富28購01","0.00","","4770","上品","297.00","＋","認購","美式","111年12月15日","111年12月15日","112年08月10日","112年08月14日","0.031","    461.18","","",
="031909","上品元富28購02","0.00","","4770","上品","297.00","＋","認購","美式","111年12月15日","111年12月15日","112年08月10日","112年08月14日","0.026","    384.31","","",
="03190U","力積電元富26售02","0.00","","6770","力積電","30.85","＋","認售","歐式","111年12月29日","112年06月28日","112年06月26日","112年06月28日","1.009","    28.75","","",
="031910","上品元富28購03","0.58","","4770","上品","297.00","＋","認購","美式","111年12月15日","111年12月15日","112年08月10日","112年08月14日","0.026","    326.67","","",
="031911","晶華麥證26購02","0.00","","2707","晶華","288.00","＋","認購","歐式","111年12月15日","112年06月14日","112年06月12日","112年06月14日","0.12","    330.00","","",
="031912","兆豐金麥證26購01","1.62","","2886","兆豐金","36.20","＋","認購","歐式","111年12月15日","112年06月14日","112年06月12日","112年06月14日","1.00","    35.00","","",
="031913","玉晶光麥證26購02","0.00","","3406","玉晶光","400.00","＋","認購","歐式","111年12月15日","112年06月14日","112年06月12日","112年06月14日","0.018","    388.88","","",
="031914","上品麥證26購01","0.00","","4770","上品","297.00","＋","認購","歐式","111年12月15日","112年06月14日","112年06月12日","112年06月14日","0.052","    432.35","","",
="031915","臺股指麥證27購07","0.00","","IX0001","臺股指數","16,636.30","","認購","歐式","111年12月15日","112年07月14日","112年07月12日","112年07月14日","0.002","    14,888.00","","",
="031916","元金2X群益28購01","0.90","",="00708L","期元大S&P黃金正2(原名：元大S&P黃金正2)","26.72","－","認購","美式","111年12月15日","111年12月15日","112年08月10日","112年08月14日","0.38","    26.20","","",
="031917","聯電群益26購06","0.00","","2303","聯電","51.20","＋","認購","美式","111年12月15日","111年12月15日","112年06月12日","112年06月14日","0.38","    46.00","","",
="031918","晶華群益26購02","0.00","","2707","晶華","288.00","＋","認購","美式","111年12月15日","111年12月15日","112年06月12日","112年06月14日","0.039","    286.50","","",
="031919","美食群益26購02","0.00","","2723","美食-KY","152.50","－","認購","美式","111年12月15日","111年12月15日","112年06月12日","112年06月14日","0.13","    178.00","","",
="03191U","鴻海凱基26售07","0.00","","2317","鴻海","105.50","＋","認售","歐式","111年12月29日","112年06月28日","112年06月26日","112年06月28日","0.14","    95.00","","",
="031920","富邦金群益26購01","0.00","","2881","富邦金","61.10","＋","認購","美式","111年12月15日","111年12月15日","112年06月12日","112年06月14日","0.66","    65.00","","",
="031921","威強電群益26購02","0.00","","3022","威強電","91.20","＋","認購","美式","111年12月15日","111年12月15日","112年06月12日","112年06月14日","0.15","    96.00","","",
="031922","貿聯群益26購02","0.00","","3665","貿聯-KY","270.50","＋","認購","美式","111年12月15日","111年12月15日","112年06月12日","112年06月14日","0.06","    298.82","","",
="031923","上品群益26購01","0.00","","4770","上品","297.00","＋","認購","美式","111年12月15日","111年12月15日","112年06月12日","112年06月14日","0.047","    369.90","","",
="031924","臺股指群益2B購01","0.00","","IX0001","臺股指數","16,636.30","","認購","歐式","111年12月15日","112年11月14日","112年11月10日","112年11月14日","0.002","    14,000.00","","",
="031925","臺股指群益2B購02","0.00","","IX0001","臺股指數","16,636.30","","認購","歐式","111年12月15日","112年11月14日","112年11月10日","112年11月14日","0.004","    15,000.00","","",
="031926","臺股指群益2B購03","0.00","","IX0001","臺股指數","16,636.30","","認購","歐式","111年12月15日","112年11月14日","112年11月10日","112年11月14日","0.004","    15,400.00","","",
="031927","台灣50元大28購07","0.00","",="0050","元大台灣50","126.75","＋","認購","美式","111年12月15日","111年12月15日","112年08月10日","112年08月14日","0.614","    133.01","","",
="031928","台灣50元大28購08","0.00","",="0050","元大台灣50","126.75","＋","認購","美式","111年12月15日","111年12月15日","112年08月10日","112年08月14日","0.153","    112.47","","",
="031929","台灣50元大29購06","2.66","＋",="0050","元大台灣50","126.75","＋","認購","美式","111年12月15日","111年12月15日","112年09月12日","112年09月14日","0.358","    126.16","","",
="03192U","興富發凱基26售02","0.00","","2542","興富發","42.10","－","認售","歐式","111年12月29日","112年06月28日","112年06月26日","112年06月28日","1.00","    31.00","","",
="031930","S&P反1元大2C購01","0.29","",="00648R","元大S&P500反1","6.93","－","認購","美式","111年12月15日","111年12月15日","112年12月12日","112年12月14日","0.60","    7.45","","",
="031931","元油反元大26購02","0.00","",="00673R","期元大S&P原油反1(原名：元大S&P原油反1)","9.03","－","認購","美式","111年12月15日","111年12月15日","112年06月12日","112年06月14日","1.00","    10.00","","",
="031932","元油反元大28購02","0.00","",="00673R","期元大S&P原油反1(原名：元大S&P原油反1)","9.03","－","認購","美式","111年12月15日","111年12月15日","112年08月10日","112年08月14日","1.00","    11.00","","",
="031933","中石化元大2A購01","0.00","","1314","中石化","9.72","－","認購","美式","111年12月15日","111年12月15日","112年10月12日","112年10月16日","1.00","    12.50","","",
="031934","中興電元大26購04","0.00","","1513","中興電","113.50","＋","認購","美式","111年12月15日","111年12月15日","112年06月12日","112年06月14日","0.592","    92.50","","",
="031935","華新元大2C購07","3.53","＋","1605","華新","46.60","＋","認購","美式","111年12月15日","111年12月15日","112年12月12日","112年12月14日","0.50","    52.30","","",
="031936","上銀元大26購02","0.00","","2049","上銀","235.50","＋","認購","美式","111年12月15日","111年12月15日","112年06月12日","112年06月14日","0.061","    190.50","","",
="031937","裕隆元大2C購02","0.00","","2201","裕隆","82.80","＋","認購","美式","111年12月15日","111年12月15日","112年12月12日","112年12月14日","0.194","    92.50","","",
="031938","華通元大26購02","0.00","","2313","華通","44.30","＋","認購","美式","111年12月15日","111年12月15日","112年06月12日","112年06月14日","0.667","    54.43","","",
="031939","華通元大2B購01","0.86","＋","2313","華通","44.30","＋","認購","美式","111年12月15日","111年12月15日","112年11月10日","112年11月14日","0.429","    57.35","","",
="03193U","敦泰凱基26售02","0.00","","3545","敦泰","83.70","＋","認售","歐式","111年12月29日","112年06月28日","112年06月26日","112年06月28日","0.20","    45.00","","",
="031940","鴻海元大2C購02","0.95","＋","2317","鴻海","105.50","＋","認購","美式","111年12月15日","111年12月15日","112年12月12日","112年12月14日","0.128","    115.50","","",
="031941","廣宇元大26購03","0.00","","2328","廣宇","39.40","＋","認購","美式","111年12月15日","111年12月15日","112年06月12日","112年06月14日","0.319","    41.85","","",
="031942","光罩元大26購03","0.00","","2338","光罩","81.80","＋","認購","美式","111年12月15日","111年12月15日","112年06月12日","112年06月14日","0.093","    120.00","","",
="031943","順德元大26購02","0.00","","2351","順德","123.00","＋","認購","美式","111年12月15日","111年12月15日","112年06月12日","112年06月14日","0.10","    118.50","","",
="031944","佳世達元大26購02","0.00","","2352","佳世達","40.20","＋","認購","美式","111年12月15日","111年12月15日","112年06月12日","112年06月14日","0.49","    27.65","","",
="031945","技嘉元大26購01","0.00","","2376","技嘉","186.00","＋","認購","美式","111年12月15日","111年12月15日","112年06月12日","112年06月14日","0.089","    121.50","","",
="031946","可成元大26購01","0.00","","2474","可成","189.00","＋","認購","美式","111年12月15日","111年12月15日","112年06月12日","112年06月14日","0.109","    203.50","","",
="031947","可成元大2B購01","0.80","＋","2474","可成","189.00","＋","認購","美式","111年12月15日","111年12月15日","112年11月10日","112年11月14日","0.137","    233.50","","",
="031948","興富發元大26購02","0.00","","2542","興富發","42.10","－","認購","美式","111年12月15日","111年12月15日","112年06月12日","112年06月14日","1.00","    57.20","","",
="031949","漢翔元大26購02","0.00","","2634","漢翔","55.80","＋","認購","美式","111年12月15日","111年12月15日","112年06月12日","112年06月14日","0.556","    39.40","","",
="03194U","大聯大凱基26售02","0.00","","3702","大聯大","53.00","＋","認售","歐式","111年12月29日","112年06月28日","112年06月26日","112年06月28日","0.50","    40.00","","",
="031950","漢翔元大2B購03","0.00","","2634","漢翔","55.80","＋","認購","美式","111年12月15日","111年12月15日","112年11月10日","112年11月14日","0.431","    44.60","","",
="031951","八方元大29購01","0.07","","2753","八方雲集","167.00","","認購","美式","111年12月15日","111年12月15日","112年09月12日","112年09月14日","0.032","    256.94","","",
="031952","玉山金元大26購01","0.00","","2884","玉山金","25.80","＋","認購","美式","111年12月15日","111年12月15日","112年06月12日","112年06月14日","1.009","    29.15","","",
="031953","玉晶光元大26購06","0.49","","3406","玉晶光","400.00","＋","認購","美式","111年12月15日","111年12月15日","112年06月12日","112年06月14日","0.02","    393.50","","",
="031954","聯合再元大26購01","0.00","","3576","聯合再生","20.30","＋","認購","美式","111年12月15日","111年12月15日","112年06月12日","112年06月14日","0.75","    24.21","","",
="031955","合勤控元大26購01","0.00","","3704","合勤控","43.85","＋","認購","美式","111年12月15日","111年12月15日","112年06月12日","112年06月14日","0.665","    48.00","","",
="031956","日月光元大26購02","0.00","","3711","日月光投控","109.00","－","認購","美式","111年12月15日","111年12月15日","112年06月12日","112年06月14日","0.494","    130.00","","",
="031957","上品元大26購01","0.00","","4770","上品","297.00","＋","認購","美式","111年12月15日","111年12月15日","112年06月12日","112年06月14日","0.032","    409.29","","",
="031958","上品元大26購02","0.00","","4770","上品","297.00","＋","認購","美式","111年12月15日","111年12月15日","112年06月12日","112年06月14日","0.027","    377.59","","",
="031959","正文元大26購02","0.00","","4906","正文","31.40","＋","認購","美式","111年12月15日","111年12月15日","112年06月12日","112年06月14日","1.00","    37.05","","",
="03195U","日月光凱基26售02","0.00","","3711","日月光投控","109.00","－","認售","歐式","111年12月29日","112年06月28日","112年06月26日","112年06月28日","0.20","    85.00","","",
="031960","緯穎元大26購02","0.00","","6669","緯穎","1,205.00","＋","認購","美式","111年12月15日","111年12月15日","112年06月12日","112年06月14日","0.038","    1,345.00","","",
="031961","富邦媒元大26購02","0.00","","8454","富邦媒","703.00","＋","認購","美式","111年12月15日","111年12月15日","112年06月12日","112年06月14日","0.033","    940.00","","",
="031962","東哥元大26購06","0.00","","8478","東哥遊艇","520.00","＋","認購","美式","111年12月15日","111年12月15日","112年06月12日","112年06月14日","0.025","    420.00","","",
="031963","東哥元大26購07","0.00","","8478","東哥遊艇","520.00","＋","認購","美式","111年12月15日","111年12月15日","112年06月12日","112年06月14日","0.021","    372.50","","",
="031964","寶成元大26購02","0.00","","9904","寶成","32.05","－","認購","美式","111年12月15日","111年12月15日","112年06月12日","112年06月14日","0.43","    34.20","","",
="031965","佳世達兆豐28購01","0.00","","2352","佳世達","40.20","＋","認購","美式","111年12月16日","111年12月16日","112年08月11日","112年08月15日","0.50","    29.80","","",
="031966","台光電兆豐29購01","0.98","＋","2383","台光電","204.50","＋","認購","美式","111年12月16日","111年12月16日","112年09月13日","112年09月15日","0.04","    200.00","","",
="031967","長榮兆豐28購02","0.17","＋","2603","長榮","157.00","＋","認購","美式","111年12月16日","111年12月16日","112年08月11日","112年08月15日","0.075","    195.00","","",
="031968","慧洋兆豐28購01","0.44","＋","2637","慧洋-KY","60.30","＋","認購","美式","111年12月16日","111年12月16日","112年08月11日","112年08月15日","0.202","    62.45","","",
="031969","中鴻台新28購01","0.00","","2014","中鴻","23.15","＋","認購","歐式","111年12月16日","112年08月15日","112年08月11日","112年08月15日","0.45","    34.24","","",
="03196U","南電凱基26售05","0.00","","8046","南電","302.50","－","認售","歐式","111年12月29日","112年06月28日","112年06月26日","112年06月28日","0.06","    220.00","","",
="031970","聯發科台新2C購01","5.80","＋","2454","聯發科","738.00","＋","認購","歐式","111年12月16日","112年12月15日","112年12月13日","112年12月15日","0.075","    839.40","","",
="031971","元油反國票27購01","0.19","－",="00673R","期元大S&P原油反1(原名：元大S&P原油反1)","9.03","－","認購","美式","111年12月16日","111年12月16日","112年07月13日","112年07月17日","1.00","    10.50","","",
="031972","宏達電國票26購04","0.51","","2498","宏達電","61.50","＋","認購","美式","111年12月16日","111年12月16日","112年06月13日","112年06月15日","0.12","    60.00","","",
="031973","上品國票27購03","0.00","","4770","上品","297.00","＋","認購","美式","111年12月16日","111年12月16日","112年07月13日","112年07月17日","0.104","    441.96","","",
="031974","聯電康和26購04","0.00","","2303","聯電","51.20","＋","認購","美式","111年12月16日","111年12月16日","112年06月13日","112年06月15日","0.30","    52.60","","",
="031975","長榮康和28購01","0.64","＋","2603","長榮","157.00","＋","認購","美式","111年12月16日","111年12月16日","112年08月11日","112年08月15日","0.08","    170.00","","",
="031976","華航康和27購01","0.91","＋","2610","華航","21.65","＋","認購","美式","111年12月16日","111年12月16日","112年07月13日","112年07月17日","0.70","    21.50","","",
="031977","美食康和26購02","0.00","","2723","美食-KY","152.50","－","認購","美式","111年12月16日","111年12月16日","112年06月13日","112年06月15日","0.08","    169.00","","",
="031978","大立光康和26購04","0.00","","3008","大立光","2,305.00","＋","認購","美式","111年12月16日","111年12月16日","112年06月13日","112年06月15日","0.006","    2,509.13","","",
="031979","SGBR2X永豐26購01","0.00","",="00715L","期街口布蘭特正2","12.73","＋","認購","美式","111年12月16日","111年12月16日","112年06月13日","112年06月15日","0.435","    17.92","","",
="03197U","富邦媒凱基26售02","0.00","","8454","富邦媒","703.00","＋","認售","歐式","111年12月29日","112年06月28日","112年06月26日","112年06月28日","0.02","    450.00","","",
="031980","中興電永豐28購01","0.00","","1513","中興電","113.50","＋","認購","美式","111年12月16日","111年12月16日","112年08月11日","112年08月15日","0.108","    74.25","","",
="031981","東鋼永豐26購01","0.00","","2006","東和鋼鐵","56.60","＋","認購","美式","111年12月16日","111年12月16日","112年06月13日","112年06月15日","0.456","    58.85","","",
="031982","中鴻永豐27購01","0.00","","2014","中鴻","23.15","＋","認購","美式","111年12月16日","111年12月16日","112年07月13日","112年07月17日","0.50","    34.78","","",
="031983","新光鋼永豐27購01","0.99","－","2031","新光鋼","48.80","－","認購","美式","111年12月16日","111年12月16日","112年07月13日","112年07月17日","0.35","    51.63","","",
="031984","聯發科永豐27購01","0.79","＋","2454","聯發科","738.00","＋","認購","美式","111年12月16日","111年12月16日","112年07月13日","112年07月17日","0.017","    750.00","","",
="031985","華新科永豐27購01","1.61","＋","2492","華新科","101.00","＋","認購","美式","111年12月16日","111年12月16日","112年07月13日","112年07月17日","0.215","    99.60","","",
="031986","玉晶光永豐27購03","0.55","","3406","玉晶光","400.00","＋","認購","美式","111年12月16日","111年12月16日","112年07月13日","112年07月17日","0.028","    441.60","","",
="031987","啟碁永豐28購01","0.60","","6285","啟碁","87.50","＋","認購","美式","111年12月16日","111年12月16日","112年08月11日","112年08月15日","0.12","    97.05","","",
="031988","至上永豐26購01","0.00","","8112","至上","46.30","＋","認購","美式","111年12月16日","111年12月16日","112年06月13日","112年06月15日","0.41","    45.66","","",
="031989","元石油凱基28購03","0.65","＋",="00642U","期元大S&P石油(原名：元大S&P石油)","15.46","＋","認購","美式","111年12月16日","111年12月16日","112年08月11日","112年08月15日","0.50","    16.00","","",
="03198U","臺股指凱基27售07","0.00","","IX0001","臺股指數","16,636.30","","認售","歐式","111年12月29日","112年07月28日","112年07月26日","112年07月28日","0.002","    12,800.00","","",
="031990","SGBR2X凱基2A購01","1.04","＋",="00715L","期街口布蘭特正2","12.73","＋","認購","美式","111年12月16日","111年12月16日","112年10月12日","112年10月16日","0.60","    17.00","","",
="031991","中石化凱基29購01","0.00","","1314","中石化","9.72","－","認購","美式","111年12月16日","111年12月16日","112年09月13日","112年09月15日","1.00","    12.00","","",
="031992","東陽凱基26購01","0.00","","1319","東陽","49.90","＋","認購","美式","111年12月16日","111年12月16日","112年06月13日","112年06月15日","0.50","    60.00","","",
="031993","大成鋼凱基27購02","0.00","","2027","大成鋼","45.25","＋","認購","美式","111年12月16日","111年12月16日","112年07月13日","112年07月17日","1.00","    60.00","","",
="031994","威致凱基26購01","0.00","","2028","威致","25.85","－","認購","美式","111年12月16日","111年12月16日","112年06月13日","112年06月15日","1.03","    33.98","","",
="031995","新光鋼凱基27購01","0.00","","2031","新光鋼","48.80","－","認購","美式","111年12月16日","111年12月16日","112年07月13日","112年07月17日","1.00","    60.00","","",
="031996","上銀凱基26購01","0.00","","2049","上銀","235.50","＋","認購","美式","111年12月16日","111年12月16日","112年06月13日","112年06月15日","0.12","    220.00","","",
="031997","廣宇凱基26購02","0.00","","2328","廣宇","39.40","＋","認購","美式","111年12月16日","111年12月16日","112年06月13日","112年06月15日","0.50","    45.00","","",
="031998","矽統凱基26購01","0.00","","2363","矽統","17.75","＋","認購","美式","111年12月16日","111年12月16日","112年06月13日","112年06月15日","1.00","    20.00","","",
="031999","長榮凱基29購03","0.35","＋","2603","長榮","157.00","＋","認購","美式","111年12月16日","111年12月16日","112年09月13日","112年09月15日","0.15","    205.00","","",
="03199U","臺股指凱基28售01","0.00","","IX0001","臺股指數","16,636.30","","認售","歐式","111年12月29日","112年08月28日","112年08月24日","112年08月28日","0.002","    13,700.00","","",
="032000","欣興凱基26購05","5.00","＋","3037","欣興","182.50","－","認購","美式","111年12月16日","111年12月16日","112年06月13日","112年06月15日","0.25","    215.00","","",
="032001","敦泰凱基27購02","1.43","","3545","敦泰","83.70","＋","認購","美式","111年12月16日","111年12月16日","112年07月13日","112年07月17日","0.25","    85.00","","",
="032002","四維航凱基26購01","0.00","","5608","四維航","23.10","＋","認購","美式","111年12月16日","111年12月16日","112年06月13日","112年06月15日","0.50","    28.00","","",
="032003","台表科凱基26購02","0.00","","6278","台表科","100.50","＋","認購","美式","111年12月16日","111年12月16日","112年06月13日","112年06月15日","0.20","    120.00","","",
="032004","嘉基凱基27購01","0.00","","6715","嘉基","145.50","＋","認購","美式","111年12月16日","111年12月16日","112年07月13日","112年07月17日","0.08","    200.00","","",
="032005","寶成凱基26購01","0.00","","9904","寶成","32.05","－","認購","美式","111年12月16日","111年12月16日","112年06月13日","112年06月15日","1.00","    40.00","","",
="032006","SGBR2X群益26購04","0.00","",="00715L","期街口布蘭特正2","12.73","＋","認購","美式","111年12月16日","111年12月16日","112年06月13日","112年06月15日","0.50","    15.80","","",
="032007","中石化群益26購01","0.00","","1314","中石化","9.72","－","認購","美式","111年12月16日","111年12月16日","112年06月13日","112年06月15日","1.00","    10.50","","",
="032008","長榮群益28購02","0.00","","2603","長榮","157.00","＋","認購","美式","111年12月16日","111年12月16日","112年08月11日","112年08月15日","0.12","    193.00","","",
="032009","晶華群益27購01","0.20","","2707","晶華","288.00","＋","認購","美式","111年12月16日","111年12月16日","112年07月13日","112年07月17日","0.10","    375.00","","",
="03200U","臺股指凱基28售02","0.21","－","IX0001","臺股指數","16,636.30","","認售","歐式","111年12月29日","112年08月28日","112年08月24日","112年08月28日","0.002","    14,100.00","","",
="032010","台勝科群益26購02","0.00","","3532","台勝科","157.00","＋","認購","美式","111年12月16日","111年12月16日","112年06月13日","112年06月15日","0.06","    166.00","","",
="032011","上品群益28購01","0.00","","4770","上品","297.00","＋","認購","美式","111年12月16日","111年12月16日","112年08月11日","112年08月15日","0.047","    427.55","","",
="032012","康舒群益26購01","5.65","＋","6282","康舒","44.05","＋","認購","美式","111年12月16日","111年12月16日","112年06月13日","112年06月15日","1.00","    39.00","","",
="032013","矽創群益26購01","0.00","","8016","矽創","225.50","＋","認購","美式","111年12月16日","111年12月16日","112年06月13日","112年06月15日","0.09","    208.00","","",
="032014","臺股指群益28購01","8.00","＋","IX0001","臺股指數","16,636.30","","認購","歐式","111年12月16日","112年08月15日","112年08月11日","112年08月15日","0.003","    13,600.00","","",
="032015","臺股指群益28購02","0.00","","IX0001","臺股指數","16,636.30","","認購","歐式","111年12月16日","112年08月15日","112年08月11日","112年08月15日","0.003","    14,700.00","","",
="032016","臺股指群益28購03","0.00","","IX0001","臺股指數","16,636.30","","認購","歐式","111年12月16日","112年08月15日","112年08月11日","112年08月15日","0.01","    16,500.00","","",
="032017","台灣50元富29購01","2.87","＋",="0050","元大台灣50","126.75","＋","認購","美式","111年12月16日","111年12月16日","112年09月13日","112年09月15日","0.511","    127.14","","",
="032018","鴻海元富39購01","0.55","＋","2317","鴻海","105.50","＋","認購","美式","111年12月16日","111年12月16日","113年09月12日","113年09月18日","0.045","    110.00","","",
="032019","世芯元富2C購01","0.00","","3661","世芯-KY","1,660.00","＋","認購","美式","111年12月16日","111年12月16日","112年12月13日","112年12月15日","0.009","    1,250.00","","",
="03201U","臺股指凱基2A售15","0.15","－","IX0001","臺股指數","16,636.30","","認售","歐式","111年12月29日","112年10月30日","112年10月26日","112年10月30日","0.005","    9,000.00","","",
="032020","神隆麥證26購01","0.00","","1789","神隆","26.20","＋","認購","歐式","111年12月16日","112年06月15日","112年06月13日","112年06月15日","0.75","    35.00","","",
="032021","鴻海麥證31購01","1.40","＋","2317","鴻海","105.50","＋","認購","歐式","111年12月16日","113年01月15日","113年01月11日","113年01月15日","0.10","    102.00","","",
="032022","光罩麥證26購01","0.00","","2338","光罩","81.80","＋","認購","歐式","111年12月16日","112年06月15日","112年06月13日","112年06月15日","0.099","    125.00","","",
="032023","富采中信28購01","0.31","＋","3714","富采","49.90","＋","認購","歐式","111年12月16日","112年08月15日","112年08月11日","112年08月15日","0.15","    58.00","","",
="032024","上品中信27購01","0.11","＋","4770","上品","297.00","＋","認購","歐式","111年12月16日","112年07月17日","112年07月13日","112年07月17日","0.021","    372.78","","",
="032025","祥碩中信27購02","0.00","","5269","祥碩","1,300.00","＋","認購","歐式","111年12月16日","112年07月17日","112年07月13日","112年07月17日","0.01","    788.00","","",
="032026","愛普中信26購01","0.00","","6531","愛普*","328.50","＋","認購","歐式","111年12月16日","112年06月15日","112年06月13日","112年06月15日","0.038","    198.00","","",
="032027","AES中信28購02","0.55","＋","6781","AES-KY","690.00","＋","認購","歐式","111年12月16日","112年08月15日","112年08月11日","112年08月15日","0.008","    738.00","","",
="032028","南電中信28購02","0.50","－","8046","南電","302.50","－","認購","歐式","111年12月16日","112年08月15日","112年08月11日","112年08月15日","0.022","    318.00","","",
="032029","滬深2X國泰28購01","0.00","",="00637L","元大滬深300正2","13.77","－","認購","美式","111年12月16日","111年12月16日","112年08月11日","112年08月15日","0.80","    16.60","","",
="03202U","台積電台新2C售03","1.06","－","2330","台積電","568.00","＋","認售","歐式","111年12月29日","112年12月28日","112年12月26日","112年12月28日","0.261","    348.12","","",
="032030","元晶國泰28購01","0.41","＋","6443","元晶","36.20","＋","認購","美式","111年12月16日","111年12月16日","112年08月11日","112年08月15日","0.40","    44.41","","",
="032031","道瓊銀富邦28購01","0.00","",="00738U","期元大道瓊白銀(原名：元大道瓊白銀)","22.79","＋","認購","美式","111年12月16日","111年12月16日","112年08月11日","112年08月15日","0.40","    25.50","","",
="032032","台積電富邦29購04","0.98","－","2330","台積電","568.00","＋","認購","美式","111年12月16日","111年12月16日","112年09月13日","112年09月15日","0.077","    642.80","","",
="032033","力積電富邦28購02","0.35","","6770","力積電","30.85","＋","認購","美式","111年12月16日","111年12月16日","112年08月11日","112年08月15日","0.504","    39.65","","",
="032034","華新元大26購08","0.00","","1605","華新","46.60","＋","認購","美式","111年12月16日","111年12月16日","112年06月13日","112年06月15日","0.12","    57.40","","",
="032035","中鴻元大26購01","0.00","","2014","中鴻","23.15","＋","認購","美式","111年12月16日","111年12月16日","112年06月13日","112年06月15日","0.859","    34.50","","",
="032036","大成鋼元大26購03","0.00","","2027","大成鋼","45.25","＋","認購","美式","111年12月16日","111年12月16日","112年06月13日","112年06月15日","1.00","    65.00","","",
="032037","鴻海元大26購09","0.38","","2317","鴻海","105.50","＋","認購","美式","111年12月16日","111年12月16日","112年06月13日","112年06月15日","0.162","    108.50","","",
="032038","鴻海元大2B購06","0.96","＋","2317","鴻海","105.50","＋","認購","美式","111年12月16日","111年12月16日","112年11月13日","112年11月15日","0.155","    119.50","","",
="032039","華邦電元大26購01","2.70","","2344","華邦電","26.90","＋","認購","美式","111年12月16日","111年12月16日","112年06月13日","112年06月15日","0.437","    20.85","","",
="03203U","FBNQ2X元大26售03","0.00","",="00670L","富邦NASDAQ正2","78.90","＋","認售","歐式","111年12月29日","112年06月28日","112年06月26日","112年06月28日","0.15","    43.00","","",
="032040","威盛元大26購03","0.00","","2388","威盛","83.10","＋","認購","美式","111年12月16日","111年12月16日","112年06月13日","112年06月15日","0.258","    112.00","","",
="032041","華航元大26購06","0.00","","2610","華航","21.65","＋","認購","美式","111年12月16日","111年12月16日","112年06月13日","112年06月15日","0.749","    21.35","","",
="032042","慧洋元大26購04","0.32","","2637","慧洋-KY","60.30","＋","認購","美式","111年12月16日","111年12月16日","112年06月13日","112年06月15日","0.211","    57.64","","",
="032043","晶華元大26購03","0.00","","2707","晶華","288.00","＋","認購","美式","111年12月16日","111年12月16日","112年06月13日","112年06月15日","0.061","    302.50","","",
="032044","晶華元大26購04","0.00","","2707","晶華","288.00","＋","認購","美式","111年12月16日","111年12月16日","112年06月13日","112年06月15日","0.044","    265.00","","",
="032045","晶華元大2A購02","1.65","＋","2707","晶華","288.00","＋","認購","美式","111年12月16日","111年12月16日","112年10月12日","112年10月16日","0.039","    295.00","","",
="032046","美食元大26購05","0.00","","2723","美食-KY","152.50","－","認購","美式","111年12月16日","111年12月16日","112年06月13日","112年06月15日","0.086","    169.50","","",
="032047","華晶科元大26購01","0.00","","3059","華晶科","34.60","＋","認購","美式","111年12月16日","111年12月16日","112年06月13日","112年06月15日","0.366","    40.35","","",
="032048","玉晶光元大26購07","0.00","","3406","玉晶光","400.00","＋","認購","美式","111年12月16日","111年12月16日","112年06月13日","112年06月15日","0.033","    418.00","","",
="032049","貿聯元大26購03","0.00","","3665","貿聯-KY","270.50","＋","認購","美式","111年12月16日","111年12月16日","112年06月13日","112年06月15日","0.194","    388.47","","",
="03204P","裕隆元大25售15","0.00","","2201","裕隆","82.80","＋","認售","歐式","111年12月01日","112年05月31日","112年05月29日","112年05月31日","0.40","    48.25","","",
="03204U","國巨元大26售07","0.00","","2327","國巨","508.00","＋","認售","歐式","111年12月29日","112年06月28日","112年06月26日","112年06月28日","0.038","    406.00","","",
="032050","貿聯元大26購04","0.00","","3665","貿聯-KY","270.50","＋","認購","美式","111年12月16日","111年12月16日","112年06月13日","112年06月15日","0.048","    265.95","","",
="032051","康普元大26購02","0.00","","4739","康普","88.80","＋","認購","美式","111年12月16日","111年12月16日","112年06月13日","112年06月15日","0.106","    131.00","","",
="032052","上品元大26購03","0.18","","4770","上品","297.00","＋","認購","美式","111年12月16日","111年12月16日","112年06月13日","112年06月15日","0.031","    353.57","","",
="032053","樺漢元大26購02","0.00","","6414","樺漢","281.00","＋","認購","美式","111年12月16日","111年12月16日","112年06月13日","112年06月15日","0.106","    263.00","","",
="032054","矽力元大26購01","0.00","","6415","矽力*-KY","394.50","＋","認購","美式","111年12月16日","111年12月16日","112年06月13日","112年06月15日","0.032","    731.52","","",
="032055","力智元大26購01","0.00","","6719","力智","303.00","＋","認購","美式","111年12月16日","111年12月16日","112年06月13日","112年06月15日","0.044","    390.00","","",
="032056","力智元大26購02","0.15","＋","6719","力智","303.00","＋","認購","美式","111年12月16日","111年12月16日","112年06月13日","112年06月15日","0.04","    363.50","","",
="032057","矽創元大26購02","0.00","","8016","矽創","225.50","＋","認購","美式","111年12月16日","111年12月16日","112年06月13日","112年06月15日","0.06","    182.50","","",
="032058","東哥元大26購08","2.33","","8478","東哥遊艇","520.00","＋","認購","美式","111年12月16日","111年12月16日","112年06月13日","112年06月15日","0.04","    480.00","","",
="032059","臺股指元大27購05","1.16","＋","IX0001","臺股指數","16,636.30","","認購","歐式","111年12月16日","112年07月17日","112年07月13日","112年07月17日","0.007","    17,600.00","","",
="03205U","裕民元大26售04","0.00","","2606","裕民","49.75","＋","認售","歐式","111年12月29日","112年06月28日","112年06月26日","112年06月28日","0.27","    41.54","","",
="032060","臺股指元大27購06","2.15","＋","IX0001","臺股指數","16,636.30","","認購","歐式","111年12月16日","112年07月17日","112年07月13日","112年07月17日","0.003","    16,100.00","","",
="032061","臺股指元大27購07","0.00","","IX0001","臺股指數","16,636.30","","認購","歐式","111年12月16日","112年07月17日","112年07月13日","112年07月17日","0.002","    15,300.00","","",
="032062","臺股指元大27購08","0.00","","IX0001","臺股指數","16,636.30","","認購","歐式","111年12月16日","112年07月17日","112年07月13日","112年07月17日","0.001","    14,300.00","","",
="032063","T50反1兆豐33購01","0.07","",="00632R","元大台灣50反1","4.94","－","認購","美式","111年12月19日","111年12月19日","113年03月14日","113年03月18日","1.00","    6.30","","",
="032064","華新兆豐29購01","0.71","＋","1605","華新","46.60","＋","認購","美式","111年12月19日","111年12月19日","112年09月14日","112年09月18日","0.12","    46.00","","",
="032065","大成鋼兆豐26購01","0.00","","2027","大成鋼","45.25","＋","認購","美式","111年12月19日","111年12月19日","112年06月15日","112年06月19日","0.35","    50.00","","",
="032066","華邦電兆豐28購01","3.15","＋","2344","華邦電","26.90","＋","認購","美式","111年12月19日","111年12月19日","112年08月16日","112年08月18日","0.60","    22.80","","",
="032067","貿聯兆豐28購01","0.92","＋","3665","貿聯-KY","270.50","＋","認購","美式","111年12月19日","111年12月19日","112年08月16日","112年08月18日","0.05","    286.87","","",
="032068","新光鋼國票27購01","0.00","","2031","新光鋼","48.80","－","認購","美式","111年12月19日","111年12月19日","112年07月14日","112年07月18日","0.80","    47.00","","",
="032069","緯創國票27購01","0.00","","3231","緯創","68.00","＋","認購","美式","111年12月19日","111年12月19日","112年07月14日","112年07月18日","1.00","    34.00","","",
="03206U","國泰金元大26售05","0.00","","2882","國泰金","44.75","＋","認售","歐式","111年12月29日","112年06月28日","112年06月26日","112年06月28日","0.70","    37.00","","",
="032070","富采國票27購01","0.49","","3714","富采","49.90","＋","認購","美式","111年12月19日","111年12月19日","112年07月14日","112年07月18日","0.80","    60.00","","",
="032071","材料國票27購05","0.00","","4763","材料-KY","550.00","－","認購","美式","111年12月19日","111年12月19日","112年07月14日","112年07月18日","0.102","    224.85","","",
="032072","東哥國票26購02","0.00","","8478","東哥遊艇","520.00","＋","認購","美式","111年12月19日","111年12月19日","112年06月15日","112年06月19日","0.025","    350.00","","",
="032073","東哥國票27購02","3.90","","8478","東哥遊艇","520.00","＋","認購","美式","111年12月19日","111年12月19日","112年07月14日","112年07月18日","0.03","    400.00","","",
="032074","東哥國票28購02","4.15","","8478","東哥遊艇","520.00","＋","認購","美式","111年12月19日","111年12月19日","112年08月16日","112年08月18日","0.035","    450.00","","",
="032075","台灣50群益26購07","0.00","",="0050","元大台灣50","126.75","＋","認購","美式","111年12月19日","111年12月19日","112年06月15日","112年06月19日","0.511","    117.36","","",
="032076","滬深反群益26購01","0.00","",="00638R","元大滬深300反1","9.79","＋","認購","美式","111年12月19日","111年12月19日","112年06月15日","112年06月19日","1.00","    10.00","","",
="032077","中興電群益26購02","0.00","","1513","中興電","113.50","＋","認購","美式","111年12月19日","111年12月19日","112年06月15日","112年06月19日","0.522","    86.00","","",
="032078","神隆群益27購01","0.00","","1789","神隆","26.20","＋","認購","美式","111年12月19日","111年12月19日","112年07月14日","112年07月18日","0.50","    30.75","","",
="032079","大成鋼群益26購01","0.00","","2027","大成鋼","45.25","＋","認購","美式","111年12月19日","111年12月19日","112年06月15日","112年06月19日","1.00","    59.80","","",
="03207U","欣興元大26售12","0.00","","3037","欣興","182.50","－","認售","歐式","111年12月29日","112年06月28日","112年06月26日","112年06月28日","0.991","    61.50","","",
="032080","威盛群益26購03","0.63","","2388","威盛","83.10","＋","認購","美式","111年12月19日","111年12月19日","112年06月15日","112年06月19日","0.15","    85.00","","",
="032081","揚明光群益26購04","0.13","＋","3504","揚明光","81.70","＋","認購","美式","111年12月19日","111年12月19日","112年06月15日","112年06月19日","0.05","    90.00","","",
="032082","矽創群益26購02","0.00","","8016","矽創","225.50","＋","認購","美式","111年12月19日","111年12月19日","112年06月15日","112年06月19日","0.13","    222.00","","",
="032083","元黃金元大2A購01","0.43","－",="00635U","期元大S&P黃金(原名：元大S&P黃金)","24.50","－","認購","美式","111年12月19日","111年12月19日","112年10月16日","112年10月18日","1.00","    28.00","","",
="032084","美費半元大29購01","0.00","",="00830","國泰費城半導體","31.65","＋","認購","美式","111年12月19日","111年12月19日","112年09月14日","112年09月18日","0.402","    28.86","","",
="032085","未來車元大26購01","0.00","",="00895","富邦未來車","17.15","＋","認購","美式","111年12月19日","111年12月19日","112年06月15日","112年06月19日","1.00","    14.00","","",
="032086","台泥元大26購01","0.00","","1101","台泥","38.15","＋","認購","美式","111年12月19日","111年12月19日","112年06月15日","112年06月19日","1.00","    40.00","","",
="032087","華新元大26購09","0.00","","1605","華新","46.60","＋","認購","美式","111年12月19日","111年12月19日","112年06月15日","112年06月19日","0.10","    54.80","","",
="032088","鴻海元大26購10","0.00","","2317","鴻海","105.50","＋","認購","美式","111年12月19日","111年12月19日","112年06月15日","112年06月19日","1.00","    153.00","","",
="032089","威盛元大26購04","0.00","","2388","威盛","83.10","＋","認購","美式","111年12月19日","111年12月19日","112年06月15日","112年06月19日","0.167","    96.30","","",
="03208P","創意元大25售11","0.00","","3443","創意","1,515.00","＋","認售","歐式","111年12月01日","112年05月31日","112年05月29日","112年05月31日","0.015","    640.00","","",
="03208U","景碩元大26售10","0.00","","3189","景碩","116.00","＋","認售","歐式","111年12月29日","112年06月28日","112年06月26日","112年06月28日","0.498","    63.60","","",
="032090","威盛元大26購05","0.97","＋","2388","威盛","83.10","＋","認購","美式","111年12月19日","111年12月19日","112年06月15日","112年06月19日","0.136","    77.90","","",
="032091","威盛元大2A購03","1.25","＋","2388","威盛","83.10","＋","認購","美式","111年12月19日","111年12月19日","112年10月16日","112年10月18日","0.14","    111.00","","",
="032092","漢唐元大26購02","0.00","","2404","漢唐","227.50","＋","認購","美式","111年12月19日","111年12月19日","112年06月15日","112年06月19日","0.058","    182.00","","",
="032093","裕民元大26購01","0.00","","2606","裕民","49.75","＋","認購","美式","111年12月19日","111年12月19日","112年06月15日","112年06月19日","1.00","    72.00","","",
="032094","陽明元大26購05","0.00","","2609","陽明","62.00","＋","認購","美式","111年12月19日","111年12月19日","112年06月15日","112年06月19日","0.30","    71.30","","",
="032095","漢翔元大26購03","0.00","","2634","漢翔","55.80","＋","認購","美式","111年12月19日","111年12月19日","112年06月15日","112年06月19日","0.898","    45.80","","",
="032096","慧洋元大26購05","0.00","","2637","慧洋-KY","60.30","＋","認購","美式","111年12月19日","111年12月19日","112年06月15日","112年06月19日","0.262","    60.40","","",
="032097","晶華元大26購05","0.00","","2707","晶華","288.00","＋","認購","美式","111年12月19日","111年12月19日","112年06月15日","112年06月19日","0.104","    347.50","","",
="032098","晶華元大26購06","0.00","","2707","晶華","288.00","＋","認購","美式","111年12月19日","111年12月19日","112年06月15日","112年06月19日","0.079","    322.50","","",
="032099","晶華元大2A購03","1.46","－","2707","晶華","288.00","＋","認購","美式","111年12月19日","111年12月19日","112年10月16日","112年10月18日","0.061","    360.00","","",
="03209P","創意元大25售12","0.00","","3443","創意","1,515.00","＋","認售","歐式","111年12月01日","112年05月31日","112年05月29日","112年05月31日","0.01","    777.00","","",
="03209U","玉晶光元大26售10","0.00","","3406","玉晶光","400.00","＋","認售","歐式","111年12月29日","112年06月28日","112年06月26日","112年06月28日","0.023","    361.50","","",
="032100","美食元大26購06","0.00","","2723","美食-KY","152.50","－","認購","美式","111年12月19日","111年12月19日","112年06月15日","112年06月19日","0.054","    142.50","","",
="032101","三商壽元大26購02","0.00","","2867","三商壽","5.22","＋","認購","美式","111年12月19日","111年12月19日","112年06月15日","112年06月19日","1.006","    5.97","","",
="032102","聯合再元大26購02","0.00","","3576","聯合再生","20.30","＋","認購","美式","111年12月19日","111年12月19日","112年06月15日","112年06月19日","0.726","    23.20","","",
="032103","碩天元大26購01","0.00","","3617","碩天","191.00","－","認購","美式","111年12月19日","111年12月19日","112年06月15日","112年06月19日","0.057","    104.50","","",
="032104","貿聯元大26購05","0.00","","3665","貿聯-KY","270.50","＋","認購","美式","111年12月19日","111年12月19日","112年06月15日","112年06月19日","0.165","    376.52","","",
="032105","上品元大26購04","0.00","","4770","上品","297.00","＋","認購","美式","111年12月19日","111年12月19日","112年06月15日","112年06月19日","0.05","    437.16","","",
="032106","上品元大26購05","0.00","","4770","上品","297.00","＋","認購","美式","111年12月19日","111年12月19日","112年06月15日","112年06月19日","0.03","    341.08","","",
="032107","樺漢元大26購03","0.71","","6414","樺漢","281.00","＋","認購","美式","111年12月19日","111年12月19日","112年06月15日","112年06月19日","0.209","    315.00","","",
="032108","矽力元大26購02","0.00","","6415","矽力*-KY","394.50","＋","認購","美式","111年12月19日","111年12月19日","112年06月15日","112年06月19日","0.028","    721.61","","",
="032109","南電元大26購10","1.02","＋","8046","南電","302.50","－","認購","美式","111年12月19日","111年12月19日","112年06月15日","112年06月19日","0.046","    310.00","","",
="03210U","群創元大26售03","0.00","","3481","群創","14.10","＋","認售","歐式","111年12月29日","112年06月28日","112年06月26日","112年06月28日","0.843","    10.15","","",
="032110","元石油凱基29購03","0.79","＋",="00642U","期元大S&P石油(原名：元大S&P石油)","15.46","＋","認購","美式","111年12月19日","111年12月19日","112年09月14日","112年09月18日","0.80","    18.00","","",
="032111","S&P反1凱基2C購01","0.00","",="00648R","元大S&P500反1","6.93","－","認購","美式","111年12月19日","111年12月19日","112年12月14日","112年12月18日","1.00","    8.00","","",
="032112","SGBR2X凱基27購02","0.51","＋",="00715L","期街口布蘭特正2","12.73","＋","認購","美式","111年12月19日","111年12月19日","112年07月14日","112年07月18日","0.50","    15.00","","",
="032113","FB越南凱基29購02","0.00","",="00885","富邦越南","11.45","＋","認購","美式","111年12月19日","111年12月19日","112年09月14日","112年09月18日","1.00","    14.00","","",
="032114","華新凱基29購04","0.88","","1605","華新","46.60","＋","認購","美式","111年12月19日","111年12月19日","112年09月14日","112年09月18日","0.20","    52.00","","",
="032115","中鋼凱基2C購01","0.00","","2002","中鋼","29.05","－","認購","美式","111年12月19日","111年12月19日","112年12月14日","112年12月18日","1.00","    42.00","","",
="032116","大成鋼凱基26購01","0.00","","2027","大成鋼","45.25","＋","認購","美式","111年12月19日","111年12月19日","112年06月15日","112年06月19日","1.00","    55.00","","",
="032117","台達電凱基27購01","1.00","－","2308","台達電","315.50","－","認購","美式","111年12月19日","111年12月19日","112年07月14日","112年07月18日","0.15","    350.00","","",
="032118","鴻海凱基2B購01","0.84","＋","2317","鴻海","105.50","＋","認購","美式","111年12月19日","111年12月19日","112年11月16日","112年11月20日","0.16","    118.00","","",
="032119","英業達凱基26購01","0.00","","2356","英業達","37.50","＋","認購","美式","111年12月19日","111年12月19日","112年06月15日","112年06月19日","1.00","    30.00","","",
="03211U","東哥元大26售13","0.00","","8478","東哥遊艇","520.00","＋","認售","歐式","111年12月29日","112年06月28日","112年06月26日","112年06月28日","0.086","    176.00","","",
="032120","聯發科凱基27購05","1.06","＋","2454","聯發科","738.00","＋","認購","美式","111年12月19日","111年12月19日","112年07月14日","112年07月18日","0.04","    820.00","","",
="032121","華航凱基27購05","1.58","＋","2610","華航","21.65","＋","認購","美式","111年12月19日","111年12月19日","112年07月14日","112年07月18日","0.70","    20.00","","",
="032122","慧洋凱基26購02","0.00","","2637","慧洋-KY","60.30","＋","認購","美式","111年12月19日","111年12月19日","112年06月15日","112年06月19日","0.448","    66.92","","",
="032123","晶華凱基2A購02","0.00","","2707","晶華","288.00","＋","認購","美式","111年12月19日","111年12月19日","112年10月16日","112年10月18日","0.045","    300.00","","",
="032124","華晶科凱基26購01","0.00","","3059","華晶科","34.60","＋","認購","美式","111年12月19日","111年12月19日","112年06月15日","112年06月19日","0.55","    45.00","","",
="032125","華擎凱基27購02","0.24","","3515","華擎","154.00","＋","認購","美式","111年12月19日","111年12月19日","112年07月14日","112年07月18日","0.10","    210.00","","",
="032126","貿聯凱基26購03","0.00","","3665","貿聯-KY","270.50","＋","認購","美式","111年12月19日","111年12月19日","112年06月15日","112年06月19日","0.221","    388.47","","",
="032127","富采凱基26購01","0.00","","3714","富采","49.90","＋","認購","美式","111年12月19日","111年12月19日","112年06月15日","112年06月19日","0.65","    60.00","","",
="032128","康普凱基27購01","0.00","","4739","康普","88.80","＋","認購","美式","111年12月19日","111年12月19日","112年07月14日","112年07月18日","0.06","    110.00","","",
="032129","盛群凱基26購01","0.00","","6202","盛群","69.70","＋","認購","美式","111年12月19日","111年12月19日","112年06月15日","112年06月19日","0.30","    85.00","","",
="03212P","長榮第一29售03","0.00","","2603","長榮","157.00","＋","認售","歐式","111年09月23日","112年09月22日","112年09月20日","112年09月22日","0.031","    162.15","","",
="03212U","臺股指元大29售21","0.00","","IX0001","臺股指數","16,636.30","","認售","歐式","111年12月29日","112年09月28日","112年09月26日","112年09月28日","0.003","    11,900.00","","",
="032130","樺漢凱基27購02","2.14","＋","6414","樺漢","281.00","＋","認購","美式","111年12月19日","111年12月19日","112年07月14日","112年07月18日","0.20","    300.00","","",
="032131","南茂凱基26購01","0.00","","8150","南茂","39.55","＋","認購","美式","111年12月19日","111年12月19日","112年06月15日","112年06月19日","0.80","    40.00","","",
="032132","東哥凱基26購03","0.00","","8478","東哥遊艇","520.00","＋","認購","美式","111年12月19日","111年12月19日","112年06月15日","112年06月19日","0.045","    480.00","","",
="032133","台灣50元富26購02","0.00","",="0050","元大台灣50","126.75","＋","認購","美式","111年12月19日","111年12月19日","112年06月15日","112年06月19日","0.409","    115.40","","",
="032134","台灣50元富26購03","0.00","",="0050","元大台灣50","126.75","＋","認購","美式","111年12月19日","111年12月19日","112年06月15日","112年06月19日","0.511","    117.36","","",
="032135","強茂元富29購01","1.26","＋","2481","強茂","70.20","＋","認購","美式","111年12月19日","111年12月19日","112年09月14日","112年09月18日","0.25","    77.00","","",
="032136","美食元富29購01","0.00","","2723","美食-KY","152.50","－","認購","美式","111年12月19日","111年12月19日","112年09月14日","112年09月18日","0.10","    168.00","","",
="032137","世芯元富26購04","0.00","","3661","世芯-KY","1,660.00","＋","認購","美式","111年12月19日","111年12月19日","112年06月15日","112年06月19日","0.007","    950.00","","",
="032138","台達電麥證26購01","0.17","＋","2308","台達電","315.50","－","認購","歐式","111年12月19日","112年06月19日","112年06月15日","112年06月19日","0.10","    360.00","","",
="032139","聯發科麥證29購01","1.23","＋","2454","聯發科","738.00","＋","認購","歐式","111年12月19日","112年09月18日","112年09月14日","112年09月18日","0.035","    888.00","","",
="03213U","臺股指元大29售22","0.24","－","IX0001","臺股指數","16,636.30","","認售","歐式","111年12月29日","112年09月28日","112年09月26日","112年09月28日","0.002","    13,200.00","","",
="032140","長榮麥證2B購01","1.88","＋","2603","長榮","157.00","＋","認購","歐式","111年12月19日","112年11月20日","112年11月16日","112年11月20日","0.10","    168.88","","",
="032141","陽明麥證26購02","0.00","","2609","陽明","62.00","＋","認購","歐式","111年12月19日","112年06月19日","112年06月15日","112年06月19日","0.20","    70.00","","",
="032142","東鋼康和26購01","0.00","","2006","東和鋼鐵","56.60","＋","認購","美式","111年12月19日","111年12月19日","112年06月15日","112年06月19日","0.425","    61.25","","",
="032143","臺企銀康和28購01","0.63","－","2834","臺企銀","14.10","＋","認購","美式","111年12月19日","111年12月19日","112年08月16日","112年08月18日","1.00","    14.50","","",
="032144","裕隆永豐29購01","1.48","＋","2201","裕隆","82.80","＋","認購","美式","111年12月19日","111年12月19日","112年09月14日","112年09月18日","0.103","    75.10","","",
="032145","威盛永豐27購02","0.68","＋","2388","威盛","83.10","＋","認購","美式","111年12月19日","111年12月19日","112年07月14日","112年07月18日","0.105","    88.87","","",
="032146","友達永豐27購01","0.90","＋","2409","友達","17.65","＋","認購","美式","111年12月19日","111年12月19日","112年07月14日","112年07月18日","0.75","    18.02","","",
="032147","大立光永豐27購01","0.00","","3008","大立光","2,305.00","＋","認購","美式","111年12月19日","111年12月19日","112年07月14日","112年07月18日","0.006","    2,423.13","","",
="032148","GIS永豐27購01","0.00","","6456","GIS-KY","75.40","＋","認購","美式","111年12月19日","111年12月19日","112年07月14日","112年07月18日","0.152","    113.18","","",
="032149","中鴻中信27購02","0.00","","2014","中鴻","23.15","＋","認購","歐式","111年12月19日","112年07月18日","112年07月14日","112年07月18日","0.28","    38.80","","",
="03214U","臺股指元大2A售28","0.15","－","IX0001","臺股指數","16,636.30","","認售","歐式","111年12月29日","112年10月30日","112年10月26日","112年10月30日","0.003","    11,300.00","","",
="032150","為升中信27購01","0.48","－","2231","為升","172.50","＋","認購","歐式","111年12月19日","112年07月18日","112年07月14日","112年07月18日","0.04","    178.00","","",
="032151","為升中信28購01","0.00","","2231","為升","172.50","＋","認購","歐式","111年12月19日","112年08月18日","112年08月16日","112年08月18日","0.058","    228.00","","",
="032152","技嘉中信27購01","0.00","","2376","技嘉","186.00","＋","認購","歐式","111年12月19日","112年07月18日","112年07月14日","112年07月18日","0.078","    128.00","","",
="032153","世芯中信26購01","5.20","＋","3661","世芯-KY","1,660.00","＋","認購","歐式","111年12月19日","112年06月19日","112年06月15日","112年06月19日","0.008","    1,006.00","","",
="032154","富采中信29購01","0.00","","3714","富采","49.90","＋","認購","歐式","111年12月19日","112年09月18日","112年09月14日","112年09月18日","0.12","    65.80","","",
="032155","長榮航國泰28購03","1.46","＋","2618","長榮航","33.60","＋","認購","美式","111年12月19日","111年12月19日","112年08月16日","112年08月18日","0.80","    36.90","","",
="032156","華城富邦26購01","0.00","","1519","華城","141.00","＋","認購","美式","111年12月19日","111年12月19日","112年06月15日","112年06月19日","0.15","    60.00","","",
="032157","聯電富邦28購01","1.04","＋","2303","聯電","51.20","＋","認購","美式","111年12月19日","111年12月19日","112年08月16日","112年08月18日","0.22","    50.00","","",
="032158","鴻海富邦29購01","0.00","","2317","鴻海","105.50","＋","認購","美式","111年12月19日","111年12月19日","112年09月14日","112年09月18日","0.10","    115.00","","",
="032159","啟碁富邦28購01","0.34","","6285","啟碁","87.50","＋","認購","美式","111年12月19日","111年12月19日","112年08月16日","112年08月18日","0.10","    100.00","","",
="03215P","創意元大27售02","0.02","","3443","創意","1,515.00","＋","認售","歐式","111年12月01日","112年07月31日","112年07月27日","112年07月31日","0.017","    570.00","","",
="03215U","臺股指元大2A售29","0.22","－","IX0001","臺股指數","16,636.30","","認售","歐式","111年12月29日","112年10月30日","112年10月26日","112年10月30日","0.002","    12,500.00","","",
="032160","臺股指富邦2A購01","2.11","","IX0001","臺股指數","16,636.30","","認購","歐式","111年12月19日","112年10月18日","112年10月16日","112年10月18日","0.002","    16,000.00","","",
="032161","精英群益27購01","2.56","＋","2331","精英","28.70","＋","認購","美式","111年12月20日","111年12月20日","112年07月17日","112年07月19日","1.036","    28.97","","",
="032162","技嘉群益26購02","0.00","","2376","技嘉","186.00","＋","認購","美式","111年12月20日","111年12月20日","112年06月15日","112年06月19日","0.10","    135.00","","",
="032163","技嘉群益28購01","5.65","－","2376","技嘉","186.00","＋","認購","美式","111年12月20日","111年12月20日","112年08月17日","112年08月21日","0.20","    160.00","","",
="032164","宏達電群益26購09","0.00","","2498","宏達電","61.50","＋","認購","美式","111年12月20日","111年12月20日","112年06月15日","112年06月19日","0.20","    61.00","","",
="032165","陽明群益27購01","0.00","","2609","陽明","62.00","＋","認購","美式","111年12月20日","111年12月20日","112年07月17日","112年07月19日","0.35","    74.00","","",
="032166","新光金群益28購01","0.00","","2888","新光金","8.63","＋","認購","美式","111年12月20日","111年12月20日","112年08月17日","112年08月21日","1.00","    9.50","","",
="032167","大立光群益26購06","0.00","","3008","大立光","2,305.00","＋","認購","美式","111年12月20日","111年12月20日","112年06月15日","112年06月19日","0.006","    2,352.31","","",
="032168","祥碩群益28購02","11.20","","5269","祥碩","1,300.00","＋","認購","美式","111年12月20日","111年12月20日","112年08月17日","112年08月21日","0.03","    980.00","","",
="032169","晶碩群益26購01","0.00","","6491","晶碩","366.50","＋","認購","美式","111年12月20日","111年12月20日","112年06月15日","112年06月19日","0.02","    483.00","","",
="03216P","創意元大28售02","0.00","","3443","創意","1,515.00","＋","認售","歐式","111年12月01日","112年08月31日","112年08月29日","112年08月31日","0.023","    485.00","","",
="03216U","S&P正2中信29售01","0.00","",="00647L","元大S&P500正2","57.80","＋","認售","歐式","111年12月29日","112年09月28日","112年09月26日","112年09月28日","0.06","    48.00","","",
="032170","南電群益26購04","0.00","","8046","南電","302.50","－","認購","美式","111年12月20日","111年12月20日","112年06月15日","112年06月19日","0.07","    360.00","","",
="032171","東哥群益26購03","0.00","","8478","東哥遊艇","520.00","＋","認購","美式","111年12月20日","111年12月20日","112年06月15日","112年06月19日","0.05","    444.00","","",
="032172","中鴻康和28購01","0.00","","2014","中鴻","23.15","＋","認購","美式","111年12月20日","111年12月20日","112年08月17日","112年08月21日","0.50","    33.00","","",
="032173","大成鋼康和26購01","0.00","","2027","大成鋼","45.25","＋","認購","美式","111年12月20日","111年12月20日","112年06月15日","112年06月19日","0.35","    53.00","","",
="032174","聯發科康和26購02","0.15","＋","2454","聯發科","738.00","＋","認購","美式","111年12月20日","111年12月20日","112年06月15日","112年06月19日","0.03","    823.00","","",
="032175","華城國票27購02","0.00","","1519","華城","141.00","＋","認購","美式","111年12月20日","111年12月20日","112年07月17日","112年07月19日","0.50","    55.00","","",
="032176","中砂國票27購01","0.00","","1560","中砂","114.50","－","認購","美式","111年12月20日","111年12月20日","112年07月17日","112年07月19日","0.12","    150.00","","",
="032177","大成鋼國票27購01","0.00","","2027","大成鋼","45.25","＋","認購","美式","111年12月20日","111年12月20日","112年07月17日","112年07月19日","1.00","    62.00","","",
="032178","上銀國票27購01","0.00","","2049","上銀","235.50","＋","認購","美式","111年12月20日","111年12月20日","112年07月17日","112年07月19日","0.07","    200.00","","",
="032179","樺漢國票27購02","0.00","","6414","樺漢","281.00","＋","認購","美式","111年12月20日","111年12月20日","112年07月17日","112年07月19日","0.30","    320.00","","",
="03217U","聯電中信27售02","0.00","","2303","聯電","51.20","＋","認售","歐式","111年12月29日","112年07月28日","112年07月26日","112年07月28日","0.35","    35.00","","",
="032180","GIS國票26購01","0.00","","6456","GIS-KY","75.40","＋","認購","美式","111年12月20日","111年12月20日","112年06月15日","112年06月19日","0.189","    104.89","","",
="032181","台積電台新2A購01","0.00","","2330","台積電","568.00","＋","認購","歐式","111年12月20日","112年10月19日","112年10月17日","112年10月19日","0.04","    547.04","","",
="032182","台積電台新2C購01","0.00","","2330","台積電","568.00","＋","認購","歐式","111年12月20日","112年12月19日","112年12月15日","112年12月19日","0.161","    559.47","","",
="032183","中砂兆豐28購01","0.00","","1560","中砂","114.50","－","認購","美式","111年12月20日","111年12月20日","112年08月17日","112年08月21日","0.06","    148.00","","",
="032184","大立光兆豐2A購01","0.62","＋","3008","大立光","2,305.00","＋","認購","美式","111年12月20日","111年12月20日","112年10月17日","112年10月19日","0.004","    2,450.32","","",
="032185","中砂永豐27購01","0.00","","1560","中砂","114.50","－","認購","美式","111年12月20日","111年12月20日","112年07月17日","112年07月19日","0.079","    141.52","","",
="032186","台積電永豐29購01","1.75","＋","2330","台積電","568.00","＋","認購","美式","111年12月20日","111年12月20日","112年09月15日","112年09月19日","0.035","    554.81","","",
="032187","技嘉永豐27購01","4.67","－","2376","技嘉","186.00","＋","認購","美式","111年12月20日","111年12月20日","112年07月17日","112年07月19日","0.112","    143.85","","",
="032188","新興永豐27購01","0.00","","2605","新興","21.45","＋","認購","美式","111年12月20日","111年12月20日","112年07月17日","112年07月19日","0.495","    23.61","","",
="032189","裕民永豐27購02","0.00","","2606","裕民","49.75","＋","認購","美式","111年12月20日","111年12月20日","112年07月17日","112年07月19日","0.355","    65.78","","",
="03218U","國泰金中信26售02","0.00","","2882","國泰金","44.75","＋","認售","歐式","111年12月29日","112年06月28日","112年06月26日","112年06月28日","1.00","    35.00","","",
="032190","長榮航永豐27購01","0.99","＋","2618","長榮航","33.60","＋","認購","美式","111年12月20日","111年12月20日","112年07月17日","112年07月19日","0.395","    33.93","","",
="032191","慧洋永豐27購01","0.00","","2637","慧洋-KY","60.30","＋","認購","美式","111年12月20日","111年12月20日","112年07月17日","112年07月19日","0.28","    73.25","","",
="032192","國泰金永豐27購01","0.70","","2882","國泰金","44.75","＋","認購","美式","111年12月20日","111年12月20日","112年07月17日","112年07月19日","0.61","    48.21","","",
="032193","欣興永豐27購01","1.29","－","3037","欣興","182.50","－","認購","美式","111年12月20日","111年12月20日","112年07月17日","112年07月19日","0.046","    161.03","","",
="032194","敦泰永豐26購01","0.00","","3545","敦泰","83.70","＋","認購","美式","111年12月20日","111年12月20日","112年06月15日","112年06月19日","0.15","    67.20","","",
="032195","天鈺永豐27購01","0.00","","4961","天鈺","154.00","＋","認購","美式","111年12月20日","111年12月20日","112年07月17日","112年07月19日","0.051","    140.36","","",
="032196","宏全永豐27購01","1.45","＋","9939","宏全","106.50","＋","認購","美式","111年12月20日","111年12月20日","112年07月17日","112年07月19日","0.235","    110.19","","",
="032197","臺股指永豐27購03","2.60","＋","IX0001","臺股指數","16,636.30","","認購","歐式","111年12月20日","112年07月19日","112年07月17日","112年07月19日","0.004","    16,000.00","","",
="032198","臺股指永豐27購04","1.27","＋","IX0001","臺股指數","16,636.30","","認購","歐式","111年12月20日","112年07月19日","112年07月17日","112年07月19日","0.007","    17,000.00","","",
="032199","T50反1元大2A購06","0.00","",="00632R","元大台灣50反1","4.94","－","認購","美式","111年12月20日","111年12月20日","112年10月17日","112年10月19日","1.00","    5.50","","",
="03219P","立積元大28售01","0.19","－","4968","立積","170.00","＋","認售","歐式","111年12月01日","112年08月31日","112年08月29日","112年08月31日","0.032","    110.00","","",
="03219U","臺股指中信2A售05","0.00","","IX0001","臺股指數","16,636.30","","認售","歐式","111年12月29日","112年10月30日","112年10月26日","112年10月30日","0.001","    12,000.00","","",
="032200","臺指反元大2A購02","0.11","",="00664R","國泰臺灣加權反1","5.58","－","認購","美式","111年12月20日","111年12月20日","112年10月17日","112年10月19日","1.00","    6.40","","",
="032201","元日2X元大26購01","0.00","",="00706L","期元大S&P日圓正2(原名：元大S&P日圓正2)","8.72","－","認購","美式","111年12月20日","111年12月20日","112年06月15日","112年06月19日","1.00","    10.00","","",
="032202","華城元大26購01","0.00","","1519","華城","141.00","＋","認購","美式","111年12月20日","111年12月20日","112年06月15日","112年06月19日","0.225","    53.50","","",
="032203","中砂元大26購03","0.00","","1560","中砂","114.50","－","認購","美式","111年12月20日","111年12月20日","112年06月15日","112年06月19日","0.13","    182.00","","",
="032204","華新元大2B購06","0.87","","1605","華新","46.60","＋","認購","美式","111年12月20日","111年12月20日","112年11月16日","112年11月20日","0.294","    65.50","","",
="032205","華新元大2C購08","0.34","＋","1605","華新","46.60","＋","認購","美式","111年12月20日","111年12月20日","112年12月15日","112年12月19日","0.088","    67.00","","",
="032206","中鴻元大26購03","0.00","","2014","中鴻","23.15","＋","認購","美式","111年12月20日","111年12月20日","112年06月15日","112年06月19日","0.589","    31.90","","",
="032207","中鴻元大26購04","0.00","","2014","中鴻","23.15","＋","認購","美式","111年12月20日","111年12月20日","112年06月15日","112年06月19日","0.515","    30.60","","",
="032208","中鴻元大2A購01","0.50","","2014","中鴻","23.15","＋","認購","美式","111年12月20日","111年12月20日","112年10月17日","112年10月19日","0.518","    36.15","","",
="032209","鴻海元大2B購07","1.12","＋","2317","鴻海","105.50","＋","認購","美式","111年12月20日","111年12月20日","112年11月16日","112年11月20日","0.111","    106.50","","",
="03220U","臺股指中信2A售06","0.00","","IX0001","臺股指數","16,636.30","","認售","歐式","111年12月29日","112年10月30日","112年10月26日","112年10月30日","0.002","    11,000.00","","",
="032210","鴻海元大2C購03","0.95","＋","2317","鴻海","105.50","＋","認購","美式","111年12月20日","111年12月20日","112年12月15日","112年12月19日","0.14","    118.00","","",
="032211","技嘉元大26購02","4.28","＋","2376","技嘉","186.00","＋","認購","美式","111年12月20日","111年12月20日","112年06月15日","112年06月19日","0.20","    170.00","","",
="032212","美食元大26購07","0.00","","2723","美食-KY","152.50","－","認購","美式","111年12月20日","111年12月20日","112年06月15日","112年06月19日","0.109","    184.50","","",
="032213","智原元大26購06","0.00","","3035","智原","173.50","＋","認購","美式","111年12月20日","111年12月20日","112年06月15日","112年06月19日","0.086","    221.00","","",
="032214","華擎元大26購02","0.00","","3515","華擎","154.00","＋","認購","美式","111年12月20日","111年12月20日","112年06月15日","112年06月19日","0.067","    202.65","","",
="032215","嘉澤元大26購02","0.00","","3533","嘉澤","909.00","－","認購","美式","111年12月20日","111年12月20日","112年06月15日","112年06月19日","0.035","    1,184.21","","",
="032216","世芯元大26購08","0.00","","3661","世芯-KY","1,660.00","＋","認購","美式","111年12月20日","111年12月20日","112年06月15日","112年06月19日","0.014","    1,090.00","","",
="032217","世芯元大26購09","0.00","","3661","世芯-KY","1,660.00","＋","認購","美式","111年12月20日","111年12月20日","112年06月15日","112年06月19日","0.008","    913.00","","",
="032218","致伸元大26購02","0.00","","4915","致伸","64.40","＋","認購","美式","111年12月20日","111年12月20日","112年06月15日","112年06月19日","0.255","    68.40","","",
="032219","啟碁元大26購03","0.00","","6285","啟碁","87.50","＋","認購","美式","111年12月20日","111年12月20日","112年06月15日","112年06月19日","0.089","    96.30","","",
="03221P","友達富邦26售02","0.00","","2409","友達","17.65","＋","認售","歐式","111年10月18日","112年06月19日","112年06月15日","112年06月19日","0.50","    14.00","","",
="03221U","臺股指中信2B售01","0.14","－","IX0001","臺股指數","16,636.30","","認售","歐式","111年12月29日","112年11月28日","112年11月24日","112年11月28日","0.002","    8,888.00","","",
="032220","樺漢元大26購04","0.00","","6414","樺漢","281.00","＋","認購","美式","111年12月20日","111年12月20日","112年06月15日","112年06月19日","0.082","    246.50","","",
="032221","力積電元大26購03","0.00","","6770","力積電","30.85","＋","認購","美式","111年12月20日","111年12月20日","112年06月15日","112年06月19日","1.009","    46.29","","",
="032222","寶成元大26購03","0.00","","9904","寶成","32.05","－","認購","美式","111年12月20日","111年12月20日","112年06月15日","112年06月19日","0.657","    37.95","","",
="032223","亞聚凱基26購01","0.00","","1308","亞聚","26.05","＋","認購","美式","111年12月20日","111年12月20日","112年06月15日","112年06月19日","0.70","    36.00","","",
="032224","台積電凱基26購18","0.00","","2330","台積電","568.00","＋","認購","美式","111年12月20日","111年12月20日","112年06月15日","112年06月19日","0.03","    477.42","","",
="032225","技嘉凱基28購01","0.00","","2376","技嘉","186.00","＋","認購","美式","111年12月20日","111年12月20日","112年08月17日","112年08月21日","0.10","    130.00","","",
="032226","漢唐凱基27購01","2.06","＋","2404","漢唐","227.50","＋","認購","美式","111年12月20日","111年12月20日","112年07月17日","112年07月19日","0.20","    240.00","","",
="032227","晶華凱基26購03","0.00","","2707","晶華","288.00","＋","認購","美式","111年12月20日","111年12月20日","112年06月15日","112年06月19日","0.05","    270.00","","",
="032228","智原凱基26購03","0.00","","3035","智原","173.50","＋","認購","美式","111年12月20日","111年12月20日","112年06月15日","112年06月19日","0.10","    210.00","","",
="032229","嘉澤凱基27購02","0.07","＋","3533","嘉澤","909.00","－","認購","美式","111年12月20日","111年12月20日","112年07月17日","112年07月19日","0.04","    1,343.43","","",
="03222U","臺股指中信2B售02","0.07","－","IX0001","臺股指數","16,636.30","","認售","歐式","111年12月29日","112年11月28日","112年11月24日","112年11月28日","0.004","    7,200.00","","",
="032230","新唐凱基26購03","0.00","","4919","新唐","130.50","＋","認購","美式","111年12月20日","111年12月20日","112年06月15日","112年06月19日","0.17","    180.00","","",
="032231","臻鼎凱基27購01","0.00","","4958","臻鼎-KY","114.50","＋","認購","美式","111年12月20日","111年12月20日","112年07月17日","112年07月19日","0.12","    140.00","","",
="032232","晶心科凱基26購04","0.00","","6533","晶心科","511.00","＋","認購","美式","111年12月20日","111年12月20日","112年06月15日","112年06月19日","0.025","    666.00","","",
="032233","T50反1中信2A購02","0.00","",="00632R","元大台灣50反1","4.94","－","認購","歐式","111年12月20日","112年10月19日","112年10月17日","112年10月19日","1.00","    5.88","","",
="032234","S&P反1中信29購02","0.00","",="00648R","元大S&P500反1","6.93","－","認購","歐式","111年12月20日","112年09月19日","112年09月15日","112年09月19日","1.00","    7.00","","",
="032235","技嘉中信29購01","1.61","－","2376","技嘉","186.00","＋","認購","歐式","111年12月20日","112年09月19日","112年09月15日","112年09月19日","0.046","    168.00","","",
="032236","裕民中信26購01","0.00","","2606","裕民","49.75","＋","認購","歐式","111年12月20日","112年06月19日","112年06月15日","112年06月19日","0.10","    50.00","","",
="032237","健策中信27購01","2.81","＋","3653","健策","616.00","＋","認購","歐式","111年12月20日","112年07月19日","112年07月17日","112年07月19日","0.02","    488.00","","",
="032238","中磊中信28購01","0.91","＋","5388","中磊","93.30","＋","認購","歐式","111年12月20日","112年08月21日","112年08月17日","112年08月21日","0.084","    91.42","","",
="032239","大成鋼國泰28購01","0.62","","2027","大成鋼","45.25","＋","認購","美式","111年12月20日","111年12月20日","112年08月17日","112年08月21日","0.50","    52.00","","",
="03223U","臺股指中信2B售03","0.00","","IX0001","臺股指數","16,636.30","","認售","歐式","111年12月29日","112年11月28日","112年11月24日","112年11月28日","0.001","    14,000.00","","",
="032240","台積電國泰28購04","4.17","＋","2330","台積電","568.00","＋","認購","美式","111年12月20日","111年12月20日","112年08月17日","112年08月21日","0.201","    613.68","","",
="032241","世芯國泰28購01","0.00","","3661","世芯-KY","1,660.00","＋","認購","美式","111年12月20日","111年12月20日","112年08月17日","112年08月21日","0.012","    1,171.00","","",
="032242","臺股指國泰26購08","0.00","","IX0001","臺股指數","16,636.30","","認購","歐式","111年12月20日","112年06月19日","112年06月15日","112年06月19日","0.008","    17,888.00","","",
="032243","鴻海富邦27購04","0.00","","2317","鴻海","105.50","＋","認購","美式","111年12月20日","111年12月20日","112年07月17日","112年07月19日","0.16","    120.00","","",
="032244","聯發科富邦27購04","0.00","","2454","聯發科","738.00","＋","認購","美式","111年12月20日","111年12月20日","112年07月17日","112年07月19日","0.018","    800.00","","",
="032245","玉晶光富邦28購02","0.71","","3406","玉晶光","400.00","＋","認購","美式","111年12月20日","111年12月20日","112年08月17日","112年08月21日","0.03","    450.00","","",
="032246","T50反1元富26購01","0.00","",="00632R","元大台灣50反1","4.94","－","認購","美式","111年12月20日","111年12月20日","112年06月15日","112年06月19日","1.00","    5.30","","",
="032247","T50反1元富29購01","0.00","",="00632R","元大台灣50反1","4.94","－","認購","美式","111年12月20日","111年12月20日","112年09月15日","112年09月19日","1.00","    5.40","","",
="032248","中興電元富29購01","0.00","","1513","中興電","113.50","＋","認購","美式","111年12月20日","111年12月20日","112年09月15日","112年09月19日","0.25","    95.00","","",
="032249","聯電元富26購01","3.22","＋","2303","聯電","51.20","＋","認購","美式","111年12月20日","111年12月20日","112年06月15日","112年06月19日","0.80","    48.00","","",
="03224U","台灣50國票26售08","0.00","",="0050","元大台灣50","126.75","＋","認售","歐式","111年12月30日","112年06月29日","112年06月27日","112年06月29日","1.023","    83.13","","",
="032250","國巨元富26購01","0.16","＋","2327","國巨","508.00","＋","認購","美式","111年12月20日","111年12月20日","112年06月15日","112年06月19日","0.02","    550.00","","",
="032251","台積電元富26購06","4.42","＋","2330","台積電","568.00","＋","認購","美式","111年12月20日","111年12月20日","112年06月15日","112年06月19日","0.06","    497.31","","",
="032252","同欣電元富26購01","0.00","","6271","同欣電","179.50","＋","認購","美式","111年12月20日","111年12月20日","112年06月15日","112年06月19日","0.05","    230.00","","",
="032253","東哥元富26購02","0.00","","8478","東哥遊艇","520.00","＋","認購","美式","111年12月20日","111年12月20日","112年06月15日","112年06月19日","0.043","    450.00","","",
="032254","國企2X群益26購02","0.00","",="00665L","富邦恒生國企正2","7.02","－","認購","美式","111年12月21日","111年12月21日","112年06月16日","112年06月20日","0.80","    10.00","","",
="032255","大立光群益26購07","0.00","","3008","大立光","2,305.00","＋","認購","美式","111年12月21日","111年12月21日","112年06月16日","112年06月20日","0.006","    2,286.64","","",
="032256","玉晶光群益26購04","0.00","","3406","玉晶光","400.00","＋","認購","美式","111年12月21日","111年12月21日","112年06月16日","112年06月20日","0.09","    550.00","","",
="032257","世芯群益26購08","0.00","","3661","世芯-KY","1,660.00","＋","認購","美式","111年12月21日","111年12月21日","112年06月16日","112年06月20日","0.008","    900.00","","",
="032258","微星國票27購01","2.02","－","2377","微星","168.00","－","認購","美式","111年12月21日","111年12月21日","112年07月18日","112年07月20日","0.14","    160.00","","",
="032259","聯發科國票26購03","0.55","＋","2454","聯發科","738.00","＋","認購","美式","111年12月21日","111年12月21日","112年06月16日","112年06月20日","0.04","    800.00","","",
="03225U","台灣50國票27售06","0.00","",="0050","元大台灣50","126.75","＋","認售","歐式","111年12月30日","112年07月31日","112年07月27日","112年07月31日","0.511","    95.84","","",
="032260","聯發科國票27購03","1.00","＋","2454","聯發科","738.00","＋","認購","美式","111年12月21日","111年12月21日","112年07月18日","112年07月20日","0.025","    750.00","","",
="032261","聯發科國票27購04","0.39","","2454","聯發科","738.00","＋","認購","美式","111年12月21日","111年12月21日","112年07月18日","112年07月20日","0.08","    950.00","","",
="032262","飛宏國票27購02","0.00","","2457","飛宏","76.40","＋","認購","美式","111年12月21日","111年12月21日","112年07月18日","112年07月20日","0.20","    40.00","","",
="032263","陽明國票28購01","0.28","＋","2609","陽明","62.00","＋","認購","美式","111年12月21日","111年12月21日","112年08月17日","112年08月21日","0.15","    72.50","","",
="032264","萬海國票27購03","0.00","","2615","萬海","60.00","＋","認購","美式","111年12月21日","111年12月21日","112年07月18日","112年07月20日","0.70","    110.00","","",
="032265","晶華國票27購03","0.00","","2707","晶華","288.00","＋","認購","美式","111年12月21日","111年12月21日","112年07月18日","112年07月20日","0.16","    340.00","","",
="032266","中興電康和26購01","0.00","","1513","中興電","113.50","＋","認購","美式","111年12月21日","111年12月21日","112年06月16日","112年06月20日","0.20","    78.80","","",
="032267","允強康和26購01","0.00","","2034","允強","28.65","－","認購","美式","111年12月21日","111年12月21日","112年06月16日","112年06月20日","0.40","    33.00","","",
="032268","聯電康和26購05","0.96","＋","2303","聯電","51.20","＋","認購","美式","111年12月21日","111年12月21日","112年06月16日","112年06月20日","0.40","    51.00","","",
="032269","欣陸康和26購01","0.00","","3703","欣陸","30.75","＋","認購","美式","111年12月21日","111年12月21日","112年06月16日","112年06月20日","0.40","    33.30","","",
="03226U","台灣50國票28售03","0.00","",="0050","元大台灣50","126.75","＋","認售","歐式","111年12月30日","112年08月29日","112年08月25日","112年08月29日","0.205","    105.62","","",
="032270","上品康和26購01","0.00","","4770","上品","297.00","＋","認購","美式","111年12月21日","111年12月21日","112年06月16日","112年06月20日","0.031","    355.49","","",
="032271","中興電永豐28購02","8.30","＋","1513","中興電","113.50","＋","認購","美式","111年12月21日","111年12月21日","112年08月17日","112年08月21日","0.315","    94.25","","",
="032272","宏達電永豐27購02","0.61","","2498","宏達電","61.50","＋","認購","美式","111年12月21日","111年12月21日","112年07月18日","112年07月20日","0.186","    67.03","","",
="032273","長榮永豐27購04","0.00","","2603","長榮","157.00","＋","認購","美式","111年12月21日","111年12月21日","112年07月18日","112年07月20日","0.10","    224.35","","",
="032274","陽明永豐26購01","0.00","","2609","陽明","62.00","＋","認購","美式","111年12月21日","111年12月21日","112年06月16日","112年06月20日","0.265","    80.13","","",
="032275","萬海永豐27購01","0.01","","2615","萬海","60.00","＋","認購","美式","111年12月21日","111年12月21日","112年07月18日","112年07月20日","0.22","    94.03","","",
="032276","國光生永豐26購01","0.00","","4142","國光生","37.80","＋","認購","美式","111年12月21日","111年12月21日","112年06月16日","112年06月20日","0.20","    44.16","","",
="032277","愛普永豐27購01","0.00","","6531","愛普*","328.50","＋","認購","美式","111年12月21日","111年12月21日","112年07月18日","112年07月20日","0.054","    212.10","","",
="032278","臺股指統一2C購01","0.00","","IX0001","臺股指數","16,636.30","","認購","歐式","111年12月21日","112年12月20日","112年12月18日","112年12月20日","0.001","    20,500.00","","",
="032279","鴻海兆豐2A購01","0.85","＋","2317","鴻海","105.50","＋","認購","美式","111年12月21日","111年12月21日","112年10月18日","112年10月20日","0.12","    105.00","","",
="03227U","世芯國票26售07","0.01","","3661","世芯-KY","1,660.00","＋","認售","歐式","111年12月30日","112年06月29日","112年06月27日","112年06月29日","0.03","    500.00","","",
="032280","聯發科兆豐26購03","1.25","＋","2454","聯發科","738.00","＋","認購","美式","111年12月21日","111年12月21日","112年06月16日","112年06月20日","0.018","    680.00","","",
="032281","聯發科兆豐2A購01","1.28","＋","2454","聯發科","738.00","＋","認購","美式","111年12月21日","111年12月21日","112年10月18日","112年10月20日","0.01","    650.00","","",
="032282","萬海兆豐28購01","0.02","","2615","萬海","60.00","＋","認購","美式","111年12月21日","111年12月21日","112年08月17日","112年08月21日","0.13","    90.00","","",
="032283","長榮航兆豐28購01","1.50","＋","2618","長榮航","33.60","＋","認購","美式","111年12月21日","111年12月21日","112年08月17日","112年08月21日","0.40","    31.50","","",
="032284","T50反1凱基2C購01","0.16","－",="00632R","元大台灣50反1","4.94","－","認購","美式","111年12月21日","111年12月21日","112年12月18日","112年12月20日","1.00","    5.50","","",
="032285","T50反1凱基2C購02","0.00","",="00632R","元大台灣50反1","4.94","－","認購","美式","111年12月21日","111年12月21日","112年12月18日","112年12月20日","1.00","    6.20","","",
="032286","T50反1凱基2C購03","0.12","－",="00632R","元大台灣50反1","4.94","－","認購","美式","111年12月21日","111年12月21日","112年12月18日","112年12月20日","1.00","    5.70","","",
="032287","上証2X凱基28購01","0.00","",="00633L","富邦上証正2","35.01","－","認購","美式","111年12月21日","111年12月21日","112年08月17日","112年08月21日","0.45","    50.00","","",
="032288","香港2X凱基29購01","0.30","＋",="00650L","FH香港正2","11.60","＋","認購","美式","111年12月21日","111年12月21日","112年09月18日","112年09月20日","1.00","    17.00","","",
="032289","台塑凱基26購01","0.00","","1301","台塑","93.30","－","認購","美式","111年12月21日","111年12月21日","112年06月16日","112年06月20日","0.45","    100.00","","",
="03228U","聯電群益26售09","0.00","","2303","聯電","51.20","＋","認售","歐式","111年12月30日","112年06月29日","112年06月27日","112年06月29日","0.80","    36.00","","",
="032290","中鴻凱基2A購01","0.00","","2014","中鴻","23.15","＋","認購","美式","111年12月21日","111年12月21日","112年10月18日","112年10月20日","0.60","    37.00","","",
="032291","台積電凱基26購22","0.00","","2330","台積電","568.00","＋","認購","美式","111年12月21日","111年12月21日","112年06月16日","112年06月20日","0.05","    497.31","","",
="032292","微星凱基27購02","2.95","－","2377","微星","168.00","－","認購","美式","111年12月21日","111年12月21日","112年07月18日","112年07月20日","0.10","    140.00","","",
="032293","台光電凱基26購02","0.42","－","2383","台光電","204.50","＋","認購","美式","111年12月21日","111年12月21日","112年06月16日","112年06月20日","0.10","    220.00","","",
="032294","仲琦凱基26購01","0.00","","2419","仲琦","26.70","＋","認購","美式","111年12月21日","111年12月21日","112年06月16日","112年06月20日","1.00","    38.00","","",
="032295","可成凱基27購01","1.13","＋","2474","可成","189.00","＋","認購","美式","111年12月21日","111年12月21日","112年07月18日","112年07月20日","0.08","    180.00","","",
="032296","長榮航凱基28購03","2.51","＋","2618","長榮航","33.60","＋","認購","美式","111年12月21日","111年12月21日","112年08月17日","112年08月21日","0.55","    31.00","","",
="032297","聯詠凱基27購04","0.00","","3034","聯詠","423.50","＋","認購","美式","111年12月21日","111年12月21日","112年07月18日","112年07月20日","0.08","    350.00","","",
="032298","玉晶光凱基27購02","0.88","＋","3406","玉晶光","400.00","＋","認購","美式","111年12月21日","111年12月21日","112年07月18日","112年07月20日","0.026","    400.00","","",
="032299","華擎凱基28購01","1.06","＋","3515","華擎","154.00","＋","認購","美式","111年12月21日","111年12月21日","112年08月17日","112年08月21日","0.06","    160.00","","",
="03229U","台灣50國泰28售03","0.03","",="0050","元大台灣50","126.75","＋","認售","歐式","111年12月30日","112年08月29日","112年08月25日","112年08月29日","0.511","    95.35","","",
="032300","敦泰凱基27購03","0.00","","3545","敦泰","83.70","＋","認購","美式","111年12月21日","111年12月21日","112年07月18日","112年07月20日","0.15","    65.00","","",
="032301","健策凱基28購01","0.00","","3653","健策","616.00","＋","認購","美式","111年12月21日","111年12月21日","112年08月17日","112年08月21日","0.04","    500.00","","",
="032302","國光生凱基26購01","0.00","","4142","國光生","37.80","＋","認購","美式","111年12月21日","111年12月21日","112年06月16日","112年06月20日","0.25","    45.00","","",
="032303","新唐凱基26購04","0.92","＋","4919","新唐","130.50","＋","認購","美式","111年12月21日","111年12月21日","112年06月16日","112年06月20日","0.07","    120.00","","",
="032304","台郡凱基27購01","0.10","","6269","台郡","99.00","＋","認購","美式","111年12月21日","111年12月21日","112年07月18日","112年07月20日","0.10","    120.00","","",
="032305","同欣電凱基26購02","0.00","","6271","同欣電","179.50","＋","認購","美式","111年12月21日","111年12月21日","112年06月16日","112年06月20日","0.20","    330.00","","",
="032306","臺股指凱基29購23","1.83","＋","IX0001","臺股指數","16,636.30","","認購","歐式","111年12月21日","112年09月20日","112年09月18日","112年09月20日","0.012","    18,000.00","","",
="032307","台灣50元富28購01","3.67","＋",="0050","元大台灣50","126.75","＋","認購","美式","111年12月21日","111年12月21日","112年08月17日","112年08月21日","0.511","    122.25","","",
="032308","國巨元富29購01","0.94","＋","2327","國巨","508.00","＋","認購","美式","111年12月21日","111年12月21日","112年09月18日","112年09月20日","0.04","    600.00","","",
="032309","上品元富29購01","1.18","＋","4770","上品","297.00","＋","認購","美式","111年12月21日","111年12月21日","112年09月18日","112年09月20日","0.052","    372.78","","",
="03230U","台灣50國泰28售04","0.00","",="0050","元大台灣50","126.75","＋","認售","歐式","111年12月30日","112年08月29日","112年08月25日","112年08月29日","0.358","    100.24","","",
="032310","中石化麥證27購01","0.00","","1314","中石化","9.72","－","認購","歐式","111年12月21日","112年07月20日","112年07月18日","112年07月20日","1.00","    11.00","","",
="032311","台積電麥證26購12","2.59","＋","2330","台積電","568.00","＋","認購","歐式","111年12月21日","112年06月20日","112年06月16日","112年06月20日","0.08","    547.04","","",
="032312","康舒麥證27購01","7.70","","6282","康舒","44.05","＋","認購","歐式","111年12月21日","112年07月20日","112年07月18日","112年07月20日","0.80","    36.00","","",
="032313","矽力麥證26購01","0.00","","6415","矽力*-KY","394.50","＋","認購","歐式","111年12月21日","112年06月20日","112年06月16日","112年06月20日","0.02","    693.86","","",
="032314","S&P反1元大2A購01","0.00","",="00648R","元大S&P500反1","6.93","－","認購","美式","111年12月21日","111年12月21日","112年10月18日","112年10月20日","0.80","    7.50","","",
="032315","亞聚元大26購01","0.00","","1308","亞聚","26.05","＋","認購","美式","111年12月21日","111年12月21日","112年06月16日","112年06月20日","0.439","    31.37","","",
="032316","中石化元大26購02","0.00","","1314","中石化","9.72","－","認購","美式","111年12月21日","111年12月21日","112年06月16日","112年06月20日","0.75","    10.75","","",
="032317","中砂元大26購04","0.00","","1560","中砂","114.50","－","認購","美式","111年12月21日","111年12月21日","112年06月16日","112年06月20日","0.096","    165.50","","",
="032318","鴻海元大2B購08","0.76","＋","2317","鴻海","105.50","＋","認購","美式","111年12月21日","111年12月21日","112年11月16日","112年11月20日","0.24","    130.50","","",
="032319","鴻海元大2C購04","1.03","＋","2317","鴻海","105.50","＋","認購","美式","111年12月21日","111年12月21日","112年12月18日","112年12月20日","0.274","    137.50","","",
="03231U","南亞科國泰28售01","0.00","","2408","南亞科","71.20","－","認售","歐式","111年12月30日","112年08月29日","112年08月25日","112年08月29日","0.35","    44.20","","",
="032320","技嘉元大26購03","4.84","","2376","技嘉","186.00","＋","認購","美式","111年12月21日","111年12月21日","112年06月16日","112年06月20日","0.112","    140.00","","",
="032321","漢翔元大26購04","0.00","","2634","漢翔","55.80","＋","認購","美式","111年12月21日","111年12月21日","112年06月16日","112年06月20日","0.317","    35.35","","",
="032322","美食元大26購08","0.00","","2723","美食-KY","152.50","－","認購","美式","111年12月21日","111年12月21日","112年06月16日","112年06月20日","0.071","    155.50","","",
="032323","緯創元大26購01","0.00","","3231","緯創","68.00","＋","認購","美式","111年12月21日","111年12月21日","112年06月16日","112年06月20日","0.70","    34.85","","",
="032324","創意元大2C購01","10.80","＋","3443","創意","1,515.00","＋","認購","美式","111年12月21日","111年12月21日","112年12月18日","112年12月20日","0.021","    1,175.00","","",
="032325","華擎元大26購03","0.00","","3515","華擎","154.00","＋","認購","美式","111年12月21日","111年12月21日","112年06月16日","112年06月20日","0.055","    175.00","","",
="032326","嘉澤元大26購03","0.00","","3533","嘉澤","909.00","－","認購","美式","111年12月21日","111年12月21日","112年06月16日","112年06月20日","0.035","    1,134.46","","",
="032327","嘉澤元大2B購01","0.96","－","3533","嘉澤","909.00","－","認購","美式","111年12月21日","111年12月21日","112年11月16日","112年11月20日","0.023","    1,248.90","","",
="032328","健策元大26購03","0.00","","3653","健策","616.00","＋","認購","美式","111年12月21日","111年12月21日","112年06月16日","112年06月20日","0.03","    440.00","","",
="032329","健策元大2A購01","0.00","","3653","健策","616.00","＋","認購","美式","111年12月21日","111年12月21日","112年10月18日","112年10月20日","0.03","    485.00","","",
="03232U","世芯國泰28售02","0.00","","3661","世芯-KY","1,660.00","＋","認售","歐式","111年12月30日","112年08月29日","112年08月25日","112年08月29日","0.015","    555.00","","",
="032330","健策元大2B購01","4.22","＋","3653","健策","616.00","＋","認購","美式","111年12月21日","111年12月21日","112年11月16日","112年11月20日","0.03","    565.00","","",
="032331","盛群元大26購02","0.00","","6202","盛群","69.70","＋","認購","美式","111年12月21日","111年12月21日","112年06月16日","112年06月20日","0.201","    75.20","","",
="032332","啟碁元大2C購02","1.23","＋","6285","啟碁","87.50","＋","認購","美式","111年12月21日","111年12月21日","112年12月18日","112年12月20日","0.153","    101.50","","",
="032333","樺漢元大26購05","0.00","","6414","樺漢","281.00","＋","認購","美式","111年12月21日","111年12月21日","112年06月16日","112年06月20日","0.083","    241.00","","",
="032334","東哥元大26購09","0.00","","8478","東哥遊艇","520.00","＋","認購","美式","111年12月21日","111年12月21日","112年06月16日","112年06月20日","0.027","    381.50","","",
="032335","東哥元大2B購01","3.39","－","8478","東哥遊艇","520.00","＋","認購","美式","111年12月21日","111年12月21日","112年11月16日","112年11月20日","0.021","    437.50","","",
="032336","鴻海中信26購02","0.30","","2317","鴻海","105.50","＋","認購","歐式","111年12月21日","112年06月20日","112年06月16日","112年06月20日","0.20","    110.00","","",
="032337","鴻海中信28購01","1.01","＋","2317","鴻海","105.50","＋","認購","歐式","111年12月21日","112年08月21日","112年08月17日","112年08月21日","0.10","    100.00","","",
="032338","鴻海中信2A購01","1.14","＋","2317","鴻海","105.50","＋","認購","歐式","111年12月21日","112年10月20日","112年10月18日","112年10月20日","0.06","    90.00","","",
="032339","鴻海中信2C購01","1.12","＋","2317","鴻海","105.50","＋","認購","歐式","111年12月21日","112年12月20日","112年12月18日","112年12月20日","0.04","    80.00","","",
="03233U","台灣50元富2A售01","0.00","",="0050","元大台灣50","126.75","＋","認售","歐式","111年12月30日","112年10月02日","112年09月27日","112年10月02日","1.023","    88.02","","",
="032340","台泥國泰28購01","1.49","","1101","台泥","38.15","＋","認購","美式","111年12月21日","111年12月21日","112年08月17日","112年08月21日","0.60","    38.50","","",
="032341","光罩國泰28購01","0.00","","2338","光罩","81.80","＋","認購","美式","111年12月21日","111年12月21日","112年08月17日","112年08月21日","0.12","    114.00","","",
="032342","可成國泰28購01","1.31","＋","2474","可成","189.00","＋","認購","美式","111年12月21日","111年12月21日","112年08月17日","112年08月21日","0.15","    195.00","","",
="032343","華航國泰28購01","1.24","＋","2610","華航","21.65","＋","認購","美式","111年12月21日","111年12月21日","112年08月17日","112年08月21日","0.80","    22.42","","",
="032344","慧洋國泰28購01","0.00","","2637","慧洋-KY","60.30","＋","認購","美式","111年12月21日","111年12月21日","112年08月17日","112年08月21日","0.336","    68.70","","",
="032345","晶華國泰28購01","1.61","","2707","晶華","288.00","＋","認購","美式","111年12月21日","111年12月21日","112年08月17日","112年08月21日","0.06","    296.00","","",
="032346","嘉澤國泰28購01","1.34","－","3533","嘉澤","909.00","－","認購","美式","111年12月21日","111年12月21日","112年08月17日","112年08月21日","0.025","    1,010.06","","",
="032347","貿聯國泰28購02","0.58","","3665","貿聯-KY","270.50","＋","認購","美式","111年12月21日","111年12月21日","112年08月17日","112年08月21日","0.08","    328.71","","",
="032348","康舒國泰28購01","0.00","","6282","康舒","44.05","＋","認購","美式","111年12月21日","111年12月21日","112年08月17日","112年08月21日","0.60","    34.59","","",
="032349","緯穎國泰28購01","3.30","＋","6669","緯穎","1,205.00","＋","認購","美式","111年12月21日","111年12月21日","112年08月17日","112年08月21日","0.015","    1,034.00","","",
="03234U","台灣50元富2C售02","0.00","",="0050","元大台灣50","126.75","＋","認售","歐式","111年12月30日","112年12月29日","112年12月27日","112年12月29日","0.511","    97.80","","",
="032350","矽創國泰28購01","2.70","＋","8016","矽創","225.50","＋","認購","美式","111年12月21日","111年12月21日","112年08月17日","112年08月21日","0.10","    215.00","","",
="032351","台灣50富邦28購01","0.00","",="0050","元大台灣50","126.75","＋","認購","美式","111年12月21日","111年12月21日","112年08月17日","112年08月21日","1.023","    151.59","","",
="032352","中鴻富邦26購01","0.00","","2014","中鴻","23.15","＋","認購","美式","111年12月21日","111年12月21日","112年06月16日","112年06月20日","0.30","    35.00","","",
="032353","台積電富邦2C購01","0.94","＋","2330","台積電","568.00","＋","認購","美式","111年12月21日","111年12月21日","112年12月18日","112年12月20日","0.05","    696.23","","",
="032354","晶華富邦26購01","0.00","","2707","晶華","288.00","＋","認購","美式","111年12月21日","111年12月21日","112年06月16日","112年06月20日","0.03","    268.00","","",
="032355","美食富邦2A購01","0.67","－","2723","美食-KY","152.50","－","認購","美式","111年12月21日","111年12月21日","112年10月18日","112年10月20日","0.06","    175.00","","",
="032356","聯詠富邦27購03","2.81","＋","3034","聯詠","423.50","＋","認購","美式","111年12月21日","111年12月21日","112年07月18日","112年07月20日","0.035","    350.00","","",
="032357","愛普富邦29購01","0.00","","6531","愛普*","328.50","＋","認購","美式","111年12月21日","111年12月21日","112年09月18日","112年09月20日","0.025","    210.00","","",
="032358","臺股指富邦29購02","0.00","","IX0001","臺股指數","16,636.30","","認購","歐式","111年12月21日","112年09月20日","112年09月18日","112年09月20日","0.003","    15,750.00","","",
="032359","景碩永豐28購01","0.52","","3189","景碩","116.00","＋","認購","美式","111年12月22日","111年12月22日","112年08月17日","112年08月21日","0.049","    122.04","","",
="03235U","南亞科元富26售01","0.00","","2408","南亞科","71.20","－","認售","歐式","111年12月30日","112年06月29日","112年06月27日","112年06月29日","0.31","    47.00","","",
="032360","玉晶光永豐28購01","0.93","＋","3406","玉晶光","400.00","＋","認購","美式","111年12月22日","111年12月22日","112年08月17日","112年08月21日","0.026","    432.47","","",
="032361","彩晶永豐27購01","0.63","－","6116","彩晶","12.25","＋","認購","美式","111年12月22日","111年12月22日","112年07月19日","112年07月21日","1.00","    12.93","","",
="032362","台灣50凱基26購11","0.00","",="0050","元大台灣50","126.75","＋","認購","美式","111年12月22日","111年12月22日","112年06月19日","112年06月21日","0.153","    105.62","","",
="032363","台灣50凱基27購10","0.00","",="0050","元大台灣50","126.75","＋","認購","美式","111年12月22日","111年12月22日","112年07月19日","112年07月21日","0.205","    111.49","","",
="032364","台灣50凱基28購07","0.00","",="0050","元大台灣50","126.75","＋","認購","美式","111年12月22日","111年12月22日","112年08月17日","112年08月21日","0.256","    113.45","","",
="032365","裕隆凱基28購02","0.00","","2201","裕隆","82.80","＋","認購","美式","111年12月22日","111年12月22日","112年08月17日","112年08月21日","0.161","    73.00","","",
="032366","台積電凱基26購23","2.48","＋","2330","台積電","568.00","＋","認購","美式","111年12月22日","111年12月22日","112年06月19日","112年06月21日","0.05","    527.15","","",
="032367","華碩凱基26購01","0.00","","2357","華碩","303.50","－","認購","美式","111年12月22日","111年12月22日","112年06月19日","112年06月21日","0.12","    300.00","","",
="032368","聯發科凱基26購11","1.84","＋","2454","聯發科","738.00","＋","認購","美式","111年12月22日","111年12月22日","112年06月19日","112年06月21日","0.04","    720.00","","",
="032369","聯發科凱基26購12","1.40","＋","2454","聯發科","738.00","＋","認購","美式","111年12月22日","111年12月22日","112年06月19日","112年06月21日","0.10","    790.00","","",
="03236U","天鈺元富26售01","0.00","","4961","天鈺","154.00","＋","認售","歐式","111年12月30日","112年06月29日","112年06月27日","112年06月29日","0.10","    110.00","","",
="032370","長榮凱基26購07","0.00","","2603","長榮","157.00","＋","認購","美式","111年12月22日","111年12月22日","112年06月19日","112年06月21日","0.055","    168.00","","",
="032371","長榮凱基2B購01","0.93","＋","2603","長榮","157.00","＋","認購","美式","111年12月22日","111年12月22日","112年11月17日","112年11月21日","0.08","    192.00","","",
="032372","陽明凱基26購10","0.04","","2609","陽明","62.00","＋","認購","美式","111年12月22日","111年12月22日","112年06月19日","112年06月21日","0.40","    90.00","","",
="032373","萬海凱基26購02","0.00","","2615","萬海","60.00","＋","認購","美式","111年12月22日","111年12月22日","112年06月19日","112年06月21日","0.30","    90.00","","",
="032374","台航凱基27購01","0.00","","2617","台航","29.35","＋","認購","美式","111年12月22日","111年12月22日","112年07月19日","112年07月21日","0.75","    35.00","","",
="032375","創意凱基2C購01","9.90","＋","3443","創意","1,515.00","＋","認購","美式","111年12月22日","111年12月22日","112年12月19日","112年12月21日","0.022","    1,218.00","","",
="032376","瑞鼎凱基26購01","0.80","＋","3592","瑞鼎","348.00","＋","認購","美式","111年12月22日","111年12月22日","112年06月19日","112年06月21日","0.04","    350.00","","",
="032377","貿聯凱基26購04","0.00","","3665","貿聯-KY","270.50","＋","認購","美式","111年12月22日","111年12月22日","112年06月19日","112年06月21日","0.055","    258.98","","",
="032378","臺股指凱基26購58","0.00","","IX0001","臺股指數","16,636.30","","認購","歐式","111年12月22日","112年06月21日","112年06月19日","112年06月21日","0.002","    13,600.00","","",
="032379","臺股指凱基26購59","0.00","","IX0001","臺股指數","16,636.30","","認購","歐式","111年12月22日","112年06月21日","112年06月19日","112年06月21日","0.002","    14,000.00","","",
="03237U","國泰金麥證26售01","0.00","","2882","國泰金","44.75","＋","認售","歐式","111年12月30日","112年06月29日","112年06月27日","112年06月29日","1.00","    35.00","","",
="032380","臺股指凱基26購60","0.00","","IX0001","臺股指數","16,636.30","","認購","歐式","111年12月22日","112年06月21日","112年06月19日","112年06月21日","0.003","    15,000.00","","",
="032381","台積電麥證27購08","6.70","＋","2330","台積電","568.00","＋","認購","歐式","111年12月22日","112年07月21日","112年07月19日","112年07月21日","0.111","    522.17","","",
="032382","聯發科麥證26購02","0.00","","2454","聯發科","738.00","＋","認購","歐式","111年12月22日","112年06月21日","112年06月19日","112年06月21日","0.02","    640.00","","",
="032383","臺股指麥證31購02","4.58","＋","IX0001","臺股指數","16,636.30","","認購","歐式","111年12月22日","113年01月22日","113年01月18日","113年01月22日","0.002","    14,500.00","","",
="032384","聯電群益26購08","0.00","","2303","聯電","51.20","＋","認購","美式","111年12月22日","111年12月22日","112年06月19日","112年06月21日","0.50","    47.00","","",
="032385","華航群益26購02","0.58","","2610","華航","21.65","＋","認購","美式","111年12月22日","111年12月22日","112年06月19日","112年06月21日","1.00","    23.00","","",
="032386","聯茂群益26購02","0.36","","6213","聯茂","72.30","＋","認購","美式","111年12月22日","111年12月22日","112年06月19日","112年06月21日","0.25","    88.00","","",
="032387","臺股指群益26購03","0.00","","IX0001","臺股指數","16,636.30","","認購","歐式","111年12月22日","112年06月21日","112年06月19日","112年06月21日","0.004","    14,200.00","","",
="032388","臺股指群益26購04","0.00","","IX0001","臺股指數","16,636.30","","認購","歐式","111年12月22日","112年06月21日","112年06月19日","112年06月21日","0.005","    14,800.00","","",
="032389","T50正2元富26購02","0.00","",="00631L","元大台灣50正2","129.10","＋","認購","美式","111年12月22日","111年12月22日","112年06月19日","112年06月21日","0.31","    88.80","","",
="03238U","旺宏中信28售01","0.82","","2337","旺宏","33.40","＋","認售","歐式","111年12月30日","112年08月29日","112年08月25日","112年08月29日","0.40","    30.00","","",
="032390","晶華元富26購03","0.00","","2707","晶華","288.00","＋","認購","美式","111年12月22日","111年12月22日","112年06月19日","112年06月21日","0.05","    280.00","","",
="032391","晶華元富27購01","0.00","","2707","晶華","288.00","＋","認購","美式","111年12月22日","111年12月22日","112年07月19日","112年07月21日","0.089","    350.00","","",
="032392","東哥元富2B購01","3.12","","8478","東哥遊艇","520.00","＋","認購","美式","111年12月22日","111年12月22日","112年11月17日","112年11月21日","0.019","    430.00","","",
="032393","富鼎富邦27購01","0.00","","8261","富鼎","106.50","＋","認購","美式","111年12月22日","111年12月22日","112年07月19日","112年07月21日","0.08","    130.00","","",
="032394","亞聚國票27購01","0.00","","1308","亞聚","26.05","＋","認購","美式","111年12月22日","111年12月22日","112年07月19日","112年07月21日","0.28","    28.00","","",
="032395","中興電國票27購02","0.00","","1513","中興電","113.50","＋","認購","美式","111年12月22日","111年12月22日","112年07月19日","112年07月21日","0.448","    84.00","","",
="032396","中華電國票27購01","0.00","","2412","中華電","126.00","－","認購","美式","111年12月22日","111年12月22日","112年07月19日","112年07月21日","0.10","    125.00","","",
="032397","和鑫國票26購01","0.00","","3049","和鑫","9.65","＋","認購","美式","111年12月22日","111年12月22日","112年06月19日","112年06月21日","1.00","    10.00","","",
="032398","揚明光國票27購06","0.65","","3504","揚明光","81.70","＋","認購","美式","111年12月22日","111年12月22日","112年07月19日","112年07月21日","0.178","    95.00","","",
="032399","國光生國票27購01","0.00","","4142","國光生","37.80","＋","認購","美式","111年12月22日","111年12月22日","112年07月19日","112年07月21日","0.40","    56.00","","",
="03239U","長榮中信27售02","0.75","－","2603","長榮","157.00","＋","認售","歐式","111年12月30日","112年07月31日","112年07月27日","112年07月31日","0.05","    150.00","","",
="032400","電子類國票26購07","0.00","","IX0027","電子類","797.58","","認購","歐式","111年12月22日","112年06月21日","112年06月19日","112年06月21日","0.04","    680.00","","",
="032401","電子類國票26購08","0.00","","IX0027","電子類","797.58","","認購","歐式","111年12月22日","112年06月21日","112年06月19日","112年06月21日","0.18","    800.00","","",
="032402","金融類國票26購01","0.00","","IX0039","金融類","1,620.43","","認購","歐式","111年12月22日","112年06月21日","112年06月19日","112年06月21日","0.025","    1,550.00","","",
="032403","金融類國票26購02","0.00","","IX0039","金融類","1,620.43","","認購","歐式","111年12月22日","112年06月21日","112年06月19日","112年06月21日","0.10","    1,750.00","","",
="032404","華新法興26購02","0.05","","1605","華新","46.60","＋","認購","歐式","111年12月22日","112年06月21日","112年06月19日","112年06月21日","0.30","    60.00","","",
="032405","上銀法興26購01","0.00","","2049","上銀","235.50","＋","認購","歐式","111年12月22日","112年06月21日","112年06月19日","112年06月21日","0.10","    200.00","","",
="032406","國巨法興26購01","0.34","","2327","國巨","508.00","＋","認購","歐式","111年12月22日","112年06月21日","112年06月19日","112年06月21日","0.03","    550.00","","",
="032407","台積電法興26購02","0.00","","2330","台積電","568.00","＋","認購","歐式","111年12月22日","112年06月21日","112年06月19日","112年06月21日","0.04","    477.42","","",
="032408","聯發科法興26購02","1.56","＋","2454","聯發科","738.00","＋","認購","歐式","111年12月22日","112年06月21日","112年06月19日","112年06月21日","0.03","    720.00","","",
="032409","聯詠法興26購01","0.00","","3034","聯詠","423.50","＋","認購","歐式","111年12月22日","112年06月21日","112年06月19日","112年06月21日","0.05","    350.00","","",
="03240U","聯詠中信28售01","0.15","－","3034","聯詠","423.50","＋","認售","歐式","111年12月30日","112年08月29日","112年08月25日","112年08月29日","0.05","    288.00","","",
="032410","中磊法興26購01","0.86","＋","5388","中磊","93.30","＋","認購","歐式","111年12月22日","112年06月21日","112年06月19日","112年06月21日","0.263","    95.23","","",
="032411","臺股指法興26購01","0.00","","IX0001","臺股指數","16,636.30","","認購","歐式","111年12月22日","112年06月21日","112年06月19日","112年06月21日","0.003","    14,500.00","","",
="032412","臺股指法興26購02","0.00","","IX0001","臺股指數","16,636.30","","認購","歐式","111年12月22日","112年06月21日","112年06月19日","112年06月21日","0.005","    15,100.00","","",
="032413","臺股指法興26購03","0.00","","IX0001","臺股指數","16,636.30","","認購","歐式","111年12月22日","112年06月21日","112年06月19日","112年06月21日","0.007","    15,800.00","","",
="032414","臺股指法興26購04","0.00","","IX0001","臺股指數","16,636.30","","認購","歐式","111年12月22日","112年06月21日","112年06月19日","112年06月21日","0.01","    16,400.00","","",
="032415","高股息元大28購01","3.22","＋",="0056","元大高股息","30.65","＋","認購","美式","111年12月22日","111年12月22日","112年08月17日","112年08月21日","1.00","    28.00","","",
="032416","香港反元大2A購01","0.00","",="00651R","FH香港反1","8.90","－","認購","美式","111年12月22日","111年12月22日","112年10月19日","112年10月23日","1.00","    10.00","","",
="032417","NASDAQ元大26購01","2.42","＋",="00662","富邦NASDAQ","56.65","＋","認購","美式","111年12月22日","111年12月22日","112年06月19日","112年06月21日","0.25","    47.00","","",
="032418","NASDAQ元大28購01","2.09","",="00662","富邦NASDAQ","56.65","＋","認購","美式","111年12月22日","111年12月22日","112年08月17日","112年08月21日","0.25","    50.00","","",
="032419","FBNQ2X元大26購01","2.60","",="00670L","富邦NASDAQ正2","78.90","＋","認購","美式","111年12月22日","111年12月22日","112年06月19日","112年06月21日","0.10","    53.00","","",
="03241U","臺股指中信2A售08","0.00","","IX0001","臺股指數","16,636.30","","認售","歐式","111年12月30日","112年10月02日","112年09月27日","112年10月02日","0.001","    14,500.00","","",
="032420","FBNQ2X元大26購02","0.00","",="00670L","富邦NASDAQ正2","78.90","＋","認購","美式","111年12月22日","111年12月22日","112年06月19日","112年06月21日","0.10","    58.00","","",
="032421","FBNQ2X元大28購01","0.00","",="00670L","富邦NASDAQ正2","78.90","＋","認購","美式","111年12月22日","111年12月22日","112年08月17日","112年08月21日","0.10","    55.00","","",
="032422","FBNQ2X元大29購01","2.39","＋",="00670L","富邦NASDAQ正2","78.90","＋","認購","美式","111年12月22日","111年12月22日","112年09月19日","112年09月21日","0.10","    60.00","","",
="032423","FBNQ反元大26購01","0.00","",="00671R","富邦NASDAQ 反1","5.07","－","認購","美式","111年12月22日","111年12月22日","112年06月19日","112年06月21日","1.00","    7.00","","",
="032424","FBNQ反元大26購02","0.00","",="00671R","富邦NASDAQ 反1","5.07","－","認購","美式","111年12月22日","111年12月22日","112年06月19日","112年06月21日","1.00","    6.60","","",
="032425","FBNQ反元大28購01","0.00","",="00671R","富邦NASDAQ 反1","5.07","－","認購","美式","111年12月22日","111年12月22日","112年08月17日","112年08月21日","1.00","    7.20","","",
="032426","FBNQ反元大28購02","0.00","",="00671R","富邦NASDAQ 反1","5.07","－","認購","美式","111年12月22日","111年12月22日","112年08月17日","112年08月21日","1.00","    6.80","","",
="032427","FBNQ反元大2A購01","0.00","",="00671R","富邦NASDAQ 反1","5.07","－","認購","美式","111年12月22日","111年12月22日","112年10月19日","112年10月23日","1.00","    7.60","","",
="032428","FBNQ反元大2A購02","0.00","",="00671R","富邦NASDAQ 反1","5.07","－","認購","美式","111年12月22日","111年12月22日","112年10月19日","112年10月23日","1.00","    7.40","","",
="032429","南亞元大26購01","0.00","","1303","南亞","78.40","－","認購","美式","111年12月22日","111年12月22日","112年06月19日","112年06月21日","0.381","    80.96","","",
="03242U","臺股指中信2B售04","0.00","","IX0001","臺股指數","16,636.30","","認售","歐式","111年12月30日","112年11月29日","112年11月27日","112年11月29日","0.004","    10,000.00","","",
="032430","中石化元大29購01","0.00","","1314","中石化","9.72","－","認購","美式","111年12月22日","111年12月22日","112年09月19日","112年09月21日","0.90","    11.75","","",
="032431","華新元大2C購09","0.39","＋","1605","華新","46.60","＋","認購","美式","111年12月22日","111年12月22日","112年12月19日","112年12月21日","0.069","    57.10","","",
="032432","川湖元大26購01","1.12","＋","2059","川湖","436.00","＋","認購","美式","111年12月22日","111年12月22日","112年06月19日","112年06月21日","0.025","    400.00","","",
="032433","為升元大26購01","0.00","","2231","為升","172.50","＋","認購","美式","111年12月22日","111年12月22日","112年06月19日","112年06月21日","0.065","    162.50","","",
="032434","為升元大2B購01","1.33","","2231","為升","172.50","＋","認購","美式","111年12月22日","111年12月22日","112年11月17日","112年11月21日","0.062","    192.00","","",
="032435","台達電元大26購01","0.46","＋","2308","台達電","315.50","－","認購","美式","111年12月22日","111年12月22日","112年06月19日","112年06月21日","0.106","    346.50","","",
="032436","華通元大26購03","0.00","","2313","華通","44.30","＋","認購","美式","111年12月22日","111年12月22日","112年06月19日","112年06月21日","0.533","    53.21","","",
="032437","華通元大2B購02","0.00","","2313","華通","44.30","＋","認購","美式","111年12月22日","111年12月22日","112年11月17日","112年11月21日","0.486","    60.93","","",
="032438","技嘉元大26購04","0.00","","2376","技嘉","186.00","＋","認購","美式","111年12月22日","111年12月22日","112年06月19日","112年06月21日","0.07","    115.50","","",
="032439","可成元大26購02","0.00","","2474","可成","189.00","＋","認購","美式","111年12月22日","111年12月22日","112年06月19日","112年06月21日","0.068","    175.00","","",
="03243U","台灣50兆豐2A售01","0.00","",="0050","元大台灣50","126.75","＋","認售","歐式","111年12月30日","112年10月30日","112年10月26日","112年10月30日","0.205","    93.89","","",
="032440","興富發元大26購03","0.15","","2542","興富發","42.10","－","認購","美式","111年12月22日","111年12月22日","112年06月19日","112年06月21日","0.93","    48.40","","",
="032441","萬海元大26購06","0.00","","2615","萬海","60.00","＋","認購","美式","111年12月22日","111年12月22日","112年06月19日","112年06月21日","0.201","    95.70","","",
="032442","晶華元大2C購01","0.00","","2707","晶華","288.00","＋","認購","美式","111年12月22日","111年12月22日","112年12月19日","112年12月21日","0.058","    372.50","","",
="032443","美食元大26購09","0.00","","2723","美食-KY","152.50","－","認購","美式","111年12月22日","111年12月22日","112年06月19日","112年06月21日","0.083","    165.00","","",
="032444","開發金元大26購02","0.00","","2883","開發金","12.80","－","認購","美式","111年12月22日","111年12月22日","112年06月19日","112年06月21日","1.00","    14.00","","",
="032445","開發金元大29購02","0.27","－","2883","開發金","12.80","－","認購","美式","111年12月22日","111年12月22日","112年09月19日","112年09月21日","1.00","    15.50","","",
="032446","建漢元大26購01","0.00","","3062","建漢","22.45","＋","認購","美式","111年12月22日","111年12月22日","112年06月19日","112年06月21日","0.442","    25.30","","",
="032447","景碩元大26購06","0.00","","3189","景碩","116.00","＋","認購","美式","111年12月22日","111年12月22日","112年06月19日","112年06月21日","0.068","    127.00","","",
="032448","緯創元大26購02","0.00","","3231","緯創","68.00","＋","認購","美式","111年12月22日","111年12月22日","112年06月19日","112年06月21日","0.531","    29.90","","",
="032449","華擎元大26購04","0.00","","3515","華擎","154.00","＋","認購","美式","111年12月22日","111年12月22日","112年06月19日","112年06月21日","0.051","    160.00","","",
="03244U","滬深2X凱基2A售06","0.00","",="00637L","元大滬深300正2","13.77","－","認售","歐式","111年12月30日","112年10月02日","112年09月27日","112年10月02日","0.80","    15.00","","",
="032450","嘉澤元大26購04","0.28","－","3533","嘉澤","909.00","－","認購","美式","111年12月22日","111年12月22日","112年06月19日","112年06月21日","0.026","    1,049.87","","",
="032451","國光生元大26購02","0.00","","4142","國光生","37.80","＋","認購","美式","111年12月22日","111年12月22日","112年06月19日","112年06月21日","0.53","    40.97","","",
="032452","材料元大26購02","0.00","","4763","材料-KY","550.00","－","認購","美式","111年12月22日","111年12月22日","112年06月19日","112年06月21日","0.116","    259.50","","",
="032453","上品元大26購06","0.00","","4770","上品","297.00","＋","認購","美式","111年12月22日","111年12月22日","112年06月19日","112年06月21日","0.028","    291.60","","",
="032454","祥碩元大26購01","0.00","","5269","祥碩","1,300.00","＋","認購","美式","111年12月22日","111年12月22日","112年06月19日","112年06月21日","0.012","    708.00","","",
="032455","祥碩元大2B購01","0.00","","5269","祥碩","1,300.00","＋","認購","美式","111年12月22日","111年12月22日","112年11月17日","112年11月21日","0.013","    914.00","","",
="032456","帆宣元大26購01","0.00","","6196","帆宣","131.50","","認購","美式","111年12月22日","111年12月22日","112年06月19日","112年06月21日","0.08","    137.50","","",
="032457","A50正2永豐27購01","0.00","",="00655L","國泰中國A50正2","24.65","－","認購","美式","111年12月23日","111年12月23日","112年07月20日","112年07月24日","0.65","    34.14","","",
="032458","欣興永豐27購02","0.00","","3037","欣興","182.50","－","認購","美式","111年12月23日","111年12月23日","112年07月20日","112年07月24日","0.04","    127.31","","",
="032459","FBNQ2X群益27購03","0.00","",="00670L","富邦NASDAQ正2","78.90","＋","認購","美式","111年12月23日","111年12月23日","112年07月20日","112年07月24日","0.15","    52.00","","",
="03245U","南亞科凱基26售05","0.00","","2408","南亞科","71.20","－","認售","歐式","111年12月30日","112年06月29日","112年06月27日","112年06月29日","0.55","    42.00","","",
="032460","FBNQ反群益28購03","0.00","",="00671R","富邦NASDAQ 反1","5.07","－","認購","美式","111年12月23日","111年12月23日","112年08月18日","112年08月22日","1.00","    7.30","","",
="032461","台泥群益27購01","0.00","","1101","台泥","38.15","＋","認購","美式","111年12月23日","111年12月23日","112年07月20日","112年07月24日","1.00","    45.00","","",
="032462","聚陽群益26購01","0.00","","1477","聚陽","219.00","＋","認購","美式","111年12月23日","111年12月23日","112年06月20日","112年06月26日","0.107","    270.27","","",
="032463","順德群益26購01","0.00","","2351","順德","123.00","＋","認購","美式","111年12月23日","111年12月23日","112年06月20日","112年06月26日","0.16","    123.00","","",
="032464","漢翔群益26購03","0.00","","2634","漢翔","55.80","＋","認購","美式","111年12月23日","111年12月23日","112年06月20日","112年06月26日","0.80","    46.00","","",
="032465","國光生群益26購01","0.00","","4142","國光生","37.80","＋","認購","美式","111年12月23日","111年12月23日","112年06月20日","112年06月26日","0.30","    50.00","","",
="032466","材料群益26購03","0.00","","4763","材料-KY","550.00","－","認購","美式","111年12月23日","111年12月23日","112年06月20日","112年06月26日","0.068","    240.00","","",
="032467","穎崴群益26購01","0.00","","6515","穎崴","830.00","－","認購","美式","111年12月23日","111年12月23日","112年06月20日","112年06月26日","0.044","    499.00","","",
="032468","台積電中信26購06","2.00","＋","2330","台積電","568.00","＋","認購","歐式","111年12月23日","112年06月26日","112年06月20日","112年06月26日","0.02","    472.44","","",
="032469","台積電中信28購04","1.95","＋","2330","台積電","568.00","＋","認購","歐式","111年12月23日","112年08月22日","112年08月18日","112年08月22日","0.02","    482.39","","",
="03246P","道瓊指國票29售01","0.00","",="00668","國泰美國道瓊","36.92","＋","認售","歐式","111年12月02日","112年09月01日","112年08月30日","112年09月01日","0.20","    38.00","","",
="03246U","大立光凱基26售08","0.00","","3008","大立光","2,305.00","＋","認售","歐式","111年12月30日","112年06月29日","112年06月27日","112年06月29日","0.016","    1,764.23","","",
="032470","台積電中信2A購03","1.70","＋","2330","台積電","568.00","＋","認購","歐式","111年12月23日","112年10月23日","112年10月19日","112年10月23日","0.02","    502.28","","",
="032471","台積電中信2C購02","1.55","－","2330","台積電","568.00","＋","認購","歐式","111年12月23日","112年12月22日","112年12月20日","112年12月22日","0.02","    522.17","","",
="032472","華邦電中信28購01","3.40","＋","2344","華邦電","26.90","＋","認購","歐式","111年12月23日","112年08月22日","112年08月18日","112年08月22日","1.00","    25.00","","",
="032473","瑞昱中信26購01","5.20","＋","2379","瑞昱","388.00","＋","認購","歐式","111年12月23日","112年06月26日","112年06月20日","112年06月26日","0.19","    425.00","","",
="032474","群創中信28購01","2.50","＋","3481","群創","14.10","＋","認購","歐式","111年12月23日","112年08月22日","112年08月18日","112年08月22日","1.00","    12.00","","",
="032475","臺股指中信2A購01","1.23","＋","IX0001","臺股指數","16,636.30","","認購","歐式","111年12月23日","112年10月23日","112年10月19日","112年10月23日","0.002","    16,888.00","","",
="032476","華城國票27購03","0.00","","1519","華城","141.00","＋","認購","美式","111年12月23日","111年12月23日","112年07月20日","112年07月24日","1.00","    71.00","","",
="032477","中鴻國票27購03","0.00","","2014","中鴻","23.15","＋","認購","美式","111年12月23日","111年12月23日","112年07月20日","112年07月24日","1.00","    36.00","","",
="032478","光罩國票27購02","0.00","","2338","光罩","81.80","＋","認購","美式","111年12月23日","111年12月23日","112年07月20日","112年07月24日","0.402","    128.00","","",
="032479","景碩國票27購03","0.00","","3189","景碩","116.00","＋","認購","美式","111年12月23日","111年12月23日","112年07月20日","112年07月24日","0.05","    110.00","","",
="03247P","創意國票27售01","0.00","","3443","創意","1,515.00","＋","認售","歐式","111年12月02日","112年07月03日","112年06月29日","112年07月03日","0.04","    450.00","","",
="03247U","電子類凱基27售01","0.00","","IX0027","電子類","797.58","","認售","歐式","111年12月30日","112年07月31日","112年07月27日","112年07月31日","0.05","    585.00","","",
="032480","敦泰國票27購01","0.00","","3545","敦泰","83.70","＋","認購","美式","111年12月23日","111年12月23日","112年07月20日","112年07月24日","0.673","    78.00","","",
="032481","聯合再國票27購02","0.00","","3576","聯合再生","20.30","＋","認購","美式","111年12月23日","111年12月23日","112年07月20日","112年07月24日","0.60","    24.00","","",
="032482","眾達國票27購01","0.54","＋","4977","眾達-KY","113.00","＋","認購","美式","111年12月23日","111年12月23日","112年07月20日","112年07月24日","0.236","    152.00","","",
="032483","南電國票27購04","0.00","","8046","南電","302.50","－","認購","美式","111年12月23日","111年12月23日","112年07月20日","112年07月24日","0.06","    250.00","","",
="032484","宏全國票27購01","0.00","","9939","宏全","106.50","＋","認購","美式","111年12月23日","111年12月23日","112年07月20日","112年07月24日","0.20","    100.00","","",
="032485","台積電國泰28購05","8.40","＋","2330","台積電","568.00","＋","認購","美式","111年12月23日","111年12月23日","112年08月18日","112年08月22日","0.201","    556.99","","",
="032486","台積電國泰28購06","0.00","","2330","台積電","568.00","＋","認購","美式","111年12月23日","111年12月23日","112年08月18日","112年08月22日","0.201","    550.02","","",
="032487","萬海國泰28購02","0.00","","2615","萬海","60.00","＋","認購","美式","111年12月23日","111年12月23日","112年08月18日","112年08月22日","0.20","    105.00","","",
="032488","富邦金國泰28購01","0.78","＋","2881","富邦金","61.10","＋","認購","美式","111年12月23日","111年12月23日","112年08月18日","112年08月22日","0.88","    69.00","","",
="032489","華通兆豐26購01","0.32","－","2313","華通","44.30","＋","認購","美式","111年12月23日","111年12月23日","112年06月20日","112年06月26日","0.212","    44.73","","",
="03248P","新唐元大26售01","0.00","","4919","新唐","130.50","＋","認售","歐式","111年09月26日","112年06月26日","112年06月20日","112年06月26日","0.169","    80.00","","",
="03248U","電子類凱基2A售02","0.00","","IX0027","電子類","797.58","","認售","歐式","111年12月30日","112年10月30日","112年10月26日","112年10月30日","0.06","    500.00","","",
="032490","國巨兆豐26購03","1.24","","2327","國巨","508.00","＋","認購","美式","111年12月23日","111年12月23日","112年06月20日","112年06月26日","0.02","    450.00","","",
="032491","國巨兆豐28購01","1.11","＋","2327","國巨","508.00","＋","認購","美式","111年12月23日","111年12月23日","112年08月18日","112年08月22日","0.02","    480.00","","",
="032492","台積電兆豐28購04","0.00","","2330","台積電","568.00","＋","認購","美式","111年12月23日","111年12月23日","112年08月18日","112年08月22日","0.03","    475.43","","",
="032493","萬海兆豐28購02","0.00","","2615","萬海","60.00","＋","認購","美式","111年12月23日","111年12月23日","112年08月18日","112年08月22日","0.12","    80.00","","",
="032494","大立光兆豐27購02","0.21","＋","3008","大立光","2,305.00","＋","認購","美式","111年12月23日","111年12月23日","112年07月20日","112年07月24日","0.009","    2,695.36","","",
="032495","富采兆豐26購01","0.19","＋","3714","富采","49.90","＋","認購","美式","111年12月23日","111年12月23日","112年06月20日","112年06月26日","0.25","    55.00","","",
="032496","臻鼎兆豐2A購01","0.77","＋","4958","臻鼎-KY","114.50","＋","認購","美式","111年12月23日","111年12月23日","112年10月19日","112年10月23日","0.06","    112.00","","",
="032497","瑞儀兆豐2A購01","1.04","＋","6176","瑞儀","120.00","＋","認購","美式","111年12月23日","111年12月23日","112年10月19日","112年10月23日","0.065","    118.00","","",
="032498","台表科兆豐2A購01","0.75","＋","6278","台表科","100.50","＋","認購","美式","111年12月23日","111年12月23日","112年10月19日","112年10月23日","0.055","    95.80","","",
="032499","鴻海台新28購01","0.35","＋","2317","鴻海","105.50","＋","認購","歐式","111年12月23日","112年08月22日","112年08月18日","112年08月22日","0.33","    125.63","","",
="03249U","金融類凱基28售01","0.00","","IX0039","金融類","1,620.43","","認售","歐式","111年12月30日","112年08月29日","112年08月25日","112年08月29日","0.02","    1,350.00","","",
="032500","臺指反凱基2C購01","0.00","",="00664R","國泰臺灣加權反1","5.58","－","認購","美式","111年12月23日","111年12月23日","112年12月20日","112年12月22日","1.00","    7.20","","",
="032501","臺指反凱基2C購02","0.35","－",="00664R","國泰臺灣加權反1","5.58","－","認購","美式","111年12月23日","111年12月23日","112年12月20日","112年12月22日","1.00","    5.70","","",
="032502","神隆凱基28購01","0.00","","1789","神隆","26.20","＋","認購","美式","111年12月23日","111年12月23日","112年08月18日","112年08月22日","0.50","    32.00","","",
="032503","正新凱基28購01","2.00","＋","2105","正新","39.60","＋","認購","美式","111年12月23日","111年12月23日","112年08月18日","112年08月22日","0.75","    40.00","","",
="032504","鴻海凱基2C購01","0.90","＋","2317","鴻海","105.50","＋","認購","美式","111年12月23日","111年12月23日","112年12月20日","112年12月22日","0.40","    138.00","","",
="032505","友訊凱基28購01","2.02","＋","2332","友訊","19.95","＋","認購","美式","111年12月23日","111年12月23日","112年08月18日","112年08月22日","1.00","    20.00","","",
="032506","聯發科凱基26購13","3.08","＋","2454","聯發科","738.00","＋","認購","美式","111年12月23日","111年12月23日","112年06月20日","112年06月26日","0.035","    670.00","","",
="032507","長榮凱基27購09","0.00","","2603","長榮","157.00","＋","認購","美式","111年12月23日","111年12月23日","112年07月20日","112年07月24日","0.20","    182.00","","",
="032508","陽明凱基26購11","0.00","","2609","陽明","62.00","＋","認購","美式","111年12月23日","111年12月23日","112年06月20日","112年06月26日","0.40","    80.00","","",
="032509","萬海凱基26購03","0.00","","2615","萬海","60.00","＋","認購","美式","111年12月23日","111年12月23日","112年06月20日","112年06月26日","0.60","    105.00","","",
="03250U","台灣50元大26售10","0.00","",="0050","元大台灣50","126.75","＋","認售","歐式","111年12月30日","112年06月29日","112年06月27日","112年06月29日","0.511","    92.91","","",
="032510","元大金凱基26購02","0.00","","2885","元大金","23.55","＋","認購","美式","111年12月23日","111年12月23日","112年06月20日","112年06月26日","1.00","    25.00","","",
="032511","晶睿凱基26購02","0.00","","3454","晶睿","182.50","＋","認購","美式","111年12月23日","111年12月23日","112年06月20日","112年06月26日","0.035","    210.00","","",
="032512","聯合再凱基26購01","0.00","","3576","聯合再生","20.30","＋","認購","美式","111年12月23日","111年12月23日","112年06月20日","112年06月26日","1.00","    25.00","","",
="032513","貿聯凱基27購02","0.00","","3665","貿聯-KY","270.50","＋","認購","美式","111年12月23日","111年12月23日","112年07月20日","112年07月24日","0.08","    298.82","","",
="032514","祥碩凱基26購05","0.00","","5269","祥碩","1,300.00","＋","認購","美式","111年12月23日","111年12月23日","112年06月20日","112年06月26日","0.013","    700.00","","",
="032515","瑞儀凱基27購01","0.42","＋","6176","瑞儀","120.00","＋","認購","美式","111年12月23日","111年12月23日","112年07月20日","112年07月24日","0.15","    140.00","","",
="032516","東哥凱基27購02","0.00","","8478","東哥遊艇","520.00","＋","認購","美式","111年12月23日","111年12月23日","112年07月20日","112年07月24日","0.025","    300.00","","",
="032517","臺股指凱基2A購12","2.68","","IX0001","臺股指數","16,636.30","","認購","歐式","111年12月23日","112年10月23日","112年10月19日","112年10月23日","0.01","    17,800.00","","",
="032518","臺股指凱基2C購01","0.00","","IX0001","臺股指數","16,636.30","","認購","歐式","111年12月23日","112年12月22日","112年12月20日","112年12月22日","0.015","    18,888.00","","",
="032519","臺股指凱基2C購02","0.00","","IX0001","臺股指數","16,636.30","","認購","歐式","111年12月23日","112年12月22日","112年12月20日","112年12月22日","0.018","    19,200.00","","",
="03251U","台灣50元大26售11","0.00","",="0050","元大台灣50","126.75","＋","認售","歐式","111年12月30日","112年06月29日","112年06月27日","112年06月29日","0.307","    99.75","","",
="032520","臺股指凱基2C購03","0.00","","IX0001","臺股指數","16,636.30","","認購","歐式","111年12月23日","112年12月22日","112年12月20日","112年12月22日","0.025","    19,800.00","","",
="032521","臺股指凱基2C購04","0.00","","IX0001","臺股指數","16,636.30","","認購","歐式","111年12月23日","112年12月22日","112年12月20日","112年12月22日","0.03","    20,500.00","","",
="032522","台灣50元富26購07","0.00","",="0050","元大台灣50","126.75","＋","認購","美式","111年12月23日","111年12月23日","112年06月20日","112年06月26日","1.023","    122.25","","",
="032523","神隆元富26購01","0.00","","1789","神隆","26.20","＋","認購","美式","111年12月23日","111年12月23日","112年06月20日","112年06月26日","0.30","    30.00","","",
="032524","AES元富26購01","0.38","","6781","AES-KY","690.00","＋","認購","美式","111年12月23日","111年12月23日","112年06月20日","112年06月26日","0.025","    800.00","","",
="032525","華新麥證26購02","0.79","","1605","華新","46.60","＋","認購","歐式","111年12月23日","112年06月26日","112年06月20日","112年06月26日","0.50","    50.00","","",
="032526","萬海麥證26購03","0.00","","2615","萬海","60.00","＋","認購","歐式","111年12月23日","112年06月26日","112年06月20日","112年06月26日","0.70","    115.00","","",
="032527","晶華麥證26購03","0.08","－","2707","晶華","288.00","＋","認購","歐式","111年12月23日","112年06月26日","112年06月20日","112年06月26日","0.13","    370.00","","",
="032528","第一金麥證26購02","0.00","","2892","第一金","28.00","＋","認購","歐式","111年12月23日","112年06月26日","112年06月20日","112年06月26日","0.80","    30.00","","",
="032529","欣興麥證27購01","0.00","","3037","欣興","182.50","－","認購","歐式","111年12月23日","112年07月24日","112年07月20日","112年07月24日","0.06","    130.00","","",
="03252U","台灣50元大27售09","0.00","",="0050","元大台灣50","126.75","＋","認售","歐式","111年12月30日","112年07月31日","112年07月27日","112年07月31日","0.409","    94.86","","",
="032530","國光生麥證26購01","0.00","","4142","國光生","37.80","＋","認購","歐式","111年12月23日","112年06月26日","112年06月20日","112年06月26日","0.25","    50.00","","",
="032531","道瓊反元大2B購02","0.00","",="00669R","國泰美國道瓊反1","8.06","－","認購","美式","111年12月23日","111年12月23日","112年11月20日","112年11月22日","0.80","    8.20","","",
="032532","台泥元大26購02","0.00","","1101","台泥","38.15","＋","認購","美式","111年12月23日","111年12月23日","112年06月20日","112年06月26日","0.70","    37.00","","",
="032533","中石化元大26購03","0.00","","1314","中石化","9.72","－","認購","美式","111年12月23日","111年12月23日","112年06月20日","112年06月26日","1.00","    10.25","","",
="032534","為升元大26購02","0.19","","2231","為升","172.50","＋","認購","美式","111年12月23日","111年12月23日","112年06月20日","112年06月26日","0.124","    210.00","","",
="032535","台達電元大26購02","0.00","","2308","台達電","315.50","－","認購","美式","111年12月23日","111年12月23日","112年06月20日","112年06月26日","0.422","    420.00","","",
="032536","漢唐元大26購03","0.00","","2404","漢唐","227.50","＋","認購","美式","111年12月23日","111年12月23日","112年06月20日","112年06月26日","0.066","    197.00","","",
="032537","怡利電元大26購01","0.00","","2497","怡利電","71.30","＋","認購","美式","111年12月23日","111年12月23日","112年06月20日","112年06月26日","0.268","    106.00","","",
="032538","怡利電元大26購02","0.00","","2497","怡利電","71.30","＋","認購","美式","111年12月23日","111年12月23日","112年06月20日","112年06月26日","0.154","    82.50","","",
="032539","陽明元大2C購01","1.07","","2609","陽明","62.00","＋","認購","美式","111年12月23日","111年12月23日","112年12月20日","112年12月22日","0.198","    78.40","","",
="03253U","台灣50元大27售10","0.12","",="0050","元大台灣50","126.75","＋","認售","歐式","111年12月30日","112年07月31日","112年07月27日","112年07月31日","0.256","    103.67","","",
="032540","晶華元大26購07","0.00","","2707","晶華","288.00","＋","認購","美式","111年12月23日","111年12月23日","112年06月20日","112年06月26日","0.048","    272.50","","",
="032541","晶華元大2B購01","1.90","＋","2707","晶華","288.00","＋","認購","美式","111年12月23日","111年12月23日","112年11月20日","112年11月22日","0.037","    287.50","","",
="032542","美食元大26購10","0.00","","2723","美食-KY","152.50","－","認購","美式","111年12月23日","111年12月23日","112年06月20日","112年06月26日","0.137","    195.00","","",
="032543","八方元大26購02","0.00","","2753","八方雲集","167.00","","認購","美式","111年12月23日","111年12月23日","112年06月20日","112年06月26日","0.059","    218.00","","",
="032544","玉晶光元大26購08","0.00","","3406","玉晶光","400.00","＋","認購","美式","111年12月23日","111年12月23日","112年06月20日","112年06月26日","0.026","    412.50","","",
="032545","世芯元大2C購02","5.10","","3661","世芯-KY","1,660.00","＋","認購","美式","111年12月23日","111年12月23日","112年12月20日","112年12月22日","0.006","    852.00","","",
="032546","貿聯元大26購06","0.00","","3665","貿聯-KY","270.50","＋","認購","美式","111年12月23日","111年12月23日","112年06月20日","112年06月26日","0.058","    259.98","","",
="032547","貿聯元大2B購01","1.60","","3665","貿聯-KY","270.50","＋","認購","美式","111年12月23日","111年12月23日","112年11月20日","112年11月22日","0.048","    285.87","","",
="032548","國光生元大26購03","0.00","","4142","國光生","37.80","＋","認購","美式","111年12月23日","111年12月23日","112年06月20日","112年06月26日","0.20","    36.80","","",
="032549","中磊元大26購05","1.10","＋","5388","中磊","93.30","＋","認購","美式","111年12月23日","111年12月23日","112年06月20日","112年06月26日","0.344","    98.56","","",
="03254U","儒鴻元大26售02","0.00","","1476","儒鴻","470.00","＋","認售","歐式","111年12月30日","112年06月29日","112年06月27日","112年06月29日","0.075","    355.00","","",
="032550","帆宣元大26購02","0.00","","6196","帆宣","131.50","","認購","美式","111年12月23日","111年12月23日","112年06月20日","112年06月26日","0.187","    174.00","","",
="032551","康舒元大26購01","0.00","","6282","康舒","44.05","＋","認購","美式","111年12月23日","111年12月23日","112年06月20日","112年06月26日","0.392","    30.70","","",
="032552","康舒元大2A購01","4.80","＋","6282","康舒","44.05","＋","認購","美式","111年12月23日","111年12月23日","112年10月19日","112年10月23日","0.477","    36.60","","",
="032553","康舒元大2B購01","6.60","＋","6282","康舒","44.05","＋","認購","美式","111年12月23日","111年12月23日","112年11月20日","112年11月22日","0.882","    44.50","","",
="032554","啟碁元大29購02","0.62","＋","6285","啟碁","87.50","＋","認購","美式","111年12月23日","111年12月23日","112年09月20日","112年09月22日","0.051","    82.50","","",
="032555","樺漢元大26購06","0.00","","6414","樺漢","281.00","＋","認購","美式","111年12月23日","111年12月23日","112年06月20日","112年06月26日","0.067","    217.50","","",
="032556","樺漢元大2B購01","3.65","＋","6414","樺漢","281.00","＋","認購","美式","111年12月23日","111年12月23日","112年11月20日","112年11月22日","0.091","    275.00","","",
="032557","晶碩元大26購01","0.00","","6491","晶碩","366.50","＋","認購","美式","111年12月23日","111年12月23日","112年06月20日","112年06月26日","0.036","    488.50","","",
="032558","晶碩元大2A購01","0.58","","6491","晶碩","366.50","＋","認購","美式","111年12月23日","111年12月23日","112年10月19日","112年10月23日","0.025","    508.00","","",
="032559","晶碩元大2B購01","0.00","","6491","晶碩","366.50","＋","認購","美式","111年12月23日","111年12月23日","112年11月20日","112年11月22日","0.031","    600.00","","",
="03255U","華新元大26售14","0.00","","1605","華新","46.60","＋","認售","歐式","111年12月30日","112年06月29日","112年06月27日","112年06月29日","0.967","    31.25","","",
="032560","嘉基元大26購02","0.18","","6715","嘉基","145.50","＋","認購","美式","111年12月23日","111年12月23日","112年06月20日","112年06月26日","0.09","    175.00","","",
="032561","南電元大2C購01","1.18","－","8046","南電","302.50","－","認購","美式","111年12月23日","111年12月23日","112年12月20日","112年12月22日","0.015","    275.00","","",
="032562","東哥元大26購10","0.00","","8478","東哥遊艇","520.00","＋","認購","美式","111年12月23日","111年12月23日","112年06月20日","112年06月26日","0.04","    400.00","","",
="032563","臺股指元大27購14","1.82","＋","IX0001","臺股指數","16,636.30","","認購","歐式","111年12月23日","112年07月24日","112年07月20日","112年07月24日","0.007","    17,200.00","","",
="032564","臺股指元大27購15","0.00","","IX0001","臺股指數","16,636.30","","認購","歐式","111年12月23日","112年07月24日","112年07月20日","112年07月24日","0.004","    16,400.00","","",
="032565","臺股指元大27購16","2.67","","IX0001","臺股指數","16,636.30","","認購","歐式","111年12月23日","112年07月24日","112年07月20日","112年07月24日","0.003","    15,800.00","","",
="032566","臺股指元大27購17","0.00","","IX0001","臺股指數","16,636.30","","認購","歐式","111年12月23日","112年07月24日","112年07月20日","112年07月24日","0.002","    15,200.00","","",
="032567","臺股指元大27購18","0.00","","IX0001","臺股指數","16,636.30","","認購","歐式","111年12月23日","112年07月24日","112年07月20日","112年07月24日","0.002","    14,600.00","","",
="032568","台積電富邦29購05","0.00","","2330","台積電","568.00","＋","認購","美式","111年12月23日","111年12月23日","112年09月20日","112年09月22日","0.025","    497.31","","",
="032569","聯發科富邦28購03","0.98","＋","2454","聯發科","738.00","＋","認購","美式","111年12月23日","111年12月23日","112年08月18日","112年08月22日","0.016","    750.00","","",
="03256U","南亞科元大26售06","0.00","","2408","南亞科","71.20","－","認售","歐式","111年12月30日","112年06月29日","112年06月27日","112年06月29日","0.392","    46.25","","",
="032570","臺股指富邦2B購01","2.27","＋","IX0001","臺股指數","16,636.30","","認購","歐式","111年12月23日","112年11月22日","112年11月20日","112年11月22日","0.001","    14,250.00","","",
="032571","技嘉康和27購01","0.00","","2376","技嘉","186.00","＋","認購","美式","111年12月26日","111年12月26日","112年07月21日","112年07月25日","0.07","    105.00","","",
="032572","友達康和27購01","0.00","","2409","友達","17.65","＋","認購","美式","111年12月26日","111年12月26日","112年07月21日","112年07月25日","0.70","    15.50","","",
="032573","裕民康和26購02","0.00","","2606","裕民","49.75","＋","認購","美式","111年12月26日","111年12月26日","112年06月20日","112年06月26日","0.25","    60.00","","",
="032574","威致國票26購01","0.06","","2028","威致","25.85","－","認購","美式","111年12月26日","111年12月26日","112年06月20日","112年06月26日","0.258","    33.98","","",
="032575","裕隆國票27購02","0.00","","2201","裕隆","82.80","＋","認購","美式","111年12月26日","111年12月26日","112年07月21日","112年07月25日","0.433","    64.00","","",
="032576","智原國票27購04","0.57","＋","3035","智原","173.50","＋","認購","美式","111年12月26日","111年12月26日","112年07月21日","112年07月25日","0.20","    230.00","","",
="032577","貿聯國票27購01","0.00","","3665","貿聯-KY","270.50","＋","認購","美式","111年12月26日","111年12月26日","112年07月21日","112年07月25日","0.301","    368.55","","",
="032578","臻鼎國票27購01","0.31","＋","4958","臻鼎-KY","114.50","＋","認購","美式","111年12月26日","111年12月26日","112年07月21日","112年07月25日","0.10","    125.00","","",
="032579","明基材國票27購01","0.00","","8215","明基材","35.30","＋","認購","美式","111年12月26日","111年12月26日","112年07月21日","112年07月25日","0.70","    40.00","","",
="03257P","萬海凱基28售01","0.00","","2615","萬海","60.00","＋","認售","歐式","111年09月26日","112年08月25日","112年08月23日","112年08月25日","0.18","    65.00","","",
="03257U","聯詠元大26售06","0.00","","3034","聯詠","423.50","＋","認售","歐式","111年12月30日","112年06月29日","112年06月27日","112年06月29日","0.06","    292.50","","",
="032580","瑞昱兆豐26購01","0.00","","2379","瑞昱","388.00","＋","認購","美式","111年12月26日","111年12月26日","112年06月20日","112年06月26日","0.05","    320.00","","",
="032581","慧洋兆豐28購02","0.00","","2637","慧洋-KY","60.30","＋","認購","美式","111年12月26日","111年12月26日","112年08月23日","112年08月25日","0.168","    69.59","","",
="032582","台灣50台新26購04","0.00","",="0050","元大台灣50","126.75","＋","認購","歐式","111年12月26日","112年06月26日","112年06月20日","112年06月26日","0.184","    111.37","","",
="032583","台積電台新26購02","0.00","","2330","台積電","568.00","＋","認購","歐式","111年12月26日","112年06月26日","112年06月20日","112年06月26日","0.03","    477.38","","",
="032584","儒鴻永豐27購01","0.00","","1476","儒鴻","470.00","＋","認購","美式","111年12月26日","111年12月26日","112年07月21日","112年07月25日","0.049","    611.88","","",
="032585","華城永豐28購01","0.00","","1519","華城","141.00","＋","認購","美式","111年12月26日","111年12月26日","112年08月23日","112年08月25日","0.111","    51.30","","",
="032586","中鴻永豐28購01","0.00","","2014","中鴻","23.15","＋","認購","美式","111年12月26日","111年12月26日","112年08月23日","112年08月25日","0.50","    39.80","","",
="032587","陽明永豐28購01","0.00","","2609","陽明","62.00","＋","認購","美式","111年12月26日","111年12月26日","112年08月23日","112年08月25日","0.25","    91.33","","",
="032588","致伸永豐27購01","0.00","","4915","致伸","64.40","＋","認購","美式","111年12月26日","111年12月26日","112年07月21日","112年07月25日","0.135","    56.46","","",
="032589","祥碩永豐28購01","0.00","","5269","祥碩","1,300.00","＋","認購","美式","111年12月26日","111年12月26日","112年08月23日","112年08月25日","0.012","    831.14","","",
="03258U","欣興元大26售13","0.00","","3037","欣興","182.50","－","認售","歐式","111年12月30日","112年06月29日","112年06月27日","112年06月29日","0.18","    92.90","","",
="032590","東鋼中信26購01","0.00","","2006","東和鋼鐵","56.60","＋","認購","歐式","111年12月26日","112年06月26日","112年06月20日","112年06月26日","0.796","    70.67","","",
="032591","興勤中信26購01","0.00","","2428","興勤","156.50","＋","認購","歐式","111年12月26日","112年06月26日","112年06月20日","112年06月26日","0.30","    175.00","","",
="032592","陽明中信27購02","0.31","＋","2609","陽明","62.00","＋","認購","歐式","111年12月26日","112年07月25日","112年07月21日","112年07月25日","0.12","    70.00","","",
="032593","慧洋中信26購01","0.00","","2637","慧洋-KY","60.30","＋","認購","歐式","111年12月26日","112年06月26日","112年06月20日","112年06月26日","0.09","    60.67","","",
="032594","慧洋中信28購01","0.00","","2637","慧洋-KY","60.30","＋","認購","歐式","111年12月26日","112年08月25日","112年08月23日","112年08月25日","0.168","    66.56","","",
="032595","華南金中信28購01","0.00","","2880","華南金","22.20","－","認購","歐式","111年12月26日","112年08月25日","112年08月23日","112年08月25日","1.00","    28.00","","",
="032596","第一金中信26購01","0.50","","2892","第一金","28.00","＋","認購","歐式","111年12月26日","112年06月26日","112年06月20日","112年06月26日","1.00","    30.00","","",
="032597","景碩中信26購01","0.00","","3189","景碩","116.00","＋","認購","歐式","111年12月26日","112年06月26日","112年06月20日","112年06月26日","0.10","    120.88","","",
="032598","聯合再中信27購01","0.00","","3576","聯合再生","20.30","＋","認購","歐式","111年12月26日","112年07月25日","112年07月21日","112年07月25日","1.00","    30.00","","",
="032599","國光生中信28購01","0.00","","4142","國光生","37.80","＋","認購","歐式","111年12月26日","112年08月25日","112年08月23日","112年08月25日","0.20","    40.00","","",
="03259P","臺股指群益2A售02","0.00","","IX0001","臺股指數","16,636.30","","認售","歐式","111年10月19日","112年10月18日","112年10月16日","112年10月18日","0.005","    9,500.00","","",
="03259U","玉晶光元大26售11","0.00","","3406","玉晶光","400.00","＋","認售","歐式","111年12月30日","112年06月29日","112年06月27日","112年06月29日","0.066","    275.00","","",
="032600","遠傳中信26購01","0.00","","4904","遠傳","77.10","－","認購","歐式","111年12月26日","112年06月26日","112年06月20日","112年06月26日","0.88","    88.88","","",
="032601","盛群中信26購01","0.00","","6202","盛群","69.70","＋","認購","歐式","111年12月26日","112年06月26日","112年06月20日","112年06月26日","0.15","    71.00","","",
="032602","聯電富邦27購03","1.71","＋","2303","聯電","51.20","＋","認購","美式","111年12月26日","111年12月26日","112年07月21日","112年07月25日","0.22","    45.00","","",
="032603","華通富邦27購02","0.00","","2313","華通","44.30","＋","認購","美式","111年12月26日","111年12月26日","112年07月21日","112年07月25日","0.265","    51.80","","",
="032604","智原富邦27購04","0.00","","3035","智原","173.50","＋","認購","美式","111年12月26日","111年12月26日","112年07月21日","112年07月25日","0.05","    200.00","","",
="032605","晶技富邦27購01","0.71","－","3042","晶技","89.40","＋","認購","美式","111年12月26日","111年12月26日","112年07月21日","112年07月25日","0.12","    90.00","","",
="032606","香港反凱基2A購01","0.00","",="00651R","FH香港反1","8.90","－","認購","美式","111年12月26日","111年12月26日","112年10月23日","112年10月25日","0.796","    8.88","","",
="032607","元美指凱基29購01","0.00","",="00682U","期元大美元指數(原名：元大美元指數)","20.75","－","認購","美式","111年12月26日","111年12月26日","112年09月21日","112年09月25日","0.70","    22.00","","",
="032608","FB越南凱基29購03","1.39","",="00885","富邦越南","11.45","＋","認購","美式","111年12月26日","111年12月26日","112年09月21日","112年09月25日","1.00","    10.80","","",
="032609","華新凱基26購06","0.00","","1605","華新","46.60","＋","認購","美式","111年12月26日","111年12月26日","112年06月20日","112年06月26日","0.50","    63.00","","",
="03260P","華航康和26售01","0.00","","2610","華航","21.65","＋","認售","歐式","111年10月19日","112年06月19日","112年06月15日","112年06月19日","1.00","    13.00","","",
="03260U","健策元大26售04","0.00","","3653","健策","616.00","＋","認售","歐式","111年12月30日","112年06月29日","112年06月27日","112年06月29日","0.047","    306.50","","",
="032610","中鴻凱基26購04","0.00","","2014","中鴻","23.15","＋","認購","美式","111年12月26日","111年12月26日","112年06月20日","112年06月26日","0.60","    32.00","","",
="032611","允強凱基26購02","0.00","","2034","允強","28.65","－","認購","美式","111年12月26日","111年12月26日","112年06月20日","112年06月26日","1.00","    35.00","","",
="032612","鴻海凱基2A購04","0.84","＋","2317","鴻海","105.50","＋","認購","美式","111年12月26日","111年12月26日","112年10月23日","112年10月25日","0.12","    109.00","","",
="032613","長榮凱基27購11","0.00","","2603","長榮","157.00","＋","認購","美式","111年12月26日","111年12月26日","112年07月21日","112年07月25日","0.25","    245.00","","",
="032614","陽明凱基27購05","0.00","","2609","陽明","62.00","＋","認購","美式","111年12月26日","111年12月26日","112年07月21日","112年07月25日","0.35","    75.00","","",
="032615","萬海凱基27購05","0.11","＋","2615","萬海","60.00","＋","認購","美式","111年12月26日","111年12月26日","112年07月21日","112年07月25日","0.15","    80.00","","",
="032616","慧洋凱基28購01","0.00","","2637","慧洋-KY","60.30","＋","認購","美式","111年12月26日","111年12月26日","112年08月23日","112年08月25日","0.448","    84.76","","",
="032617","晶華凱基2B購01","1.92","＋","2707","晶華","288.00","＋","認購","美式","111年12月26日","111年12月26日","112年11月23日","112年11月27日","0.038","    280.00","","",
="032618","康普凱基28購01","0.00","","4739","康普","88.80","＋","認購","美式","111年12月26日","111年12月26日","112年08月23日","112年08月25日","0.30","    140.00","","",
="032619","材料凱基28購01","0.00","","4763","材料-KY","550.00","－","認購","美式","111年12月26日","111年12月26日","112年08月23日","112年08月25日","0.074","    270.00","","",
="03261P","長榮航康和26售01","0.00","","2618","長榮航","33.60","＋","認售","歐式","111年10月19日","112年06月19日","112年06月15日","112年06月19日","0.60","    19.00","","",
="03261U","台灣50國票28售04","0.00","",="0050","元大台灣50","126.75","＋","認售","歐式","112年01月03日","112年08月02日","112年07月31日","112年08月02日","0.614","    85.57","","",
="032620","新唐凱基26購05","0.00","","4919","新唐","130.50","＋","認購","美式","111年12月26日","111年12月26日","112年06月20日","112年06月26日","0.20","    170.00","","",
="032621","盛群凱基26購02","0.00","","6202","盛群","69.70","＋","認購","美式","111年12月26日","111年12月26日","112年06月20日","112年06月26日","0.22","    75.00","","",
="032622","康舒凱基2B購01","5.70","＋","6282","康舒","44.05","＋","認購","美式","111年12月26日","111年12月26日","112年11月23日","112年11月27日","1.00","    45.00","","",
="032623","NASDAQ群益26購01","0.00","",="00662","富邦NASDAQ","56.65","＋","認購","美式","111年12月26日","111年12月26日","112年06月20日","112年06月26日","0.30","    44.00","","",
="032624","FBNQ2X群益27購04","3.58","＋",="00670L","富邦NASDAQ正2","78.90","＋","認購","美式","111年12月26日","111年12月26日","112年07月21日","112年07月25日","0.15","    56.00","","",
="032625","FBNQ反群益28購04","0.00","",="00671R","富邦NASDAQ 反1","5.07","－","認購","美式","111年12月26日","111年12月26日","112年08月23日","112年08月25日","1.00","    6.50","","",
="032626","萬海群益26購02","0.00","","2615","萬海","60.00","＋","認購","美式","111年12月26日","111年12月26日","112年06月20日","112年06月26日","0.22","    98.00","","",
="032627","漢翔群益26購04","0.00","","2634","漢翔","55.80","＋","認購","美式","111年12月26日","111年12月26日","112年06月20日","112年06月26日","0.50","    40.00","","",
="032628","智原群益26購06","0.50","＋","3035","智原","173.50","＋","認購","美式","111年12月26日","111年12月26日","112年06月20日","112年06月26日","0.10","    195.00","","",
="032629","欣興群益26購03","0.00","","3037","欣興","182.50","－","認購","美式","111年12月26日","111年12月26日","112年06月20日","112年06月26日","0.20","    180.00","","",
="03262P","聯電國票26售01","0.00","","2303","聯電","51.20","＋","認售","歐式","111年10月19日","112年06月19日","112年06月15日","112年06月19日","1.00","    26.50","","",
="03262U","台灣50國票29售01","0.00","",="0050","元大台灣50","126.75","＋","認售","歐式","112年01月03日","112年09月04日","112年08月31日","112年09月04日","0.256","    101.71","","",
="032630","緯穎群益26購03","7.05","＋","6669","緯穎","1,205.00","＋","認購","美式","111年12月26日","111年12月26日","112年06月20日","112年06月26日","0.03","    980.00","","",
="032631","中鋼元富26購01","0.00","","2002","中鋼","29.05","－","認購","美式","111年12月26日","111年12月26日","112年06月20日","112年06月26日","1.00","    34.14","","",
="032632","新光鋼元富26購01","0.00","","2031","新光鋼","48.80","－","認購","美式","111年12月26日","111年12月26日","112年06月20日","112年06月26日","1.00","    48.00","","",
="032633","台積電元富26購08","7.50","＋","2330","台積電","568.00","＋","認購","美式","111年12月26日","111年12月26日","112年06月20日","112年06月26日","0.101","    497.31","","",
="032634","台積電元富29購01","5.65","＋","2330","台積電","568.00","＋","認購","美式","111年12月26日","111年12月26日","112年09月21日","112年09月25日","0.101","    547.04","","",
="032635","八方元富29購01","0.00","","2753","八方雲集","167.00","","認購","美式","111年12月26日","111年12月26日","112年09月21日","112年09月25日","0.028","    230.00","","",
="032636","開發金元富26購01","0.00","","2883","開發金","12.80","－","認購","美式","111年12月26日","111年12月26日","112年06月20日","112年06月26日","1.00","    13.00","","",
="032637","世芯元富26購05","0.00","","3661","世芯-KY","1,660.00","＋","認購","美式","111年12月26日","111年12月26日","112年06月20日","112年06月26日","0.01","    850.00","","",
="032638","南電元富26購04","0.00","","8046","南電","302.50","－","認購","美式","111年12月26日","111年12月26日","112年06月20日","112年06月26日","0.05","    250.00","","",
="032639","南電元富26購05","0.00","","8046","南電","302.50","－","認購","美式","111年12月26日","111年12月26日","112年06月20日","112年06月26日","0.07","    280.00","","",
="03263U","立積國票27售03","0.00","","4968","立積","170.00","＋","認售","歐式","112年01月03日","112年07月03日","112年06月29日","112年07月03日","0.014","    125.00","","",
="032640","富邦媒元富26購01","2.11","","8454","富邦媒","703.00","＋","認購","美式","111年12月26日","111年12月26日","112年06月20日","112年06月26日","0.025","    650.00","","",
="032641","威盛麥證28購01","0.00","","2388","威盛","83.10","＋","認購","歐式","111年12月26日","112年08月25日","112年08月23日","112年08月25日","0.12","    80.00","","",
="032642","開發金麥證26購01","0.00","","2883","開發金","12.80","－","認購","歐式","111年12月26日","112年06月26日","112年06月20日","112年06月26日","1.00","    12.50","","",
="032643","上証2X元大2A購01","0.00","",="00633L","富邦上証正2","35.01","－","認購","美式","111年12月26日","111年12月26日","112年10月23日","112年10月25日","0.25","    44.00","","",
="032644","滬深2X元大2A購01","0.00","",="00637L","元大滬深300正2","13.77","－","認購","美式","111年12月26日","111年12月26日","112年10月23日","112年10月25日","0.60","    17.50","","",
="032645","台泥元大26購03","0.00","","1101","台泥","38.15","＋","認購","美式","111年12月26日","111年12月26日","112年06月20日","112年06月26日","1.00","    40.60","","",
="032646","中砂元大26購06","0.00","","1560","中砂","114.50","－","認購","美式","111年12月26日","111年12月26日","112年06月20日","112年06月26日","0.046","    114.50","","",
="032647","中鋼元大28購01","0.00","","2002","中鋼","29.05","－","認購","美式","111年12月26日","111年12月26日","112年08月23日","112年08月25日","0.70","    35.90","","",
="032648","中鋼元大29購01","0.71","－","2002","中鋼","29.05","－","認購","美式","111年12月26日","111年12月26日","112年09月21日","112年09月25日","0.55","    32.20","","",
="032649","中鴻元大26購05","0.00","","2014","中鴻","23.15","＋","認購","美式","111年12月26日","111年12月26日","112年06月20日","112年06月26日","1.00","    39.00","","",
="03264U","儒鴻元富27售02","0.00","","1476","儒鴻","470.00","＋","認售","歐式","112年01月03日","112年07月03日","112年06月29日","112年07月03日","0.06","    350.00","","",
="032650","中鴻元大26購06","0.00","","2014","中鴻","23.15","＋","認購","美式","111年12月26日","111年12月26日","112年06月20日","112年06月26日","0.35","    28.00","","",
="032651","大成鋼元大26購04","0.51","","2027","大成鋼","45.25","＋","認購","美式","111年12月26日","111年12月26日","112年06月20日","112年06月26日","0.50","    49.00","","",
="032652","大成鋼元大26購05","0.00","","2027","大成鋼","45.25","＋","認購","美式","111年12月26日","111年12月26日","112年06月20日","112年06月26日","0.45","    47.20","","",
="032653","威致元大26購01","0.00","","2028","威致","25.85","－","認購","美式","111年12月26日","111年12月26日","112年06月20日","112年06月26日","0.309","    33.90","","",
="032654","新光鋼元大26購01","0.48","","2031","新光鋼","48.80","－","認購","美式","111年12月26日","111年12月26日","112年06月20日","112年06月26日","0.65","    55.00","","",
="032655","宏達電元大2A購05","1.85","＋","2498","宏達電","61.50","＋","認購","美式","111年12月26日","111年12月26日","112年10月23日","112年10月25日","0.148","    57.00","","",
="032656","宏達電元大2B購03","1.87","＋","2498","宏達電","61.50","＋","認購","美式","111年12月26日","111年12月26日","112年11月23日","112年11月27日","0.163","    62.00","","",
="032657","宏達電元大2C購01","1.76","＋","2498","宏達電","61.50","＋","認購","美式","111年12月26日","111年12月26日","112年12月21日","112年12月25日","0.161","    65.60","","",
="032658","長榮元大2C購01","0.98","＋","2603","長榮","157.00","＋","認購","美式","111年12月26日","111年12月26日","112年12月21日","112年12月25日","0.073","    208.00","","",
="032659","陽明元大26購06","0.00","","2609","陽明","62.00","＋","認購","美式","111年12月26日","111年12月26日","112年06月20日","112年06月26日","0.308","    76.60","","",
="03265U","大立光元富27售03","0.00","","3008","大立光","2,305.00","＋","認售","歐式","112年01月03日","112年07月03日","112年06月29日","112年07月03日","0.01","    1,960.26","","",
="032660","華航元大26購07","0.00","","2610","華航","21.65","＋","認購","美式","111年12月26日","111年12月26日","112年06月20日","112年06月26日","0.744","    20.65","","",
="032661","慧洋元大26購06","0.00","","2637","慧洋-KY","60.30","＋","認購","美式","111年12月26日","111年12月26日","112年06月20日","112年06月26日","0.29","    71.38","","",
="032662","景碩元大26購07","0.45","＋","3189","景碩","116.00","＋","認購","美式","111年12月26日","111年12月26日","112年06月20日","112年06月26日","0.071","    121.00","","",
="032663","玉晶光元大26購09","0.00","","3406","玉晶光","400.00","＋","認購","美式","111年12月26日","111年12月26日","112年06月20日","112年06月26日","0.028","    369.00","","",
="032664","晶睿元大26購03","0.00","","3454","晶睿","182.50","＋","認購","美式","111年12月26日","111年12月26日","112年06月20日","112年06月26日","0.032","    230.00","","",
="032665","敦泰元大26購02","0.00","","3545","敦泰","83.70","＋","認購","美式","111年12月26日","111年12月26日","112年06月20日","112年06月26日","0.10","    56.50","","",
="032666","世芯元大2C購03","0.00","","3661","世芯-KY","1,660.00","＋","認購","美式","111年12月26日","111年12月26日","112年12月21日","112年12月25日","0.006","    829.00","","",
="032667","貿聯元大26購07","0.00","","3665","貿聯-KY","270.50","＋","認購","美式","111年12月26日","111年12月26日","112年06月20日","112年06月26日","0.07","    272.43","","",
="032668","貿聯元大2A購02","1.56","","3665","貿聯-KY","270.50","＋","認購","美式","111年12月26日","111年12月26日","112年10月23日","112年10月25日","0.082","    331.69","","",
="032669","貿聯元大2B購02","1.43","","3665","貿聯-KY","270.50","＋","認購","美式","111年12月26日","111年12月26日","112年11月23日","112年11月27日","0.065","    321.23","","",
="03266P","臺股指凱基29售03","0.47","－","IX0001","臺股指數","16,636.30","","認售","歐式","111年09月26日","112年09月25日","112年09月21日","112年09月25日","0.003","    13,900.00","","",
="03266U","晶華群益27售03","0.00","","2707","晶華","288.00","＋","認售","歐式","112年01月03日","112年07月03日","112年06月29日","112年07月03日","0.05","    235.00","","",
="032670","拓凱元大26購02","0.00","","4536","拓凱","196.50","＋","認購","美式","111年12月26日","111年12月26日","112年06月20日","112年06月26日","0.141","    285.00","","",
="032671","三福化元大26購02","0.00","","4755","三福化","131.00","＋","認購","美式","111年12月26日","111年12月26日","112年06月20日","112年06月26日","0.128","    175.00","","",
="032672","新唐元大26購03","0.00","","4919","新唐","130.50","＋","認購","美式","111年12月26日","111年12月26日","112年06月20日","112年06月26日","0.076","    142.50","","",
="032673","乙盛元大26購03","0.00","","5243","乙盛-KY","83.70","＋","認購","美式","111年12月26日","111年12月26日","112年06月20日","112年06月26日","0.241","    70.00","","",
="032674","中磊元大26購06","0.00","","5388","中磊","93.30","＋","認購","美式","111年12月26日","111年12月26日","112年06月20日","112年06月26日","0.148","    73.42","","",
="032675","中磊元大2B購01","2.96","＋","5388","中磊","93.30","＋","認購","美式","111年12月26日","111年12月26日","112年11月23日","112年11月27日","0.194","    95.23","","",
="032676","樺漢元大26購07","0.00","","6414","樺漢","281.00","＋","認購","美式","111年12月26日","111年12月26日","112年06月20日","112年06月26日","0.06","    225.00","","",
="032677","元晶元大26購03","0.28","＋","6443","元晶","36.20","＋","認購","美式","111年12月26日","111年12月26日","112年06月20日","112年06月26日","0.232","    39.20","","",
="032678","世紀鋼元大2A購01","1.50","＋","9958","世紀鋼","109.50","＋","認購","美式","111年12月26日","111年12月26日","112年10月23日","112年10月25日","0.066","    96.00","","",
="032679","儒鴻群益27購01","0.00","","1476","儒鴻","470.00","＋","認購","美式","111年12月27日","111年12月27日","112年07月24日","112年07月26日","0.03","    588.88","","",
="03267P","臺股指凱基29售04","0.26","－","IX0001","臺股指數","16,636.30","","認售","歐式","111年09月26日","112年09月25日","112年09月21日","112年09月25日","0.003","    12,700.00","","",
="03267U","儒鴻凱基27售02","0.00","","1476","儒鴻","470.00","＋","認售","歐式","112年01月03日","112年07月03日","112年06月29日","112年07月03日","0.08","    350.00","","",
="032680","中鴻群益26購02","0.00","","2014","中鴻","23.15","＋","認購","美式","111年12月27日","111年12月27日","112年06月20日","112年06月26日","1.00","    40.00","","",
="032681","鴻海群益27購02","0.36","","2317","鴻海","105.50","＋","認購","美式","111年12月27日","111年12月27日","112年07月24日","112年07月26日","0.60","    128.00","","",
="032682","威盛群益28購01","2.72","＋","2388","威盛","83.10","＋","認購","美式","111年12月27日","111年12月27日","112年08月24日","112年08月28日","0.50","    98.00","","",
="032683","三商壽群益28購01","0.00","","2867","三商壽","5.22","＋","認購","美式","111年12月27日","111年12月27日","112年08月24日","112年08月28日","1.006","    6.64","","",
="032684","聯詠群益26購02","0.00","","3034","聯詠","423.50","＋","認購","美式","111年12月27日","111年12月27日","112年06月20日","112年06月26日","0.17","    424.00","","",
="032685","智易群益27購01","0.95","","3596","智易","115.00","＋","認購","美式","111年12月27日","111年12月27日","112年07月24日","112年07月26日","0.12","    118.88","","",
="032686","世芯群益26購09","0.00","","3661","世芯-KY","1,660.00","＋","認購","美式","111年12月27日","111年12月27日","112年06月20日","112年06月26日","0.013","    888.00","","",
="032687","致新群益27購02","0.00","","8081","致新","191.50","＋","認購","美式","111年12月27日","111年12月27日","112年07月24日","112年07月26日","0.05","    170.00","","",
="032688","東哥群益26購04","0.00","","8478","東哥遊艇","520.00","＋","認購","美式","111年12月27日","111年12月27日","112年06月20日","112年06月26日","0.05","    366.00","","",
="032689","中鋼台新28購01","0.10","","2002","中鋼","29.05","－","認購","歐式","111年12月27日","112年08月28日","112年08月24日","112年08月28日","1.00","    36.78","","",
="03268U","玉晶光凱基27售03","0.00","","3406","玉晶光","400.00","＋","認售","歐式","112年01月03日","112年07月03日","112年06月29日","112年07月03日","0.04","    280.00","","",
="032690","陽明台新28購01","0.40","＋","2609","陽明","62.00","＋","認購","歐式","111年12月27日","112年08月28日","112年08月24日","112年08月28日","0.25","    82.69","","",
="032691","中鋼永豐27購01","0.00","","2002","中鋼","29.05","－","認購","美式","111年12月27日","111年12月27日","112年07月24日","112年07月26日","0.77","    37.70","","",
="032692","新光鋼永豐28購01","0.00","","2031","新光鋼","48.80","－","認購","美式","111年12月27日","111年12月27日","112年08月24日","112年08月28日","0.31","    62.78","","",
="032693","佳世達永豐26購01","6.55","＋","2352","佳世達","40.20","＋","認購","美式","111年12月27日","111年12月27日","112年06月20日","112年06月26日","0.82","    31.83","","",
="032694","瑞昱永豐27購01","3.34","＋","2379","瑞昱","388.00","＋","認購","美式","111年12月27日","111年12月27日","112年07月24日","112年07月26日","0.059","    345.30","","",
="032695","長榮永豐28購01","0.47","＋","2603","長榮","157.00","＋","認購","美式","111年12月27日","111年12月27日","112年08月24日","112年08月28日","0.06","    189.75","","",
="032696","華航永豐27購01","0.75","＋","2610","華航","21.65","＋","認購","美式","111年12月27日","111年12月27日","112年07月24日","112年07月26日","0.755","    23.24","","",
="032697","智原永豐28購01","0.00","","3035","智原","173.50","＋","認購","美式","111年12月27日","111年12月27日","112年08月24日","112年08月28日","0.091","    225.48","","",
="032698","群創永豐27購01","1.54","＋","3481","群創","14.10","＋","認購","美式","111年12月27日","111年12月27日","112年07月24日","112年07月26日","0.80","    12.96","","",
="032699","鈺齊永豐27購01","0.00","","9802","鈺齊-KY","124.00","－","認購","美式","111年12月27日","111年12月27日","112年07月24日","112年07月26日","0.067","    200.68","","",
="03269U","健策凱基27售02","0.00","","3653","健策","616.00","＋","認售","歐式","112年01月03日","112年07月03日","112年06月29日","112年07月03日","0.045","    300.00","","",
="032700","台泥國票27購01","0.18","＋","1101","台泥","38.15","＋","認購","美式","111年12月27日","111年12月27日","112年07月24日","112年07月26日","1.00","    45.00","","",
="032701","統一國票26購01","0.00","","1216","統一","74.70","＋","認購","美式","111年12月27日","111年12月27日","112年06月20日","112年06月26日","0.40","    75.00","","",
="032702","台塑國票26購01","0.00","","1301","台塑","93.30","－","認購","美式","111年12月27日","111年12月27日","112年06月20日","112年06月26日","0.25","    93.00","","",
="032703","南亞國票26購01","0.00","","1303","南亞","78.40","－","認購","美式","111年12月27日","111年12月27日","112年06月20日","112年06月26日","0.25","    75.00","","",
="032704","東陽國票26購02","0.00","","1319","東陽","49.90","＋","認購","美式","111年12月27日","111年12月27日","112年06月20日","112年06月26日","0.25","    43.00","","",
="032705","儒鴻國票26購01","0.00","","1476","儒鴻","470.00","＋","認購","美式","111年12月27日","111年12月27日","112年06月20日","112年06月26日","0.05","    600.00","","",
="032706","堤維西國票26購01","0.55","","1522","堤維西","29.10","＋","認購","美式","111年12月27日","111年12月27日","112年06月20日","112年06月26日","0.40","    30.00","","",
="032707","中鋼國票27購01","0.00","","2002","中鋼","29.05","－","認購","美式","111年12月27日","111年12月27日","112年07月24日","112年07月26日","1.00","    38.00","","",
="032708","新光鋼國票27購02","0.26","－","2031","新光鋼","48.80","－","認購","美式","111年12月27日","111年12月27日","112年07月24日","112年07月26日","1.00","    66.00","","",
="032709","萬海國票27購04","0.00","","2615","萬海","60.00","＋","認購","美式","111年12月27日","111年12月27日","112年07月24日","112年07月26日","0.90","    130.00","","",
="03270P","長榮麥證27售02","1.61","－","2603","長榮","157.00","＋","認售","歐式","111年09月26日","112年07月25日","112年07月21日","112年07月25日","0.125","    150.00","","",
="03270U","立積凱基29售01","0.00","","4968","立積","170.00","＋","認售","歐式","112年01月03日","112年09月04日","112年08月31日","112年09月04日","0.027","    110.00","","",
="032710","中信金國票26購01","0.67","＋","2891","中信金","24.40","＋","認購","美式","111年12月27日","111年12月27日","112年06月20日","112年06月26日","0.80","    24.00","","",
="032711","中租國票27購01","0.00","","5871","中租-KY","210.50","＋","認購","美式","111年12月27日","111年12月27日","112年07月24日","112年07月26日","0.09","    260.00","","",
="032712","臺股指國票26購15","0.00","","IX0001","臺股指數","16,636.30","","認購","歐式","111年12月27日","112年06月26日","112年06月20日","112年06月26日","0.002","    14,100.00","","",
="032713","臺股指國票27購09","2.25","＋","IX0001","臺股指數","16,636.30","","認購","歐式","111年12月27日","112年07月26日","112年07月24日","112年07月26日","0.002","    15,400.00","","",
="032714","臺股指國票28購08","0.00","","IX0001","臺股指數","16,636.30","","認購","歐式","111年12月27日","112年08月28日","112年08月24日","112年08月28日","0.002","    14,900.00","","",
="032715","FB越南凱基2A購02","0.00","",="00885","富邦越南","11.45","＋","認購","美式","111年12月27日","111年12月27日","112年10月24日","112年10月26日","1.00","    12.00","","",
="032716","華新凱基26購07","0.00","","1605","華新","46.60","＋","認購","美式","111年12月27日","111年12月27日","112年06月20日","112年06月26日","0.20","    48.00","","",
="032717","華新凱基2A購01","0.00","","1605","華新","46.60","＋","認購","美式","111年12月27日","111年12月27日","112年10月24日","112年10月26日","0.30","    64.00","","",
="032718","華新凱基2B購01","0.47","＋","1605","華新","46.60","＋","認購","美式","111年12月27日","111年12月27日","112年11月23日","112年11月27日","0.25","    62.00","","",
="032719","中鋼凱基29購01","0.60","－","2002","中鋼","29.05","－","認購","美式","111年12月27日","111年12月27日","112年09月22日","112年09月26日","0.65","    33.00","","",
="03271P","萬海麥證26售01","0.00","","2615","萬海","60.00","＋","認售","歐式","111年09月26日","112年06月26日","112年06月20日","112年06月26日","0.30","    60.00","","",
="03271U","富鼎凱基27售02","0.00","","8261","富鼎","106.50","＋","認售","歐式","112年01月03日","112年07月03日","112年06月29日","112年07月03日","0.07","    100.00","","",
="032720","聯電凱基26購08","0.00","","2303","聯電","51.20","＋","認購","美式","111年12月27日","111年12月27日","112年06月20日","112年06月26日","1.00","    60.00","","",
="032721","聯電凱基27購07","3.61","＋","2303","聯電","51.20","＋","認購","美式","111年12月27日","111年12月27日","112年07月24日","112年07月26日","0.50","    45.00","","",
="032722","聯發科凱基28購02","1.02","＋","2454","聯發科","738.00","＋","認購","美式","111年12月27日","111年12月27日","112年08月24日","112年08月28日","0.07","    930.00","","",
="032723","宏達電凱基26購09","0.00","","2498","宏達電","61.50","＋","認購","美式","111年12月27日","111年12月27日","112年06月20日","112年06月26日","0.50","    72.00","","",
="032724","宏達電凱基26購10","0.00","","2498","宏達電","61.50","＋","認購","美式","111年12月27日","111年12月27日","112年06月20日","112年06月26日","0.25","    58.00","","",
="032725","宏達電凱基27購02","0.42","＋","2498","宏達電","61.50","＋","認購","美式","111年12月27日","111年12月27日","112年07月24日","112年07月26日","0.60","    83.00","","",
="032726","長榮凱基26購09","0.00","","2603","長榮","157.00","＋","認購","美式","111年12月27日","111年12月27日","112年06月20日","112年06月26日","0.10","    195.00","","",
="032727","長榮凱基26購10","0.00","","2603","長榮","157.00","＋","認購","美式","111年12月27日","111年12月27日","112年06月20日","112年06月26日","0.20","    225.00","","",
="032728","陽明凱基29購02","0.73","","2609","陽明","62.00","＋","認購","美式","111年12月27日","111年12月27日","112年09月22日","112年09月26日","0.15","    68.00","","",
="032729","陽明凱基2A購01","0.00","","2609","陽明","62.00","＋","認購","美式","111年12月27日","111年12月27日","112年10月24日","112年10月26日","0.20","    100.00","","",
="03272U","南亞科中信27售01","0.00","","2408","南亞科","71.20","－","認售","歐式","112年01月03日","112年07月03日","112年06月29日","112年07月03日","1.00","    35.00","","",
="032730","萬海凱基28購03","0.00","","2615","萬海","60.00","＋","認購","美式","111年12月27日","111年12月27日","112年08月24日","112年08月28日","0.25","    120.00","","",
="032731","長榮航凱基26購06","1.34","＋","2618","長榮航","33.60","＋","認購","美式","111年12月27日","111年12月27日","112年06月20日","112年06月26日","0.60","    32.00","","",
="032732","大立光凱基27購09","0.97","","3008","大立光","2,305.00","＋","認購","美式","111年12月27日","111年12月27日","112年07月24日","112年07月26日","0.008","    2,401.32","","",
="032733","大立光凱基2A購01","0.92","＋","3008","大立光","2,305.00","＋","認購","美式","111年12月27日","111年12月27日","112年10月24日","112年10月26日","0.01","    3,136.41","","",
="032734","世芯凱基29購02","9.55","＋","3661","世芯-KY","1,660.00","＋","認購","美式","111年12月27日","111年12月27日","112年09月22日","112年09月26日","0.014","    999.00","","",
="032735","合勤控凱基27購02","1.26","＋","3704","合勤控","43.85","＋","認購","美式","111年12月27日","111年12月27日","112年07月24日","112年07月26日","1.00","    50.00","","",
="032736","晶碩凱基2A購01","0.00","","6491","晶碩","366.50","＋","認購","美式","111年12月27日","111年12月27日","112年10月24日","112年10月26日","0.03","    550.00","","",
="032737","SGBR2X元富26購01","0.00","",="00715L","期街口布蘭特正2","12.73","＋","認購","美式","111年12月27日","111年12月27日","112年06月20日","112年06月26日","1.00","    16.75","","",
="032738","儒鴻元富26購01","0.00","","1476","儒鴻","470.00","＋","認購","美式","111年12月27日","111年12月27日","112年06月20日","112年06月26日","0.045","    620.00","","",
="032739","大成鋼元富26購03","0.00","","2027","大成鋼","45.25","＋","認購","美式","111年12月27日","111年12月27日","112年06月20日","112年06月26日","0.70","    55.00","","",
="03273U","力積電中信29售01","0.00","","6770","力積電","30.85","＋","認售","歐式","112年01月03日","112年09月04日","112年08月31日","112年09月04日","0.868","    21.81","","",
="032740","大成鋼元富26購04","0.00","","2027","大成鋼","45.25","＋","認購","美式","111年12月27日","111年12月27日","112年06月20日","112年06月26日","0.70","    50.00","","",
="032741","瑞昱元富26購01","6.15","＋","2379","瑞昱","388.00","＋","認購","美式","111年12月27日","111年12月27日","112年06月20日","112年06月26日","0.10","    330.00","","",
="032742","萬海元富26購01","0.00","","2615","萬海","60.00","＋","認購","美式","111年12月27日","111年12月27日","112年06月20日","112年06月26日","0.30","    95.76","","",
="032743","美食元富29購02","0.00","","2723","美食-KY","152.50","－","認購","美式","111年12月27日","111年12月27日","112年09月22日","112年09月26日","0.10","    190.00","","",
="032744","聯詠元富26購01","0.00","","3034","聯詠","423.50","＋","認購","美式","111年12月27日","111年12月27日","112年06月20日","112年06月26日","0.10","    350.00","","",
="032745","樺漢元富26購01","0.00","","6414","樺漢","281.00","＋","認購","美式","111年12月27日","111年12月27日","112年06月20日","112年06月26日","0.037","    210.00","","",
="032746","穎崴元富29購01","6.85","－","6515","穎崴","830.00","－","認購","美式","111年12月27日","111年12月27日","112年09月22日","112年09月26日","0.019","    480.00","","",
="032747","中鋼麥證27購01","0.00","","2002","中鋼","29.05","－","認購","歐式","111年12月27日","112年07月26日","112年07月24日","112年07月26日","1.00","    38.00","","",
="032748","晶華麥證27購01","0.00","","2707","晶華","288.00","＋","認購","歐式","111年12月27日","112年07月26日","112年07月24日","112年07月26日","0.06","    300.00","","",
="032749","美食麥證26購01","0.00","","2723","美食-KY","152.50","－","認購","歐式","111年12月27日","112年06月26日","112年06月20日","112年06月26日","0.11","    160.00","","",
="03274U","長榮富邦27售04","0.22","－","2603","長榮","157.00","＋","認售","歐式","112年01月03日","112年07月03日","112年06月29日","112年07月03日","0.022","    150.00","","",
="032750","欣興麥證26購01","6.90","－","3037","欣興","182.50","－","認購","歐式","111年12月27日","112年06月26日","112年06月20日","112年06月26日","0.20","    150.00","","",
="032751","中鋼中信28購02","0.00","","2002","中鋼","29.05","－","認購","歐式","111年12月27日","112年08月28日","112年08月24日","112年08月28日","1.00","    40.00","","",
="032752","大成鋼中信27購01","0.00","","2027","大成鋼","45.25","＋","認購","歐式","111年12月27日","112年07月26日","112年07月24日","112年07月26日","0.14","    48.00","","",
="032753","新光鋼中信28購01","0.73","－","2031","新光鋼","48.80","－","認購","歐式","111年12月27日","112年08月28日","112年08月24日","112年08月28日","0.16","    50.88","","",
="032754","友達中信29購02","1.96","＋","2409","友達","17.65","＋","認購","歐式","111年12月27日","112年09月26日","112年09月22日","112年09月26日","0.80","    16.80","","",
="032755","陽明中信27購03","0.00","","2609","陽明","62.00","＋","認購","歐式","111年12月27日","112年07月26日","112年07月24日","112年07月26日","0.10","    84.00","","",
="032756","萬海中信28購02","0.00","","2615","萬海","60.00","＋","認購","歐式","111年12月27日","112年08月28日","112年08月24日","112年08月28日","0.068","    112.00","","",
="032757","萬海中信29購01","0.00","","2615","萬海","60.00","＋","認購","歐式","111年12月27日","112年09月26日","112年09月22日","112年09月26日","0.068","    122.80","","",
="032758","欣興中信26購02","0.00","","3037","欣興","182.50","－","認購","歐式","111年12月27日","112年06月26日","112年06月20日","112年06月26日","0.05","    122.00","","",
="032759","欣興中信26購03","0.00","","3037","欣興","182.50","－","認購","歐式","111年12月27日","112年06月26日","112年06月20日","112年06月26日","0.066","    128.88","","",
="03275U","晶心科富邦29售01","0.00","","6533","晶心科","511.00","＋","認售","歐式","112年01月03日","112年09月04日","112年08月31日","112年09月04日","0.015","    330.00","","",
="032760","欣興中信27購03","0.00","","3037","欣興","182.50","－","認購","歐式","111年12月27日","112年07月26日","112年07月24日","112年07月26日","0.12","    136.88","","",
="032761","富邦媒中信26購01","0.00","","8454","富邦媒","703.00","＋","認購","歐式","111年12月27日","112年06月26日","112年06月20日","112年06月26日","0.05","    935.00","","",
="032762","東哥中信26購01","0.00","","8478","東哥遊艇","520.00","＋","認購","歐式","111年12月27日","112年06月26日","112年06月20日","112年06月26日","0.07","    440.00","","",
="032763","聯電國泰28購02","1.84","＋","2303","聯電","51.20","＋","認購","美式","111年12月27日","111年12月27日","112年08月24日","112年08月28日","1.00","    60.00","","",
="032764","瑞昱國泰28購01","4.18","＋","2379","瑞昱","388.00","＋","認購","美式","111年12月27日","111年12月27日","112年08月24日","112年08月28日","0.08","    359.00","","",
="032765","致伸國泰28購01","0.00","","4915","致伸","64.40","＋","認購","美式","111年12月27日","111年12月27日","112年08月24日","112年08月28日","0.30","    63.00","","",
="032766","臺股指國泰26購09","0.00","","IX0001","臺股指數","16,636.30","","認購","歐式","111年12月27日","112年06月26日","112年06月20日","112年06月26日","0.003","    15,200.00","","",
="032767","臺股指國泰28購01","0.00","","IX0001","臺股指數","16,636.30","","認購","歐式","111年12月27日","112年08月28日","112年08月24日","112年08月28日","0.002","    14,888.00","","",
="032768","臺股指國泰28購02","0.00","","IX0001","臺股指數","16,636.30","","認購","歐式","111年12月27日","112年08月28日","112年08月24日","112年08月28日","0.003","    16,200.00","","",
="032769","鴻海富邦28購03","0.61","","2317","鴻海","105.50","＋","認購","美式","111年12月27日","111年12月27日","112年08月24日","112年08月28日","0.14","    110.00","","",
="03276P","萬海第一26售01","0.00","","2615","萬海","60.00","＋","認售","歐式","111年09月27日","112年06月26日","112年06月20日","112年06月26日","0.07","    68.72","","",
="03276U","華新元大27售02","0.00","","1605","華新","46.60","＋","認售","歐式","112年01月03日","112年07月03日","112年06月29日","112年07月03日","0.601","    34.75","","",
="032770","瑞昱富邦27購03","0.00","","2379","瑞昱","388.00","＋","認購","美式","111年12月27日","111年12月27日","112年07月24日","112年07月26日","0.035","    320.00","","",
="032771","新唐富邦26購02","0.00","","4919","新唐","130.50","＋","認購","美式","111年12月27日","111年12月27日","112年06月20日","112年06月26日","0.05","    150.00","","",
="032772","元石油元大29購01","0.34","＋",="00642U","期元大S&P石油(原名：元大S&P石油)","15.46","＋","認購","美式","111年12月27日","111年12月27日","112年09月22日","112年09月26日","0.50","    20.00","","",
="032773","美費半元大2A購01","2.45","＋",="00830","國泰費城半導體","31.65","＋","認購","美式","111年12月27日","111年12月27日","112年10月24日","112年10月26日","0.402","    27.86","","",
="032774","FB越南元大29購02","0.74","",="00885","富邦越南","11.45","＋","認購","美式","111年12月27日","111年12月27日","112年09月22日","112年09月26日","1.00","    12.50","","",
="032775","台塑元大26購02","0.00","","1301","台塑","93.30","－","認購","美式","111年12月27日","111年12月27日","112年06月20日","112年06月26日","0.181","    86.40","","",
="032776","中石化元大26購04","0.00","","1314","中石化","9.72","－","認購","美式","111年12月27日","111年12月27日","112年06月20日","112年06月26日","1.00","    11.25","","",
="032777","東陽元大26購01","0.00","","1319","東陽","49.90","＋","認購","美式","111年12月27日","111年12月27日","112年06月20日","112年06月26日","0.315","    45.20","","",
="032778","中鴻元大26購07","0.00","","2014","中鴻","23.15","＋","認購","美式","111年12月27日","111年12月27日","112年06月20日","112年06月26日","0.488","    33.20","","",
="032779","中鴻元大2B購01","0.42","＋","2014","中鴻","23.15","＋","認購","美式","111年12月27日","111年12月27日","112年11月23日","112年11月27日","0.363","    37.95","","",
="03277U","瑞昱元大27售01","0.00","","2379","瑞昱","388.00","＋","認售","歐式","112年01月03日","112年07月03日","112年06月29日","112年07月03日","0.108","    227.00","","",
="032780","旺宏元大26購03","0.00","","2337","旺宏","33.40","＋","認購","美式","111年12月27日","111年12月27日","112年06月20日","112年06月26日","0.862","    43.35","","",
="032781","陽明元大2B購02","0.00","","2609","陽明","62.00","＋","認購","美式","111年12月27日","111年12月27日","112年11月23日","112年11月27日","0.242","    86.20","","",
="032782","陽明元大2C購02","0.00","","2609","陽明","62.00","＋","認購","美式","111年12月27日","111年12月27日","112年12月22日","112年12月26日","0.254","    91.10","","",
="032783","華航元大26購08","0.00","","2610","華航","21.65","＋","認購","美式","111年12月27日","111年12月27日","112年06月20日","112年06月26日","0.798","    22.00","","",
="032784","萬海元大26購07","0.00","","2615","萬海","60.00","＋","認購","美式","111年12月27日","111年12月27日","112年06月20日","112年06月26日","0.309","    114.00","","",
="032785","慧洋元大26購07","0.00","","2637","慧洋-KY","60.30","＋","認購","美式","111年12月27日","111年12月27日","112年06月20日","112年06月26日","0.469","    80.66","","",
="032786","晶華元大2C購02","1.95","＋","2707","晶華","288.00","＋","認購","美式","111年12月27日","111年12月27日","112年12月22日","112年12月26日","0.03","    257.50","","",
="032787","景碩元大26購08","0.24","","3189","景碩","116.00","＋","認購","美式","111年12月27日","111年12月27日","112年06月20日","112年06月26日","0.087","    133.00","","",
="032788","緯創元大26購03","0.00","","3231","緯創","68.00","＋","認購","美式","111年12月27日","111年12月27日","112年06月20日","112年06月26日","0.698","    32.40","","",
="032789","聯合再元大26購03","0.65","","3576","聯合再生","20.30","＋","認購","美式","111年12月27日","111年12月27日","112年06月20日","112年06月26日","0.553","    20.35","","",
="03278U","興富發元大27售01","0.00","","2542","興富發","42.10","－","認售","歐式","112年01月03日","112年07月03日","112年06月29日","112年07月03日","0.50","    34.38","","",
="032790","聯合再元大2B購01","1.05","＋","3576","聯合再生","20.30","＋","認購","美式","111年12月27日","111年12月27日","112年11月23日","112年11月27日","0.724","    26.50","","",
="032791","貿聯元大26購08","0.00","","3665","貿聯-KY","270.50","＋","認購","美式","111年12月27日","111年12月27日","112年06月20日","112年06月26日","0.082","    310.78","","",
="032792","上緯控元大26購01","0.00","","3708","上緯投控","96.50","－","認購","美式","111年12月27日","111年12月27日","112年06月20日","112年06月26日","0.109","    115.00","","",
="032793","日月光元大26購04","0.00","","3711","日月光投控","109.00","－","認購","美式","111年12月27日","111年12月27日","112年06月20日","112年06月26日","0.23","    109.00","","",
="032794","新唐元大26購04","0.00","","4919","新唐","130.50","＋","認購","美式","111年12月27日","111年12月27日","112年06月20日","112年06月26日","0.107","    166.50","","",
="032795","帆宣元大26購03","0.00","","6196","帆宣","131.50","","認購","美式","111年12月27日","111年12月27日","112年06月20日","112年06月26日","0.113","    154.50","","",
="032796","振樺電元大26購04","0.00","","8114","振樺電","108.00","","認購","美式","111年12月27日","111年12月27日","112年06月20日","112年06月26日","0.07","    126.00","","",
="032797","富鼎元大29購01","0.40","＋","8261","富鼎","106.50","＋","認購","美式","111年12月27日","111年12月27日","112年09月22日","112年09月26日","0.028","    111.00","","",
="032798","智邦群益26購01","5.45","＋","2345","智邦","357.50","＋","認購","美式","111年12月28日","111年12月28日","112年06月21日","112年06月27日","0.08","    288.00","","",
="032799","威盛群益27購05","2.64","＋","2388","威盛","83.10","＋","認購","美式","111年12月28日","111年12月28日","112年07月25日","112年07月27日","0.40","    87.50","","",
="03279U","裕民元大27售01","0.34","－","2606","裕民","49.75","＋","認售","歐式","112年01月03日","112年07月03日","112年06月29日","112年07月03日","0.25","    43.65","","",
="032800","慧洋群益26購02","0.00","","2637","慧洋-KY","60.30","＋","認購","美式","111年12月28日","111年12月28日","112年06月21日","112年06月27日","0.168","    66.74","","",
="032801","新唐群益27購02","0.91","＋","4919","新唐","130.50","＋","認購","美式","111年12月28日","111年12月28日","112年07月25日","112年07月27日","0.10","    135.00","","",
="032802","鈺齊群益27購01","0.00","","9802","鈺齊-KY","124.00","－","認購","美式","111年12月28日","111年12月28日","112年07月25日","112年07月27日","0.071","    206.08","","",
="032803","S&P反1國泰28購01","0.00","",="00648R","元大S&P500反1","6.93","－","認購","美式","111年12月28日","111年12月28日","112年08月24日","112年08月28日","0.90","    7.80","","",
="032804","華新國泰28購04","0.59","＋","1605","華新","46.60","＋","認購","美式","111年12月28日","111年12月28日","112年08月24日","112年08月28日","0.50","    60.00","","",
="032805","台積電國泰28購08","6.70","＋","2330","台積電","568.00","＋","認購","美式","111年12月28日","111年12月28日","112年08月24日","112年08月28日","0.101","    517.20","","",
="032806","台積電國泰28購09","5.70","＋","2330","台積電","568.00","＋","認購","美式","111年12月28日","111年12月28日","112年08月24日","112年08月28日","0.101","    532.12","","",
="032807","萬海國泰28購03","0.00","","2615","萬海","60.00","＋","認購","美式","111年12月28日","111年12月28日","112年08月24日","112年08月28日","0.20","    106.00","","",
="032808","晶華國泰28購02","0.00","","2707","晶華","288.00","＋","認購","美式","111年12月28日","111年12月28日","112年08月24日","112年08月28日","0.06","    310.00","","",
="032809","AES國泰28購02","0.77","","6781","AES-KY","690.00","＋","認購","美式","111年12月28日","111年12月28日","112年08月24日","112年08月28日","0.02","    827.00","","",
="03280U","聯詠元大27售02","0.00","","3034","聯詠","423.50","＋","認售","歐式","112年01月03日","112年07月03日","112年06月29日","112年07月03日","0.583","    186.50","","",
="032810","義隆富邦27購02","0.00","","2458","義隆","104.00","＋","認購","美式","111年12月28日","111年12月28日","112年07月25日","112年07月27日","0.103","    92.16","","",
="032811","宏達電富邦28購03","0.00","","2498","宏達電","61.50","＋","認購","美式","111年12月28日","111年12月28日","112年08月24日","112年08月28日","0.10","    65.00","","",
="032812","中鴻國票27購04","0.00","","2014","中鴻","23.15","＋","認購","美式","111年12月28日","111年12月28日","112年07月25日","112年07月27日","1.00","    41.00","","",
="032813","佳世達國票27購01","8.50","＋","2352","佳世達","40.20","＋","認購","美式","111年12月28日","111年12月28日","112年07月25日","112年07月27日","1.00","    32.00","","",
="032814","技嘉國票27購03","0.00","","2376","技嘉","186.00","＋","認購","美式","111年12月28日","111年12月28日","112年07月25日","112年07月27日","0.06","    110.00","","",
="032815","陽明國票26購04","0.00","","2609","陽明","62.00","＋","認購","美式","111年12月28日","111年12月28日","112年06月21日","112年06月27日","0.75","    100.00","","",
="032816","晶華國票27購04","0.00","","2707","晶華","288.00","＋","認購","美式","111年12月28日","111年12月28日","112年07月25日","112年07月27日","0.20","    380.00","","",
="032817","臺股指國票26購17","0.15","＋","IX0001","臺股指數","16,636.30","","認購","歐式","111年12月28日","112年06月27日","112年06月21日","112年06月27日","0.02","    18,500.00","","",
="032818","臺股指國票26購18","0.00","","IX0001","臺股指數","16,636.30","","認購","歐式","111年12月28日","112年06月27日","112年06月21日","112年06月27日","0.015","    17,200.00","","",
="032819","臺股指國票26購19","0.00","","IX0001","臺股指數","16,636.30","","認購","歐式","111年12月28日","112年06月27日","112年06月21日","112年06月27日","0.006","    16,000.00","","",
="03281U","欣興元大27售08","0.00","","3037","欣興","182.50","－","認售","歐式","112年01月03日","112年07月03日","112年06月29日","112年07月03日","0.245","    85.40","","",
="032820","臺股指國票26購20","0.00","","IX0001","臺股指數","16,636.30","","認購","歐式","111年12月28日","112年06月27日","112年06月21日","112年06月27日","0.002","    15,200.00","","",
="032821","臺股指國票27購11","0.22","","IX0001","臺股指數","16,636.30","","認購","歐式","111年12月28日","112年07月27日","112年07月25日","112年07月27日","0.025","    19,500.00","","",
="032822","臺股指國票27購12","0.00","","IX0001","臺股指數","16,636.30","","認購","歐式","111年12月28日","112年07月27日","112年07月25日","112年07月27日","0.002","    14,300.00","","",
="032823","臺股指國票27購13","0.00","","IX0001","臺股指數","16,636.30","","認購","歐式","111年12月28日","112年07月27日","112年07月25日","112年07月27日","0.002","    14,700.00","","",
="032824","臺股指國票28購10","0.00","","IX0001","臺股指數","16,636.30","","認購","歐式","111年12月28日","112年08月28日","112年08月24日","112年08月28日","0.002","    13,900.00","","",
="032825","臺股指國票2A購02","0.00","","IX0001","臺股指數","16,636.30","","認購","歐式","111年12月28日","112年10月27日","112年10月25日","112年10月27日","0.01","    20,000.00","","",
="032826","新興康和26購01","0.00","","2605","新興","21.45","＋","認購","美式","111年12月28日","111年12月28日","112年06月21日","112年06月27日","0.40","    24.50","","",
="032827","國光生康和26購01","0.00","","4142","國光生","37.80","＋","認購","美式","111年12月28日","111年12月28日","112年06月21日","112年06月27日","0.15","    43.60","","",
="032828","宏達電永豐26購01","0.64","","2498","宏達電","61.50","＋","認購","美式","111年12月28日","111年12月28日","112年06月21日","112年06月27日","0.136","    59.22","","",
="032829","統一實永豐28購01","0.00","","9907","統一實","19.45","","認購","美式","111年12月28日","111年12月28日","112年08月24日","112年08月28日","0.68","    20.11","","",
="03282U","景碩元大27售04","0.00","","3189","景碩","116.00","＋","認售","歐式","112年01月03日","112年07月03日","112年06月29日","112年07月03日","0.349","    69.70","","",
="032830","台泥凱基26購02","0.00","","1101","台泥","38.15","＋","認購","美式","111年12月28日","111年12月28日","112年06月21日","112年06月27日","0.60","    37.00","","",
="032831","東陽凱基26購02","0.00","","1319","東陽","49.90","＋","認購","美式","111年12月28日","111年12月28日","112年06月21日","112年06月27日","0.35","    45.00","","",
="032832","堤維西凱基26購01","0.00","","1522","堤維西","29.10","＋","認購","美式","111年12月28日","111年12月28日","112年06月21日","112年06月27日","0.60","    32.00","","",
="032833","中砂凱基27購02","0.92","－","1560","中砂","114.50","－","認購","美式","111年12月28日","111年12月28日","112年07月25日","112年07月27日","0.10","    120.00","","",
="032834","華新凱基29購05","0.83","＋","1605","華新","46.60","＋","認購","美式","111年12月28日","111年12月28日","112年09月25日","112年09月27日","0.30","    57.00","","",
="032835","聯電凱基26購09","0.00","","2303","聯電","51.20","＋","認購","美式","111年12月28日","111年12月28日","112年06月21日","112年06月27日","1.00","    55.00","","",
="032836","智邦凱基27購02","0.00","","2345","智邦","357.50","＋","認購","美式","111年12月28日","111年12月28日","112年07月25日","112年07月27日","0.07","    280.00","","",
="032837","佳世達凱基26購02","0.00","","2352","佳世達","40.20","＋","認購","美式","111年12月28日","111年12月28日","112年06月21日","112年06月27日","0.80","    30.00","","",
="032838","聯發科凱基26購14","2.60","＋","2454","聯發科","738.00","＋","認購","美式","111年12月28日","111年12月28日","112年06月21日","112年06月27日","0.035","    690.00","","",
="032839","華航凱基28購02","1.04","＋","2610","華航","21.65","＋","認購","美式","111年12月28日","111年12月28日","112年08月24日","112年08月28日","1.00","    24.00","","",
="03283U","立積元大27售02","0.00","","4968","立積","170.00","＋","認售","歐式","112年01月03日","112年07月03日","112年06月29日","112年07月03日","0.10","    90.00","","",
="032840","萬海凱基27購06","0.00","","2615","萬海","60.00","＋","認購","美式","111年12月28日","111年12月28日","112年07月25日","112年07月27日","0.30","    115.00","","",
="032841","長榮航凱基27購02","0.58","＋","2618","長榮航","33.60","＋","認購","美式","111年12月28日","111年12月28日","112年07月25日","112年07月27日","0.80","    40.00","","",
="032842","大立光凱基26購07","0.15","＋","3008","大立光","2,305.00","＋","認購","美式","111年12月28日","111年12月28日","112年06月21日","112年06月27日","0.02","    2,744.36","","",
="032843","大立光凱基29購03","1.44","＋","3008","大立光","2,305.00","＋","認購","美式","111年12月28日","111年12月28日","112年09月25日","112年09月27日","0.005","    2,254.30","","",
="032844","欣興凱基26購07","4.85","＋","3037","欣興","182.50","－","認購","美式","111年12月28日","111年12月28日","112年06月21日","112年06月27日","0.10","    140.00","","",
="032845","嘉澤凱基26購04","0.00","","3533","嘉澤","909.00","－","認購","美式","111年12月28日","111年12月28日","112年06月21日","112年06月27日","0.05","    1,094.65","","",
="032846","瑞鼎凱基26購02","0.00","","3592","瑞鼎","348.00","＋","認購","美式","111年12月28日","111年12月28日","112年06月21日","112年06月27日","0.06","    400.00","","",
="032847","新唐凱基28購01","1.13","＋","4919","新唐","130.50","＋","認購","美式","111年12月28日","111年12月28日","112年08月24日","112年08月28日","0.07","    130.00","","",
="032848","南電凱基2A購01","1.64","－","8046","南電","302.50","－","認購","美式","111年12月28日","111年12月28日","112年10月25日","112年10月27日","0.04","    305.00","","",
="032849","台塑元大26購03","0.00","","1301","台塑","93.30","－","認購","美式","111年12月28日","111年12月28日","112年06月21日","112年06月27日","0.865","    112.00","","",
="03284U","儒鴻國票28售01","0.76","－","1476","儒鴻","470.00","＋","認售","歐式","112年01月04日","112年08月03日","112年08月01日","112年08月03日","0.015","    480.00","","",
="032850","中鴻元大26購08","0.00","","2014","中鴻","23.15","＋","認購","美式","111年12月28日","111年12月28日","112年06月21日","112年06月27日","0.377","    30.35","","",
="032851","中鴻元大26購09","0.00","","2014","中鴻","23.15","＋","認購","美式","111年12月28日","111年12月28日","112年06月21日","112年06月27日","0.32","    27.55","","",
="032852","中鴻元大28購01","0.00","","2014","中鴻","23.15","＋","認購","美式","111年12月28日","111年12月28日","112年08月24日","112年08月28日","0.391","    34.65","","",
="032853","大成鋼元大26購06","0.00","","2027","大成鋼","45.25","＋","認購","美式","111年12月28日","111年12月28日","112年06月21日","112年06月27日","1.00","    61.70","","",
="032854","國巨元大26購06","0.00","","2327","國巨","508.00","＋","認購","美式","111年12月28日","111年12月28日","112年06月21日","112年06月27日","0.051","    581.00","","",
="032855","裕民元大26購02","0.20","－","2606","裕民","49.75","＋","認購","美式","111年12月28日","111年12月28日","112年06月21日","112年06月27日","0.273","    57.70","","",
="032856","陽明元大26購07","0.17","","2609","陽明","62.00","＋","認購","美式","111年12月28日","111年12月28日","112年06月21日","112年06月27日","0.268","    73.30","","",
="032857","陽明元大28購01","0.70","＋","2609","陽明","62.00","＋","認購","美式","111年12月28日","111年12月28日","112年08月24日","112年08月28日","0.21","    71.90","","",
="032858","陽明元大29購02","0.00","","2609","陽明","62.00","＋","認購","美式","111年12月28日","111年12月28日","112年09月25日","112年09月27日","0.25","    80.30","","",
="032859","萬海元大26購08","0.00","","2615","萬海","60.00","＋","認購","美式","111年12月28日","111年12月28日","112年06月21日","112年06月27日","0.134","    84.10","","",
="03285U","南電康和28售01","0.00","","8046","南電","302.50","－","認售","歐式","112年01月04日","112年08月03日","112年08月01日","112年08月03日","0.04","    187.00","","",
="032860","萬海元大28購01","0.00","","2615","萬海","60.00","＋","認購","美式","111年12月28日","111年12月28日","112年08月24日","112年08月28日","0.154","    101.00","","",
="032861","萬海元大29購02","0.00","","2615","萬海","60.00","＋","認購","美式","111年12月28日","111年12月28日","112年09月25日","112年09月27日","0.153","    109.50","","",
="032862","台航元大26購01","0.00","","2617","台航","29.35","＋","認購","美式","111年12月28日","111年12月28日","112年06月21日","112年06月27日","0.56","    30.62","","",
="032863","漢翔元大26購05","0.00","","2634","漢翔","55.80","＋","認購","美式","111年12月28日","111年12月28日","112年06月21日","112年06月27日","0.659","    43.40","","",
="032864","慧洋元大28購01","0.00","","2637","慧洋-KY","60.30","＋","認購","美式","111年12月28日","111年12月28日","112年08月24日","112年08月28日","0.275","    74.77","","",
="032865","慧洋元大29購01","0.34","","2637","慧洋-KY","60.30","＋","認購","美式","111年12月28日","111年12月28日","112年09月25日","112年09月27日","0.342","    86.45","","",
="032866","聯合再元大26購04","0.00","","3576","聯合再生","20.30","＋","認購","美式","111年12月28日","111年12月28日","112年06月21日","112年06月27日","1.00","    25.35","","",
="032867","合勤控元大26購02","0.00","","3704","合勤控","43.85","＋","認購","美式","111年12月28日","111年12月28日","112年06月21日","112年06月27日","0.447","    39.10","","",
="032868","材料元大26購03","0.00","","4763","材料-KY","550.00","－","認購","美式","111年12月28日","111年12月28日","112年06月21日","112年06月27日","0.042","    200.00","","",
="032869","材料元大26購04","0.00","","4763","材料-KY","550.00","－","認購","美式","111年12月28日","111年12月28日","112年06月21日","112年06月27日","0.04","    190.00","","",
="03286P","臺指2X中信29售01","0.00","",="00663L","國泰臺灣加權正2","119.40","＋","認售","歐式","111年12月02日","112年09月01日","112年08月30日","112年09月01日","0.08","    68.88","","",
="03286U","台積電永豐28售01","0.00","","2330","台積電","568.00","＋","認售","歐式","112年01月04日","112年08月03日","112年08月01日","112年08月03日","0.069","    377.96","","",
="032870","東哥元大26購11","0.00","","8478","東哥遊艇","520.00","＋","認購","美式","111年12月28日","111年12月28日","112年06月21日","112年06月27日","0.023","    305.50","","",
="032871","台灣50元富26購09","0.00","",="0050","元大台灣50","126.75","＋","認購","美式","111年12月28日","111年12月28日","112年06月21日","112年06月27日","1.023","    119.31","","",
="032872","台灣50元富26購10","0.00","",="0050","元大台灣50","126.75","＋","認購","美式","111年12月28日","111年12月28日","112年06月21日","112年06月27日","1.023","    115.40","","",
="032873","美費半元富26購01","0.00","",="00830","國泰費城半導體","31.65","＋","認購","美式","111年12月28日","111年12月28日","112年06月21日","112年06月27日","1.005","    24.88","","",
="032874","仁寶元富26購01","4.66","","2324","仁寶","28.15","＋","認購","美式","111年12月28日","111年12月28日","112年06月21日","112年06月27日","1.049","    23.83","","",
="032875","飛宏元富29購01","0.00","","2457","飛宏","76.40","＋","認購","美式","111年12月28日","111年12月28日","112年09月25日","112年09月27日","0.23","    60.00","","",
="032876","玉晶光元富26購02","1.11","＋","3406","玉晶光","400.00","＋","認購","美式","111年12月28日","111年12月28日","112年06月21日","112年06月27日","0.05","    400.00","","",
="032877","T50反1國票28購05","0.00","",="00632R","元大台灣50反1","4.94","－","認購","美式","111年12月29日","111年12月29日","112年08月24日","112年08月28日","1.00","    5.70","","",
="032878","宏達電國票27購04","1.46","＋","2498","宏達電","61.50","＋","認購","美式","111年12月29日","111年12月29日","112年07月26日","112年07月28日","0.20","    57.50","","",
="032879","陽明國票26購05","0.21","＋","2609","陽明","62.00","＋","認購","美式","111年12月29日","111年12月29日","112年06月26日","112年06月28日","0.20","    67.50","","",
="03287U","玉晶光永豐28售02","0.00","","3406","玉晶光","400.00","＋","認售","歐式","112年01月04日","112年08月03日","112年08月01日","112年08月03日","0.038","    273.80","","",
="032880","貿聯國票27購02","0.00","","3665","貿聯-KY","270.50","＋","認購","美式","111年12月29日","111年12月29日","112年07月26日","112年07月28日","0.143","    338.67","","",
="032881","世紀鋼國票28購01","1.68","＋","9958","世紀鋼","109.50","＋","認購","美式","111年12月29日","111年12月29日","112年08月24日","112年08月28日","0.221","    120.00","","",
="032882","臺股指國票27購15","4.05","","IX0001","臺股指數","16,636.30","","認購","歐式","111年12月29日","112年07月28日","112年07月26日","112年07月28日","0.007","    16,200.00","","",
="032883","臺股指國票27購16","0.00","","IX0001","臺股指數","16,636.30","","認購","歐式","111年12月29日","112年07月28日","112年07月26日","112年07月28日","0.012","    17,400.00","","",
="032884","臺股指國票28購11","1.64","","IX0001","臺股指數","16,636.30","","認購","歐式","111年12月29日","112年08月28日","112年08月24日","112年08月28日","0.01","    18,250.00","","",
="032885","神隆永豐28購01","0.00","","1789","神隆","26.20","＋","認購","美式","111年12月29日","111年12月29日","112年08月24日","112年08月28日","0.47","    36.61","","",
="032886","晶華永豐27購02","0.00","","2707","晶華","288.00","＋","認購","美式","111年12月29日","111年12月29日","112年07月26日","112年07月28日","0.055","    312.11","","",
="032887","新光鋼群益26購01","0.21","","2031","新光鋼","48.80","－","認購","美式","111年12月29日","111年12月29日","112年06月26日","112年06月28日","0.392","    56.00","","",
="032888","裕隆群益27購02","0.00","","2201","裕隆","82.80","＋","認購","美式","111年12月29日","111年12月29日","112年07月26日","112年07月28日","0.20","    67.00","","",
="032889","長榮群益26購08","0.34","＋","2603","長榮","157.00","＋","認購","美式","111年12月29日","111年12月29日","112年06月26日","112年06月28日","0.05","    160.00","","",
="03288U","華新凱基27售04","0.00","","1605","華新","46.60","＋","認售","歐式","112年01月04日","112年07月03日","112年06月29日","112年07月03日","0.30","    42.00","","",
="032890","晶華群益27購02","0.74","","2707","晶華","288.00","＋","認購","美式","111年12月29日","111年12月29日","112年07月26日","112年07月28日","0.10","    345.00","","",
="032891","華擎群益26購02","0.00","","3515","華擎","154.00","＋","認購","美式","111年12月29日","111年12月29日","112年06月26日","112年06月28日","0.046","    185.00","","",
="032892","神隆元富26購02","0.00","","1789","神隆","26.20","＋","認購","美式","111年12月29日","111年12月29日","112年06月26日","112年06月28日","0.50","    32.00","","",
="032893","神隆元富26購03","0.00","","1789","神隆","26.20","＋","認購","美式","111年12月29日","111年12月29日","112年06月26日","112年06月28日","0.75","    35.00","","",
="032894","慧洋元富26購01","0.00","","2637","慧洋-KY","60.30","＋","認購","美式","111年12月29日","111年12月29日","112年06月26日","112年06月28日","0.224","    66.92","","",
="032895","力積電元富26購01","0.09","","6770","力積電","30.85","＋","認購","美式","111年12月29日","111年12月29日","112年06月26日","112年06月28日","1.009","    37.67","","",
="032896","臺股指元富28購03","0.00","","IX0001","臺股指數","16,636.30","","認購","歐式","111年12月29日","112年08月28日","112年08月24日","112年08月28日","0.004","    14,000.00","","",
="032897","台灣50凱基2C購01","0.00","",="0050","元大台灣50","126.75","＋","認購","美式","111年12月29日","111年12月29日","112年12月26日","112年12月28日","1.023","    156.48","","",
="032898","華新凱基2B購02","0.00","","1605","華新","46.60","＋","認購","美式","111年12月29日","111年12月29日","112年11月24日","112年11月28日","0.20","    51.00","","",
="032899","中鴻凱基2A購02","0.00","","2014","中鴻","23.15","＋","認購","美式","111年12月29日","111年12月29日","112年10月26日","112年10月30日","0.50","    40.00","","",
="03289U","大立光凱基27售10","0.00","","3008","大立光","2,305.00","＋","認售","歐式","112年01月04日","112年07月03日","112年06月29日","112年07月03日","0.02","    1,568.21","","",
="032900","飛宏凱基26購02","0.00","","2457","飛宏","76.40","＋","認購","美式","111年12月29日","111年12月29日","112年06月26日","112年06月28日","0.40","    45.00","","",
="032901","鉅祥凱基26購01","0.00","","2476","鉅祥","50.40","＋","認購","美式","111年12月29日","111年12月29日","112年06月26日","112年06月28日","0.25","    55.00","","",
="032902","漢翔凱基2A購02","0.00","","2634","漢翔","55.80","＋","認購","美式","111年12月29日","111年12月29日","112年10月26日","112年10月30日","0.50","    42.00","","",
="032903","晶華凱基26購04","0.50","＋","2707","晶華","288.00","＋","認購","美式","111年12月29日","111年12月29日","112年06月26日","112年06月28日","0.10","    340.00","","",
="032904","八方凱基27購02","0.00","","2753","八方雲集","167.00","","認購","美式","111年12月29日","111年12月29日","112年07月26日","112年07月28日","0.111","    270.00","","",
="032905","三商壽凱基2A購01","0.00","","2867","三商壽","5.22","＋","認購","美式","111年12月29日","111年12月29日","112年10月26日","112年10月30日","1.006","    6.62","","",
="032906","台新金凱基27購01","1.20","＋","2887","台新金","18.40","＋","認購","美式","111年12月29日","111年12月29日","112年07月26日","112年07月28日","1.00","    18.00","","",
="032907","總太凱基28購01","0.00","","3056","總太","48.60","＋","認購","美式","111年12月29日","111年12月29日","112年08月24日","112年08月28日","0.25","    36.00","","",
="032908","世芯凱基2C購01","6.20","＋","3661","世芯-KY","1,660.00","＋","認購","美式","111年12月29日","111年12月29日","112年12月26日","112年12月28日","0.007","    820.00","","",
="032909","元晶凱基26購04","0.57","＋","6443","元晶","36.20","＋","認購","美式","111年12月29日","111年12月29日","112年06月26日","112年06月28日","0.216","    35.00","","",
="03290U","穎崴凱基27售01","0.00","","6515","穎崴","830.00","－","認售","歐式","112年01月04日","112年07月03日","112年06月29日","112年07月03日","0.03","    300.00","","",
="032910","南電凱基2A購02","1.74","－","8046","南電","302.50","－","認購","美式","111年12月29日","111年12月29日","112年10月26日","112年10月30日","0.05","    320.00","","",
="032911","臺股指凱基26購61","0.00","","IX0001","臺股指數","16,636.30","","認購","歐式","111年12月29日","112年06月28日","112年06月26日","112年06月28日","0.001","    13,800.00","","",
="032912","臺股指凱基26購62","0.00","","IX0001","臺股指數","16,636.30","","認購","歐式","111年12月29日","112年06月28日","112年06月26日","112年06月28日","0.015","    17,500.00","","",
="032913","臺股指凱基2B購02","3.77","","IX0001","臺股指數","16,636.30","","認購","歐式","111年12月29日","112年11月28日","112年11月24日","112年11月28日","0.008","    17,000.00","","",
="032914","裕隆兆豐28購01","0.00","","2201","裕隆","82.80","＋","認購","美式","111年12月29日","111年12月29日","112年08月24日","112年08月28日","0.15","    70.00","","",
="032915","京鼎兆豐26購01","0.00","","3413","京鼎","193.00","＋","認購","美式","111年12月29日","111年12月29日","112年06月26日","112年06月28日","0.06","    200.00","","",
="032916","台積電台新2C購02","0.00","","2330","台積電","568.00","＋","認購","歐式","111年12月29日","112年12月28日","112年12月26日","112年12月28日","0.236","    596.77","","",
="032917","FBNQ2X元大27購02","0.00","",="00670L","富邦NASDAQ正2","78.90","＋","認購","美式","111年12月29日","111年12月29日","112年07月26日","112年07月28日","0.10","    51.00","","",
="032918","FBNQ反元大29購01","0.07","－",="00671R","富邦NASDAQ 反1","5.07","－","認購","美式","111年12月29日","111年12月29日","112年09月26日","112年09月28日","1.00","    7.30","","",
="032919","台泥元大26購04","0.00","","1101","台泥","38.15","＋","認購","美式","111年12月29日","111年12月29日","112年06月26日","112年06月28日","0.433","    34.65","","",
="03291U","南電凱基27售04","0.00","","8046","南電","302.50","－","認售","歐式","112年01月04日","112年07月03日","112年06月29日","112年07月03日","0.12","    170.00","","",
="032920","台塑元大26購04","0.00","","1301","台塑","93.30","－","認購","美式","111年12月29日","111年12月29日","112年06月26日","112年06月28日","0.266","    93.60","","",
="032921","中砂元大26購07","0.31","－","1560","中砂","114.50","－","認購","美式","111年12月29日","111年12月29日","112年06月26日","112年06月28日","0.076","    126.00","","",
="032922","東鹼元大26購01","0.00","","1708","東鹼","36.40","＋","認購","美式","111年12月29日","111年12月29日","112年06月26日","112年06月28日","0.522","    53.30","","",
="032923","大成鋼元大26購07","0.00","","2027","大成鋼","45.25","＋","認購","美式","111年12月29日","111年12月29日","112年06月26日","112年06月28日","1.00","    54.30","","",
="032924","怡利電元大26購03","0.55","","2497","怡利電","71.30","＋","認購","美式","111年12月29日","111年12月29日","112年06月26日","112年06月28日","0.11","    72.60","","",
="032925","裕民元大26購03","0.00","","2606","裕民","49.75","＋","認購","美式","111年12月29日","111年12月29日","112年06月26日","112年06月28日","0.687","    66.80","","",
="032926","陽明元大29購03","0.00","","2609","陽明","62.00","＋","認購","美式","111年12月29日","111年12月29日","112年09月26日","112年09月28日","0.201","    70.70","","",
="032927","華航元大26購09","0.00","","2610","華航","21.65","＋","認購","美式","111年12月29日","111年12月29日","112年06月26日","112年06月28日","0.585","    19.45","","",
="032928","慧洋元大26購08","0.00","","2637","慧洋-KY","60.30","＋","認購","美式","111年12月29日","111年12月29日","112年06月26日","112年06月28日","0.343","    72.54","","",
="032929","三商壽元大26購03","0.00","","2867","三商壽","5.22","＋","認購","美式","111年12月29日","111年12月29日","112年06月26日","112年06月28日","1.006","    5.72","","",
="03292U","南亞科元大27售01","0.00","","2408","南亞科","71.20","－","認售","歐式","112年01月04日","112年07月03日","112年06月29日","112年07月03日","0.545","    42.05","","",
="032930","聯詠元大26購05","0.00","","3034","聯詠","423.50","＋","認購","美式","111年12月29日","111年12月29日","112年06月26日","112年06月28日","0.117","    397.50","","",
="032931","景碩元大26購09","0.66","＋","3189","景碩","116.00","＋","認購","美式","111年12月29日","111年12月29日","112年06月26日","112年06月28日","0.063","    113.00","","",
="032932","緯創元大26購04","0.00","","3231","緯創","68.00","＋","認購","美式","111年12月29日","111年12月29日","112年06月26日","112年06月28日","1.00","    38.50","","",
="032933","聯合再元大26購05","0.00","","3576","聯合再生","20.30","＋","認購","美式","111年12月29日","111年12月29日","112年06月26日","112年06月28日","0.645","    21.75","","",
="032934","世芯元大29購04","0.00","","3661","世芯-KY","1,660.00","＋","認購","美式","111年12月29日","111年12月29日","112年09月26日","112年09月28日","0.01","    938.00","","",
="032935","貿聯元大26購09","0.00","","3665","貿聯-KY","270.50","＋","認購","美式","111年12月29日","111年12月29日","112年06月26日","112年06月28日","0.10","    316.25","","",
="032936","上緯控元大26購02","0.00","","3708","上緯投控","96.50","－","認購","美式","111年12月29日","111年12月29日","112年06月26日","112年06月28日","0.092","    107.50","","",
="032937","富采元大26購01","0.00","","3714","富采","49.90","＋","認購","美式","111年12月29日","111年12月29日","112年06月26日","112年06月28日","0.229","    46.35","","",
="032938","四維航元大26購03","0.00","","5608","四維航","23.10","＋","認購","美式","111年12月29日","111年12月29日","112年06月26日","112年06月28日","0.418","    25.50","","",
="032939","AES元大29購01","0.00","","6781","AES-KY","690.00","＋","認購","美式","111年12月29日","111年12月29日","112年09月26日","112年09月28日","0.014","    900.00","","",
="03293U","聯發科元大27售10","0.00","","2454","聯發科","738.00","＋","認售","歐式","112年01月04日","112年07月03日","112年06月29日","112年07月03日","0.067","    500.00","","",
="032940","東哥元大26購12","0.00","","8478","東哥遊艇","520.00","＋","認購","美式","111年12月29日","111年12月29日","112年06月26日","112年06月28日","0.029","    338.00","","",
="032941","臺股指元大29購18","0.00","","IX0001","臺股指數","16,636.30","","認購","歐式","111年12月29日","112年09月28日","112年09月26日","112年09月28日","0.002","    15,100.00","","",
="032942","臺股指元大29購19","0.00","","IX0001","臺股指數","16,636.30","","認購","歐式","111年12月29日","112年09月28日","112年09月26日","112年09月28日","0.002","    14,100.00","","",
="032943","臺股指元大29購20","0.00","","IX0001","臺股指數","16,636.30","","認購","歐式","111年12月29日","112年09月28日","112年09月26日","112年09月28日","0.001","    13,700.00","","",
="032944","臺股指元大2A購25","0.00","","IX0001","臺股指數","16,636.30","","認購","歐式","111年12月29日","112年10月30日","112年10月26日","112年10月30日","0.004","    16,300.00","","",
="032945","臺股指元大2A購26","0.00","","IX0001","臺股指數","16,636.30","","認購","歐式","111年12月29日","112年10月30日","112年10月26日","112年10月30日","0.002","    14,400.00","","",
="032946","臺股指元大2A購27","0.00","","IX0001","臺股指數","16,636.30","","認購","歐式","111年12月29日","112年10月30日","112年10月26日","112年10月30日","0.001","    13,900.00","","",
="032947","南電國泰28購03","0.00","","8046","南電","302.50","－","認購","美式","111年12月29日","111年12月29日","112年08月24日","112年08月28日","0.08","    295.00","","",
="032948","台積電富邦2B購02","2.27","＋","2330","台積電","568.00","＋","認購","美式","111年12月29日","111年12月29日","112年11月24日","112年11月28日","0.05","    596.77","","",
="032949","華邦電富邦28購01","0.00","","2344","華邦電","26.90","＋","認購","美式","111年12月29日","111年12月29日","112年08月24日","112年08月28日","0.36","    22.00","","",
="03294U","國泰金元大27售02","0.00","","2882","國泰金","44.75","＋","認售","歐式","112年01月04日","112年07月03日","112年06月29日","112年07月03日","0.844","    35.20","","",
="032950","聯發科富邦28購04","0.00","","2454","聯發科","738.00","＋","認購","美式","111年12月29日","111年12月29日","112年08月24日","112年08月28日","0.02","    750.00","","",
="032951","T50反1中信28購02","0.00","",="00632R","元大台灣50反1","4.94","－","認購","歐式","111年12月29日","112年08月28日","112年08月24日","112年08月28日","1.00","    5.60","","",
="032952","T50反1中信2C購01","0.00","",="00632R","元大台灣50反1","4.94","－","認購","歐式","111年12月29日","112年12月28日","112年12月26日","112年12月28日","1.00","    6.20","","",
="032953","滬深2X中信2A購01","0.00","",="00637L","元大滬深300正2","13.77","－","認購","歐式","111年12月29日","112年10月30日","112年10月26日","112年10月30日","1.00","    22.00","","",
="032954","台塑中信26購01","0.00","","1301","台塑","93.30","－","認購","歐式","111年12月29日","112年06月28日","112年06月26日","112年06月28日","0.25","    98.00","","",
="032955","上銀中信2A購01","0.00","","2049","上銀","235.50","＋","認購","歐式","111年12月29日","112年10月30日","112年10月26日","112年10月30日","0.05","    200.00","","",
="032956","聯電中信28購01","0.93","＋","2303","聯電","51.20","＋","認購","歐式","111年12月29日","112年08月28日","112年08月24日","112年08月28日","0.20","    50.00","","",
="032957","華通中信27購01","0.20","－","2313","華通","44.30","＋","認購","歐式","111年12月29日","112年07月28日","112年07月26日","112年07月28日","0.849","    56.50","","",
="032958","鴻海中信29購01","0.81","＋","2317","鴻海","105.50","＋","認購","歐式","111年12月29日","112年09月28日","112年09月26日","112年09月28日","0.10","    105.00","","",
="032959","鴻海中信2A購02","0.72","＋","2317","鴻海","105.50","＋","認購","歐式","111年12月29日","112年10月30日","112年10月26日","112年10月30日","0.20","    120.00","","",
="03295U","智原元大27售03","0.16","","3035","智原","173.50","＋","認售","歐式","112年01月04日","112年07月03日","112年06月29日","112年07月03日","0.057","    140.00","","",
="032960","鴻海中信2B購01","0.62","＋","2317","鴻海","105.50","＋","認購","歐式","111年12月29日","112年11月28日","112年11月24日","112年11月28日","0.30","    130.00","","",
="032961","鴻海中信2C購02","0.66","＋","2317","鴻海","105.50","＋","認購","歐式","111年12月29日","112年12月28日","112年12月26日","112年12月28日","0.50","    140.00","","",
="032962","仁寶中信2A購01","3.20","＋","2324","仁寶","28.15","＋","認購","歐式","111年12月29日","112年10月30日","112年10月26日","112年10月30日","0.682","    24.78","","",
="032963","長榮中信28購01","0.00","","2603","長榮","157.00","＋","認購","歐式","111年12月29日","112年08月28日","112年08月24日","112年08月28日","0.05","    200.00","","",
="032964","長榮中信2A購01","0.32","","2603","長榮","157.00","＋","認購","歐式","111年12月29日","112年10月30日","112年10月26日","112年10月30日","0.06","    240.00","","",
="032965","亞光中信26購01","0.00","","3019","亞光","65.20","＋","認購","歐式","111年12月29日","112年06月28日","112年06月26日","112年06月28日","0.60","    90.00","","",
="032966","世芯中信2A購01","14.50","＋","3661","世芯-KY","1,660.00","＋","認購","歐式","111年12月29日","112年10月30日","112年10月26日","112年10月30日","0.02","    960.00","","",
="032967","致伸中信26購01","0.00","","4915","致伸","64.40","＋","認購","歐式","111年12月29日","112年06月28日","112年06月26日","112年06月28日","0.25","    61.00","","",
="032968","乙盛中信27購01","0.00","","5243","乙盛-KY","83.70","＋","認購","歐式","111年12月29日","112年07月28日","112年07月26日","112年07月28日","0.134","    65.00","","",
="032969","臺股指中信2A購04","0.00","","IX0001","臺股指數","16,636.30","","認購","歐式","111年12月29日","112年10月30日","112年10月26日","112年10月30日","0.005","    18,000.00","","",
="03296U","世芯元大27售02","0.00","","3661","世芯-KY","1,660.00","＋","認售","歐式","112年01月04日","112年07月03日","112年06月29日","112年07月03日","0.03","    475.00","","",
="032970","新光鋼國票27購03","1.51","－","2031","新光鋼","48.80","－","認購","美式","111年12月30日","111年12月30日","112年07月27日","112年07月31日","0.603","    52.00","","",
="032971","聯發科國票28購03","1.29","＋","2454","聯發科","738.00","＋","認購","美式","111年12月30日","111年12月30日","112年08月25日","112年08月29日","0.05","    850.00","","",
="032972","世芯國票26購08","0.00","","3661","世芯-KY","1,660.00","＋","認購","美式","111年12月30日","111年12月30日","112年06月27日","112年06月29日","0.01","    800.00","","",
="032973","力積電國票26購02","0.00","","6770","力積電","30.85","＋","認購","美式","111年12月30日","111年12月30日","112年06月27日","112年06月29日","0.706","    37.67","","",
="032974","力積電國票27購03","0.00","","6770","力積電","30.85","＋","認購","美式","111年12月30日","111年12月30日","112年07月27日","112年07月31日","1.009","    44.61","","",
="032975","大成鋼群益26購03","0.00","","2027","大成鋼","45.25","＋","認購","美式","111年12月30日","111年12月30日","112年06月27日","112年06月29日","1.00","    52.00","","",
="032976","陽明群益26購05","0.00","","2609","陽明","62.00","＋","認購","美式","111年12月30日","111年12月30日","112年06月27日","112年06月29日","0.60","    85.00","","",
="032977","愛普群益26購10","0.00","","6531","愛普*","328.50","＋","認購","美式","111年12月30日","111年12月30日","112年06月27日","112年06月29日","0.055","    190.00","","",
="032978","鈺齊康和26購01","0.00","","9802","鈺齊-KY","124.00","－","認購","美式","111年12月30日","111年12月30日","112年06月27日","112年06月29日","0.061","    193.20","","",
="032979","力麗永豐27購01","0.00","","1444","力麗","10.50","＋","認購","美式","111年12月30日","111年12月30日","112年07月27日","112年07月31日","1.00","    12.04","","",
="03297U","祥碩元大27售01","0.00","","5269","祥碩","1,300.00","＋","認售","歐式","112年01月04日","112年07月03日","112年06月29日","112年07月03日","0.025","    523.00","","",
="032980","中砂永豐27購02","0.81","－","1560","中砂","114.50","－","認購","美式","111年12月30日","111年12月30日","112年07月27日","112年07月31日","0.071","    115.23","","",
="032981","正新永豐27購01","1.73","＋","2105","正新","39.60","＋","認購","美式","111年12月30日","111年12月30日","112年07月27日","112年07月31日","0.65","    39.27","","",
="032982","矽統永豐27購01","0.82","＋","2363","矽統","17.75","＋","認購","美式","111年12月30日","111年12月30日","112年07月27日","112年07月31日","0.65","    18.89","","",
="032983","聯發科永豐28購01","1.21","＋","2454","聯發科","738.00","＋","認購","美式","111年12月30日","111年12月30日","112年08月25日","112年08月29日","0.041","    850.00","","",
="032984","飛宏永豐27購01","0.00","","2457","飛宏","76.40","＋","認購","美式","111年12月30日","111年12月30日","112年07月27日","112年07月31日","0.31","    46.00","","",
="032985","萬海永豐28購01","0.00","","2615","萬海","60.00","＋","認購","美式","111年12月30日","111年12月30日","112年08月25日","112年08月29日","0.16","    103.50","","",
="032986","宏達電國泰28購02","1.03","","2498","宏達電","61.50","＋","認購","美式","111年12月30日","111年12月30日","112年08月25日","112年08月29日","0.25","    68.00","","",
="032987","聯詠國泰28購01","4.86","＋","3034","聯詠","423.50","＋","認購","美式","111年12月30日","111年12月30日","112年08月25日","112年08月29日","0.10","    397.00","","",
="032988","材料國泰28購01","0.00","","4763","材料-KY","550.00","－","認購","美式","111年12月30日","111年12月30日","112年08月25日","112年08月29日","0.08","    218.00","","",
="032989","台灣50富邦2A購01","5.45","＋",="0050","元大台灣50","126.75","＋","認購","美式","111年12月30日","111年12月30日","112年10月26日","112年10月30日","1.023","    132.03","","",
="03298U","晶心科元大27售03","0.00","","6533","晶心科","511.00","＋","認售","歐式","112年01月04日","112年07月03日","112年06月29日","112年07月03日","0.014","    436.50","","",
="032990","漢翔富邦27購03","0.00","","2634","漢翔","55.80","＋","認購","美式","111年12月30日","111年12月30日","112年07月27日","112年07月31日","0.30","    43.00","","",
="032991","日月光富邦27購02","1.02","－","3711","日月光投控","109.00","－","認購","美式","111年12月30日","111年12月30日","112年07月27日","112年07月31日","0.13","    110.00","","",
="032992","台灣50元富2C購01","0.00","",="0050","元大台灣50","126.75","＋","認購","美式","111年12月30日","111年12月30日","112年12月27日","112年12月29日","1.023","    132.03","","",
="032993","宏達電元富26購03","1.05","＋","2498","宏達電","61.50","＋","認購","美式","111年12月30日","111年12月30日","112年06月27日","112年06月29日","0.40","    65.00","","",
="032994","華航元富26購02","1.11","","2610","華航","21.65","＋","認購","美式","111年12月30日","111年12月30日","112年06月27日","112年06月29日","1.00","    22.00","","",
="032995","華航元富26購03","1.68","＋","2610","華航","21.65","＋","認購","美式","111年12月30日","111年12月30日","112年06月27日","112年06月29日","1.00","    20.00","","",
="032996","晶心科元富2A購01","1.94","＋","6533","晶心科","511.00","＋","認購","美式","111年12月30日","111年12月30日","112年09月27日","112年10月02日","0.03","    550.00","","",
="032997","世紀鋼元富26購01","1.71","＋","9958","世紀鋼","109.50","＋","認購","美式","111年12月30日","111年12月30日","112年06月27日","112年06月29日","0.10","    95.00","","",
="032998","晶華麥證28購01","0.55","","2707","晶華","288.00","＋","認購","歐式","111年12月30日","112年08月29日","112年08月25日","112年08月29日","0.06","    350.00","","",
="032999","緯創麥證26購02","0.00","","3231","緯創","68.00","＋","認購","歐式","111年12月30日","112年06月29日","112年06月27日","112年06月29日","0.50","    31.00","","",
="03299U","南電元大27售02","0.00","","8046","南電","302.50","－","認售","歐式","112年01月04日","112年07月03日","112年06月29日","112年07月03日","0.066","    196.50","","",
="033000","台灣50台新2C購01","0.00","",="0050","元大台灣50","126.75","＋","認購","歐式","111年12月30日","112年12月29日","112年12月27日","112年12月29日","0.818","    117.36","","",
="033001","台積電台新28購01","0.00","","2330","台積電","568.00","＋","認購","歐式","111年12月30日","112年08月29日","112年08月25日","112年08月29日","0.181","    481.77","","",
="033002","亞聚中信26購01","0.00","","1308","亞聚","26.05","＋","認購","歐式","111年12月30日","112年06月29日","112年06月27日","112年06月29日","1.00","    43.00","","",
="033003","遠東新中信26購01","0.00","","1402","遠東新","31.85","＋","認購","歐式","111年12月30日","112年06月29日","112年06月27日","112年06月29日","0.60","    35.60","","",
="033004","旺宏中信2A購01","1.12","＋","2337","旺宏","33.40","＋","認購","歐式","111年12月30日","112年10月30日","112年10月26日","112年10月30日","0.30","    36.00","","",
="033005","光罩中信2A購01","0.70","","2338","光罩","81.80","＋","認購","歐式","111年12月30日","112年10月30日","112年10月26日","112年10月30日","0.08","    96.88","","",
="033006","飛宏中信27購02","0.00","","2457","飛宏","76.40","＋","認購","歐式","111年12月30日","112年07月31日","112年07月27日","112年07月31日","0.18","    42.80","","",
="033007","台航中信27購01","0.00","","2617","台航","29.35","＋","認購","歐式","111年12月30日","112年07月31日","112年07月27日","112年07月31日","1.00","    38.88","","",
="033008","晶華中信26購01","0.67","－","2707","晶華","288.00","＋","認購","歐式","111年12月30日","112年06月29日","112年06月27日","112年06月29日","0.04","    289.88","","",
="033009","美食中信27購01","0.32","","2723","美食-KY","152.50","－","認購","歐式","111年12月30日","112年07月31日","112年07月27日","112年07月31日","0.048","    168.00","","",
="03300U","電子類元大2A售05","0.00","","IX0027","電子類","797.58","","認售","歐式","112年01月04日","112年10月03日","112年09月28日","112年10月03日","0.06","    500.00","","",
="033010","美食中信28購01","0.00","","2723","美食-KY","152.50","－","認購","歐式","111年12月30日","112年08月29日","112年08月25日","112年08月29日","0.058","    208.00","","",
="033011","聯詠中信26購02","1.80","＋","3034","聯詠","423.50","＋","認購","歐式","111年12月30日","112年06月29日","112年06月27日","112年06月29日","0.03","    368.00","","",
="033012","聯詠中信2A購01","3.56","＋","3034","聯詠","423.50","＋","認購","歐式","111年12月30日","112年10月30日","112年10月26日","112年10月30日","0.05","    400.00","","",
="033013","上品中信27購02","0.00","","4770","上品","297.00","＋","認購","歐式","111年12月30日","112年07月31日","112年07月27日","112年07月31日","0.019","    353.57","","",
="033014","上品中信28購01","0.00","","4770","上品","297.00","＋","認購","歐式","111年12月30日","112年08月29日","112年08月25日","112年08月29日","0.021","    449.65","","",
="033015","天鈺中信28購01","0.00","","4961","天鈺","154.00","＋","認購","歐式","111年12月30日","112年08月29日","112年08月25日","112年08月29日","0.08","    150.00","","",
="033016","矽力中信28購01","0.19","＋","6415","矽力*-KY","394.50","＋","認購","歐式","111年12月30日","112年08月29日","112年08月25日","112年08月29日","0.016","    654.21","","",
="033017","臺股指中信2A購07","0.00","","IX0001","臺股指數","16,636.30","","認購","歐式","111年12月30日","112年10月02日","112年09月27日","112年10月02日","0.002","    15,000.00","","",
="033018","台積電兆豐2A購01","0.00","","2330","台積電","568.00","＋","認購","美式","111年12月30日","111年12月30日","112年09月27日","112年10月02日","0.033","    488.36","","",
="033019","金像電兆豐28購01","0.00","","2368","金像電","121.50","","認購","美式","111年12月30日","111年12月30日","112年08月25日","112年08月29日","0.088","    85.77","","",
="03301U","電子類元大2A售06","0.00","","IX0027","電子類","797.58","","認售","歐式","112年01月04日","112年10月03日","112年09月28日","112年10月03日","0.04","    550.00","","",
="033020","聯詠兆豐28購02","0.00","","3034","聯詠","423.50","＋","認購","美式","111年12月30日","111年12月30日","112年08月25日","112年08月29日","0.04","    348.00","","",
="033021","力積電兆豐26購01","0.00","","6770","力積電","30.85","＋","認購","美式","111年12月30日","111年12月30日","112年06月27日","112年06月29日","0.454","    36.68","","",
="033022","台灣50凱基28購08","0.00","",="0050","元大台灣50","126.75","＋","認購","美式","111年12月30日","111年12月30日","112年08月25日","112年08月29日","0.153","    101.71","","",
="033023","T50反1凱基2A購03","0.15","－",="00632R","元大台灣50反1","4.94","－","認購","美式","111年12月30日","111年12月30日","112年09月27日","112年10月02日","1.00","    5.30","","",
="033024","T50反1凱基2A購04","0.06","－",="00632R","元大台灣50反1","4.94","－","認購","美式","111年12月30日","111年12月30日","112年09月27日","112年10月02日","1.00","    5.80","","",
="033025","T50反1凱基2A購05","0.04","－",="00632R","元大台灣50反1","4.94","－","認購","美式","111年12月30日","111年12月30日","112年10月26日","112年10月30日","1.00","    6.40","","",
="033026","上証2X凱基28購02","0.61","－",="00633L","富邦上証正2","35.01","－","認購","美式","111年12月30日","111年12月30日","112年08月25日","112年08月29日","0.25","    38.00","","",
="033027","上証2X凱基2A購01","0.51","－",="00633L","富邦上証正2","35.01","－","認購","美式","111年12月30日","111年12月30日","112年09月27日","112年10月02日","0.30","    43.00","","",
="033028","滬深2X凱基2A購05","0.00","",="00637L","元大滬深300正2","13.77","－","認購","美式","111年12月30日","111年12月30日","112年10月26日","112年10月30日","1.00","    22.00","","",
="033029","香港反凱基2A購02","0.00","",="00651R","FH香港反1","8.90","－","認購","美式","111年12月30日","111年12月30日","112年09月27日","112年10月02日","0.70","    9.00","","",
="03302U","金融類元大2A售05","0.00","","IX0039","金融類","1,620.43","","認售","歐式","112年01月04日","112年10月03日","112年09月28日","112年10月03日","0.02","    1,225.00","","",
="033030","臺指反凱基2C購03","0.13","－",="00664R","國泰臺灣加權反1","5.58","－","認購","美式","111年12月30日","111年12月30日","112年12月27日","112年12月29日","1.00","    6.60","","",
="033031","美指2X凱基2A購01","0.59","",="00683L","期元大美元指正2(原名：元大美元指數正2)","21.98","－","認購","美式","111年12月30日","111年12月30日","112年10月26日","112年10月30日","0.29","    22.00","","",
="033032","中502X凱基2A購01","0.44","＋",="00753L","中信中國50正2","8.81","","認購","美式","111年12月30日","111年12月30日","112年09月27日","112年10月02日","0.50","    13.00","","",
="033033","智能車凱基2A購01","3.52","",="00893","國泰智能電動車","15.74","＋","認購","美式","111年12月30日","111年12月30日","112年09月27日","112年10月02日","1.00","    13.00","","",
="033034","華新凱基27購03","0.35","＋","1605","華新","46.60","＋","認購","美式","111年12月30日","111年12月30日","112年07月27日","112年07月31日","0.25","    55.00","","",
="033035","裕隆凱基28購03","0.00","","2201","裕隆","82.80","＋","認購","美式","111年12月30日","111年12月30日","112年08月25日","112年08月29日","0.092","    63.00","","",
="033036","鴻海凱基27購05","0.26","","2317","鴻海","105.50","＋","認購","美式","111年12月30日","111年12月30日","112年07月27日","112年07月31日","0.20","    116.00","","",
="033037","台積電凱基2A購13","0.00","","2330","台積電","568.00","＋","認購","美式","111年12月30日","111年12月30日","112年09月27日","112年10月02日","0.04","    547.04","","",
="033038","台積電凱基2A購14","3.55","＋","2330","台積電","568.00","＋","認購","美式","111年12月30日","111年12月30日","112年09月27日","112年10月02日","0.121","    596.77","","",
="033039","長榮凱基26購11","0.00","","2603","長榮","157.00","＋","認購","美式","111年12月30日","111年12月30日","112年06月27日","112年06月29日","0.05","    177.00","","",
="03303P","長榮元富26售05","0.00","","2603","長榮","157.00","＋","認售","歐式","111年09月27日","112年06月26日","112年06月20日","112年06月26日","0.59","    88.00","","",
="03303U","金融類元大2A售06","0.00","","IX0039","金融類","1,620.43","","認售","歐式","112年01月04日","112年10月03日","112年09月28日","112年10月03日","0.015","    1,325.00","","",
="033040","陽明凱基2B購01","0.00","","2609","陽明","62.00","＋","認購","美式","111年12月30日","111年12月30日","112年11月27日","112年11月29日","0.20","    79.00","","",
="033041","華航凱基26購02","1.30","＋","2610","華航","21.65","＋","認購","美式","111年12月30日","111年12月30日","112年06月27日","112年06月29日","1.00","    21.00","","",
="033042","長榮航凱基26購07","0.62","＋","2618","長榮航","33.60","＋","認購","美式","111年12月30日","111年12月30日","112年06月27日","112年06月29日","1.00","    37.00","","",
="033043","慧洋凱基26購03","0.00","","2637","慧洋-KY","60.30","＋","認購","美式","111年12月30日","111年12月30日","112年06月27日","112年06月29日","0.224","    57.99","","",
="033044","美食凱基26購02","0.00","","2723","美食-KY","152.50","－","認購","美式","111年12月30日","111年12月30日","112年06月27日","112年06月29日","0.12","    195.00","","",
="033045","奇鋐凱基26購02","0.00","","3017","奇鋐","206.00","－","認購","美式","111年12月30日","111年12月30日","112年06月27日","112年06月29日","0.081","    118.62","","",
="033046","嘉澤凱基26購05","1.56","＋","3533","嘉澤","909.00","－","認購","美式","111年12月30日","111年12月30日","112年06月27日","112年06月29日","0.02","    895.62","","",
="033047","世芯凱基26購05","0.00","","3661","世芯-KY","1,660.00","＋","認購","美式","111年12月30日","111年12月30日","112年06月27日","112年06月29日","0.015","    920.00","","",
="033048","上緯控凱基26購01","0.29","","3708","上緯投控","96.50","－","認購","美式","111年12月30日","111年12月30日","112年06月27日","112年06月29日","0.12","    110.00","","",
="033049","上品凱基26購03","0.00","","4770","上品","297.00","＋","認購","美式","111年12月30日","111年12月30日","112年06月27日","112年06月29日","0.036","    336.27","","",
="03304U","台灣50中信29售02","0.00","",="0050","元大台灣50","126.75","＋","認售","歐式","112年01月04日","112年09月04日","112年08月31日","112年09月04日","0.184","    97.80","","",
="033050","富鼎凱基26購01","0.00","","8261","富鼎","106.50","＋","認購","美式","111年12月30日","111年12月30日","112年06月27日","112年06月29日","0.042","    110.00","","",
="033051","電子類凱基28購01","0.00","","IX0027","電子類","797.58","","認購","歐式","111年12月30日","112年08月29日","112年08月25日","112年08月29日","0.05","    700.00","","",
="033052","金融類凱基2A購02","1.73","","IX0039","金融類","1,620.43","","認購","歐式","111年12月30日","112年10月02日","112年09月27日","112年10月02日","0.025","    1,600.00","","",
="033053","台灣50元大26購07","0.00","",="0050","元大台灣50","126.75","＋","認購","美式","111年12月30日","111年12月30日","112年06月27日","112年06月29日","0.818","    127.14","","",
="033054","台灣50元大26購08","0.00","",="0050","元大台灣50","126.75","＋","認購","美式","111年12月30日","111年12月30日","112年06月27日","112年06月29日","0.614","    122.25","","",
="033055","台灣50元大26購09","0.00","",="0050","元大台灣50","126.75","＋","認購","美式","111年12月30日","111年12月30日","112年06月27日","112年06月29日","0.205","    110.51","","",
="033056","台灣50元大27購07","3.19","＋",="0050","元大台灣50","126.75","＋","認購","美式","111年12月30日","111年12月30日","112年07月27日","112年07月31日","0.818","    129.09","","",
="033057","台灣50元大27購08","3.51","",="0050","元大台灣50","126.75","＋","認購","美式","111年12月30日","111年12月30日","112年07月27日","112年07月31日","0.307","    117.36","","",
="033058","儒鴻元大26購01","0.00","","1476","儒鴻","470.00","＋","認購","美式","111年12月30日","111年12月30日","112年06月27日","112年06月29日","0.03","    525.00","","",
="033059","華城元大26購02","0.00","","1519","華城","141.00","＋","認購","美式","111年12月30日","111年12月30日","112年06月27日","112年06月29日","0.492","    65.00","","",
="03305U","S&P500中信29售01","0.00","",="00646","元大S&P500","40.02","＋","認售","歐式","112年01月04日","112年09月04日","112年08月31日","112年09月04日","0.40","    32.00","","",
="033060","永光元大26購01","0.46","","1711","永光","20.20","＋","認購","美式","111年12月30日","111年12月30日","112年06月27日","112年06月29日","0.547","    21.51","","",
="033061","神隆元大26購01","0.00","","1789","神隆","26.20","＋","認購","美式","111年12月30日","111年12月30日","112年06月27日","112年06月29日","0.50","    29.76","","",
="033062","凌陽元大26購01","0.00","","2401","凌陽","24.90","＋","認購","美式","111年12月30日","111年12月30日","112年06月27日","112年06月29日","0.60","    26.20","","",
="033063","長榮元大2A購09","0.73","＋","2603","長榮","157.00","＋","認購","美式","111年12月30日","111年12月30日","112年09月27日","112年10月02日","0.113","    212.00","","",
="033064","陽明元大2A購01","0.00","","2609","陽明","62.00","＋","認購","美式","111年12月30日","111年12月30日","112年09月27日","112年10月02日","0.307","    82.90","","",
="033065","萬海元大26購09","0.00","","2615","萬海","60.00","＋","認購","美式","111年12月30日","111年12月30日","112年06月27日","112年06月29日","0.144","    92.60","","",
="033066","慧洋元大26購09","0.00","","2637","慧洋-KY","60.30","＋","認購","美式","111年12月30日","111年12月30日","112年06月27日","112年06月29日","0.347","    70.31","","",
="033067","晶華元大28購01","1.44","＋","2707","晶華","288.00","＋","認購","美式","111年12月30日","111年12月30日","112年08月25日","112年08月29日","0.04","    284.00","","",
="033068","晶華元大2A購04","1.37","","2707","晶華","288.00","＋","認購","美式","111年12月30日","111年12月30日","112年09月27日","112年10月02日","0.055","    329.00","","",
="033069","聯合再元大26購06","0.00","","3576","聯合再生","20.30","＋","認購","美式","111年12月30日","111年12月30日","112年06月27日","112年06月29日","0.72","    22.45","","",
="03306U","臺股指中信2A售09","0.50","－","IX0001","臺股指數","16,636.30","","認售","歐式","112年01月04日","112年10月03日","112年09月28日","112年10月03日","0.001","    14,888.00","","",
="033070","欣陸元大26購01","0.38","","3703","欣陸","30.75","＋","認購","美式","111年12月30日","111年12月30日","112年06月27日","112年06月29日","0.50","    34.00","","",
="033071","富采元大26購02","0.00","","3714","富采","49.90","＋","認購","美式","111年12月30日","111年12月30日","112年06月27日","112年06月29日","0.278","    49.60","","",
="033072","臻鼎元大26購01","0.36","","4958","臻鼎-KY","114.50","＋","認購","美式","111年12月30日","111年12月30日","112年06月27日","112年06月29日","0.072","    116.50","","",
="033073","天鈺元大26購04","0.00","","4961","天鈺","154.00","＋","認購","美式","111年12月30日","111年12月30日","112年06月27日","112年06月29日","0.08","    149.00","","",
="033074","矽格元大26購01","0.00","","6257","矽格","54.50","＋","認購","美式","111年12月30日","111年12月30日","112年06月27日","112年06月29日","0.40","    55.29","","",
="033075","康舒元大26購02","6.65","","6282","康舒","44.05","＋","認購","美式","111年12月30日","111年12月30日","112年06月27日","112年06月29日","0.572","    33.55","","",
="033076","晶碩元大26購02","0.00","","6491","晶碩","366.50","＋","認購","美式","111年12月30日","111年12月30日","112年06月27日","112年06月29日","0.028","    455.00","","",
="033077","晶碩元大28購02","0.00","","6491","晶碩","366.50","＋","認購","美式","111年12月30日","111年12月30日","112年08月25日","112年08月29日","0.035","    554.00","","",
="033078","統一實元大26購01","0.00","","9907","統一實","19.45","","認購","美式","111年12月30日","111年12月30日","112年06月27日","112年06月29日","0.70","    20.50","","",
="033079","東陽國票28購01","0.84","＋","1319","東陽","49.90","＋","認購","美式","112年01月03日","112年01月03日","112年07月31日","112年08月02日","0.50","    57.00","","",
="03307U","臺股指中信2B售06","0.10","－","IX0001","臺股指數","16,636.30","","認售","歐式","112年01月04日","112年11月03日","112年11月01日","112年11月03日","0.006","    7,088.00","","",
="033080","東陽國票28購02","0.00","","1319","東陽","49.90","＋","認購","美式","112年01月03日","112年01月03日","112年07月31日","112年08月02日","0.20","    46.00","","",
="033081","聯發科國票28購04","3.43","＋","2454","聯發科","738.00","＋","認購","美式","112年01月03日","112年01月03日","112年07月31日","112年08月02日","0.03","    650.00","","",
="033082","陽明國票28購02","0.00","","2609","陽明","62.00","＋","認購","美式","112年01月03日","112年01月03日","112年07月31日","112年08月02日","0.30","    77.50","","",
="033083","華航國票27購01","0.34","＋","2610","華航","21.65","＋","認購","美式","112年01月03日","112年01月03日","112年06月29日","112年07月03日","1.00","    24.00","","",
="033084","華航國票28購01","0.00","","2610","華航","21.65","＋","認購","美式","112年01月03日","112年01月03日","112年07月31日","112年08月02日","0.70","    22.00","","",
="033085","晶華國票28購01","0.00","","2707","晶華","288.00","＋","認購","美式","112年01月03日","112年01月03日","112年07月31日","112年08月02日","0.08","    300.00","","",
="033086","儒鴻元富2A購01","0.40","＋","1476","儒鴻","470.00","＋","認購","美式","112年01月03日","112年01月03日","112年09月27日","112年10月02日","0.06","    706.51","","",
="033087","東鋼元富27購01","0.00","","2006","東和鋼鐵","56.60","＋","認購","美式","112年01月03日","112年01月03日","112年06月29日","112年07月03日","0.425","    54.65","","",
="033088","東鋼元富2A購01","0.00","","2006","東和鋼鐵","56.60","＋","認購","美式","112年01月03日","112年01月03日","112年09月27日","112年10月02日","0.478","    65.96","","",
="033089","美食元富2A購01","0.00","","2723","美食-KY","152.50","－","認購","美式","112年01月03日","112年01月03日","112年09月27日","112年10月02日","0.10","    220.00","","",
="03308U","臺股指中信2C售01","0.00","","IX0001","臺股指數","16,636.30","","認售","歐式","112年01月04日","112年12月04日","112年11月30日","112年12月04日","0.001","    13,000.00","","",
="033090","智原元富2A購01","1.88","＋","3035","智原","173.50","＋","認購","美式","112年01月03日","112年01月03日","112年09月27日","112年10月02日","0.07","    170.00","","",
="033091","富邦媒元富27購01","0.78","","8454","富邦媒","703.00","＋","認購","美式","112年01月03日","112年01月03日","112年06月29日","112年07月03日","0.02","    750.00","","",
="033092","亞聚麥證27購01","0.00","","1308","亞聚","26.05","＋","認購","歐式","112年01月03日","112年07月03日","112年06月29日","112年07月03日","0.50","    35.00","","",
="033093","台航麥證28購01","0.85","","2617","台航","29.35","＋","認購","歐式","112年01月03日","112年08月02日","112年07月31日","112年08月02日","0.60","    32.00","","",
="033094","宏達電群益2A購01","1.58","＋","2498","宏達電","61.50","＋","認購","美式","112年01月03日","112年01月03日","112年09月27日","112年10月02日","0.50","    78.00","","",
="033095","友達兆豐2B購01","1.21","＋","2409","友達","17.65","＋","認購","美式","112年01月03日","112年01月03日","112年10月31日","112年11月02日","0.44","    16.50","","",
="033096","愛普兆豐28購01","0.00","","6531","愛普*","328.50","＋","認購","美式","112年01月03日","112年01月03日","112年07月31日","112年08月02日","0.038","    170.00","","",
="033097","台灣50台新2A購01","0.00","",="0050","元大台灣50","126.75","＋","認購","歐式","112年01月03日","112年10月02日","112年09月27日","112年10月02日","0.205","    112.80","","",
="033098","台積電台新2A購02","0.00","","2330","台積電","568.00","＋","認購","歐式","112年01月03日","112年10月02日","112年09月27日","112年10月02日","0.04","    489.33","","",
="033099","儒鴻凱基28購02","0.24","","1476","儒鴻","470.00","＋","認購","美式","112年01月03日","112年01月03日","112年07月31日","112年08月02日","0.05","    600.00","","",
="03309U","華通國泰29售02","0.00","","2313","華通","44.30","＋","認售","歐式","112年01月04日","112年09月04日","112年08月31日","112年09月04日","0.478","    36.73","","",
="033100","華新凱基34購01","0.00","","1605","華新","46.60","＋","認購","美式","112年01月03日","112年01月03日","113年03月29日","113年04月02日","0.25","    71.00","","",
="033101","華新凱基34購02","1.60","＋","1605","華新","46.60","＋","認購","美式","112年01月03日","112年01月03日","113年03月29日","113年04月02日","0.20","    53.00","","",
="033102","裕隆凱基27購04","0.00","","2201","裕隆","82.80","＋","認購","美式","112年01月03日","112年01月03日","112年06月29日","112年07月03日","0.208","    79.00","","",
="033103","凌陽凱基27購01","0.00","","2401","凌陽","24.90","＋","認購","美式","112年01月03日","112年01月03日","112年06月29日","112年07月03日","0.70","    26.00","","",
="033104","晶華凱基29購01","1.42","＋","2707","晶華","288.00","＋","認購","美式","112年01月03日","112年01月03日","112年08月31日","112年09月04日","0.045","    290.00","","",
="033105","欣興凱基27購04","0.00","","3037","欣興","182.50","－","認購","美式","112年01月03日","112年01月03日","112年06月29日","112年07月03日","0.085","    130.00","","",
="033106","欣陸凱基28購01","0.00","","3703","欣陸","30.75","＋","認購","美式","112年01月03日","112年01月03日","112年07月31日","112年08月02日","0.60","    35.00","","",
="033107","天鈺凱基27購03","0.00","","4961","天鈺","154.00","＋","認購","美式","112年01月03日","112年01月03日","112年06月29日","112年07月03日","0.08","    130.00","","",
="033108","嘉聯益凱基27購02","0.17","＋","6153","嘉聯益","23.15","＋","認購","美式","112年01月03日","112年01月03日","112年06月29日","112年07月03日","0.415","    26.00","","",
="033109","矽格凱基28購01","2.16","＋","6257","矽格","54.50","＋","認購","美式","112年01月03日","112年01月03日","112年07月31日","112年08月02日","0.60","    55.00","","",
="03310U","台積電富邦2B售03","0.00","","2330","台積電","568.00","＋","認售","歐式","112年01月04日","112年11月03日","112年11月01日","112年11月03日","0.06","    318.28","","",
="033110","晶碩凱基27購02","0.00","","6491","晶碩","366.50","＋","認購","美式","112年01月03日","112年01月03日","112年06月29日","112年07月03日","0.045","    520.00","","",
="033111","統一實凱基28購01","1.26","－","9907","統一實","19.45","","認購","美式","112年01月03日","112年01月03日","112年07月31日","112年08月02日","1.00","    20.00","","",
="033112","美食康和27購01","0.00","","2723","美食-KY","152.50","－","認購","美式","112年01月03日","112年01月03日","112年06月29日","112年07月03日","0.07","    185.00","","",
="033113","力智康和27購01","0.86","＋","6719","力智","303.00","＋","認購","美式","112年01月03日","112年01月03日","112年06月29日","112年07月03日","0.025","    287.00","","",
="033114","力積電康和27購01","0.00","","6770","力積電","30.85","＋","認購","美式","112年01月03日","112年01月03日","112年06月29日","112年07月03日","0.504","    38.16","","",
="033115","長興永豐28購01","0.76","＋","1717","長興","32.90","＋","認購","美式","112年01月03日","112年01月03日","112年07月31日","112年08月02日","0.519","    36.03","","",
="033116","華泰永豐28購01","1.37","＋","2329","華泰","20.55","＋","認購","美式","112年01月03日","112年01月03日","112年07月31日","112年08月02日","0.80","    21.15","","",
="033117","光罩永豐28購01","0.00","","2338","光罩","81.80","＋","認購","美式","112年01月03日","112年01月03日","112年07月31日","112年08月02日","0.067","    97.19","","",
="033118","興勤永豐28購01","1.39","＋","2428","興勤","156.50","＋","認購","美式","112年01月03日","112年01月03日","112年07月31日","112年08月02日","0.067","    145.50","","",
="033119","美食永豐27購03","0.00","","2723","美食-KY","152.50","－","認購","美式","112年01月03日","112年01月03日","112年06月29日","112年07月03日","0.058","    166.04","","",
="03311P","友達元富26售02","0.00","","2409","友達","17.65","＋","認售","歐式","111年10月19日","112年06月19日","112年06月15日","112年06月19日","1.00","    13.00","","",
="03311U","金像電富邦27售02","0.00","","2368","金像電","121.50","","認售","歐式","112年01月04日","112年07月03日","112年06月29日","112年07月03日","0.072","    67.61","","",
="033120","威健永豐28購01","1.08","＋","3033","威健","30.85","＋","認購","美式","112年01月03日","112年01月03日","112年07月31日","112年08月02日","0.48","    32.78","","",
="033121","世芯永豐28購02","0.00","","3661","世芯-KY","1,660.00","＋","認購","美式","112年01月03日","112年01月03日","112年07月31日","112年08月02日","0.015","    856.35","","",
="033122","貿聯永豐27購01","1.19","","3665","貿聯-KY","270.50","＋","認購","美式","112年01月03日","112年01月03日","112年06月29日","112年07月03日","0.055","    259.13","","",
="033123","欣陸永豐28購01","0.80","＋","3703","欣陸","30.75","＋","認購","美式","112年01月03日","112年01月03日","112年07月31日","112年08月02日","0.60","    34.94","","",
="033124","儒鴻法興27購01","0.18","＋","1476","儒鴻","470.00","＋","認購","歐式","112年01月03日","112年07月03日","112年06月29日","112年07月03日","0.04","    550.00","","",
="033125","大成鋼法興27購01","0.00","","2027","大成鋼","45.25","＋","認購","歐式","112年01月03日","112年07月03日","112年06月29日","112年07月03日","0.50","    48.00","","",
="033126","聯電法興27購01","0.00","","2303","聯電","51.20","＋","認購","歐式","112年01月03日","112年07月03日","112年06月29日","112年07月03日","0.50","    45.00","","",
="033127","華通法興27購01","0.00","","2313","華通","44.30","＋","認購","歐式","112年01月03日","112年07月03日","112年06月29日","112年07月03日","0.531","    47.09","","",
="033128","旺宏法興27購01","0.00","","2337","旺宏","33.40","＋","認購","歐式","112年01月03日","112年07月03日","112年06月29日","112年07月03日","0.60","    38.00","","",
="033129","技嘉法興27購01","0.00","","2376","技嘉","186.00","＋","認購","歐式","112年01月03日","112年07月03日","112年06月29日","112年07月03日","0.15","    120.00","","",
="03312U","鴻海元富27售06","0.00","","2317","鴻海","105.50","＋","認售","歐式","112年01月04日","112年07月03日","112年06月29日","112年07月03日","0.50","    85.00","","",
="033130","聯詠法興27購01","0.00","","3034","聯詠","423.50","＋","認購","歐式","112年01月03日","112年07月03日","112年06月29日","112年07月03日","0.08","    380.00","","",
="033131","景碩法興27購01","0.61","＋","3189","景碩","116.00","＋","認購","歐式","112年01月03日","112年07月03日","112年06月29日","112年07月03日","0.20","    135.00","","",
="033132","台勝科法興27購01","1.32","","3532","台勝科","157.00","＋","認購","歐式","112年01月03日","112年07月03日","112年06月29日","112年07月03日","0.08","    150.00","","",
="033133","南電法興27購01","0.00","","8046","南電","302.50","－","認購","歐式","112年01月03日","112年07月03日","112年06月29日","112年07月03日","0.06","    260.00","","",
="033134","美律中信27購01","0.00","","2439","美律","88.60","＋","認購","歐式","112年01月03日","112年07月03日","112年06月29日","112年07月03日","0.40","    100.00","","",
="033135","義隆中信27購01","0.00","","2458","義隆","104.00","＋","認購","歐式","112年01月03日","112年07月03日","112年06月29日","112年07月03日","0.371","    97.01","","",
="033136","國泰金中信2B購01","2.00","＋","2882","國泰金","44.75","＋","認購","歐式","112年01月03日","112年11月02日","112年10月31日","112年11月02日","1.00","    50.00","","",
="033137","群創中信31購01","2.72","＋","3481","群創","14.10","＋","認購","歐式","112年01月03日","113年01月02日","112年12月28日","113年01月02日","1.00","    13.00","","",
="033138","智易中信28購01","0.00","","3596","智易","115.00","＋","認購","歐式","112年01月03日","112年08月02日","112年07月31日","112年08月02日","0.38","    140.00","","",
="033139","滬深2X國泰29購01","0.80","＋",="00637L","元大滬深300正2","13.77","－","認購","美式","112年01月03日","112年01月03日","112年08月31日","112年09月04日","1.00","    15.60","","",
="03313U","鴻海元富27售07","0.00","","2317","鴻海","105.50","＋","認售","歐式","112年01月04日","112年07月03日","112年06月29日","112年07月03日","1.00","    80.00","","",
="033140","聯詠富邦28購01","2.12","＋","3034","聯詠","423.50","＋","認購","美式","112年01月03日","112年01月03日","112年07月31日","112年08月02日","0.05","    400.00","","",
="033141","健策富邦28購01","0.00","","3653","健策","616.00","＋","認購","美式","112年01月03日","112年01月03日","112年07月31日","112年08月02日","0.02","    450.00","","",
="033142","國光生富邦27購01","0.00","","4142","國光生","37.80","＋","認購","美式","112年01月03日","112年01月03日","112年06月29日","112年07月03日","0.20","    50.00","","",
="033143","新唐富邦28購01","0.71","＋","4919","新唐","130.50","＋","認購","美式","112年01月03日","112年01月03日","112年07月31日","112年08月02日","0.05","    130.00","","",
="033144","樺漢富邦2A購01","0.00","","6414","樺漢","281.00","＋","認購","美式","112年01月03日","112年01月03日","112年09月27日","112年10月02日","0.05","    230.00","","",
="033145","愛普富邦29購02","0.00","","6531","愛普*","328.50","＋","認購","美式","112年01月03日","112年01月03日","112年08月31日","112年09月04日","0.025","    175.00","","",
="033146","力智富邦2B購01","1.20","＋","6719","力智","303.00","＋","認購","美式","112年01月03日","112年01月03日","112年10月31日","112年11月02日","0.02","    290.00","","",
="033147","T50反1元大2B購01","0.00","",="00632R","元大台灣50反1","4.94","－","認購","美式","112年01月03日","112年01月03日","112年10月31日","112年11月02日","1.00","    5.80","","",
="033148","T50反1元大2B購02","0.00","",="00632R","元大台灣50反1","4.94","－","認購","美式","112年01月03日","112年01月03日","112年10月31日","112年11月02日","1.00","    5.90","","",
="033149","臺指反元大2B購02","0.00","",="00664R","國泰臺灣加權反1","5.58","－","認購","美式","112年01月03日","112年01月03日","112年10月31日","112年11月02日","1.00","    6.70","","",
="03314U","鴻海元富27售08","0.00","","2317","鴻海","105.50","＋","認售","歐式","112年01月04日","112年07月03日","112年06月29日","112年07月03日","0.50","    90.00","","",
="033150","智能車元大27購01","0.00","",="00893","國泰智能電動車","15.74","＋","認購","美式","112年01月03日","112年01月03日","112年06月29日","112年07月03日","1.00","    11.00","","",
="033151","智能車元大29購01","0.00","",="00893","國泰智能電動車","15.74","＋","認購","美式","112年01月03日","112年01月03日","112年08月31日","112年09月04日","1.00","    12.00","","",
="033152","未來車元大29購01","0.00","",="00895","富邦未來車","17.15","＋","認購","美式","112年01月03日","112年01月03日","112年08月31日","112年09月04日","1.00","    12.00","","",
="033153","華新元大2A購10","1.14","＋","1605","華新","46.60","＋","認購","美式","112年01月03日","112年01月03日","112年09月27日","112年10月02日","0.227","    51.60","","",
="033154","中鴻元大27購01","0.00","","2014","中鴻","23.15","＋","認購","美式","112年01月03日","112年01月03日","112年06月29日","112年07月03日","0.387","    29.85","","",
="033155","大成鋼元大27購01","0.00","","2027","大成鋼","45.25","＋","認購","美式","112年01月03日","112年01月03日","112年06月29日","112年07月03日","0.892","    52.90","","",
="033156","鴻海元大2A購10","0.89","","2317","鴻海","105.50","＋","認購","美式","112年01月03日","112年01月03日","112年09月27日","112年10月02日","0.253","    121.00","","",
="033157","廣宇元大27購01","0.20","","2328","廣宇","39.40","＋","認購","美式","112年01月03日","112年01月03日","112年06月29日","112年07月03日","0.67","    49.25","","",
="033158","漢唐元大27購01","0.00","","2404","漢唐","227.50","＋","認購","美式","112年01月03日","112年01月03日","112年06月29日","112年07月03日","0.14","    232.50","","",
="033159","飛宏元大27購01","0.00","","2457","飛宏","76.40","＋","認購","美式","112年01月03日","112年01月03日","112年06月29日","112年07月03日","0.313","    43.95","","",
="03315P","國泰金凱基29售01","0.00","","2882","國泰金","44.75","＋","認售","歐式","111年09月27日","112年09月26日","112年09月22日","112年09月26日","1.016","    24.61","","",
="03315U","鴻海元富2A售02","0.36","－","2317","鴻海","105.50","＋","認售","歐式","112年01月04日","112年10月03日","112年09月28日","112年10月03日","0.50","    80.00","","",
="033160","陽明元大29購04","1.02","＋","2609","陽明","62.00","＋","認購","美式","112年01月03日","112年01月03日","112年08月31日","112年09月04日","0.183","    65.70","","",
="033161","陽明元大2A購02","0.00","","2609","陽明","62.00","＋","認購","美式","112年01月03日","112年01月03日","112年09月27日","112年10月02日","0.188","    68.20","","",
="033162","萬海元大2A購01","0.00","","2615","萬海","60.00","＋","認購","美式","112年01月03日","112年01月03日","112年09月27日","112年10月02日","0.093","    81.30","","",
="033163","美食元大27購01","0.00","","2723","美食-KY","152.50","－","認購","美式","112年01月03日","112年01月03日","112年06月29日","112年07月03日","0.174","    230.00","","",
="033164","聯詠元大27購01","4.41","","3034","聯詠","423.50","＋","認購","美式","112年01月03日","112年01月03日","112年06月29日","112年07月03日","0.077","    373.00","","",
="033165","新唐元大27購03","0.00","","4919","新唐","130.50","＋","認購","美式","112年01月03日","112年01月03日","112年06月29日","112年07月03日","0.059","    119.50","","",
="033166","康舒元大27購01","0.00","","6282","康舒","44.05","＋","認購","美式","112年01月03日","112年01月03日","112年06月29日","112年07月03日","0.508","    32.10","","",
="033167","啟碁元大27購03","0.00","","6285","啟碁","87.50","＋","認購","美式","112年01月03日","112年01月03日","112年06月29日","112年07月03日","0.103","    86.30","","",
="033168","元晶元大27購02","0.64","＋","6443","元晶","36.20","＋","認購","美式","112年01月03日","112年01月03日","112年06月29日","112年07月03日","0.245","    36.00","","",
="033169","AES元大27購01","0.80","－","6781","AES-KY","690.00","＋","認購","美式","112年01月03日","112年01月03日","112年06月29日","112年07月03日","0.013","    694.00","","",
="03316U","上品元富27售01","0.00","","4770","上品","297.00","＋","認售","歐式","112年01月04日","112年07月03日","112年06月29日","112年07月03日","0.104","    182.55","","",
="033170","南電元大27購01","0.00","","8046","南電","302.50","－","認購","美式","112年01月03日","112年01月03日","112年06月29日","112年07月03日","0.042","    240.50","","",
="033171","東陽第一2B購01","1.16","","1319","東陽","49.90","＋","認購","美式","112年01月04日","112年01月04日","112年11月01日","112年11月03日","0.125","    46.41","","",
="033172","亞聚國票29購01","0.00","","1308","亞聚","26.05","＋","認購","美式","112年01月04日","112年01月04日","112年08月31日","112年09月04日","0.45","    38.00","","",
="033173","力麗國票29購01","0.52","＋","1444","力麗","10.50","＋","認購","美式","112年01月04日","112年01月04日","112年08月31日","112年09月04日","0.75","    11.70","","",
="033174","儒鴻國票29購01","0.64","＋","1476","儒鴻","470.00","＋","認購","美式","112年01月04日","112年01月04日","112年08月31日","112年09月04日","0.02","    500.00","","",
="033175","神隆國票28購01","0.00","","1789","神隆","26.20","＋","認購","美式","112年01月04日","112年01月04日","112年08月01日","112年08月03日","1.00","    38.00","","",
="033176","正新國票28購01","2.51","＋","2105","正新","39.60","＋","認購","美式","112年01月04日","112年01月04日","112年08月01日","112年08月03日","1.00","    39.00","","",
="033177","仲琦國票27購01","0.00","","2419","仲琦","26.70","＋","認購","美式","112年01月04日","112年01月04日","112年06月29日","112年07月03日","0.35","    25.00","","",
="033178","晶華國票28購02","0.00","","2707","晶華","288.00","＋","認購","美式","112年01月04日","112年01月04日","112年08月01日","112年08月03日","0.073","    270.00","","",
="033179","智原國票28購01","1.39","＋","3035","智原","173.50","＋","認購","美式","112年01月04日","112年01月04日","112年08月01日","112年08月03日","0.131","    190.00","","",
="03317P","臺股指凱基29售07","0.00","","IX0001","臺股指數","16,636.30","","認售","歐式","111年09月27日","112年09月26日","112年09月22日","112年09月26日","0.005","    10,500.00","","",
="03317U","上品元富27售02","0.00","","4770","上品","297.00","＋","認售","歐式","112年01月04日","112年07月03日","112年06月29日","112年07月03日","0.042","    259.41","","",
="033180","和鑫國票28購01","0.00","","3049","和鑫","9.65","＋","認購","美式","112年01月04日","112年01月04日","112年08月01日","112年08月03日","1.00","    9.00","","",
="033181","和鑫國票29購01","0.00","","3049","和鑫","9.65","＋","認購","美式","112年01月04日","112年01月04日","112年08月31日","112年09月04日","1.00","    12.00","","",
="033182","嘉聯益國票28購01","0.00","","6153","嘉聯益","23.15","＋","認購","美式","112年01月04日","112年01月04日","112年08月01日","112年08月03日","0.263","    24.00","","",
="033183","統一實國票28購01","0.00","","9907","統一實","19.45","","認購","美式","112年01月04日","112年01月04日","112年08月01日","112年08月03日","0.80","    20.00","","",
="033184","臺指反群益29購01","0.02","",="00664R","國泰臺灣加權反1","5.58","－","認購","美式","112年01月04日","112年01月04日","112年08月31日","112年09月04日","1.00","    6.80","","",
="033185","光罩群益2A購01","0.00","","2338","光罩","81.80","＋","認購","美式","112年01月04日","112年01月04日","112年09月28日","112年10月03日","0.102","    106.00","","",
="033186","立積群益27購01","0.00","","4968","立積","170.00","＋","認購","美式","112年01月04日","112年01月04日","112年06月29日","112年07月03日","0.054","    138.00","","",
="033187","力智群益27購01","0.00","","6719","力智","303.00","＋","認購","美式","112年01月04日","112年01月04日","112年06月29日","112年07月03日","0.044","    288.00","","",
="033188","聯電康和27購02","0.00","","2303","聯電","51.20","＋","認購","美式","112年01月04日","112年01月04日","112年06月29日","112年07月03日","0.35","    46.90","","",
="033189","宏達電康和27購02","0.58","＋","2498","宏達電","61.50","＋","認購","美式","112年01月04日","112年01月04日","112年06月29日","112年07月03日","0.11","    58.00","","",
="03318P","中砂元大26售02","0.00","","1560","中砂","114.50","－","認售","歐式","111年09月27日","112年06月26日","112年06月20日","112年06月26日","0.071","    81.00","","",
="03318U","南電元富27售01","0.00","","8046","南電","302.50","－","認售","歐式","112年01月04日","112年07月03日","112年06月29日","112年07月03日","0.06","    210.00","","",
="033190","聯詠康和29購01","2.73","","3034","聯詠","423.50","＋","認購","美式","112年01月04日","112年01月04日","112年08月31日","112年09月04日","0.10","    450.00","","",
="033191","欣興康和27購03","0.00","","3037","欣興","182.50","－","認購","美式","112年01月04日","112年01月04日","112年06月29日","112年07月03日","0.06","    141.00","","",
="033192","亞聚永豐29購01","0.00","","1308","亞聚","26.05","＋","認購","美式","112年01月04日","112年01月04日","112年08月31日","112年09月04日","0.335","    32.46","","",
="033193","東鋼永豐29購01","1.85","＋","2006","東和鋼鐵","56.60","＋","認購","美式","112年01月04日","112年01月04日","112年08月31日","112年09月04日","0.345","    56.62","","",
="033194","致茂永豐29購01","1.33","＋","2360","致茂","226.50","＋","認購","美式","112年01月04日","112年01月04日","112年08月31日","112年09月04日","0.056","    235.95","","",
="033195","技嘉永豐28購01","0.00","","2376","技嘉","186.00","＋","認購","美式","112年01月04日","112年01月04日","112年08月01日","112年08月03日","0.068","    122.89","","",
="033196","宏盛永豐29購01","0.00","","2534","宏盛","22.55","","認購","美式","112年01月04日","112年01月04日","112年08月31日","112年09月04日","0.595","    26.53","","",
="033197","台航永豐28購01","0.00","","2617","台航","29.35","＋","認購","美式","112年01月04日","112年01月04日","112年08月01日","112年08月03日","0.50","    32.16","","",
="033198","神基永豐29購01","0.00","","3005","神基","69.40","＋","認購","美式","112年01月04日","112年01月04日","112年08月31日","112年09月04日","0.408","    49.15","","",
="033199","大立光永豐27購02","1.18","＋","3008","大立光","2,305.00","＋","認購","美式","112年01月04日","112年01月04日","112年06月29日","112年07月03日","0.008","    2,254.30","","",
="03319U","富邦媒元富27售02","0.00","","8454","富邦媒","703.00","＋","認售","歐式","112年01月04日","112年07月03日","112年06月29日","112年07月03日","0.01","    600.00","","",
="033200","康普永豐28購01","0.00","","4739","康普","88.80","＋","認購","美式","112年01月04日","112年01月04日","112年08月01日","112年08月03日","0.17","    108.68","","",
="033201","矽格永豐28購01","1.34","","6257","矽格","54.50","＋","認購","美式","112年01月04日","112年01月04日","112年08月01日","112年08月03日","0.47","    57.41","","",
="033202","至上永豐29購01","2.35","＋","8112","至上","46.30","＋","認購","美式","112年01月04日","112年01月04日","112年08月31日","112年09月04日","0.295","    41.17","","",
="033203","振樺電永豐29購01","0.60","－","8114","振樺電","108.00","","認購","美式","112年01月04日","112年01月04日","112年08月31日","112年09月04日","0.081","    132.30","","",
="033204","鴻海兆豐29購02","0.93","＋","2317","鴻海","105.50","＋","認購","美式","112年01月04日","112年01月04日","112年08月31日","112年09月04日","0.12","    101.00","","",
="033205","富邦媒兆豐29購01","0.93","＋","8454","富邦媒","703.00","＋","認購","美式","112年01月04日","112年01月04日","112年08月31日","112年09月04日","0.01","    688.00","","",
="033206","聯電台新27購01","0.00","","2303","聯電","51.20","＋","認購","歐式","112年01月04日","112年07月03日","112年06月29日","112年07月03日","0.30","    45.00","","",
="033207","欣興台新27購01","4.15","＋","3037","欣興","182.50","－","認購","歐式","112年01月04日","112年07月03日","112年06月29日","112年07月03日","0.07","    129.47","","",
="033208","國企2X凱基29購01","0.42","＋",="00665L","富邦恒生國企正2","7.02","－","認購","美式","112年01月04日","112年01月04日","112年08月31日","112年09月04日","0.80","    10.00","","",
="033209","元油反凱基29購01","1.14","－",="00673R","期元大S&P原油反1(原名：元大S&P原油反1)","9.03","－","認購","美式","112年01月04日","112年01月04日","112年08月31日","112年09月04日","1.00","    8.80","","",
="03320U","世紀鋼元富27售01","0.00","","9958","世紀鋼","109.50","＋","認售","歐式","112年01月04日","112年07月03日","112年06月29日","112年07月03日","0.15","    85.00","","",
="033210","元油反凱基2B購01","0.00","",="00673R","期元大S&P原油反1(原名：元大S&P原油反1)","9.03","－","認購","美式","112年01月04日","112年01月04日","112年11月01日","112年11月03日","1.00","    10.50","","",
="033211","FB台半凱基29購01","0.00","",="00892","富邦台灣半導體","12.41","＋","認購","美式","112年01月04日","112年01月04日","112年08月31日","112年09月04日","1.00","    11.00","","",
="033212","FB台半凱基2A購01","1.57","＋",="00892","富邦台灣半導體","12.41","＋","認購","美式","112年01月04日","112年01月04日","112年09月28日","112年10月03日","1.00","    11.50","","",
="033213","亞泥凱基27購01","0.78","","1102","亞泥","43.85","－","認購","美式","112年01月04日","112年01月04日","112年06月29日","112年07月03日","0.60","    45.00","","",
="033214","亞聚凱基29購01","0.53","","1308","亞聚","26.05","＋","認購","美式","112年01月04日","112年01月04日","112年08月31日","112年09月04日","0.50","    32.00","","",
="033215","東陽凱基27購01","0.00","","1319","東陽","49.90","＋","認購","美式","112年01月04日","112年01月04日","112年06月29日","112年07月03日","0.45","    50.00","","",
="033216","東鋼凱基29購01","0.00","","2006","東和鋼鐵","56.60","＋","認購","美式","112年01月04日","112年01月04日","112年08月31日","112年09月04日","0.796","    61.25","","",
="033217","鴻海凱基27購06","1.32","","2317","鴻海","105.50","＋","認購","美式","112年01月04日","112年01月04日","112年06月29日","112年07月03日","0.18","    100.00","","",
="033218","廣宇凱基27購02","0.88","","2328","廣宇","39.40","＋","認購","美式","112年01月04日","112年01月04日","112年06月29日","112年07月03日","0.40","    40.00","","",
="033219","致茂凱基29購01","2.73","＋","2360","致茂","226.50","＋","認購","美式","112年01月04日","112年01月04日","112年08月31日","112年09月04日","0.065","    200.00","","",
="03321U","長興麥證27售02","0.00","","1717","長興","32.90","＋","認售","歐式","112年01月04日","112年07月03日","112年06月29日","112年07月03日","0.623","    26.96","","",
="033220","仲琦凱基29購01","0.00","","2419","仲琦","26.70","＋","認購","美式","112年01月04日","112年01月04日","112年08月31日","112年09月04日","0.50","    28.00","","",
="033221","漢翔凱基2B購01","5.20","","2634","漢翔","55.80","＋","認購","美式","112年01月04日","112年01月04日","112年11月01日","112年11月03日","0.55","    52.00","","",
="033222","美食凱基27購02","0.00","","2723","美食-KY","152.50","－","認購","美式","112年01月04日","112年01月04日","112年06月29日","112年07月03日","0.10","    165.00","","",
="033223","建漢凱基29購01","0.68","＋","3062","建漢","22.45","＋","認購","美式","112年01月04日","112年01月04日","112年08月31日","112年09月04日","0.50","    26.00","","",
="033224","晶心科凱基27購03","0.62","＋","6533","晶心科","511.00","＋","認購","美式","112年01月04日","112年01月04日","112年06月29日","112年07月03日","0.025","    550.00","","",
="033225","上証2X元大28購02","0.00","",="00633L","富邦上証正2","35.01","－","認購","美式","112年01月04日","112年01月04日","112年08月01日","112年08月03日","0.30","    43.00","","",
="033226","元油反元大2A購01","0.00","",="00673R","期元大S&P原油反1(原名：元大S&P原油反1)","9.03","－","認購","美式","112年01月04日","112年01月04日","112年09月28日","112年10月03日","0.80","    9.80","","",
="033227","台灣5G元大2B購01","0.00","",="00881","國泰台灣5G PLUS ETF基金","16.12","＋","認購","美式","112年01月04日","112年01月04日","112年11月01日","112年11月03日","1.025","    14.64","","",
="033228","華新元大27購03","0.00","","1605","華新","46.60","＋","認購","美式","112年01月04日","112年01月04日","112年06月29日","112年07月03日","0.262","    47.10","","",
="033229","鴻海元大2A購11","0.66","＋","2317","鴻海","105.50","＋","認購","美式","112年01月04日","112年01月04日","112年09月28日","112年10月03日","0.302","    129.00","","",
="03322U","矽格麥證27售02","0.00","","6257","矽格","54.50","＋","認售","歐式","112年01月04日","112年07月03日","112年06月29日","112年07月03日","0.80","    37.00","","",
="033230","宏達電元大27購02","0.39","","2498","宏達電","61.50","＋","認購","美式","112年01月04日","112年01月04日","112年06月29日","112年07月03日","0.25","    71.50","","",
="033231","長榮元大2A購10","1.06","＋","2603","長榮","157.00","＋","認購","美式","112年01月04日","112年01月04日","112年09月28日","112年10月03日","0.143","    204.00","","",
="033232","陽明元大27購03","0.00","","2609","陽明","62.00","＋","認購","美式","112年01月04日","112年01月04日","112年06月29日","112年07月03日","0.328","    74.60","","",
="033233","萬海元大27購03","0.00","","2615","萬海","60.00","＋","認購","美式","112年01月04日","112年01月04日","112年06月29日","112年07月03日","0.17","    90.30","","",
="033234","長榮航元大27購06","2.09","","2618","長榮航","33.60","＋","認購","美式","112年01月04日","112年01月04日","112年06月29日","112年07月03日","0.742","    31.40","","",
="033235","晶華元大27購01","0.00","","2707","晶華","288.00","＋","認購","美式","112年01月04日","112年01月04日","112年06月29日","112年07月03日","0.053","    276.50","","",
="033236","晶華元大27購02","0.00","","2707","晶華","288.00","＋","認購","美式","112年01月04日","112年01月04日","112年06月29日","112年07月03日","0.049","    269.00","","",
="033237","晶華元大27購03","0.00","","2707","晶華","288.00","＋","認購","美式","112年01月04日","112年01月04日","112年06月29日","112年07月03日","0.073","    316.50","","",
="033238","美食元大27購02","0.00","","2723","美食-KY","152.50","－","認購","美式","112年01月04日","112年01月04日","112年06月29日","112年07月03日","0.062","    146.50","","",
="033239","聯詠元大27購03","0.00","","3034","聯詠","423.50","＋","認購","美式","112年01月04日","112年01月04日","112年06月29日","112年07月03日","0.075","    375.00","","",
="03323P","敦泰元大27售01","0.00","","3545","敦泰","83.70","＋","認售","歐式","111年09月27日","112年07月26日","112年07月24日","112年07月26日","0.048","    60.00","","",
="03323U","台灣50永豐28售01","0.00","",="0050","元大台灣50","126.75","＋","認售","歐式","112年01月05日","112年08月04日","112年08月02日","112年08月04日","0.266","    102.69","","",
="033240","貿聯元大27購01","0.00","","3665","貿聯-KY","270.50","＋","認購","美式","112年01月04日","112年01月04日","112年06月29日","112年07月03日","0.052","    232.58","","",
="033241","富鼎元大27購02","0.00","","8261","富鼎","106.50","＋","認購","美式","112年01月04日","112年01月04日","112年06月29日","112年07月03日","0.069","    123.00","","",
="033242","電子類元大2A購03","0.00","","IX0027","電子類","797.58","","認購","歐式","112年01月04日","112年10月03日","112年09月28日","112年10月03日","0.04","    670.00","","",
="033243","電子類元大2A購04","4.50","＋","IX0027","電子類","797.58","","認購","歐式","112年01月04日","112年10月03日","112年09月28日","112年10月03日","0.03","    640.00","","",
="033244","金融類元大2A購03","0.00","","IX0039","金融類","1,620.43","","認購","歐式","112年01月04日","112年10月03日","112年09月28日","112年10月03日","0.015","    1,460.00","","",
="033245","金融類元大2A購04","0.00","","IX0039","金融類","1,620.43","","認購","歐式","112年01月04日","112年10月03日","112年09月28日","112年10月03日","0.015","    1,440.00","","",
="033246","SGBR2X中信2A購01","0.27","＋",="00715L","期街口布蘭特正2","12.73","＋","認購","歐式","112年01月04日","112年10月03日","112年09月28日","112年10月03日","0.30","    22.00","","",
="033247","長榮中信29購01","0.44","","2603","長榮","157.00","＋","認購","歐式","112年01月04日","112年09月04日","112年08月31日","112年09月04日","0.03","    168.00","","",
="033248","臺股指中信2B購05","0.00","","IX0001","臺股指數","16,636.30","","認購","歐式","112年01月04日","112年11月03日","112年11月01日","112年11月03日","0.001","    15,168.00","","",
="033249","東陽國泰29購01","1.92","＋","1319","東陽","49.90","＋","認購","美式","112年01月04日","112年01月04日","112年08月31日","112年09月04日","0.50","    55.00","","",
="03324U","國泰金永豐27售02","0.00","","2882","國泰金","44.75","＋","認售","歐式","112年01月05日","112年07月04日","112年06月30日","112年07月04日","0.695","    35.96","","",
="033250","華城國泰29購01","0.00","","1519","華城","141.00","＋","認購","美式","112年01月04日","112年01月04日","112年08月31日","112年09月04日","0.25","    60.00","","",
="033251","華通國泰29購01","0.54","－","2313","華通","44.30","＋","認購","美式","112年01月04日","112年01月04日","112年08月31日","112年09月04日","0.743","    56.50","","",
="033252","美食國泰29購01","0.00","","2723","美食-KY","152.50","－","認購","美式","112年01月04日","112年01月04日","112年08月31日","112年09月04日","0.12","    172.00","","",
="033253","晶心科國泰29購01","0.90","＋","6533","晶心科","511.00","＋","認購","美式","112年01月04日","112年01月04日","112年08月31日","112年09月04日","0.025","    611.00","","",
="033254","聯電富邦2A購02","1.53","＋","2303","聯電","51.20","＋","認購","美式","112年01月04日","112年01月04日","112年09月28日","112年10月03日","0.32","    52.00","","",
="033255","鴻海富邦2A購02","0.00","","2317","鴻海","105.50","＋","認購","美式","112年01月04日","112年01月04日","112年09月28日","112年10月03日","0.25","    130.00","","",
="033256","群創富邦2A購01","0.00","","3481","群創","14.10","＋","認購","美式","112年01月04日","112年01月04日","112年09月28日","112年10月03日","0.40","    10.50","","",
="033257","台灣50元富27購02","0.00","",="0050","元大台灣50","126.75","＋","認購","美式","112年01月04日","112年01月04日","112年06月29日","112年07月03日","0.205","    104.64","","",
="033258","鴻海元富27購03","0.00","","2317","鴻海","105.50","＋","認購","美式","112年01月04日","112年01月04日","112年06月29日","112年07月03日","0.08","    100.00","","",
="033259","鴻海元富27購04","0.00","","2317","鴻海","105.50","＋","認購","美式","112年01月04日","112年01月04日","112年06月29日","112年07月03日","0.10","    90.00","","",
="03325U","台積電統一29售04","0.00","","2330","台積電","568.00","＋","認售","歐式","112年01月05日","112年09月04日","112年08月31日","112年09月04日","0.02","    435.44","","",
="033260","鴻海元富27購05","0.00","","2317","鴻海","105.50","＋","認購","美式","112年01月04日","112年01月04日","112年06月29日","112年07月03日","0.40","    110.00","","",
="033261","鴻海元富2A購01","0.63","＋","2317","鴻海","105.50","＋","認購","美式","112年01月04日","112年01月04日","112年09月28日","112年10月03日","0.30","    120.00","","",
="033262","台積電元富27購27","0.00","","2330","台積電","568.00","＋","認購","美式","112年01月04日","112年01月04日","112年06月29日","112年07月03日","0.03","    447.58","","",
="033263","台積電元富2A購02","4.85","＋","2330","台積電","568.00","＋","認購","美式","112年01月04日","112年01月04日","112年09月28日","112年10月03日","0.04","    447.58","","",
="033264","神基元富28購01","0.00","","3005","神基","69.40","＋","認購","美式","112年01月04日","112年01月04日","112年08月01日","112年08月03日","0.429","    44.73","","",
="033265","康普元富2A購01","0.00","","4739","康普","88.80","＋","認購","美式","112年01月04日","112年01月04日","112年09月28日","112年10月03日","0.15","    107.00","","",
="033266","長興麥證27購01","0.00","","1717","長興","32.90","＋","認購","歐式","112年01月04日","112年07月03日","112年06月29日","112年07月03日","1.038","    37.44","","",
="033267","台積電麥證27購09","0.00","","2330","台積電","568.00","＋","認購","歐式","112年01月04日","112年07月03日","112年06月29日","112年07月03日","0.075","    447.58","","",
="033268","宏盛麥證27購01","0.00","","2534","宏盛","22.55","","認購","歐式","112年01月04日","112年07月03日","112年06月29日","112年07月03日","1.00","    28.00","","",
="033269","威健麥證27購01","1.13","","3033","威健","30.85","＋","認購","歐式","112年01月04日","112年07月03日","112年06月29日","112年07月03日","1.00","    33.00","","",
="03326P","SGBR2X凱基28售07","0.00","",="00715L","期街口布蘭特正2","12.73","＋","認售","歐式","111年10月19日","112年08月18日","112年08月16日","112年08月18日","0.35","    19.00","","",
="03326U","儒鴻凱基28售04","0.00","","1476","儒鴻","470.00","＋","認售","歐式","112年01月05日","112年08月04日","112年08月02日","112年08月04日","0.025","    450.00","","",
="033270","矽格麥證27購01","1.59","－","6257","矽格","54.50","＋","認購","歐式","112年01月04日","112年07月03日","112年06月29日","112年07月03日","0.70","    55.00","","",
="033271","臺股指麥證27購08","0.00","","IX0001","臺股指數","16,636.30","","認購","歐式","112年01月04日","112年07月03日","112年06月29日","112年07月03日","0.003","    13,600.00","","",
="033272","臺指反永豐29購01","0.00","",="00664R","國泰臺灣加權反1","5.58","－","認購","美式","112年01月05日","112年01月05日","112年08月31日","112年09月04日","1.00","    6.65","","",
="033273","東陽永豐28購01","1.56","","1319","東陽","49.90","＋","認購","美式","112年01月05日","112年01月05日","112年08月02日","112年08月04日","0.34","    50.31","","",
="033274","台積電統一31購02","2.06","＋","2330","台積電","568.00","＋","認購","美式","112年01月05日","112年01月05日","113年01月02日","113年01月04日","0.015","    462.20","","",
="033275","台積電統一37購02","1.52","－","2330","台積電","568.00","＋","認購","美式","112年01月05日","112年01月05日","113年07月02日","113年07月04日","0.018","    596.77","","",
="033276","長榮統一37購01","0.57","＋","2603","長榮","157.00","＋","認購","美式","112年01月05日","112年01月05日","113年07月02日","113年07月04日","0.025","    210.00","","",
="033277","長榮航統一2B購01","0.97","＋","2618","長榮航","33.60","＋","認購","美式","112年01月05日","112年01月05日","112年11月02日","112年11月06日","0.20","    31.68","","",
="033278","欣興統一2A購01","0.00","","3037","欣興","182.50","－","認購","美式","112年01月05日","112年01月05日","112年10月02日","112年10月04日","0.033","    122.88","","",
="033279","欣興統一2C購01","1.83","－","3037","欣興","182.50","－","認購","美式","112年01月05日","112年01月05日","112年11月30日","112年12月04日","0.028","    121.68","","",
="03327U","台達電凱基27售02","0.00","","2308","台達電","315.50","－","認售","歐式","112年01月05日","112年07月04日","112年06月30日","112年07月04日","0.06","    270.00","","",
="033280","健策統一2A購01","2.90","＋","3653","健策","616.00","＋","認購","美式","112年01月05日","112年01月05日","112年10月02日","112年10月04日","0.014","    431.50","","",
="033281","AES統一29購01","0.65","－","6781","AES-KY","690.00","＋","認購","美式","112年01月05日","112年01月05日","112年08月31日","112年09月04日","0.01","    759.00","","",
="033282","SP黃豆凱基2B購01","0.36","＋",="00693U","期街口S&P黃豆","24.41","＋","認購","美式","112年01月05日","112年01月05日","112年11月02日","112年11月06日","0.43","    30.00","","",
="033283","儒鴻凱基28購03","0.00","","1476","儒鴻","470.00","＋","認購","美式","112年01月05日","112年01月05日","112年08月02日","112年08月04日","0.10","    700.00","","",
="033284","神隆凱基28購02","0.00","","1789","神隆","26.20","＋","認購","美式","112年01月05日","112年01月05日","112年08月02日","112年08月04日","0.80","    38.00","","",
="033285","技嘉凱基27購04","0.00","","2376","技嘉","186.00","＋","認購","美式","112年01月05日","112年01月05日","112年06月30日","112年07月04日","0.10","    120.00","","",
="033286","聯發科凱基27購08","0.98","","2454","聯發科","738.00","＋","認購","美式","112年01月05日","112年01月05日","112年06月30日","112年07月04日","0.15","    880.00","","",
="033287","神基凱基28購01","0.00","","3005","神基","69.40","＋","認購","美式","112年01月05日","112年01月05日","112年08月02日","112年08月04日","0.644","    51.26","","",
="033288","大立光凱基27購11","1.99","＋","3008","大立光","2,305.00","＋","認購","美式","112年01月05日","112年01月05日","112年06月30日","112年07月04日","0.008","    2,107.28","","",
="033289","和鑫凱基29購01","0.59","","3049","和鑫","9.65","＋","認購","美式","112年01月05日","112年01月05日","112年08月31日","112年09月04日","1.00","    11.00","","",
="03328P","國泰金中信26售01","0.00","","2882","國泰金","44.75","＋","認售","歐式","111年12月02日","112年06月01日","112年05月30日","112年06月01日","1.016","    29.54","","",
="03328U","萬海凱基27售07","0.00","","2615","萬海","60.00","＋","認售","歐式","112年01月05日","112年07月04日","112年06月30日","112年07月04日","0.20","    68.00","","",
="033290","碩天凱基29購01","0.00","","3617","碩天","191.00","－","認購","美式","112年01月05日","112年01月05日","112年08月31日","112年09月04日","0.16","    140.00","","",
="033291","世芯凱基27購06","0.00","","3661","世芯-KY","1,660.00","＋","認購","美式","112年01月05日","112年01月05日","112年06月30日","112年07月04日","0.02","    960.00","","",
="033292","世芯凱基2A購01","8.95","","3661","世芯-KY","1,660.00","＋","認購","美式","112年01月05日","112年01月05日","112年10月02日","112年10月04日","0.012","    940.00","","",
="033293","貿聯凱基27購03","1.72","＋","3665","貿聯-KY","270.50","＋","認購","美式","112年01月05日","112年01月05日","112年06月30日","112年07月04日","0.10","    268.94","","",
="033294","貿聯凱基2B購01","1.31","＋","3665","貿聯-KY","270.50","＋","認購","美式","112年01月05日","112年01月05日","112年11月02日","112年11月06日","0.10","    338.67","","",
="033295","晶心科凱基29購01","0.91","＋","6533","晶心科","511.00","＋","認購","美式","112年01月05日","112年01月05日","112年08月31日","112年09月04日","0.02","    580.00","","",
="033296","嘉基凱基28購01","0.00","","6715","嘉基","145.50","＋","認購","美式","112年01月05日","112年01月05日","112年08月02日","112年08月04日","0.06","    140.00","","",
="033297","南電凱基27購05","2.65","－","8046","南電","302.50","－","認購","美式","112年01月05日","112年01月05日","112年06月30日","112年07月04日","0.08","    280.00","","",
="033298","亞聚元富27購01","0.00","","1308","亞聚","26.05","＋","認購","美式","112年01月05日","112年01月05日","112年06月30日","112年07月04日","0.43","    30.00","","",
="033299","華新元富2A購01","0.44","＋","1605","華新","46.60","＋","認購","美式","112年01月05日","112年01月05日","112年10月02日","112年10月04日","0.60","    69.49","","",
="03329U","長榮航凱基27售03","0.00","","2618","長榮航","33.60","＋","認售","歐式","112年01月05日","112年07月04日","112年06月30日","112年07月04日","1.00","    22.00","","",
="033300","長興元富27購01","0.00","","1717","長興","32.90","＋","認購","美式","112年01月05日","112年01月05日","112年06月30日","112年07月04日","1.038","    38.52","","",
="033301","美食元富2A購02","0.00","","2723","美食-KY","152.50","－","認購","美式","112年01月05日","112年01月05日","112年10月02日","112年10月04日","0.05","    200.00","","",
="033302","美食元富2A購03","0.00","","2723","美食-KY","152.50","－","認購","美式","112年01月05日","112年01月05日","112年10月02日","112年10月04日","0.035","    160.00","","",
="033303","世紀鋼元富2A購01","1.60","＋","9958","世紀鋼","109.50","＋","認購","美式","112年01月05日","112年01月05日","112年10月02日","112年10月04日","0.15","    120.00","","",
="033304","儒鴻麥證27購01","0.02","","1476","儒鴻","470.00","＋","認購","歐式","112年01月05日","112年07月04日","112年06月30日","112年07月04日","0.15","    650.00","","",
="033305","正新麥證27購01","2.13","","2105","正新","39.60","＋","認購","歐式","112年01月05日","112年07月04日","112年06月30日","112年07月04日","1.00","    38.88","","",
="033306","聯邦銀麥證27購01","0.00","","2838","聯邦銀","16.30","－","認購","歐式","112年01月05日","112年07月04日","112年06月30日","112年07月04日","1.00","    17.50","","",
="033307","臺指反國泰29購01","0.00","",="00664R","國泰臺灣加權反1","5.58","－","認購","美式","112年01月05日","112年01月05日","112年08月31日","112年09月04日","1.00","    6.85","","",
="033308","聯電國泰29購01","1.82","＋","2303","聯電","51.20","＋","認購","美式","112年01月05日","112年01月05日","112年08月31日","112年09月04日","1.00","    58.00","","",
="033309","聯發科國泰29購01","2.54","＋","2454","聯發科","738.00","＋","認購","美式","112年01月05日","112年01月05日","112年08月31日","112年09月04日","0.05","    768.00","","",
="03330U","晶豪科凱基27售02","0.00","","3006","晶豪科","88.20","＋","認售","歐式","112年01月05日","112年07月04日","112年06月30日","112年07月04日","0.30","    52.00","","",
="033310","聯發科國泰29購02","2.25","＋","2454","聯發科","738.00","＋","認購","美式","112年01月05日","112年01月05日","112年08月31日","112年09月04日","0.035","    736.00","","",
="033311","陽明國泰29購01","0.38","＋","2609","陽明","62.00","＋","認購","美式","112年01月05日","112年01月05日","112年08月31日","112年09月04日","0.35","    82.00","","",
="033312","長榮航國泰29購01","0.94","＋","2618","長榮航","33.60","＋","認購","美式","112年01月05日","112年01月05日","112年08月31日","112年09月04日","1.00","    42.00","","",
="033313","矽力國泰29購01","0.32","＋","6415","矽力*-KY","394.50","＋","認購","美式","112年01月05日","112年01月05日","112年08月31日","112年09月04日","0.025","    565.99","","",
="033314","晶碩國泰29購01","0.00","","6491","晶碩","366.50","＋","認購","美式","112年01月05日","112年01月05日","112年08月31日","112年09月04日","0.05","    514.00","","",
="033315","金像電富邦29購01","0.00","","2368","金像電","121.50","","認購","美式","112年01月05日","112年01月05日","112年08月31日","112年09月04日","0.052","    79.20","","",
="033316","威盛富邦2B購01","1.45","＋","2388","威盛","83.10","＋","認購","美式","112年01月05日","112年01月05日","112年11月02日","112年11月06日","0.06","    68.00","","",
="033317","華航富邦2A購01","1.09","＋","2610","華航","21.65","＋","認購","美式","112年01月05日","112年01月05日","112年10月02日","112年10月04日","0.40","    21.00","","",
="033318","凌陽國票28購01","1.26","＋","2401","凌陽","24.90","＋","認購","美式","112年01月05日","112年01月05日","112年08月02日","112年08月04日","1.00","    28.00","","",
="033319","宏達電國票28購03","0.00","","2498","宏達電","61.50","＋","認購","美式","112年01月05日","112年01月05日","112年08月02日","112年08月04日","0.50","    75.00","","",
="03331U","貿聯凱基28售01","0.00","","3665","貿聯-KY","270.50","＋","認售","歐式","112年01月05日","112年08月04日","112年08月02日","112年08月04日","0.05","    199.22","","",
="033320","欣陸國票28購01","0.00","","3703","欣陸","30.75","＋","認購","美式","112年01月05日","112年01月05日","112年08月02日","112年08月04日","0.60","    34.00","","",
="033321","眾達國票28購01","1.40","＋","4977","眾達-KY","113.00","＋","認購","美式","112年01月05日","112年01月05日","112年08月02日","112年08月04日","0.09","    110.00","","",
="033322","友達法興27購01","0.00","","2409","友達","17.65","＋","認購","歐式","112年01月05日","112年07月04日","112年06月30日","112年07月04日","1.00","    16.00","","",
="033323","華航法興27購01","1.12","＋","2610","華航","21.65","＋","認購","歐式","112年01月05日","112年07月04日","112年06月30日","112年07月04日","1.00","    22.00","","",
="033324","長榮航法興27購01","2.65","＋","2618","長榮航","33.60","＋","認購","歐式","112年01月05日","112年07月04日","112年06月30日","112年07月04日","0.60","    30.00","","",
="033325","富邦金法興27購01","0.00","","2881","富邦金","61.10","＋","認購","歐式","112年01月05日","112年07月04日","112年06月30日","112年07月04日","0.40","    60.00","","",
="033326","台表科法興27購01","0.00","","6278","台表科","100.50","＋","認購","歐式","112年01月05日","112年07月04日","112年06月30日","112年07月04日","0.20","    100.00","","",
="033327","富邦媒法興27購01","0.00","","8454","富邦媒","703.00","＋","認購","歐式","112年01月05日","112年07月04日","112年06月30日","112年07月04日","0.02","    750.00","","",
="033328","NASDAQ元大28購02","0.00","",="00662","富邦NASDAQ","56.65","＋","認購","美式","112年01月05日","112年01月05日","112年08月02日","112年08月04日","0.25","    44.00","","",
="033329","FBNQ2X元大28購02","0.00","",="00670L","富邦NASDAQ正2","78.90","＋","認購","美式","112年01月05日","112年01月05日","112年08月02日","112年08月04日","0.10","    56.00","","",
="03332U","元晶凱基28售01","0.67","","6443","元晶","36.20","＋","認售","歐式","112年01月05日","112年08月04日","112年08月02日","112年08月04日","0.40","    31.00","","",
="033330","FBNQ反元大28購03","0.00","",="00671R","富邦NASDAQ 反1","5.07","－","認購","美式","112年01月05日","112年01月05日","112年08月02日","112年08月04日","1.00","    7.30","","",
="033331","華新元大2A購11","1.08","＋","1605","華新","46.60","＋","認購","美式","112年01月05日","112年01月05日","112年10月02日","112年10月04日","0.274","    55.60","","",
="033332","鴻海元大2A購12","0.79","＋","2317","鴻海","105.50","＋","認購","美式","112年01月05日","112年01月05日","112年10月02日","112年10月04日","0.267","    124.50","","",
="033333","廣宇元大27購02","0.28","","2328","廣宇","39.40","＋","認購","美式","112年01月05日","112年01月05日","112年06月30日","112年07月04日","0.576","    46.95","","",
="033334","宏達電元大27購03","0.77","＋","2498","宏達電","61.50","＋","認購","美式","112年01月05日","112年01月05日","112年06月30日","112年07月04日","0.295","    66.90","","",
="033335","宏達電元大27購04","0.00","","2498","宏達電","61.50","＋","認購","美式","112年01月05日","112年01月05日","112年06月30日","112年07月04日","0.213","    59.50","","",
="033336","宏達電元大29購01","1.10","＋","2498","宏達電","61.50","＋","認購","美式","112年01月05日","112年01月05日","112年08月31日","112年09月04日","0.266","    73.20","","",
="033337","陽明元大27購04","0.00","","2609","陽明","62.00","＋","認購","美式","112年01月05日","112年01月05日","112年06月30日","112年07月04日","0.362","    78.60","","",
="033338","華航元大27購04","0.00","","2610","華航","21.65","＋","認購","美式","112年01月05日","112年01月05日","112年06月30日","112年07月04日","0.731","    21.10","","",
="033339","美食元大27購03","0.00","","2723","美食-KY","152.50","－","認購","美式","112年01月05日","112年01月05日","112年06月30日","112年07月04日","0.077","    174.50","","",
="03333U","台灣50元富27售03","0.00","",="0050","元大台灣50","126.75","＋","認售","歐式","112年01月05日","112年07月04日","112年06月30日","112年07月04日","0.256","    107.58","","",
="033340","聯詠元大27購04","2.25","","3034","聯詠","423.50","＋","認購","美式","112年01月05日","112年01月05日","112年06月30日","112年07月04日","0.228","    470.00","","",
="033341","上緯控元大27購01","0.00","","3708","上緯投控","96.50","－","認購","美式","112年01月05日","112年01月05日","112年06月30日","112年07月04日","0.165","    125.00","","",
="033342","天鈺元大27購02","0.00","","4961","天鈺","154.00","＋","認購","美式","112年01月05日","112年01月05日","112年06月30日","112年07月04日","0.077","    139.00","","",
="033343","矽力元大27購01","0.20","＋","6415","矽力*-KY","394.50","＋","認購","美式","112年01月05日","112年01月05日","112年06月30日","112年07月04日","0.021","    513.45","","",
="033344","穎崴元大27購01","0.00","","6515","穎崴","830.00","－","認購","美式","112年01月05日","112年01月05日","112年06月30日","112年07月04日","0.021","    429.00","","",
="033345","臺股指元大2A購32","4.30","＋","IX0001","臺股指數","16,636.30","","認購","歐式","112年01月05日","112年10月04日","112年10月02日","112年10月04日","0.01","    17,500.00","","",
="033346","臺股指元大2A購33","4.06","＋","IX0001","臺股指數","16,636.30","","認購","歐式","112年01月05日","112年10月04日","112年10月02日","112年10月04日","0.003","    15,400.00","","",
="033347","臺股指元大2A購34","2.88","＋","IX0001","臺股指數","16,636.30","","認購","歐式","112年01月05日","112年10月04日","112年10月02日","112年10月04日","0.001","    13,600.00","","",
="033348","臺股指元大2B購10","4.58","＋","IX0001","臺股指數","16,636.30","","認購","歐式","112年01月05日","112年11月06日","112年11月02日","112年11月06日","0.005","    16,400.00","","",
="033349","臺股指元大2B購11","0.00","","IX0001","臺股指數","16,636.30","","認購","歐式","112年01月05日","112年11月06日","112年11月02日","112年11月06日","0.002","    14,600.00","","",
="03334U","美食元富27售01","0.00","","2723","美食-KY","152.50","－","認售","歐式","112年01月05日","112年07月04日","112年06月30日","112年07月04日","0.035","    135.00","","",
="033350","台灣50群益27購03","0.00","",="0050","元大台灣50","126.75","＋","認購","美式","112年01月05日","112年01月05日","112年06月30日","112年07月04日","0.307","    109.53","","",
="033351","台灣50群益27購04","0.00","",="0050","元大台灣50","126.75","＋","認購","美式","112年01月05日","112年01月05日","112年06月30日","112年07月04日","1.023","    122.25","","",
="033352","FBNQ反群益29購01","0.00","",="00671R","富邦NASDAQ 反1","5.07","－","認購","美式","112年01月05日","112年01月05日","112年08月31日","112年09月04日","1.00","    6.75","","",
="033353","元油反群益29購01","0.00","",="00673R","期元大S&P原油反1(原名：元大S&P原油反1)","9.03","－","認購","美式","112年01月05日","112年01月05日","112年08月31日","112年09月04日","0.90","    8.88","","",
="033354","堤維西群益27購01","0.00","","1522","堤維西","29.10","＋","認購","美式","112年01月05日","112年01月05日","112年06月30日","112年07月04日","0.40","    33.00","","",
="033355","中鴻群益27購02","0.00","","2014","中鴻","23.15","＋","認購","美式","112年01月05日","112年01月05日","112年06月30日","112年07月04日","0.30","    33.40","","",
="033356","聯電群益27購02","4.09","＋","2303","聯電","51.20","＋","認購","美式","112年01月05日","112年01月05日","112年06月30日","112年07月04日","0.50","    44.00","","",
="033357","華通群益27購01","1.22","－","2313","華通","44.30","＋","認購","美式","112年01月05日","112年01月05日","112年06月30日","112年07月04日","1.009","    48.03","","",
="033358","國巨群益27購01","0.00","","2327","國巨","508.00","＋","認購","美式","112年01月05日","112年01月05日","112年06月30日","112年07月04日","0.03","    575.00","","",
="033359","南亞科群益27購01","0.00","","2408","南亞科","71.20","－","認購","美式","112年01月05日","112年01月05日","112年06月30日","112年07月04日","0.45","    60.00","","",
="03335U","儒鴻麥證28售01","0.00","","1476","儒鴻","470.00","＋","認售","歐式","112年01月05日","112年08月04日","112年08月02日","112年08月04日","0.20","    300.00","","",
="033360","南亞科群益27購02","4.70","－","2408","南亞科","71.20","－","認購","美式","112年01月05日","112年01月05日","112年06月30日","112年07月04日","0.80","    68.00","","",
="033361","友達群益27購05","1.39","＋","2409","友達","17.65","＋","認購","美式","112年01月05日","112年01月05日","112年06月30日","112年07月04日","1.00","    17.00","","",
="033362","聯發科群益27購08","3.97","＋","2454","聯發科","738.00","＋","認購","美式","112年01月05日","112年01月05日","112年06月30日","112年07月04日","0.025","    600.00","","",
="033363","聯發科群益28購02","1.86","＋","2454","聯發科","738.00","＋","認購","美式","112年01月05日","112年01月05日","112年08月02日","112年08月04日","0.20","    937.00","","",
="033364","全新群益27購01","2.83","＋","2455","全新","100.00","","認購","美式","112年01月05日","112年01月05日","112年06月30日","112年07月04日","0.15","    85.00","","",
="033365","義隆群益28購01","1.28","","2458","義隆","104.00","＋","認購","美式","112年01月05日","112年01月05日","112年08月02日","112年08月04日","0.103","    95.07","","",
="033366","華航群益27購01","1.25","＋","2610","華航","21.65","＋","認購","美式","112年01月05日","112年01月05日","112年06月30日","112年07月04日","1.00","    21.50","","",
="033367","萬海群益27購01","0.00","","2615","萬海","60.00","＋","認購","美式","112年01月05日","112年01月05日","112年06月30日","112年07月04日","0.30","    100.00","","",
="033368","台航群益27購01","0.00","","2617","台航","29.35","＋","認購","美式","112年01月05日","112年01月05日","112年06月30日","112年07月04日","0.90","    33.80","","",
="033369","慧洋群益27購02","0.00","","2637","慧洋-KY","60.30","＋","認購","美式","112年01月05日","112年01月05日","112年06月30日","112年07月04日","0.448","    79.23","","",
="03336U","致茂麥證27售01","0.05","","2360","致茂","226.50","＋","認售","歐式","112年01月05日","112年07月04日","112年06月30日","112年07月04日","0.10","    155.00","","",
="033370","美食群益27購01","0.18","－","2723","美食-KY","152.50","－","認購","美式","112年01月05日","112年01月05日","112年06月30日","112年07月04日","0.18","    200.00","","",
="033371","八方群益27購01","0.00","","2753","八方雲集","167.00","","認購","美式","112年01月05日","112年01月05日","112年06月30日","112年07月04日","0.07","    270.00","","",
="033372","欣興群益27購01","0.00","","3037","欣興","182.50","－","認購","美式","112年01月05日","112年01月05日","112年06月30日","112年07月04日","0.17","    175.00","","",
="033373","景碩群益27購01","0.45","＋","3189","景碩","116.00","＋","認購","美式","112年01月05日","112年01月05日","112年06月30日","112年07月04日","0.18","    136.00","","",
="033374","玉晶光群益27購01","0.51","","3406","玉晶光","400.00","＋","認購","美式","112年01月05日","112年01月05日","112年06月30日","112年07月04日","0.07","    466.00","","",
="033375","華擎群益27購01","0.00","","3515","華擎","154.00","＋","認購","美式","112年01月05日","112年01月05日","112年06月30日","112年07月04日","0.07","    150.00","","",
="033376","瑞鼎群益27購01","1.29","","3592","瑞鼎","348.00","＋","認購","美式","112年01月05日","112年01月05日","112年06月30日","112年07月04日","0.04","    335.00","","",
="033377","康舒群益27購01","0.00","","6282","康舒","44.05","＋","認購","美式","112年01月05日","112年01月05日","112年06月30日","112年07月04日","0.70","    33.00","","",
="033378","緯穎群益27購01","0.00","","6669","緯穎","1,205.00","＋","認購","美式","112年01月05日","112年01月05日","112年06月30日","112年07月04日","0.015","    840.00","","",
="033379","力積電群益27購01","0.15","＋","6770","力積電","30.85","＋","認購","美式","112年01月05日","112年01月05日","112年06月30日","112年07月04日","0.504","    35.69","","",
="03337U","健策麥證27售01","0.00","","3653","健策","616.00","＋","認售","歐式","112年01月05日","112年07月04日","112年06月30日","112年07月04日","0.15","    250.00","","",
="033380","南電群益27購02","0.00","","8046","南電","302.50","－","認購","美式","112年01月05日","112年01月05日","112年06月30日","112年07月04日","0.04","    270.00","","",
="033381","富鼎群益27購01","0.00","","8261","富鼎","106.50","＋","認購","美式","112年01月05日","112年01月05日","112年06月30日","112年07月04日","0.08","    128.00","","",
="033382","東哥群益27購01","0.00","","8478","東哥遊艇","520.00","＋","認購","美式","112年01月05日","112年01月05日","112年06月30日","112年07月04日","0.04","    333.00","","",
="033383","泰山國票27購01","0.00","","1218","泰山","31.85","－","認購","美式","112年01月06日","112年01月06日","112年07月03日","112年07月05日","0.35","    38.00","","",
="033384","華夏國票28購01","0.00","","1305","華夏","23.85","－","認購","美式","112年01月06日","112年01月06日","112年08月03日","112年08月07日","0.80","    32.00","","",
="033385","生達國票27購01","0.00","","1720","生達","70.80","＋","認購","美式","112年01月06日","112年01月06日","112年07月03日","112年07月05日","0.15","    70.00","","",
="033386","台玻國票28購01","0.00","","1802","台玻","18.50","＋","認購","美式","112年01月06日","112年01月06日","112年08月03日","112年08月07日","1.00","    26.00","","",
="033387","中航國票28購01","0.00","","2612","中航","39.70","＋","認購","美式","112年01月06日","112年01月06日","112年08月03日","112年08月07日","1.00","    59.00","","",
="033388","美食國票28購01","0.00","","2723","美食-KY","152.50","－","認購","美式","112年01月06日","112年01月06日","112年08月03日","112年08月07日","0.18","    210.00","","",
="033389","永信國票27購01","0.00","","3705","永信","46.25","＋","認購","美式","112年01月06日","112年01月06日","112年07月03日","112年07月05日","0.25","    55.00","","",
="03338U","大聯大麥證27售01","0.00","","3702","大聯大","53.00","＋","認售","歐式","112年01月05日","112年07月04日","112年06月30日","112年07月04日","0.38","    42.00","","",
="033390","力成國票28購01","0.00","","6239","力成","98.70","＋","認購","美式","112年01月06日","112年01月06日","112年08月03日","112年08月07日","0.60","    100.00","","",
="033391","采鈺國票27購01","0.87","＋","6789","采鈺","224.00","＋","認購","美式","112年01月06日","112年01月06日","112年07月03日","112年07月05日","0.06","    230.00","","",
="033392","日友國票27購01","0.00","","8341","日友","158.00","－","認購","美式","112年01月06日","112年01月06日","112年07月03日","112年07月05日","0.05","    200.00","","",
="033393","天鈺兆豐28購01","0.00","","4961","天鈺","154.00","＋","認購","美式","112年01月06日","112年01月06日","112年08月03日","112年08月07日","0.055","    125.00","","",
="033394","樺漢兆豐27購01","0.00","","6414","樺漢","281.00","＋","認購","美式","112年01月06日","112年01月06日","112年07月03日","112年07月05日","0.045","    220.00","","",
="033395","生達統一29購01","0.00","","1720","生達","70.80","＋","認購","美式","112年01月06日","112年01月06日","112年09月01日","112年09月05日","0.04","    70.10","","",
="033396","生達統一2B購01","0.00","","1720","生達","70.80","＋","認購","美式","112年01月06日","112年01月06日","112年11月02日","112年11月06日","0.042","    60.66","","",
="033397","生達統一2C購01","0.00","","1720","生達","70.80","＋","認購","美式","112年01月06日","112年01月06日","112年12月01日","112年12月05日","0.042","    88.88","","",
="033398","聯發科統一2B購02","1.51","＋","2454","聯發科","738.00","＋","認購","美式","112年01月06日","112年01月06日","112年11月02日","112年11月06日","0.012","    666.66","","",
="033399","聯發科統一2B購03","1.05","＋","2454","聯發科","738.00","＋","認購","美式","112年01月06日","112年01月06日","112年11月02日","112年11月06日","0.01","    688.88","","",
="03339U","台積電國泰29售01","0.05","","2330","台積電","568.00","＋","認售","歐式","112年01月05日","112年09月04日","112年08月31日","112年09月04日","0.201","    379.94","","",
="033400","萬海統一28購01","0.00","","2615","萬海","60.00","＋","認購","美式","112年01月06日","112年01月06日","112年08月03日","112年08月07日","0.10","    82.40","","",
="033401","欣興統一28購01","0.00","","3037","欣興","182.50","－","認購","美式","112年01月06日","112年01月06日","112年08月03日","112年08月07日","0.06","    127.80","","",
="033402","南電統一2B購01","1.52","－","8046","南電","302.50","－","認購","美式","112年01月06日","112年01月06日","112年11月02日","112年11月06日","0.02","    241.68","","",
="033403","泰山永豐27購01","0.20","－","1218","泰山","31.85","－","認購","美式","112年01月06日","112年01月06日","112年07月03日","112年07月05日","0.38","    37.35","","",
="033404","華夏永豐28購01","0.00","","1305","華夏","23.85","－","認購","美式","112年01月06日","112年01月06日","112年08月03日","112年08月07日","0.49","    31.53","","",
="033405","名軒永豐27購01","0.00","","1442","名軒","32.90","","認購","美式","112年01月06日","112年01月06日","112年07月03日","112年07月05日","0.39","    39.16","","",
="033406","葡萄王永豐27購01","0.00","","1707","葡萄王","175.00","＋","認購","美式","112年01月06日","112年01月06日","112年07月03日","112年07月05日","0.058","    200.70","","",
="033407","生達永豐28購01","0.00","","1720","生達","70.80","＋","認購","美式","112年01月06日","112年01月06日","112年08月03日","112年08月07日","0.135","    67.22","","",
="033408","生達永豐29購01","1.41","","1720","生達","70.80","＋","認購","美式","112年01月06日","112年01月06日","112年09月01日","112年09月05日","0.16","    75.99","","",
="033409","第一銅永豐27購01","0.00","","2009","第一銅","32.10","＋","認購","美式","112年01月06日","112年01月06日","112年07月03日","112年07月05日","0.40","    35.79","","",
="03340P","鴻海凱基27售02","0.00","","2317","鴻海","105.50","＋","認售","歐式","111年10月19日","112年07月18日","112年07月14日","112年07月18日","0.45","    85.00","","",
="03340U","智原國泰29售01","0.34","－","3035","智原","173.50","＋","認售","歐式","112年01月05日","112年09月04日","112年08月31日","112年09月04日","0.12","    110.00","","",
="033410","長榮鋼永豐28購01","0.00","","2211","長榮鋼","60.90","＋","認購","美式","112年01月06日","112年01月06日","112年08月03日","112年08月07日","0.31","    60.38","","",
="033411","聯強永豐27購01","0.00","","2347","聯強","64.40","－","認購","美式","112年01月06日","112年01月06日","112年07月03日","112年07月05日","0.38","    67.33","","",
="033412","金像電永豐27購01","0.00","","2368","金像電","121.50","","認購","美式","112年01月06日","112年01月06日","112年07月03日","112年07月05日","0.207","    95.64","","",
="033413","正崴永豐27購01","0.55","","2392","正崴","40.30","＋","認購","美式","112年01月06日","112年01月06日","112年07月03日","112年07月05日","0.45","    42.64","","",
="033414","南亞科永豐27購01","0.00","","2408","南亞科","71.20","－","認購","美式","112年01月06日","112年01月06日","112年07月03日","112年07月05日","0.29","    59.95","","",
="033415","建準永豐27購01","0.00","","2421","建準","89.00","＋","認購","美式","112年01月06日","112年01月06日","112年07月03日","112年07月05日","0.28","    49.11","","",
="033416","超豐永豐27購01","1.45","－","2441","超豐","56.90","－","認購","美式","112年01月06日","112年01月06日","112年07月03日","112年07月05日","0.33","    55.06","","",
="033417","聯陽永豐27購01","0.00","","3014","聯陽","113.50","＋","認購","美式","112年01月06日","112年01月06日","112年07月03日","112年07月05日","0.21","    85.27","","",
="033418","威強電永豐27購01","1.52","＋","3022","威強電","91.20","＋","認購","美式","112年01月06日","112年01月06日","112年07月03日","112年07月05日","0.13","    82.66","","",
="033419","台勝科永豐27購01","0.64","＋","3532","台勝科","157.00","＋","認購","美式","112年01月06日","112年01月06日","112年07月03日","112年07月05日","0.069","    163.30","","",
="03341U","裕隆國票28售01","0.00","","2201","裕隆","82.80","＋","認售","歐式","112年01月05日","112年08月04日","112年08月02日","112年08月04日","0.40","    50.00","","",
="033420","永信永豐27購01","0.00","","3705","永信","46.25","＋","認購","美式","112年01月06日","112年01月06日","112年07月03日","112年07月05日","0.24","    51.23","","",
="033421","麗豐永豐27購01","0.51","","4137","麗豐-KY","216.00","＋","認購","美式","112年01月06日","112年01月06日","112年07月03日","112年07月05日","0.054","    238.20","","",
="033422","廣越永豐28購01","0.00","","4438","廣越","117.00","","認購","美式","112年01月06日","112年01月06日","112年08月03日","112年08月07日","0.072","    149.06","","",
="033423","祥碩永豐27購01","0.00","","5269","祥碩","1,300.00","＋","認購","美式","112年01月06日","112年01月06日","112年07月03日","112年07月05日","0.014","    789.60","","",
="033424","上海銀永豐27購01","0.27","","5876","上海商銀","45.85","＋","認購","美式","112年01月06日","112年01月06日","112年07月03日","112年07月05日","0.50","    52.01","","",
="033425","盛群永豐27購01","0.00","","6202","盛群","69.70","＋","認購","美式","112年01月06日","112年01月06日","112年07月03日","112年07月05日","0.235","    79.41","","",
="033426","力成永豐27購01","0.00","","6239","力成","98.70","＋","認購","美式","112年01月06日","112年01月06日","112年07月03日","112年07月05日","0.274","    91.60","","",
="033427","啟碁永豐28購02","1.30","＋","6285","啟碁","87.50","＋","認購","美式","112年01月06日","112年01月06日","112年08月03日","112年08月07日","0.168","    88.00","","",
="033428","力智永豐28購01","1.57","＋","6719","力智","303.00","＋","認購","美式","112年01月06日","112年01月06日","112年08月03日","112年08月07日","0.041","    297.30","","",
="033429","AES永豐27購03","0.47","","6781","AES-KY","690.00","＋","認購","美式","112年01月06日","112年01月06日","112年07月03日","112年07月05日","0.017","    770.10","","",
="03342U","八方國票28售01","0.00","","2753","八方雲集","167.00","","認售","歐式","112年01月05日","112年08月04日","112年08月02日","112年08月04日","0.11","    160.00","","",
="033430","采鈺永豐29購01","1.23","＋","6789","采鈺","224.00","＋","認購","美式","112年01月06日","112年01月06日","112年09月01日","112年09月05日","0.05","    233.94","","",
="033431","采鈺永豐29購02","0.77","＋","6789","采鈺","224.00","＋","認購","美式","112年01月06日","112年01月06日","112年09月01日","112年09月05日","0.06","    277.55","","",
="033432","矽創永豐27購01","0.00","","8016","矽創","225.50","＋","認購","美式","112年01月06日","112年01月06日","112年07月03日","112年07月05日","0.077","    213.61","","",
="033433","南電永豐27購02","0.00","","8046","南電","302.50","－","認購","美式","112年01月06日","112年01月06日","112年07月03日","112年07月05日","0.058","    247.80","","",
="033434","明基材永豐28購01","0.78","＋","8215","明基材","35.30","＋","認購","美式","112年01月06日","112年01月06日","112年08月03日","112年08月07日","0.51","    40.47","","",
="033435","日友永豐28購01","0.00","","8341","日友","158.00","－","認購","美式","112年01月06日","112年01月06日","112年08月03日","112年08月07日","0.045","    194.06","","",
="033436","百和永豐27購01","0.00","","9938","百和","55.00","＋","認購","美式","112年01月06日","112年01月06日","112年07月03日","112年07月05日","0.28","    66.41","","",
="033437","上証2X凱基2A購02","0.75","－",="00633L","富邦上証正2","35.01","－","認購","美式","112年01月06日","112年01月06日","112年10月03日","112年10月05日","0.30","    40.00","","",
="033438","泰山凱基27購01","0.19","－","1218","泰山","31.85","－","認購","美式","112年01月06日","112年01月06日","112年07月03日","112年07月05日","0.60","    40.00","","",
="033439","華夏凱基27購01","0.00","","1305","華夏","23.85","－","認購","美式","112年01月06日","112年01月06日","112年07月03日","112年07月05日","0.75","    35.00","","",
="03343U","玉晶光國票29售01","0.12","－","3406","玉晶光","400.00","＋","認售","歐式","112年01月05日","112年09月04日","112年08月31日","112年09月04日","0.085","    220.00","","",
="033440","台達化凱基27購01","0.00","","1309","台達化","19.90","－","認購","美式","112年01月06日","112年01月06日","112年07月03日","112年07月05日","0.75","    25.00","","",
="033441","亞力凱基27購01","10.00","","1514","亞力","51.60","＋","認購","美式","112年01月06日","112年01月06日","112年07月03日","112年07月05日","0.60","    35.00","","",
="033442","葡萄王凱基27購01","0.00","","1707","葡萄王","175.00","＋","認購","美式","112年01月06日","112年01月06日","112年07月03日","112年07月05日","0.15","    220.00","","",
="033443","葡萄王凱基28購01","0.00","","1707","葡萄王","175.00","＋","認購","美式","112年01月06日","112年01月06日","112年08月03日","112年08月07日","0.20","    250.00","","",
="033444","生達凱基27購01","0.00","","1720","生達","70.80","＋","認購","美式","112年01月06日","112年01月06日","112年07月03日","112年07月05日","0.15","    70.00","","",
="033445","生達凱基28購01","0.00","","1720","生達","70.80","＋","認購","美式","112年01月06日","112年01月06日","112年08月03日","112年08月07日","0.20","    85.00","","",
="033446","台玻凱基27購01","0.00","","1802","台玻","18.50","＋","認購","美式","112年01月06日","112年01月06日","112年07月03日","112年07月05日","1.00","    25.00","","",
="033447","正崴凱基27購01","0.00","","2392","正崴","40.30","＋","認購","美式","112年01月06日","112年01月06日","112年07月03日","112年07月05日","1.00","    45.00","","",
="033448","超豐凱基27購01","1.22","－","2441","超豐","56.90","－","認購","美式","112年01月06日","112年01月06日","112年07月03日","112年07月05日","0.55","    60.00","","",
="033449","長榮凱基27購12","0.17","＋","2603","長榮","157.00","＋","認購","美式","112年01月06日","112年01月06日","112年07月03日","112年07月05日","0.08","    180.00","","",
="03344U","晶心科國票29售02","0.00","","6533","晶心科","511.00","＋","認售","歐式","112年01月05日","112年09月04日","112年08月31日","112年09月04日","0.01","    475.00","","",
="033450","兆豐金凱基27購01","2.31","＋","2886","兆豐金","36.20","＋","認購","美式","112年01月06日","112年01月06日","112年07月03日","112年07月05日","1.00","    35.00","","",
="033451","永信凱基27購01","0.00","","3705","永信","46.25","＋","認購","美式","112年01月06日","112年01月06日","112年07月03日","112年07月05日","0.35","    60.00","","",
="033452","麗豐凱基27購01","0.00","","4137","麗豐-KY","216.00","＋","認購","美式","112年01月06日","112年01月06日","112年07月03日","112年07月05日","0.10","    250.00","","",
="033453","亞翔凱基27購01","0.00","","6139","亞翔","63.80","－","認購","美式","112年01月06日","112年01月06日","112年07月03日","112年07月05日","0.60","    45.00","","",
="033454","帆宣凱基27購02","0.00","","6196","帆宣","131.50","","認購","美式","112年01月06日","112年01月06日","112年07月03日","112年07月05日","0.10","    140.00","","",
="033455","力成凱基27購01","2.69","＋","6239","力成","98.70","＋","認購","美式","112年01月06日","112年01月06日","112年07月03日","112年07月05日","0.65","    100.00","","",
="033456","訊芯凱基27購01","0.00","","6451","訊芯-KY","88.60","＋","認購","美式","112年01月06日","112年01月06日","112年07月03日","112年07月05日","0.25","    100.00","","",
="033457","采鈺凱基27購01","0.00","","6789","采鈺","224.00","＋","認購","美式","112年01月06日","112年01月06日","112年07月03日","112年07月05日","0.08","    250.00","","",
="033458","采鈺凱基28購01","0.00","","6789","采鈺","224.00","＋","認購","美式","112年01月06日","112年01月06日","112年08月03日","112年08月07日","0.10","    290.00","","",
="033459","日友凱基27購01","0.00","","8341","日友","158.00","－","認購","美式","112年01月06日","112年01月06日","112年07月03日","112年07月05日","0.06","    220.00","","",
="03345U","晶心科國票2A售01","0.67","－","6533","晶心科","511.00","＋","認售","歐式","112年01月05日","112年10月04日","112年10月02日","112年10月04日","0.012","    425.00","","",
="033460","臺股指凱基28購03","0.00","","IX0001","臺股指數","16,636.30","","認購","歐式","112年01月06日","112年08月07日","112年08月03日","112年08月07日","0.002","    14,300.00","","",
="033461","臺股指凱基28購04","0.00","","IX0001","臺股指數","16,636.30","","認購","歐式","112年01月06日","112年08月07日","112年08月03日","112年08月07日","0.002","    14,500.00","","",
="033462","臺股指凱基29購27","0.00","","IX0001","臺股指數","16,636.30","","認購","歐式","112年01月06日","112年09月05日","112年09月01日","112年09月05日","0.004","    15,200.00","","",
="033463","臺股指凱基2B購03","0.00","","IX0001","臺股指數","16,636.30","","認購","歐式","112年01月06日","112年11月06日","112年11月02日","112年11月06日","0.001","    14,000.00","","",
="033464","臺股指凱基2B購04","0.00","","IX0001","臺股指數","16,636.30","","認購","歐式","112年01月06日","112年11月06日","112年11月02日","112年11月06日","0.002","    14,400.00","","",
="033465","華夏群益27購01","0.00","","1305","華夏","23.85","－","認購","美式","112年01月06日","112年01月06日","112年07月03日","112年07月05日","1.00","    40.00","","",
="033466","東陽群益27購01","0.00","","1319","東陽","49.90","＋","認購","美式","112年01月06日","112年01月06日","112年07月03日","112年07月05日","0.40","    50.00","","",
="033467","興農群益28購01","0.00","","1712","興農","35.25","＋","認購","美式","112年01月06日","112年01月06日","112年08月03日","112年08月07日","0.859","    44.68","","",
="033468","生達群益27購01","0.00","","1720","生達","70.80","＋","認購","美式","112年01月06日","112年01月06日","112年07月03日","112年07月05日","0.20","    70.00","","",
="033469","台達電群益28購01","0.51","－","2308","台達電","315.50","－","認購","美式","112年01月06日","112年01月06日","112年08月03日","112年08月07日","0.08","    368.80","","",
="03346U","旺宏元大27售01","0.00","","2337","旺宏","33.40","＋","認售","歐式","112年01月05日","112年07月04日","112年06月30日","112年07月04日","0.888","    26.75","","",
="033470","鴻海群益27購03","1.54","＋","2317","鴻海","105.50","＋","認購","美式","112年01月06日","112年01月06日","112年07月03日","112年07月05日","0.20","    100.00","","",
="033471","鴻海群益27購04","1.26","","2317","鴻海","105.50","＋","認購","美式","112年01月06日","112年01月06日","112年07月03日","112年07月05日","0.50","    110.00","","",
="033472","聯強群益27購01","0.14","","2347","聯強","64.40","－","認購","美式","112年01月06日","112年01月06日","112年07月03日","112年07月05日","0.50","    75.00","","",
="033473","仲琦群益28購01","0.71","","2419","仲琦","26.70","＋","認購","美式","112年01月06日","112年01月06日","112年08月03日","112年08月07日","0.45","    30.00","","",
="033474","強茂群益28購01","1.36","＋","2481","強茂","70.20","＋","認購","美式","112年01月06日","112年01月06日","112年08月03日","112年08月07日","0.25","    72.80","","",
="033475","華新科群益28購01","2.32","＋","2492","華新科","101.00","＋","認購","美式","112年01月06日","112年01月06日","112年08月03日","112年08月07日","0.25","    98.80","","",
="033476","美食群益27購02","0.00","","2723","美食-KY","152.50","－","認購","美式","112年01月06日","112年01月06日","112年07月03日","112年07月05日","0.16","    188.00","","",
="033477","亞光群益28購01","0.67","＋","3019","亞光","65.20","＋","認購","美式","112年01月06日","112年01月06日","112年08月03日","112年08月07日","0.30","    77.70","","",
="033478","群創群益28購01","0.00","","3481","群創","14.10","＋","認購","美式","112年01月06日","112年01月06日","112年08月03日","112年08月07日","0.95","    13.88","","",
="033479","貿聯群益27購01","0.60","","3665","貿聯-KY","270.50","＋","認購","美式","112年01月06日","112年01月06日","112年07月03日","112年07月05日","0.05","    278.90","","",
="03347U","金像電元大27售03","0.00","","2368","金像電","121.50","","認售","歐式","112年01月05日","112年07月04日","112年06月30日","112年07月04日","0.223","    68.77","","",
="033480","永信群益27購01","0.00","","3705","永信","46.25","＋","認購","美式","112年01月06日","112年01月06日","112年07月03日","112年07月05日","0.30","    60.00","","",
="033481","富采群益28購01","0.00","","3714","富采","49.90","＋","認購","美式","112年01月06日","112年01月06日","112年08月03日","112年08月07日","0.50","    60.00","","",
="033482","麗豐群益29購01","0.97","＋","4137","麗豐-KY","216.00","＋","認購","美式","112年01月06日","112年01月06日","112年09月01日","112年09月05日","0.06","    250.00","","",
="033483","拓凱群益27購01","0.00","","4536","拓凱","196.50","＋","認購","美式","112年01月06日","112年01月06日","112年07月03日","112年07月05日","0.07","    225.00","","",
="033484","彩晶群益28購01","0.26","","6116","彩晶","12.25","＋","認購","美式","112年01月06日","112年01月06日","112年08月03日","112年08月07日","1.00","    14.85","","",
="033485","台郡群益27購01","0.00","","6269","台郡","99.00","＋","認購","美式","112年01月06日","112年01月06日","112年07月03日","112年07月05日","0.25","    123.00","","",
="033486","啟碁群益27購01","0.49","","6285","啟碁","87.50","＋","認購","美式","112年01月06日","112年01月06日","112年07月03日","112年07月05日","0.20","    93.00","","",
="033487","宏全群益28購01","2.08","＋","9939","宏全","106.50","＋","認購","美式","112年01月06日","112年01月06日","112年08月03日","112年08月07日","0.25","    108.00","","",
="033488","泰山中信27購01","0.02","－","1218","泰山","31.85","－","認購","歐式","112年01月06日","112年07月05日","112年07月03日","112年07月05日","1.00","    48.00","","",
="033489","華夏中信27購01","0.00","","1305","華夏","23.85","－","認購","歐式","112年01月06日","112年07月05日","112年07月03日","112年07月05日","0.32","    32.00","","",
="03348U","聯發科元大27售11","0.00","","2454","聯發科","738.00","＋","認售","歐式","112年01月05日","112年07月04日","112年06月30日","112年07月04日","0.068","    511.00","","",
="033490","葡萄王中信27購01","0.40","－","1707","葡萄王","175.00","＋","認購","歐式","112年01月06日","112年07月05日","112年07月03日","112年07月05日","0.08","    195.88","","",
="033491","台玻中信27購01","0.00","","1802","台玻","18.50","＋","認購","歐式","112年01月06日","112年07月05日","112年07月03日","112年07月05日","0.58","    24.50","","",
="033492","聯強中信27購01","1.01","＋","2347","聯強","64.40","－","認購","歐式","112年01月06日","112年07月05日","112年07月03日","112年07月05日","0.35","    66.00","","",
="033493","建準中信27購01","0.00","","2421","建準","89.00","＋","認購","歐式","112年01月06日","112年07月05日","112年07月03日","112年07月05日","0.20","    48.80","","",
="033494","聯陽中信27購01","0.00","","3014","聯陽","113.50","＋","認購","歐式","112年01月06日","112年07月05日","112年07月03日","112年07月05日","0.108","    82.80","","",
="033495","瑞鼎中信28購01","0.00","","3592","瑞鼎","348.00","＋","認購","歐式","112年01月06日","112年08月07日","112年08月03日","112年08月07日","0.015","    388.00","","",
="033496","麗豐中信27購01","0.63","","4137","麗豐-KY","216.00","＋","認購","歐式","112年01月06日","112年07月05日","112年07月03日","112年07月05日","0.05","    230.00","","",
="033497","廣越中信27購01","0.00","","4438","廣越","117.00","","認購","歐式","112年01月06日","112年07月05日","112年07月03日","112年07月05日","0.058","    138.00","","",
="033498","天鈺中信27購02","0.00","","4961","天鈺","154.00","＋","認購","歐式","112年01月06日","112年07月05日","112年07月03日","112年07月05日","0.04","    146.00","","",
="033499","力成中信27購01","0.74","＋","6239","力成","98.70","＋","認購","歐式","112年01月06日","112年07月05日","112年07月03日","112年07月05日","0.47","    115.00","","",
="03349U","晶豪科元大27售01","0.00","","3006","晶豪科","88.20","＋","認售","歐式","112年01月05日","112年07月04日","112年06月30日","112年07月04日","0.38","    48.75","","",
="033500","日友中信27購01","0.00","","8341","日友","158.00","－","認購","歐式","112年01月06日","112年07月05日","112年07月03日","112年07月05日","0.12","    260.00","","",
="033501","生達國泰29購01","2.09","＋","1720","生達","70.80","＋","認購","美式","112年01月06日","112年01月06日","112年09月01日","112年09月05日","0.16","    68.00","","",
="033502","聯電國泰29購02","3.98","＋","2303","聯電","51.20","＋","認購","美式","112年01月06日","112年01月06日","112年09月01日","112年09月05日","0.60","    47.00","","",
="033503","鴻海國泰29購01","1.04","＋","2317","鴻海","105.50","＋","認購","美式","112年01月06日","112年01月06日","112年09月01日","112年09月05日","0.20","    108.00","","",
="033504","上証2X元大29購01","0.25","",="00633L","富邦上証正2","35.01","－","認購","美式","112年01月06日","112年01月06日","112年09月01日","112年09月05日","0.25","    45.00","","",
="033505","滬深2X元大2A購03","0.31","－",="00637L","元大滬深300正2","13.77","－","認購","美式","112年01月06日","112年01月06日","112年10月03日","112年10月05日","0.50","    17.00","","",
="033506","泰山元大27購01","0.33","－","1218","泰山","31.85","－","認購","美式","112年01月06日","112年01月06日","112年07月03日","112年07月05日","0.35","    37.35","","",
="033507","葡萄王元大27購01","0.00","","1707","葡萄王","175.00","＋","認購","美式","112年01月06日","112年01月06日","112年07月03日","112年07月05日","0.08","    192.34","","",
="033508","生達元大27購01","0.00","","1720","生達","70.80","＋","認購","美式","112年01月06日","112年01月06日","112年07月03日","112年07月05日","0.15","    67.22","","",
="033509","中鋼元大27購01","0.00","","2002","中鋼","29.05","－","認購","美式","112年01月06日","112年01月06日","112年07月03日","112年07月05日","1.00","    38.40","","",
="03350U","材料元大27售01","0.00","","4763","材料-KY","550.00","－","認售","歐式","112年01月05日","112年07月04日","112年06月30日","112年07月04日","0.042","    172.13","","",
="033510","鴻海元大2A購13","0.00","","2317","鴻海","105.50","＋","認購","美式","112年01月06日","112年01月06日","112年10月03日","112年10月05日","0.106","    98.50","","",
="033511","超豐元大27購01","0.00","","2441","超豐","56.90","－","認購","美式","112年01月06日","112年01月06日","112年07月03日","112年07月05日","0.40","    55.06","","",
="033512","陽明元大2A購03","0.00","","2609","陽明","62.00","＋","認購","美式","112年01月06日","112年01月06日","112年10月03日","112年10月05日","0.195","    69.40","","",
="033513","華航元大27購05","0.00","","2610","華航","21.65","＋","認購","美式","112年01月06日","112年01月06日","112年07月03日","112年07月05日","0.891","    22.35","","",
="033514","萬海元大27購04","0.00","","2615","萬海","60.00","＋","認購","美式","112年01月06日","112年01月06日","112年07月03日","112年07月05日","0.256","    103.50","","",
="033515","長榮航元大2A購02","3.06","＋","2618","長榮航","33.60","＋","認購","美式","112年01月06日","112年01月06日","112年10月03日","112年10月05日","0.425","    27.85","","",
="033516","晶華元大27購04","0.00","","2707","晶華","288.00","＋","認購","美式","112年01月06日","112年01月06日","112年07月03日","112年07月05日","0.039","    261.50","","",
="033517","國泰金元大27購03","0.00","","2882","國泰金","44.75","＋","認購","美式","112年01月06日","112年01月06日","112年07月03日","112年07月05日","1.00","    50.60","","",
="033518","聯詠元大27購05","2.72","－","3034","聯詠","423.50","＋","認購","美式","112年01月06日","112年01月06日","112年07月03日","112年07月05日","0.099","    418.50","","",
="033519","聯詠元大27購06","0.00","","3034","聯詠","423.50","＋","認購","美式","112年01月06日","112年01月06日","112年07月03日","112年07月05日","0.056","    359.50","","",
="03351U","天鈺元大27售03","0.00","","4961","天鈺","154.00","＋","認售","歐式","112年01月05日","112年07月04日","112年06月30日","112年07月04日","0.105","    96.00","","",
="033520","聯詠元大29購02","2.84","＋","3034","聯詠","423.50","＋","認購","美式","112年01月06日","112年01月06日","112年09月01日","112年09月05日","0.137","    493.00","","",
="033521","永信元大27購01","0.00","","3705","永信","46.25","＋","認購","美式","112年01月06日","112年01月06日","112年07月03日","112年07月05日","0.20","    51.23","","",
="033522","麗豐元大27購01","0.79","","4137","麗豐-KY","216.00","＋","認購","美式","112年01月06日","112年01月06日","112年07月03日","112年07月05日","0.057","    228.28","","",
="033523","上海銀元大27購01","0.00","","5876","上海商銀","45.85","＋","認購","美式","112年01月06日","112年01月06日","112年07月03日","112年07月05日","0.50","    52.01","","",
="033524","亞翔元大27購01","0.00","","6139","亞翔","63.80","－","認購","美式","112年01月06日","112年01月06日","112年07月03日","112年07月05日","0.25","    44.07","","",
="033525","力成元大27購01","0.00","","6239","力成","98.70","＋","認購","美式","112年01月06日","112年01月06日","112年07月03日","112年07月05日","0.30","    91.60","","",
="033526","矽力元大27購02","0.00","","6415","矽力*-KY","394.50","＋","認購","美式","112年01月06日","112年01月06日","112年07月03日","112年07月05日","0.029","    594.73","","",
="033527","元晶元大29購01","0.68","","6443","元晶","36.20","＋","認購","美式","112年01月06日","112年01月06日","112年09月01日","112年09月05日","0.30","    41.90","","",
="033528","訊芯元大27購01","0.00","","6451","訊芯-KY","88.60","＋","認購","美式","112年01月06日","112年01月06日","112年07月03日","112年07月05日","0.15","    92.29","","",
="033529","采鈺元大27購01","0.85","＋","6789","采鈺","224.00","＋","認購","美式","112年01月06日","112年01月06日","112年07月03日","112年07月05日","0.05","    227.99","","",
="03352U","臺股指元大2A售35","0.00","","IX0001","臺股指數","16,636.30","","認售","歐式","112年01月05日","112年10月04日","112年10月02日","112年10月04日","0.003","    9,500.00","","",
="033530","日友元大27購01","0.00","","8341","日友","158.00","－","認購","美式","112年01月06日","112年01月06日","112年07月03日","112年07月05日","0.044","    194.06","","",
="033531","百和元大27購01","0.17","","9938","百和","55.00","＋","認購","美式","112年01月06日","112年01月06日","112年07月03日","112年07月05日","0.30","    66.41","","",
="033532","元油反元富27購01","0.11","－",="00673R","期元大S&P原油反1(原名：元大S&P原油反1)","9.03","－","認購","美式","112年01月06日","112年01月06日","112年07月03日","112年07月05日","1.00","    10.56","","",
="033533","名軒元富2A購01","0.59","","1442","名軒","32.90","","認購","美式","112年01月06日","112年01月06日","112年10月03日","112年10月05日","0.35","    40.00","","",
="033534","葡萄王元富2A購01","0.76","＋","1707","葡萄王","175.00","＋","認購","美式","112年01月06日","112年01月06日","112年10月03日","112年10月05日","0.04","    180.00","","",
="033535","生達元富27購01","1.10","","1720","生達","70.80","＋","認購","美式","112年01月06日","112年01月06日","112年07月03日","112年07月05日","0.17","    70.00","","",
="033536","生達元富2A購01","1.47","","1720","生達","70.80","＋","認購","美式","112年01月06日","112年01月06日","112年10月03日","112年10月05日","0.19","    89.00","","",
="033537","長榮鋼元富27購01","0.00","","2211","長榮鋼","60.90","＋","認購","美式","112年01月06日","112年01月06日","112年07月03日","112年07月05日","0.50","    55.00","","",
="033538","麗豐元富2A購01","1.52","＋","4137","麗豐-KY","216.00","＋","認購","美式","112年01月06日","112年01月06日","112年10月03日","112年10月05日","0.045","    210.00","","",
="033539","采鈺元富27購01","0.86","＋","6789","采鈺","224.00","＋","認購","美式","112年01月06日","112年01月06日","112年07月03日","112年07月05日","0.05","    220.00","","",
="03353U","臺股指元大2A售36","0.00","","IX0001","臺股指數","16,636.30","","認售","歐式","112年01月05日","112年10月04日","112年10月02日","112年10月04日","0.002","    11,700.00","","",
="033540","采鈺元富2A購01","1.20","＋","6789","采鈺","224.00","＋","認購","美式","112年01月06日","112年01月06日","112年10月03日","112年10月05日","0.05","    250.00","","",
="033541","日友元富27購01","0.00","","8341","日友","158.00","－","認購","美式","112年01月06日","112年01月06日","112年07月03日","112年07月05日","0.059","    180.00","","",
="033542","日友元富2A購01","0.66","","8341","日友","158.00","－","認購","美式","112年01月06日","112年01月06日","112年10月03日","112年10月05日","0.07","    230.00","","",
="033543","華夏麥證27購01","0.00","","1305","華夏","23.85","－","認購","歐式","112年01月06日","112年07月05日","112年07月03日","112年07月05日","1.00","    38.00","","",
="033544","美食麥證27購02","0.06","－","2723","美食-KY","152.50","－","認購","歐式","112年01月06日","112年07月05日","112年07月03日","112年07月05日","0.16","    200.00","","",
="033545","永信麥證27購01","0.00","","3705","永信","46.25","＋","認購","歐式","112年01月06日","112年07月05日","112年07月03日","112年07月05日","0.25","    55.00","","",
="033546","國光生麥證28購01","0.97","－","4142","國光生","37.80","＋","認購","歐式","112年01月06日","112年08月07日","112年08月03日","112年08月07日","0.25","    38.88","","",
="033547","道瓊反富邦2B購01","0.00","",="00669R","國泰美國道瓊反1","8.06","－","認購","美式","112年01月06日","112年01月06日","112年11月02日","112年11月06日","1.00","    8.30","","",
="033548","泰山富邦29購01","0.55","－","1218","泰山","31.85","－","認購","美式","112年01月06日","112年01月06日","112年09月01日","112年09月05日","0.25","    35.00","","",
="033549","華夏富邦27購01","0.00","","1305","華夏","23.85","－","認購","美式","112年01月06日","112年01月06日","112年07月03日","112年07月05日","0.20","    28.50","","",
="03354P","長榮元富29售01","0.00","","2603","長榮","157.00","＋","認售","歐式","111年09月28日","112年09月27日","112年09月25日","112年09月27日","0.089","    95.00","","",
="03354U","臺股指元大2A售37","0.23","－","IX0001","臺股指數","16,636.30","","認售","歐式","112年01月05日","112年10月04日","112年10月02日","112年10月04日","0.002","    13,100.00","","",
="033550","名軒富邦27購01","0.00","","1442","名軒","32.90","","認購","美式","112年01月06日","112年01月06日","112年07月03日","112年07月05日","0.15","    38.00","","",
="033551","正崴富邦28購01","0.83","","2392","正崴","40.30","＋","認購","美式","112年01月06日","112年01月06日","112年08月03日","112年08月07日","0.40","    42.00","","",
="033552","威強電富邦27購01","0.00","","3022","威強電","91.20","＋","認購","美式","112年01月06日","112年01月06日","112年07月03日","112年07月05日","0.06","    75.00","","",
="033553","永信富邦29購01","0.72","－","3705","永信","46.25","＋","認購","美式","112年01月06日","112年01月06日","112年09月01日","112年09月05日","0.15","    50.00","","",
="033554","麗豐富邦27購01","0.00","","4137","麗豐-KY","216.00","＋","認購","美式","112年01月06日","112年01月06日","112年07月03日","112年07月05日","0.025","    240.00","","",
="033555","南電富邦29購01","0.00","","8046","南電","302.50","－","認購","美式","112年01月06日","112年01月06日","112年09月01日","112年09月05日","0.02","    230.00","","",
="033556","日友富邦28購01","0.00","","8341","日友","158.00","－","認購","美式","112年01月06日","112年01月06日","112年08月03日","112年08月07日","0.025","    200.00","","",
="033557","元油反國票27購02","0.00","",="00673R","期元大S&P原油反1(原名：元大S&P原油反1)","9.03","－","認購","美式","112年01月09日","112年01月09日","112年07月06日","112年07月10日","0.802","    9.00","","",
="033558","大亞國票28購01","0.00","","1609","大亞","31.00","＋","認購","美式","112年01月09日","112年01月09日","112年08月04日","112年08月08日","0.80","    26.00","","",
="033559","鴻海國票28購02","1.09","＋","2317","鴻海","105.50","＋","認購","美式","112年01月09日","112年01月09日","112年08月04日","112年08月08日","0.20","    105.00","","",
="03355U","臺股指元大2B售12","0.11","","IX0001","臺股指數","16,636.30","","認售","歐式","112年01月05日","112年11月06日","112年11月02日","112年11月06日","0.003","    10,900.00","","",
="033560","明泰國票28購01","1.03","＋","3380","明泰","37.30","＋","認購","美式","112年01月09日","112年01月09日","112年08月04日","112年08月08日","1.00","    45.00","","",
="033561","合勤控國票28購01","0.64","＋","3704","合勤控","43.85","＋","認購","美式","112年01月09日","112年01月09日","112年08月04日","112年08月08日","1.00","    57.00","","",
="033562","晶碩國票28購01","0.00","","6491","晶碩","366.50","＋","認購","美式","112年01月09日","112年01月09日","112年08月04日","112年08月08日","0.08","    600.00","","",
="033563","生達統一29購02","0.72","＋","1720","生達","70.80","＋","認購","美式","112年01月09日","112年01月09日","112年09月06日","112年09月08日","0.06","    72.50","","",
="033564","聯詠統一29購01","1.34","＋","3034","聯詠","423.50","＋","認購","美式","112年01月09日","112年01月09日","112年09月06日","112年09月08日","0.025","    397.30","","",
="033565","聯詠統一2B購01","1.29","＋","3034","聯詠","423.50","＋","認購","美式","112年01月09日","112年01月09日","112年11月06日","112年11月08日","0.018","    388.88","","",
="033566","欣興統一2A購02","0.00","","3037","欣興","182.50","－","認購","美式","112年01月09日","112年01月09日","112年10月05日","112年10月11日","0.033","    122.88","","",
="033567","玉晶光統一28購02","0.73","＋","3406","玉晶光","400.00","＋","認購","美式","112年01月09日","112年01月09日","112年08月04日","112年08月08日","0.02","    389.60","","",
="033568","永信統一29購01","0.00","","3705","永信","46.25","＋","認購","美式","112年01月09日","112年01月09日","112年09月06日","112年09月08日","0.05","    53.30","","",
="033569","麗豐統一29購01","0.00","","4137","麗豐-KY","216.00","＋","認購","美式","112年01月09日","112年01月09日","112年09月06日","112年09月08日","0.03","    240.90","","",
="03356U","臺股指元大2B售13","0.20","－","IX0001","臺股指數","16,636.30","","認售","歐式","112年01月05日","112年11月06日","112年11月02日","112年11月06日","0.002","    12,300.00","","",
="033570","麗豐統一29購02","0.64","","4137","麗豐-KY","216.00","＋","認購","美式","112年01月09日","112年01月09日","112年09月06日","112年09月08日","0.02","    240.90","","",
="033571","鴻海康和27購01","1.32","＋","2317","鴻海","105.50","＋","認購","美式","112年01月09日","112年01月09日","112年07月06日","112年07月10日","0.20","    100.00","","",
="033572","友達康和28購02","0.00","","2409","友達","17.65","＋","認購","美式","112年01月09日","112年01月09日","112年08月04日","112年08月08日","0.70","    17.00","","",
="033573","聯詠康和27購01","2.26","","3034","聯詠","423.50","＋","認購","美式","112年01月09日","112年01月09日","112年07月06日","112年07月10日","0.06","    400.00","","",
="033574","敦泰康和27購01","1.45","","3545","敦泰","83.70","＋","認購","美式","112年01月09日","112年01月09日","112年07月06日","112年07月10日","0.13","    75.00","","",
="033575","天鈺康和27購01","0.00","","4961","天鈺","154.00","＋","認購","美式","112年01月09日","112年01月09日","112年07月06日","112年07月10日","0.07","    150.00","","",
="033576","大亞永豐28購01","2.94","","1609","大亞","31.00","＋","認購","美式","112年01月09日","112年01月09日","112年08月04日","112年08月08日","0.40","    24.39","","",
="033577","長榮永豐28購02","0.00","","2603","長榮","157.00","＋","認購","美式","112年01月09日","112年01月09日","112年08月04日","112年08月08日","0.045","    173.53","","",
="033578","聯詠永豐27購01","2.19","＋","3034","聯詠","423.50","＋","認購","美式","112年01月09日","112年01月09日","112年07月06日","112年07月10日","0.073","    414.60","","",
="033579","欣興永豐28購01","0.00","","3037","欣興","182.50","－","認購","美式","112年01月09日","112年01月09日","112年08月04日","112年08月08日","0.12","    151.25","","",
="03357P","長榮航麥證26售01","0.00","","2618","長榮航","33.60","＋","認售","歐式","111年09月28日","112年06月27日","112年06月21日","112年06月27日","0.35","    30.00","","",
="03357U","台灣50群益27售05","0.00","",="0050","元大台灣50","126.75","＋","認售","歐式","112年01月05日","112年07月04日","112年06月30日","112年07月04日","1.023","    97.80","","",
="033580","明泰永豐27購02","2.45","＋","3380","明泰","37.30","＋","認購","美式","112年01月09日","112年01月09日","112年07月06日","112年07月10日","0.40","    32.00","","",
="033581","中磊永豐28購01","2.40","＋","5388","中磊","93.30","＋","認購","美式","112年01月09日","112年01月09日","112年08月04日","112年08月08日","0.166","    80.97","","",
="033582","富邦媒永豐28購01","0.00","","8454","富邦媒","703.00","＋","認購","美式","112年01月09日","112年01月09日","112年08月04日","112年08月08日","0.015","    864.00","","",
="033583","中砂元大27購02","0.00","","1560","中砂","114.50","－","認購","美式","112年01月09日","112年01月09日","112年07月06日","112年07月10日","0.038","    105.00","","",
="033584","新光鋼元大27購01","0.35","－","2031","新光鋼","48.80","－","認購","美式","112年01月09日","112年01月09日","112年07月06日","112年07月10日","0.465","    60.00","","",
="033585","鴻海元大27購02","0.00","","2317","鴻海","105.50","＋","認購","美式","112年01月09日","112年01月09日","112年07月06日","112年07月10日","0.213","    106.00","","",
="033586","鴻海元大29購05","1.26","","2317","鴻海","105.50","＋","認購","美式","112年01月09日","112年01月09日","112年09月06日","112年09月08日","0.12","    99.80","","",
="033587","鴻海元大2A購14","0.00","","2317","鴻海","105.50","＋","認購","美式","112年01月09日","112年01月09日","112年10月05日","112年10月11日","0.099","    98.40","","",
="033588","廣宇元大27購03","0.06","","2328","廣宇","39.40","＋","認購","美式","112年01月09日","112年01月09日","112年07月06日","112年07月10日","1.00","    57.90","","",
="033589","旺宏元大27購02","0.23","","2337","旺宏","33.40","＋","認購","美式","112年01月09日","112年01月09日","112年07月06日","112年07月10日","0.663","    40.25","","",
="03358U","FBNQ2X群益29售01","0.00","",="00670L","富邦NASDAQ正2","78.90","＋","認售","歐式","112年01月05日","112年09月04日","112年08月31日","112年09月04日","0.20","    40.00","","",
="033590","長榮元大2A購11","1.21","＋","2603","長榮","157.00","＋","認購","美式","112年01月09日","112年01月09日","112年10月05日","112年10月11日","0.10","    187.00","","",
="033591","陽明元大2A購04","0.00","","2609","陽明","62.00","＋","認購","美式","112年01月09日","112年01月09日","112年10月05日","112年10月11日","0.262","    77.10","","",
="033592","華航元大27購06","0.00","","2610","華航","21.65","＋","認購","美式","112年01月09日","112年01月09日","112年07月06日","112年07月10日","0.691","    20.35","","",
="033593","萬海元大27購05","0.00","","2615","萬海","60.00","＋","認購","美式","112年01月09日","112年01月09日","112年07月06日","112年07月10日","0.209","    94.70","","",
="033594","長榮航元大2A購03","2.59","＋","2618","長榮航","33.60","＋","認購","美式","112年01月09日","112年01月09日","112年10月05日","112年10月11日","0.496","    30.45","","",
="033595","美食元大27購04","0.00","","2723","美食-KY","152.50","－","認購","美式","112年01月09日","112年01月09日","112年07月06日","112年07月10日","0.163","    215.00","","",
="033596","國泰金元大27購04","0.00","","2882","國泰金","44.75","＋","認購","美式","112年01月09日","112年01月09日","112年07月06日","112年07月10日","0.724","    43.95","","",
="033597","聯詠元大27購07","0.00","","3034","聯詠","423.50","＋","認購","美式","112年01月09日","112年01月09日","112年07月06日","112年07月10日","0.054","    381.00","","",
="033598","聯詠元大27購08","0.00","","3034","聯詠","423.50","＋","認購","美式","112年01月09日","112年01月09日","112年07月06日","112年07月10日","0.042","    348.50","","",
="033599","聯詠元大29購03","0.00","","3034","聯詠","423.50","＋","認購","美式","112年01月09日","112年01月09日","112年09月06日","112年09月08日","0.096","    481.50","","",
="03359U","台積電群益27售12","0.00","","2330","台積電","568.00","＋","認售","歐式","112年01月05日","112年07月04日","112年06月30日","112年07月04日","0.201","    372.98","","",
="033600","健策元大27購01","0.00","","3653","健策","616.00","＋","認購","美式","112年01月09日","112年01月09日","112年07月06日","112年07月10日","0.073","    525.00","","",
="033601","貿聯元大27購02","0.00","","3665","貿聯-KY","270.50","＋","認購","美式","112年01月09日","112年01月09日","112年07月06日","112年07月10日","0.03","    244.04","","",
="033602","上品元大27購01","0.00","","4770","上品","297.00","＋","認購","美式","112年01月09日","112年01月09日","112年07月06日","112年07月10日","0.069","    461.18","","",
="033603","矽力元大27購03","0.00","","6415","矽力*-KY","394.50","＋","認購","美式","112年01月09日","112年01月09日","112年07月06日","112年07月10日","0.02","    529.31","","",
="033604","富鼎元大27購03","0.00","","8261","富鼎","106.50","＋","認購","美式","112年01月09日","112年01月09日","112年07月06日","112年07月10日","0.114","    147.50","","",
="033605","T50反1元富2A購01","0.00","",="00632R","元大台灣50反1","4.94","－","認購","美式","112年01月09日","112年01月09日","112年10月05日","112年10月11日","1.00","    5.50","","",
="033606","臺指反元富27購01","0.00","",="00664R","國泰臺灣加權反1","5.58","－","認購","美式","112年01月09日","112年01月09日","112年07月06日","112年07月10日","1.00","    6.50","","",
="033607","華夏元富27購01","0.00","","1305","華夏","23.85","－","認購","美式","112年01月09日","112年01月09日","112年07月06日","112年07月10日","0.50","    30.00","","",
="033608","大亞元富27購01","0.00","","1609","大亞","31.00","＋","認購","美式","112年01月09日","112年01月09日","112年07月06日","112年07月10日","0.37","    23.00","","",
="033609","生達元富31購01","1.74","","1720","生達","70.80","＋","認購","美式","112年01月09日","112年01月09日","113年01月04日","113年01月08日","0.13","    80.00","","",
="03360U","台積電群益27售13","0.00","","2330","台積電","568.00","＋","認售","歐式","112年01月05日","112年07月04日","112年06月30日","112年07月04日","0.05","    422.71","","",
="033610","金像電元富27購01","0.00","","2368","金像電","121.50","","認購","美式","112年01月09日","112年01月09日","112年07月06日","112年07月10日","0.155","    96.59","","",
="033611","瑞鼎元富27購02","0.00","","3592","瑞鼎","348.00","＋","認購","美式","112年01月09日","112年01月09日","112年07月06日","112年07月10日","0.10","    510.00","","",
="033612","永信元富27購01","0.00","","3705","永信","46.25","＋","認購","美式","112年01月09日","112年01月09日","112年07月06日","112年07月10日","0.13","    50.00","","",
="033613","臻鼎元富27購01","0.88","＋","4958","臻鼎-KY","114.50","＋","認購","美式","112年01月09日","112年01月09日","112年07月06日","112年07月10日","0.20","    120.00","","",
="033614","華城國泰29購02","0.00","","1519","華城","141.00","＋","認購","美式","112年01月09日","112年01月09日","112年09月06日","112年09月08日","0.25","    67.00","","",
="033615","聯詠國泰29購01","3.03","＋","3034","聯詠","423.50","＋","認購","美式","112年01月09日","112年01月09日","112年09月06日","112年09月08日","0.10","    435.00","","",
="033616","世芯國泰29購01","0.00","","3661","世芯-KY","1,660.00","＋","認購","美式","112年01月09日","112年01月09日","112年09月06日","112年09月08日","0.02","    1,143.00","","",
="033617","世紀鋼國泰29購01","2.70","＋","9958","世紀鋼","109.50","＋","認購","美式","112年01月09日","112年01月09日","112年09月06日","112年09月08日","0.25","    112.00","","",
="033618","金像電中信28購01","3.79","－","2368","金像電","121.50","","認購","歐式","112年01月09日","112年08月08日","112年08月04日","112年08月08日","0.145","    96.59","","",
="033619","友達中信2B購01","1.36","＋","2409","友達","17.65","＋","認購","歐式","112年01月09日","112年11月08日","112年11月06日","112年11月08日","0.50","    17.40","","",
="03361U","台積電群益27售14","0.00","","2330","台積電","568.00","＋","認售","歐式","112年01月05日","112年07月04日","112年06月30日","112年07月04日","0.05","    447.58","","",
="033620","欣興中信27購04","0.00","","3037","欣興","182.50","－","認購","歐式","112年01月09日","112年07月10日","112年07月06日","112年07月10日","0.035","    115.00","","",
="033621","玉晶光中信27購01","0.52","","3406","玉晶光","400.00","＋","認購","歐式","112年01月09日","112年07月10日","112年07月06日","112年07月10日","0.02","    408.00","","",
="033622","采鈺中信27購01","0.56","＋","6789","采鈺","224.00","＋","認購","歐式","112年01月09日","112年07月10日","112年07月06日","112年07月10日","0.036","    228.00","","",
="033623","百和中信27購01","0.00","","9938","百和","55.00","＋","認購","歐式","112年01月09日","112年07月10日","112年07月06日","112年07月10日","0.60","    85.00","","",
="033624","鴻海麥證27購03","2.72","","2317","鴻海","105.50","＋","認購","歐式","112年01月09日","112年07月10日","112年07月06日","112年07月10日","0.38","    99.00","","",
="033625","台積電麥證28購08","0.00","","2330","台積電","568.00","＋","認購","歐式","112年01月09日","112年08月08日","112年08月04日","112年08月08日","0.121","    485.37","","",
="033626","台積電麥證2A購07","0.00","","2330","台積電","568.00","＋","認購","歐式","112年01月09日","112年10月11日","112年10月05日","112年10月11日","0.126","    467.47","","",
="033627","群創麥證2A購01","0.00","","3481","群創","14.10","＋","認購","歐式","112年01月09日","112年10月11日","112年10月05日","112年10月11日","1.00","    13.00","","",
="033628","台灣50凱基28購09","0.00","",="0050","元大台灣50","126.75","＋","認購","美式","112年01月09日","112年01月09日","112年08月04日","112年08月08日","0.153","    103.67","","",
="033629","台灣50凱基28購10","4.59","＋",="0050","元大台灣50","126.75","＋","認購","美式","112年01月09日","112年01月09日","112年08月04日","112年08月08日","1.023","    127.14","","",
="03362U","聯發科群益27售09","0.00","","2454","聯發科","738.00","＋","認售","歐式","112年01月05日","112年07月04日","112年06月30日","112年07月04日","0.15","    450.00","","",
="033630","台灣50凱基29購07","5.20","＋",="0050","元大台灣50","126.75","＋","認購","美式","112年01月09日","112年01月09日","112年09月06日","112年09月08日","1.023","    129.09","","",
="033631","中鋼凱基27購02","0.03","","2002","中鋼","29.05","－","認購","美式","112年01月09日","112年01月09日","112年07月06日","112年07月10日","1.00","    37.00","","",
="033632","仲琦凱基28購01","0.00","","2419","仲琦","26.70","＋","認購","美式","112年01月09日","112年01月09日","112年08月04日","112年08月08日","0.60","    33.00","","",
="033633","中航凱基28購01","0.00","","2612","中航","39.70","＋","認購","美式","112年01月09日","112年01月09日","112年08月04日","112年08月08日","1.00","    58.00","","",
="033634","美食凱基27購03","0.00","","2723","美食-KY","152.50","－","認購","美式","112年01月09日","112年01月09日","112年07月06日","112年07月10日","0.07","    155.00","","",
="033635","聯詠凱基29購01","2.48","＋","3034","聯詠","423.50","＋","認購","美式","112年01月09日","112年01月09日","112年09月06日","112年09月08日","0.17","    490.00","","",
="033636","上海銀凱基27購01","0.00","","5876","上海商銀","45.85","＋","認購","美式","112年01月09日","112年01月09日","112年07月06日","112年07月10日","1.00","    55.00","","",
="033637","矽創凱基28購02","1.54","＋","8016","矽創","225.50","＋","認購","美式","112年01月09日","112年01月09日","112年08月04日","112年08月08日","0.10","    245.00","","",
="033638","南電凱基2B購01","3.52","","8046","南電","302.50","－","認購","美式","112年01月09日","112年01月09日","112年11月06日","112年11月08日","0.04","    240.00","","",
="033639","致新凱基27購01","0.00","","8081","致新","191.50","＋","認購","美式","112年01月09日","112年01月09日","112年07月06日","112年07月10日","0.065","    175.00","","",
="03363U","聯發科群益27售10","0.00","","2454","聯發科","738.00","＋","認售","歐式","112年01月05日","112年07月04日","112年06月30日","112年07月04日","0.05","    520.00","","",
="033640","東哥凱基27購03","0.00","","8478","東哥遊艇","520.00","＋","認購","美式","112年01月09日","112年01月09日","112年07月06日","112年07月10日","0.05","    370.00","","",
="033641","百和凱基27購01","0.00","","9938","百和","55.00","＋","認購","美式","112年01月09日","112年01月09日","112年07月06日","112年07月10日","0.45","    70.00","","",
="033642","滬深2X群益29購01","0.00","",="00637L","元大滬深300正2","13.77","－","認購","美式","112年01月09日","112年01月09日","112年09月06日","112年09月08日","1.00","    19.80","","",
="033643","FBNQ反群益29購02","0.00","",="00671R","富邦NASDAQ 反1","5.07","－","認購","美式","112年01月09日","112年01月09日","112年09月06日","112年09月08日","1.00","    6.25","","",
="033644","泰山群益27購01","0.20","－","1218","泰山","31.85","－","認購","美式","112年01月09日","112年01月09日","112年07月06日","112年07月10日","0.50","    39.00","","",
="033645","名軒群益28購01","0.00","","1442","名軒","32.90","","認購","美式","112年01月09日","112年01月09日","112年08月04日","112年08月08日","0.50","    45.80","","",
="033646","華新群益27購01","0.00","","1605","華新","46.60","＋","認購","美式","112年01月09日","112年01月09日","112年07月06日","112年07月10日","0.26","    50.00","","",
="033647","華新群益27購02","0.00","","1605","華新","46.60","＋","認購","美式","112年01月09日","112年01月09日","112年07月06日","112年07月10日","0.50","    56.00","","",
="033648","葡萄王群益27購01","0.00","","1707","葡萄王","175.00","＋","認購","美式","112年01月09日","112年01月09日","112年07月06日","112年07月10日","0.25","    230.00","","",
="033649","生達群益29購01","1.50","＋","1720","生達","70.80","＋","認購","美式","112年01月09日","112年01月09日","112年09月06日","112年09月08日","0.30","    86.00","","",
="03364P","華航元大26售04","0.00","","2610","華航","21.65","＋","認售","歐式","111年09月28日","112年06月27日","112年06月21日","112年06月27日","1.00","    13.25","","",
="03364U","聯發科群益27售11","0.00","","2454","聯發科","738.00","＋","認售","歐式","112年01月05日","112年07月04日","112年06月30日","112年07月04日","0.05","    550.00","","",
="033650","台玻群益28購01","0.00","","1802","台玻","18.50","＋","認購","美式","112年01月09日","112年01月09日","112年08月04日","112年08月08日","0.58","    26.80","","",
="033651","大成鋼群益27購01","0.00","","2027","大成鋼","45.25","＋","認購","美式","112年01月09日","112年01月09日","112年07月06日","112年07月10日","0.70","    50.00","","",
="033652","裕隆群益28購02","0.00","","2201","裕隆","82.80","＋","認購","美式","112年01月09日","112年01月09日","112年08月04日","112年08月08日","0.30","    71.00","","",
="033653","聯電群益27購03","0.00","","2303","聯電","51.20","＋","認購","美式","112年01月09日","112年01月09日","112年07月06日","112年07月10日","0.40","    43.00","","",
="033654","廣宇群益27購01","0.70","","2328","廣宇","39.40","＋","認購","美式","112年01月09日","112年01月09日","112年07月06日","112年07月10日","0.43","    42.00","","",
="033655","仲琦群益27購01","0.00","","2419","仲琦","26.70","＋","認購","美式","112年01月09日","112年01月09日","112年07月06日","112年07月10日","0.414","    33.00","","",
="033656","華航群益27購02","1.61","＋","2610","華航","21.65","＋","認購","美式","112年01月09日","112年01月09日","112年07月06日","112年07月10日","0.80","    20.00","","",
="033657","萬海群益27購02","0.00","","2615","萬海","60.00","＋","認購","美式","112年01月09日","112年01月09日","112年07月06日","112年07月10日","0.16","    85.00","","",
="033658","晶華群益28購02","0.00","","2707","晶華","288.00","＋","認購","美式","112年01月09日","112年01月09日","112年08月04日","112年08月08日","0.045","    255.00","","",
="033659","上緯控群益27購01","0.00","","3708","上緯投控","96.50","－","認購","美式","112年01月09日","112年01月09日","112年07月06日","112年07月10日","0.113","    123.00","","",
="03365U","長榮群益28售03","0.00","","2603","長榮","157.00","＋","認售","歐式","112年01月05日","112年08月04日","112年08月02日","112年08月04日","0.50","    100.00","","",
="033660","康普群益27購01","0.00","","4739","康普","88.80","＋","認購","美式","112年01月09日","112年01月09日","112年07月06日","112年07月10日","0.30","    119.00","","",
="033661","材料群益29購01","0.00","","4763","材料-KY","550.00","－","認購","美式","112年01月09日","112年01月09日","112年09月06日","112年09月08日","0.084","    310.00","","",
="033662","亞翔群益28購01","0.00","","6139","亞翔","63.80","－","認購","美式","112年01月09日","112年01月09日","112年08月04日","112年08月08日","0.40","    45.80","","",
="033663","亞翔群益28購02","0.00","","6139","亞翔","63.80","－","認購","美式","112年01月09日","112年01月09日","112年08月04日","112年08月08日","0.60","    52.80","","",
="033664","康舒群益28購01","3.29","＋","6282","康舒","44.05","＋","認購","美式","112年01月09日","112年01月09日","112年08月04日","112年08月08日","1.00","    45.00","","",
="033665","愛普群益29購02","0.00","","6531","愛普*","328.50","＋","認購","美式","112年01月09日","112年01月09日","112年09月06日","112年09月08日","0.25","    264.00","","",
="033666","力積電群益27購02","0.09","","6770","力積電","30.85","＋","認購","美式","112年01月09日","112年01月09日","112年07月06日","112年07月10日","1.009","    39.65","","",
="033667","采鈺群益27購01","1.02","＋","6789","采鈺","224.00","＋","認購","美式","112年01月09日","112年01月09日","112年07月06日","112年07月10日","0.07","    235.00","","",
="033668","日友群益28購01","0.00","","8341","日友","158.00","－","認購","美式","112年01月09日","112年01月09日","112年08月04日","112年08月08日","0.042","    208.80","","",
="033669","富邦媒群益27購01","0.00","","8454","富邦媒","703.00","＋","認購","美式","112年01月09日","112年01月09日","112年07月06日","112年07月10日","0.03","    888.00","","",
="03366U","長榮群益28售04","0.00","","2603","長榮","157.00","＋","認售","歐式","112年01月05日","112年08月04日","112年08月02日","112年08月04日","0.20","    125.00","","",
="033670","生達富邦28購01","0.81","＋","1720","生達","70.80","＋","認購","美式","112年01月09日","112年01月09日","112年08月04日","112年08月08日","0.08","    70.00","","",
="033671","台達電富邦2A購01","0.89","－","2308","台達電","315.50","－","認購","美式","112年01月09日","112年01月09日","112年10月05日","112年10月11日","0.03","    320.00","","",
="033672","大立光富邦2B購01","1.02","＋","3008","大立光","2,305.00","＋","認購","美式","112年01月09日","112年01月09日","112年11月06日","112年11月08日","0.005","    2,401.32","","",
="033673","采鈺富邦28購01","0.69","＋","6789","采鈺","224.00","＋","認購","美式","112年01月09日","112年01月09日","112年08月04日","112年08月08日","0.03","    220.00","","",
="033674","台灣50第一29購03","0.00","",="0050","元大台灣50","126.75","＋","認購","美式","112年01月10日","112年01月10日","112年09月07日","112年09月11日","0.109","    116.86","","",
="033675","八方國票28購02","0.00","","2753","八方雲集","167.00","","認購","美式","112年01月10日","112年01月10日","112年08月07日","112年08月09日","0.077","    260.00","","",
="033676","瑞鼎國票28購01","1.29","＋","3592","瑞鼎","348.00","＋","認購","美式","112年01月10日","112年01月10日","112年08月07日","112年08月09日","0.06","    400.00","","",
="033677","致伸康和27購01","0.71","－","4915","致伸","64.40","＋","認購","美式","112年01月10日","112年01月10日","112年07月06日","112年07月10日","0.15","    62.00","","",
="033678","矽創康和27購01","0.00","","8016","矽創","225.50","＋","認購","美式","112年01月10日","112年01月10日","112年07月06日","112年07月10日","0.06","    225.00","","",
="033679","富邦媒康和27購01","0.00","","8454","富邦媒","703.00","＋","認購","美式","112年01月10日","112年01月10日","112年07月06日","112年07月10日","0.012","    800.00","","",
="03367U","八方群益29售01","0.00","","2753","八方雲集","167.00","","認售","歐式","112年01月05日","112年09月04日","112年08月31日","112年09月04日","0.041","    180.00","","",
="033680","滬深2X永豐28購01","0.00","",="00637L","元大滬深300正2","13.77","－","認購","美式","112年01月10日","112年01月10日","112年08月07日","112年08月09日","0.90","    17.70","","",
="033681","台泥永豐27購02","0.00","","1101","台泥","38.15","＋","認購","美式","112年01月10日","112年01月10日","112年07月06日","112年07月10日","0.69","    39.59","","",
="033682","中興電永豐29購01","5.20","＋","1513","中興電","113.50","＋","認購","美式","112年01月10日","112年01月10日","112年09月07日","112年09月11日","0.20","    91.19","","",
="033683","鴻海永豐27購01","0.89","＋","2317","鴻海","105.50","＋","認購","美式","112年01月10日","112年01月10日","112年07月06日","112年07月10日","0.20","    103.69","","",
="033684","宏碁永豐27購01","3.07","","2353","宏碁","31.05","＋","認購","美式","112年01月10日","112年01月10日","112年07月06日","112年07月10日","0.86","    27.89","","",
="033685","長榮永豐28購03","0.00","","2603","長榮","157.00","＋","認購","美式","112年01月10日","112年01月10日","112年08月07日","112年08月09日","0.10","    211.95","","",
="033686","永信永豐28購01","0.00","","3705","永信","46.25","＋","認購","美式","112年01月10日","112年01月10日","112年08月07日","112年08月09日","0.25","    57.69","","",
="033687","樺漢永豐28購01","1.91","","6414","樺漢","281.00","＋","認購","美式","112年01月10日","112年01月10日","112年08月07日","112年08月09日","0.057","    266.10","","",
="033688","緯穎永豐27購01","0.00","","6669","緯穎","1,205.00","＋","認購","美式","112年01月10日","112年01月10日","112年07月06日","112年07月10日","0.02","    829.95","","",
="033689","名軒中信27購01","0.00","","1442","名軒","32.90","","認購","歐式","112年01月10日","112年07月10日","112年07月06日","112年07月10日","0.35","    41.88","","",
="03368U","上品群益27售01","0.00","","4770","上品","297.00","＋","認售","歐式","112年01月05日","112年07月04日","112年06月30日","112年07月04日","0.083","    192.16","","",
="033690","中興電中信29購01","2.23","＋","1513","中興電","113.50","＋","認購","歐式","112年01月10日","112年09月11日","112年09月07日","112年09月11日","0.10","    100.00","","",
="033691","生達中信27購01","0.00","","1720","生達","70.80","＋","認購","歐式","112年01月10日","112年07月10日","112年07月06日","112年07月10日","0.16","    69.88","","",
="033692","永信中信27購01","0.00","","3705","永信","46.25","＋","認購","歐式","112年01月10日","112年07月10日","112年07月06日","112年07月10日","0.15","    50.88","","",
="033693","帆宣中信27購01","0.78","－","6196","帆宣","131.50","","認購","歐式","112年01月10日","112年07月10日","112年07月06日","112年07月10日","0.10","    132.88","","",
="033694","啟碁中信27購01","0.00","","6285","啟碁","87.50","＋","認購","歐式","112年01月10日","112年07月10日","112年07月06日","112年07月10日","0.45","    100.00","","",
="033695","世紀鋼中信29購01","1.56","＋","9958","世紀鋼","109.50","＋","認購","歐式","112年01月10日","112年09月11日","112年09月07日","112年09月11日","0.08","    100.00","","",
="033696","滬深2X凱基29購01","0.00","",="00637L","元大滬深300正2","13.77","－","認購","美式","112年01月10日","112年01月10日","112年09月07日","112年09月11日","0.70","    16.00","","",
="033697","滬深2X凱基2C購01","0.22","",="00637L","元大滬深300正2","13.77","－","認購","美式","112年01月10日","112年01月10日","112年12月07日","112年12月11日","1.00","    24.00","","",
="033698","SGBR2X凱基28購09","0.86","",="00715L","期街口布蘭特正2","12.73","＋","認購","美式","112年01月10日","112年01月10日","112年08月07日","112年08月09日","0.40","    13.00","","",
="033699","東陽凱基27購02","0.00","","1319","東陽","49.90","＋","認購","美式","112年01月10日","112年01月10日","112年07月06日","112年07月10日","0.55","    55.00","","",
="03369U","臺股指群益27售01","0.00","","IX0001","臺股指數","16,636.30","","認售","歐式","112年01月05日","112年07月04日","112年06月30日","112年07月04日","0.002","    12,200.00","","",
="033700","華新凱基28購02","0.76","","1605","華新","46.60","＋","認購","美式","112年01月10日","112年01月10日","112年08月07日","112年08月09日","0.25","    50.00","","",
="033701","大亞凱基28購01","0.00","","1609","大亞","31.00","＋","認購","美式","112年01月10日","112年01月10日","112年08月07日","112年08月09日","1.00","    27.00","","",
="033702","鴻海凱基28購02","0.78","＋","2317","鴻海","105.50","＋","認購","美式","112年01月10日","112年01月10日","112年08月07日","112年08月09日","0.20","    108.00","","",
="033703","陽明凱基2A購02","0.00","","2609","陽明","62.00","＋","認購","美式","112年01月10日","112年01月10日","112年10月05日","112年10月11日","0.40","    85.00","","",
="033704","華航凱基29購01","2.23","＋","2610","華航","21.65","＋","認購","美式","112年01月10日","112年01月10日","112年09月07日","112年09月11日","0.70","    19.00","","",
="033705","創意凱基27購06","0.00","","3443","創意","1,515.00","＋","認購","美式","112年01月10日","112年01月10日","112年07月06日","112年07月10日","0.015","    750.00","","",
="033706","上緯控凱基27購02","0.00","","3708","上緯投控","96.50","－","認購","美式","112年01月10日","112年01月10日","112年07月06日","112年07月10日","0.10","    120.00","","",
="033707","材料凱基29購01","0.00","","4763","材料-KY","550.00","－","認購","美式","112年01月10日","112年01月10日","112年09月07日","112年09月11日","0.04","    300.00","","",
="033708","矽力凱基27購03","0.21","＋","6415","矽力*-KY","394.50","＋","認購","美式","112年01月10日","112年01月10日","112年07月06日","112年07月10日","0.02","    495.61","","",
="033709","富邦媒凱基27購03","0.00","","8454","富邦媒","703.00","＋","認購","美式","112年01月10日","112年01月10日","112年07月06日","112年07月10日","0.02","    950.00","","",
="03370U","臺股指群益29售07","0.00","","IX0001","臺股指數","16,636.30","","認售","歐式","112年01月05日","112年09月04日","112年08月31日","112年09月04日","0.002","    12,500.00","","",
="033710","電子類凱基2A購03","0.00","","IX0027","電子類","797.58","","認購","歐式","112年01月10日","112年10月11日","112年10月05日","112年10月11日","0.10","    750.00","","",
="033711","中興電統一29購01","2.75","＋","1513","中興電","113.50","＋","認購","美式","112年01月10日","112年01月10日","112年09月07日","112年09月11日","0.10","    88.88","","",
="033712","鴻海統一2A購01","0.00","","2317","鴻海","105.50","＋","認購","美式","112年01月10日","112年01月10日","112年10月05日","112年10月11日","0.168","    99.50","","",
="033713","鴻海統一2B購01","1.13","＋","2317","鴻海","105.50","＋","認購","美式","112年01月10日","112年01月10日","112年11月07日","112年11月09日","0.06","    88.88","","",
="033714","鴻海統一37購02","1.06","＋","2317","鴻海","105.50","＋","認購","美式","112年01月10日","112年01月10日","113年07月05日","113年07月09日","0.05","    111.11","","",
="033715","宏達電統一29購01","0.71","＋","2498","宏達電","61.50","＋","認購","美式","112年01月10日","112年01月10日","112年09月07日","112年09月11日","0.10","    63.70","","",
="033716","長榮統一2B購02","0.00","","2603","長榮","157.00","＋","認購","美式","112年01月10日","112年01月10日","112年11月07日","112年11月09日","0.036","    180.00","","",
="033717","永信統一2B購01","0.00","","3705","永信","46.25","＋","認購","美式","112年01月10日","112年01月10日","112年11月07日","112年11月09日","0.08","    58.88","","",
="033718","麗豐統一2B購01","0.79","","4137","麗豐-KY","216.00","＋","認購","美式","112年01月10日","112年01月10日","112年11月07日","112年11月09日","0.013","    208.88","","",
="033719","富邦媒統一2B購01","0.32","","8454","富邦媒","703.00","＋","認購","美式","112年01月10日","112年01月10日","112年11月07日","112年11月09日","0.005","    888.88","","",
="03371U","臺股指群益29售08","0.00","","IX0001","臺股指數","16,636.30","","認售","歐式","112年01月05日","112年09月04日","112年08月31日","112年09月04日","0.002","    12,800.00","","",
="033720","T50反1兆豐34購01","0.00","",="00632R","元大台灣50反1","4.94","－","認購","美式","112年01月10日","112年01月10日","113年04月03日","113年04月09日","1.00","    6.90","","",
="033721","鴻海兆豐2A購02","1.04","＋","2317","鴻海","105.50","＋","認購","美式","112年01月10日","112年01月10日","112年10月05日","112年10月11日","0.12","    100.00","","",
="033722","漢翔兆豐29購01","0.00","","2634","漢翔","55.80","＋","認購","美式","112年01月10日","112年01月10日","112年09月07日","112年09月11日","0.20","    38.00","","",
="033723","葡萄王台新27購01","0.00","","1707","葡萄王","175.00","＋","認購","歐式","112年01月10日","112年07月10日","112年07月06日","112年07月10日","0.12","    205.94","","",
="033724","國巨富邦29購01","0.77","＋","2327","國巨","508.00","＋","認購","美式","112年01月10日","112年01月10日","112年09月07日","112年09月11日","0.02","    540.00","","",
="033725","華航富邦2A購02","0.68","＋","2610","華航","21.65","＋","認購","美式","112年01月10日","112年01月10日","112年10月05日","112年10月11日","0.85","    28.00","","",
="033726","敦泰富邦2A購01","0.00","","3545","敦泰","83.70","＋","認購","美式","112年01月10日","112年01月10日","112年10月05日","112年10月11日","0.06","    55.00","","",
="033727","鈺齊富邦29購01","0.42","－","9802","鈺齊-KY","124.00","－","認購","美式","112年01月10日","112年01月10日","112年09月07日","112年09月11日","0.028","    123.85","","",
="033728","世紀鋼富邦29購01","0.89","＋","9958","世紀鋼","109.50","＋","認購","美式","112年01月10日","112年01月10日","112年09月07日","112年09月11日","0.10","    120.00","","",
="033729","上証2X群益28購01","0.17","",="00633L","富邦上証正2","35.01","－","認購","美式","112年01月10日","112年01月10日","112年08月07日","112年08月09日","0.40","    46.00","","",
="03372U","臺股指群益29售09","0.09","－","IX0001","臺股指數","16,636.30","","認售","歐式","112年01月05日","112年09月04日","112年08月31日","112年09月04日","0.001","    13,500.00","","",
="033730","台灣5G群益2B購01","0.00","",="00881","國泰台灣5G PLUS ETF基金","16.12","＋","認購","美式","112年01月10日","112年01月10日","112年11月07日","112年11月09日","1.025","    14.15","","",
="033731","FB台半群益2B購01","0.00","",="00892","富邦台灣半導體","12.41","＋","認購","美式","112年01月10日","112年01月10日","112年11月07日","112年11月09日","1.00","    10.50","","",
="033732","智能車群益29購01","0.00","",="00893","國泰智能電動車","15.74","＋","認購","美式","112年01月10日","112年01月10日","112年09月07日","112年09月11日","1.00","    12.50","","",
="033733","中興電群益28購01","0.00","","1513","中興電","113.50","＋","認購","美式","112年01月10日","112年01月10日","112年08月07日","112年08月09日","0.40","    100.00","","",
="033734","華新群益27購03","0.00","","1605","華新","46.60","＋","認購","美式","112年01月10日","112年01月10日","112年07月06日","112年07月10日","0.35","    53.00","","",
="033735","華新群益27購04","0.00","","1605","華新","46.60","＋","認購","美式","112年01月10日","112年01月10日","112年07月06日","112年07月10日","0.85","    59.00","","",
="033736","大亞群益27購01","3.89","＋","1609","大亞","31.00","＋","認購","美式","112年01月10日","112年01月10日","112年07月06日","112年07月10日","0.82","    26.88","","",
="033737","台積電群益29購02","0.00","","2330","台積電","568.00","＋","認購","美式","112年01月10日","112年01月10日","112年09月07日","112年09月11日","0.201","    611.69","","",
="033738","友達群益28購02","1.22","＋","2409","友達","17.65","＋","認購","美式","112年01月10日","112年01月10日","112年08月07日","112年08月09日","1.00","    18.00","","",
="033739","友達群益29購01","0.90","＋","2409","友達","17.65","＋","認購","美式","112年01月10日","112年01月10日","112年09月07日","112年09月11日","1.00","    20.00","","",
="03373U","富鼎國票28售01","0.58","","8261","富鼎","106.50","＋","認售","歐式","112年01月06日","112年08月07日","112年08月03日","112年08月07日","0.089","    92.00","","",
="033740","聯發科群益28購03","2.04","＋","2454","聯發科","738.00","＋","認購","美式","112年01月10日","112年01月10日","112年08月07日","112年08月09日","0.05","    790.00","","",
="033741","長榮群益27購05","0.00","","2603","長榮","157.00","＋","認購","美式","112年01月10日","112年01月10日","112年07月06日","112年07月10日","0.16","    222.00","","",
="033742","陽明群益27購02","0.00","","2609","陽明","62.00","＋","認購","美式","112年01月10日","112年01月10日","112年07月06日","112年07月10日","0.20","    72.00","","",
="033743","聯詠群益27購02","0.00","","3034","聯詠","423.50","＋","認購","美式","112年01月10日","112年01月10日","112年07月06日","112年07月10日","0.08","    378.00","","",
="033744","聯詠群益27購03","5.45","","3034","聯詠","423.50","＋","認購","美式","112年01月10日","112年01月10日","112年07月06日","112年07月10日","0.12","    400.00","","",
="033745","聯詠群益27購04","0.00","","3034","聯詠","423.50","＋","認購","美式","112年01月10日","112年01月10日","112年07月06日","112年07月10日","0.16","    440.00","","",
="033746","合勤控群益28購01","1.22","＋","3704","合勤控","43.85","＋","認購","美式","112年01月10日","112年01月10日","112年08月07日","112年08月09日","0.50","    48.80","","",
="033747","國光生群益27購01","0.59","－","4142","國光生","37.80","＋","認購","美式","112年01月10日","112年01月10日","112年07月06日","112年07月10日","0.40","    44.00","","",
="033748","康普群益27購02","0.00","","4739","康普","88.80","＋","認購","美式","112年01月10日","112年01月10日","112年07月06日","112年07月10日","0.30","    120.00","","",
="033749","愛普群益29購03","0.00","","6531","愛普*","328.50","＋","認購","美式","112年01月10日","112年01月10日","112年09月07日","112年09月11日","0.05","    176.00","","",
="03374U","台積電統一27售05","0.00","","2330","台積電","568.00","＋","認售","歐式","112年01月06日","112年07月05日","112年07月03日","112年07月05日","0.045","    416.63","","",
="033750","AES群益27購02","0.16","","6781","AES-KY","690.00","＋","認購","美式","112年01月10日","112年01月10日","112年07月06日","112年07月10日","0.01","    860.00","","",
="033751","東哥群益27購03","0.00","","8478","東哥遊艇","520.00","＋","認購","美式","112年01月10日","112年01月10日","112年07月06日","112年07月10日","0.068","    414.00","","",
="033752","T50反1元富2A購02","0.00","",="00632R","元大台灣50反1","4.94","－","認購","美式","112年01月10日","112年01月10日","112年10月05日","112年10月11日","1.00","    5.60","","",
="033753","中石化元富27購01","0.00","","1314","中石化","9.72","－","認購","美式","112年01月10日","112年01月10日","112年07月06日","112年07月10日","1.00","    10.70","","",
="033754","中華元富27購01","0.00","","2204","中華","91.60","－","認購","美式","112年01月10日","112年01月10日","112年07月06日","112年07月10日","0.50","    60.00","","",
="033755","鴻海元富27購09","0.47","","2317","鴻海","105.50","＋","認購","美式","112年01月10日","112年01月10日","112年07月06日","112年07月10日","0.25","    110.00","","",
="033756","台積電元富27購28","7.30","＋","2330","台積電","568.00","＋","認購","美式","112年01月10日","112年01月10日","112年07月06日","112年07月10日","0.101","    497.31","","",
="033757","聯詠元富27購02","0.00","","3034","聯詠","423.50","＋","認購","美式","112年01月10日","112年01月10日","112年07月06日","112年07月10日","0.06","    380.00","","",
="033758","晶心科元富27購02","1.31","＋","6533","晶心科","511.00","＋","認購","美式","112年01月10日","112年01月10日","112年07月06日","112年07月10日","0.02","    490.00","","",
="033759","富鼎元富28購01","0.69","","8261","富鼎","106.50","＋","認購","美式","112年01月10日","112年01月10日","112年08月07日","112年08月09日","0.11","    120.00","","",
="03375U","陽明永豐27售01","0.50","－","2609","陽明","62.00","＋","認售","歐式","112年01月06日","112年07月05日","112年07月03日","112年07月05日","0.25","    57.24","","",
="033760","富邦媒元富2A購01","0.84","＋","8454","富邦媒","703.00","＋","認購","美式","112年01月10日","112年01月10日","112年10月05日","112年10月11日","0.01","    800.00","","",
="033761","裕隆麥證27購03","0.00","","2201","裕隆","82.80","＋","認購","歐式","112年01月10日","112年07月10日","112年07月06日","112年07月10日","0.169","    66.00","","",
="033762","美食麥證29購01","0.39","－","2723","美食-KY","152.50","－","認購","歐式","112年01月10日","112年09月11日","112年09月07日","112年09月11日","0.10","    210.00","","",
="033763","東陽元大27購01","0.00","","1319","東陽","49.90","＋","認購","美式","112年01月10日","112年01月10日","112年07月06日","112年07月10日","0.375","    49.35","","",
="033764","華新元大27購06","0.82","","1605","華新","46.60","＋","認購","美式","112年01月10日","112年01月10日","112年07月06日","112年07月10日","0.283","    48.80","","",
="033765","華新元大29購05","1.18","＋","1605","華新","46.60","＋","認購","美式","112年01月10日","112年01月10日","112年09月07日","112年09月11日","0.245","    50.20","","",
="033766","大成鋼元大27購02","0.00","","2027","大成鋼","45.25","＋","認購","美式","112年01月10日","112年01月10日","112年07月06日","112年07月10日","0.405","    44.80","","",
="033767","中華元大27購01","0.00","","2204","中華","91.60","－","認購","美式","112年01月10日","112年01月10日","112年07月06日","112年07月10日","0.25","    62.68","","",
="033768","鴻海元大27購03","0.00","","2317","鴻海","105.50","＋","認購","美式","112年01月10日","112年01月10日","112年07月06日","112年07月10日","0.168","    100.50","","",
="033769","鴻海元大29購06","1.45","＋","2317","鴻海","105.50","＋","認購","美式","112年01月10日","112年01月10日","112年09月07日","112年09月11日","0.119","    99.20","","",
="03376P","萬海凱基27售03","0.00","","2615","萬海","60.00","＋","認售","歐式","111年09月28日","112年07月27日","112年07月25日","112年07月27日","0.40","    48.00","","",
="03376U","聚陽凱基27售01","0.00","","1477","聚陽","219.00","＋","認售","歐式","112年01月06日","112年07月05日","112年07月03日","112年07月05日","0.064","    168.92","","",
="033770","鴻海元大2A購15","1.31","＋","2317","鴻海","105.50","＋","認購","美式","112年01月10日","112年01月10日","112年10月05日","112年10月11日","0.10","    98.10","","",
="033771","長榮元大27購13","0.45","＋","2603","長榮","157.00","＋","認購","美式","112年01月10日","112年01月10日","112年07月06日","112年07月10日","0.164","    190.00","","",
="033772","長榮元大29購01","0.00","","2603","長榮","157.00","＋","認購","美式","112年01月10日","112年01月10日","112年09月07日","112年09月11日","0.133","    202.00","","",
="033773","長榮元大2A購12","0.00","","2603","長榮","157.00","＋","認購","美式","112年01月10日","112年01月10日","112年10月05日","112年10月11日","0.114","    206.00","","",
="033774","陽明元大27購05","0.00","","2609","陽明","62.00","＋","認購","美式","112年01月10日","112年01月10日","112年07月06日","112年07月10日","0.236","    66.90","","",
="033775","陽明元大29購05","0.79","","2609","陽明","62.00","＋","認購","美式","112年01月10日","112年01月10日","112年09月07日","112年09月11日","0.278","    76.10","","",
="033776","華航元大27購07","0.00","","2610","華航","21.65","＋","認購","美式","112年01月10日","112年01月10日","112年07月06日","112年07月10日","1.00","    24.65","","",
="033777","萬海元大27購06","0.00","","2615","萬海","60.00","＋","認購","美式","112年01月10日","112年01月10日","112年07月06日","112年07月10日","0.131","    78.80","","",
="033778","長榮航元大27購07","1.99","","2618","長榮航","33.60","＋","認購","美式","112年01月10日","112年01月10日","112年07月06日","112年07月10日","0.89","    33.55","","",
="033779","美食元大27購05","0.56","－","2723","美食-KY","152.50","－","認購","美式","112年01月10日","112年01月10日","112年07月06日","112年07月10日","0.076","    162.50","","",
="03377U","光罩凱基27售04","0.00","","2338","光罩","81.80","＋","認售","歐式","112年01月06日","112年07月05日","112年07月03日","112年07月05日","0.10","    80.00","","",
="033780","瑞鼎元大27購01","0.00","","3592","瑞鼎","348.00","＋","認購","美式","112年01月10日","112年01月10日","112年07月06日","112年07月10日","0.084","    510.00","","",
="033781","立積元大27購04","0.64","＋","4968","立積","170.00","＋","認購","美式","112年01月10日","112年01月10日","112年07月06日","112年07月10日","0.063","    189.00","","",
="033782","南電元大27購05","0.00","","8046","南電","302.50","－","認購","美式","112年01月10日","112年01月10日","112年07月06日","112年07月10日","0.068","    260.00","","",
="033783","敦泰國票28購01","0.00","","3545","敦泰","83.70","＋","認購","美式","112年01月11日","112年01月11日","112年08月08日","112年08月10日","0.318","    86.00","","",
="033784","台耀國票28購01","0.00","","4746","台耀","84.00","＋","認購","美式","112年01月11日","112年01月11日","112年08月08日","112年08月10日","0.40","    99.00","","",
="033785","全訊國票28購01","0.00","","5222","全訊","198.00","＋","認購","美式","112年01月11日","112年01月11日","112年08月08日","112年08月10日","0.061","    157.44","","",
="033786","SP黃豆永豐28購01","0.19","＋",="00693U","期街口S&P黃豆","24.41","＋","認購","美式","112年01月11日","112年01月11日","112年08月08日","112年08月10日","0.753","    29.62","","",
="033787","華新永豐27購02","0.00","","1605","華新","46.60","＋","認購","美式","112年01月11日","112年01月11日","112年07月06日","112年07月10日","0.25","    50.00","","",
="033788","寶齡永豐28購01","0.00","","1760","寶齡富錦","148.50","","認購","美式","112年01月11日","112年01月11日","112年08月08日","112年08月10日","0.042","    189.56","","",
="033789","寶齡永豐29購01","0.00","","1760","寶齡富錦","148.50","","認購","美式","112年01月11日","112年01月11日","112年09月07日","112年09月11日","0.066","    220.03","","",
="03378P","台灣50富邦26售02","0.00","",="0050","元大台灣50","126.75","＋","認售","歐式","111年09月28日","112年06月27日","112年06月21日","112年06月27日","0.256","    92.91","","",
="03378U","聯發科凱基27售09","0.00","","2454","聯發科","738.00","＋","認售","歐式","112年01月06日","112年07月05日","112年07月03日","112年07月05日","0.04","    580.00","","",
="033790","裕隆永豐28購01","0.00","","2201","裕隆","82.80","＋","認購","美式","112年01月11日","112年01月11日","112年08月08日","112年08月10日","0.166","    77.86","","",
="033791","智邦永豐28購01","0.00","","2345","智邦","357.50","＋","認購","美式","112年01月11日","112年01月11日","112年08月08日","112年08月10日","0.055","    288.08","","",
="033792","天鈺永豐29購01","0.58","","4961","天鈺","154.00","＋","認購","美式","112年01月11日","112年01月11日","112年09月07日","112年09月11日","0.06","    187.99","","",
="033793","嘉聯益永豐28購01","0.00","","6153","嘉聯益","23.15","＋","認購","美式","112年01月11日","112年01月11日","112年08月08日","112年08月10日","0.50","    27.60","","",
="033794","采鈺永豐28購01","0.00","","6789","采鈺","224.00","＋","認購","美式","112年01月11日","112年01月11日","112年08月08日","112年08月10日","0.06","    314.76","","",
="033795","鈺齊永豐28購01","0.00","","9802","鈺齊-KY","124.00","－","認購","美式","112年01月11日","112年01月11日","112年08月08日","112年08月10日","0.066","    164.47","","",
="033796","台積電麥證27購10","1.91","－","2330","台積電","568.00","＋","認購","歐式","112年01月11日","112年07月10日","112年07月06日","112年07月10日","0.362","    646.50","","",
="033797","台積電麥證29購04","3.81","＋","2330","台積電","568.00","＋","認購","歐式","112年01月11日","112年09月11日","112年09月07日","112年09月11日","0.362","    676.34","","",
="033798","南電麥證27購01","0.00","","8046","南電","302.50","－","認購","歐式","112年01月11日","112年07月10日","112年07月06日","112年07月10日","0.05","    225.00","","",
="033799","中砂兆豐29購01","0.42","－","1560","中砂","114.50","－","認購","美式","112年01月11日","112年01月11日","112年09月07日","112年09月11日","0.06","    128.00","","",
="03379P","長榮第一27售01","0.00","","2603","長榮","157.00","＋","認售","歐式","111年09月29日","112年07月28日","112年07月26日","112年07月28日","0.035","    123.68","","",
="03379U","天鈺凱基27售04","0.00","","4961","天鈺","154.00","＋","認售","歐式","112年01月06日","112年07月05日","112年07月03日","112年07月05日","0.088","    110.00","","",
="033800","大成鋼兆豐28購02","0.96","＋","2027","大成鋼","45.25","＋","認購","美式","112年01月11日","112年01月11日","112年08月08日","112年08月10日","0.30","    45.00","","",
="033801","台積電兆豐2B購01","0.00","","2330","台積電","568.00","＋","認購","美式","112年01月11日","112年01月11日","112年11月08日","112年11月10日","0.04","    542.07","","",
="033802","AES兆豐27購01","0.28","","6781","AES-KY","690.00","＋","認購","美式","112年01月11日","112年01月11日","112年07月06日","112年07月10日","0.012","    800.00","","",
="033803","滬深2X統一27購01","0.00","",="00637L","元大滬深300正2","13.77","－","認購","美式","112年01月11日","112年01月11日","112年07月06日","112年07月10日","1.00","    19.10","","",
="033804","寶齡統一2C購01","0.47","","1760","寶齡富錦","148.50","","認購","美式","112年01月11日","112年01月11日","112年12月07日","112年12月11日","0.015","    234.56","","",
="033805","鴻海統一2B購02","1.09","＋","2317","鴻海","105.50","＋","認購","美式","112年01月11日","112年01月11日","112年11月08日","112年11月10日","0.08","    98.88","","",
="033806","國巨統一27購01","0.00","","2327","國巨","508.00","＋","認購","美式","112年01月11日","112年01月11日","112年07月06日","112年07月10日","0.025","    550.00","","",
="033807","國巨統一2B購01","0.00","","2327","國巨","508.00","＋","認購","美式","112年01月11日","112年01月11日","112年11月08日","112年11月10日","0.013","    588.88","","",
="033808","欣興統一2A購03","0.00","","3037","欣興","182.50","－","認購","美式","112年01月11日","112年01月11日","112年10月05日","112年10月11日","0.038","    140.00","","",
="033809","世芯統一28購02","0.00","","3661","世芯-KY","1,660.00","＋","認購","美式","112年01月11日","112年01月11日","112年08月08日","112年08月10日","0.008","    888.88","","",
="03380U","臺股指凱基29售28","0.00","","IX0001","臺股指數","16,636.30","","認售","歐式","112年01月06日","112年09月05日","112年09月01日","112年09月05日","0.002","    11,800.00","","",
="033810","南電統一28購01","0.00","","8046","南電","302.50","－","認購","美式","112年01月11日","112年01月11日","112年08月08日","112年08月10日","0.035","    248.00","","",
="033811","南電統一29購02","0.00","","8046","南電","302.50","－","認購","美式","112年01月11日","112年01月11日","112年09月07日","112年09月11日","0.03","    270.00","","",
="033812","中興電國泰29購01","0.00","","1513","中興電","113.50","＋","認購","美式","112年01月11日","112年01月11日","112年09月07日","112年09月11日","0.25","    87.00","","",
="033813","國巨國泰29購01","0.98","－","2327","國巨","508.00","＋","認購","美式","112年01月11日","112年01月11日","112年09月07日","112年09月11日","0.06","    620.00","","",
="033814","創意國泰29購01","0.00","","3443","創意","1,515.00","＋","認購","美式","112年01月11日","112年01月11日","112年09月07日","112年09月11日","0.02","    850.00","","",
="033815","富邦媒國泰29購01","0.86","＋","8454","富邦媒","703.00","＋","認購","美式","112年01月11日","112年01月11日","112年09月07日","112年09月11日","0.02","    870.00","","",
="033816","上証2X凱基2B購01","0.28","－",="00633L","富邦上証正2","35.01","－","認購","美式","112年01月11日","112年01月11日","112年11月08日","112年11月10日","0.80","    60.00","","",
="033817","滬深2X凱基2A購08","0.00","",="00637L","元大滬深300正2","13.77","－","認購","美式","112年01月11日","112年01月11日","112年10月05日","112年10月11日","1.00","    19.00","","",
="033818","滬深2X凱基2B購01","0.00","",="00637L","元大滬深300正2","13.77","－","認購","美式","112年01月11日","112年01月11日","112年11月08日","112年11月10日","1.00","    23.00","","",
="033819","南亞凱基27購01","0.00","","1303","南亞","78.40","－","認購","美式","112年01月11日","112年01月11日","112年07月06日","112年07月10日","0.40","    80.00","","",
="03381U","臺股指凱基2B售05","0.28","－","IX0001","臺股指數","16,636.30","","認售","歐式","112年01月06日","112年11月06日","112年11月02日","112年11月06日","0.002","    13,300.00","","",
="033820","名軒凱基28購01","0.00","","1442","名軒","32.90","","認購","美式","112年01月11日","112年01月11日","112年08月08日","112年08月10日","0.50","    45.00","","",
="033821","寶齡凱基27購03","0.00","","1760","寶齡富錦","148.50","","認購","美式","112年01月11日","112年01月11日","112年07月06日","112年07月10日","0.06","    210.00","","",
="033822","寶齡凱基28購03","0.00","","1760","寶齡富錦","148.50","","認購","美式","112年01月11日","112年01月11日","112年08月08日","112年08月10日","0.07","    250.00","","",
="033823","寶齡凱基2A購01","0.00","","1760","寶齡富錦","148.50","","認購","美式","112年01月11日","112年01月11日","112年10月05日","112年10月11日","0.05","    230.00","","",
="033824","川湖凱基27購01","1.05","＋","2059","川湖","436.00","＋","認購","美式","112年01月11日","112年01月11日","112年07月06日","112年07月10日","0.04","    450.00","","",
="033825","國巨凱基27購03","0.12","","2327","國巨","508.00","＋","認購","美式","112年01月11日","112年01月11日","112年07月06日","112年07月10日","0.08","    650.00","","",
="033826","國巨凱基29購01","1.39","－","2327","國巨","508.00","＋","認購","美式","112年01月11日","112年01月11日","112年09月07日","112年09月11日","0.035","    550.00","","",
="033827","台積電凱基29購03","0.00","","2330","台積電","568.00","＋","認購","美式","112年01月11日","112年01月11日","112年09月07日","112年09月11日","0.06","    467.47","","",
="033828","台積電凱基29購04","0.00","","2330","台積電","568.00","＋","認購","美式","112年01月11日","112年01月11日","112年09月07日","112年09月11日","0.08","    507.26","","",
="033829","長榮凱基27購14","0.00","","2603","長榮","157.00","＋","認購","美式","112年01月11日","112年01月11日","112年07月06日","112年07月10日","0.35","    230.00","","",
="03382U","臺股指凱基2C售07","0.12","－","IX0001","臺股指數","16,636.30","","認售","歐式","112年01月06日","112年12月05日","112年12月01日","112年12月05日","0.001","    12,500.00","","",
="033830","第一金凱基27購01","0.00","","2892","第一金","28.00","＋","認購","美式","112年01月11日","112年01月11日","112年07月06日","112年07月10日","1.00","    30.00","","",
="033831","欣興凱基2B購02","3.85","－","3037","欣興","182.50","－","認購","美式","112年01月11日","112年01月11日","112年11月08日","112年11月10日","0.15","    184.00","","",
="033832","台耀凱基27購01","0.75","－","4746","台耀","84.00","＋","認購","美式","112年01月11日","112年01月11日","112年07月06日","112年07月10日","0.10","    85.00","","",
="033833","樺漢凱基27購03","0.00","","6414","樺漢","281.00","＋","認購","美式","112年01月11日","112年01月11日","112年07月06日","112年07月10日","0.08","    240.00","","",
="033834","緯穎凱基27購02","0.00","","6669","緯穎","1,205.00","＋","認購","美式","112年01月11日","112年01月11日","112年07月06日","112年07月10日","0.02","    850.00","","",
="033835","AES凱基27購01","0.51","","6781","AES-KY","690.00","＋","認購","美式","112年01月11日","112年01月11日","112年07月06日","112年07月10日","0.015","    750.00","","",
="033836","采鈺凱基29購01","0.34","＋","6789","采鈺","224.00","＋","認購","美式","112年01月11日","112年01月11日","112年09月07日","112年09月11日","0.06","    320.00","","",
="033837","南電凱基2C購01","1.85","－","8046","南電","302.50","－","認購","美式","112年01月11日","112年01月11日","112年12月07日","112年12月11日","0.025","    270.00","","",
="033838","金融類凱基29購01","1.79","＋","IX0039","金融類","1,620.43","","認購","歐式","112年01月11日","112年09月11日","112年09月07日","112年09月11日","0.02","    1,550.00","","",
="033839","東陽康和27購01","0.00","","1319","東陽","49.90","＋","認購","美式","112年01月11日","112年01月11日","112年07月06日","112年07月10日","0.25","    50.00","","",
="03383U","國巨群益27售02","0.00","","2327","國巨","508.00","＋","認售","歐式","112年01月06日","112年07月05日","112年07月03日","112年07月05日","0.03","    400.00","","",
="033840","中興電康和27購01","4.51","＋","1513","中興電","113.50","＋","認購","美式","112年01月11日","112年01月11日","112年07月06日","112年07月10日","0.15","    85.00","","",
="033841","國巨康和28購01","0.00","","2327","國巨","508.00","＋","認購","美式","112年01月11日","112年01月11日","112年08月08日","112年08月10日","0.06","    700.00","","",
="033842","智邦康和27購01","3.05","＋","2345","智邦","357.50","＋","認購","美式","112年01月11日","112年01月11日","112年07月06日","112年07月10日","0.05","    300.00","","",
="033843","漢翔康和27購01","4.99","","2634","漢翔","55.80","＋","認購","美式","112年01月11日","112年01月11日","112年07月06日","112年07月10日","0.35","    42.60","","",
="033844","嘉澤康和27購01","0.98","－","3533","嘉澤","909.00","－","認購","美式","112年01月11日","112年01月11日","112年07月06日","112年07月10日","0.015","    940.40","","",
="033845","聯合再康和27購01","0.00","","3576","聯合再生","20.30","＋","認購","美式","112年01月11日","112年01月11日","112年07月06日","112年07月10日","0.50","    24.00","","",
="033846","合勤控康和27購01","0.84","＋","3704","合勤控","43.85","＋","認購","美式","112年01月11日","112年01月11日","112年07月06日","112年07月10日","0.20","    42.00","","",
="033847","中租康和27購01","0.00","","5871","中租-KY","210.50","＋","認購","美式","112年01月11日","112年01月11日","112年07月06日","112年07月10日","0.05","    260.00","","",
="033848","同欣電康和27購01","0.04","","6271","同欣電","179.50","＋","認購","美式","112年01月11日","112年01月11日","112年07月06日","112年07月10日","0.05","    240.00","","",
="033849","東哥康和27購01","0.00","","8478","東哥遊艇","520.00","＋","認購","美式","112年01月11日","112年01月11日","112年07月06日","112年07月10日","0.02","    369.00","","",
="03384U","強茂群益28售02","0.00","","2481","強茂","70.20","＋","認售","歐式","112年01月06日","112年08月07日","112年08月03日","112年08月07日","0.30","    43.00","","",
="033850","元石油群益29購01","0.00","",="00642U","期元大S&P石油(原名：元大S&P石油)","15.46","＋","認購","美式","112年01月11日","112年01月11日","112年09月07日","112年09月11日","0.80","    17.80","","",
="033851","香港反群益29購01","0.00","",="00651R","FH香港反1","8.90","－","認購","美式","112年01月11日","112年01月11日","112年09月07日","112年09月11日","1.00","    8.28","","",
="033852","元日2X群益2B購01","0.32","－",="00706L","期元大S&P日圓正2(原名：元大S&P日圓正2)","8.72","－","認購","美式","112年01月11日","112年01月11日","112年11月08日","112年11月10日","1.00","    9.88","","",
="033853","台泥群益27購02","0.75","＋","1101","台泥","38.15","＋","認購","美式","112年01月11日","112年01月11日","112年07月06日","112年07月10日","1.00","    40.88","","",
="033854","寶齡群益27購01","0.00","","1760","寶齡富錦","148.50","","認購","美式","112年01月11日","112年01月11日","112年07月06日","112年07月10日","0.12","    233.00","","",
="033855","新光鋼群益28購01","0.67","＋","2031","新光鋼","48.80","－","認購","美式","112年01月11日","112年01月11日","112年08月08日","112年08月10日","0.178","    50.00","","",
="033856","聯電群益27購04","0.00","","2303","聯電","51.20","＋","認購","美式","112年01月11日","112年01月11日","112年07月06日","112年07月10日","0.70","    48.00","","",
="033857","聯電群益27購05","2.77","＋","2303","聯電","51.20","＋","認購","美式","112年01月11日","112年01月11日","112年07月06日","112年07月10日","1.00","    51.00","","",
="033858","華通群益27購02","1.21","－","2313","華通","44.30","＋","認購","美式","112年01月11日","112年01月11日","112年07月06日","112年07月10日","0.531","    44.73","","",
="033859","威盛群益29購01","2.69","＋","2388","威盛","83.10","＋","認購","美式","112年01月11日","112年01月11日","112年09月07日","112年09月11日","0.25","    82.50","","",
="03385U","欣興群益27售02","0.00","","3037","欣興","182.50","－","認售","歐式","112年01月06日","112年07月05日","112年07月03日","112年07月05日","0.20","    77.77","","",
="033860","聯發科群益27購12","4.01","＋","2454","聯發科","738.00","＋","認購","美式","112年01月11日","112年01月11日","112年07月06日","112年07月10日","0.055","    700.00","","",
="033861","宏達電群益28購05","0.10","＋","2498","宏達電","61.50","＋","認購","美式","112年01月11日","112年01月11日","112年08月08日","112年08月10日","0.15","    84.00","","",
="033862","漢翔群益27購01","0.00","","2634","漢翔","55.80","＋","認購","美式","112年01月11日","112年01月11日","112年07月06日","112年07月10日","0.38","    38.00","","",
="033863","美食群益27購03","0.00","","2723","美食-KY","152.50","－","認購","美式","112年01月11日","112年01月11日","112年07月06日","112年07月10日","0.10","    160.00","","",
="033864","欣興群益27購03","0.00","","3037","欣興","182.50","－","認購","美式","112年01月11日","112年01月11日","112年07月06日","112年07月10日","0.20","    166.00","","",
="033865","華晶科群益27購01","0.39","＋","3059","華晶科","34.60","＋","認購","美式","112年01月11日","112年01月11日","112年07月06日","112年07月10日","0.70","    42.00","","",
="033866","玉晶光群益27購02","3.11","＋","3406","玉晶光","400.00","＋","認購","美式","112年01月11日","112年01月11日","112年07月06日","112年07月10日","0.098","    397.00","","",
="033867","瑞鼎群益27購02","0.00","","3592","瑞鼎","348.00","＋","認購","美式","112年01月11日","112年01月11日","112年07月06日","112年07月10日","0.05","    500.00","","",
="033868","上緯控群益27購02","0.00","","3708","上緯投控","96.50","－","認購","美式","112年01月11日","112年01月11日","112年07月06日","112年07月10日","0.341","    130.00","","",
="033869","台耀群益27購01","0.00","","4746","台耀","84.00","＋","認購","美式","112年01月11日","112年01月11日","112年07月06日","112年07月10日","0.20","    80.00","","",
="03386U","台郡群益27售02","0.00","","6269","台郡","99.00","＋","認售","歐式","112年01月06日","112年07月05日","112年07月03日","112年07月05日","0.25","    77.00","","",
="033870","新唐群益27購03","1.36","＋","4919","新唐","130.50","＋","認購","美式","112年01月11日","112年01月11日","112年07月06日","112年07月10日","0.10","    123.00","","",
="033871","世紀鋼群益27購02","1.43","","9958","世紀鋼","109.50","＋","認購","美式","112年01月11日","112年01月11日","112年07月06日","112年07月10日","0.379","    123.00","","",
="033872","上証2X富邦29購01","0.00","",="00633L","富邦上証正2","35.01","－","認購","美式","112年01月11日","112年01月11日","112年09月07日","112年09月11日","0.30","    50.00","","",
="033873","寶齡富邦27購01","0.00","","1760","寶齡富錦","148.50","","認購","美式","112年01月11日","112年01月11日","112年07月06日","112年07月10日","0.035","    205.00","","",
="033874","啟碁富邦29購01","0.89","＋","6285","啟碁","87.50","＋","認購","美式","112年01月11日","112年01月11日","112年09月07日","112年09月11日","0.10","    88.00","","",
="033875","香港反元大27購01","0.00","",="00651R","FH香港反1","8.90","－","認購","美式","112年01月11日","112年01月11日","112年07月06日","112年07月10日","0.80","    8.00","","",
="033876","儲能元大27購01","0.19","－",="00902","中信電池及儲能","11.71","－","認購","美式","112年01月11日","112年01月11日","112年07月06日","112年07月10日","1.00","    13.00","","",
="033877","儲能元大29購01","0.29","－",="00902","中信電池及儲能","11.71","－","認購","美式","112年01月11日","112年01月11日","112年09月07日","112年09月11日","1.00","    14.00","","",
="033878","台泥元大27購01","0.33","＋","1101","台泥","38.15","＋","認購","美式","112年01月11日","112年01月11日","112年07月06日","112年07月10日","1.00","    43.70","","",
="033879","中興電元大29購01","0.00","","1513","中興電","113.50","＋","認購","美式","112年01月11日","112年01月11日","112年09月07日","112年09月11日","0.25","    100.00","","",
="03387U","南電群益27售03","0.00","","8046","南電","302.50","－","認售","歐式","112年01月06日","112年07月05日","112年07月03日","112年07月05日","0.12","    200.00","","",
="033880","華城元大27購01","0.00","","1519","華城","141.00","＋","認購","美式","112年01月11日","112年01月11日","112年07月06日","112年07月10日","0.16","    56.00","","",
="033881","寶齡元大28購03","0.00","","1760","寶齡富錦","148.50","","認購","美式","112年01月11日","112年01月11日","112年08月08日","112年08月10日","0.065","    218.50","","",
="033882","寶齡元大29購01","0.30","","1760","寶齡富錦","148.50","","認購","美式","112年01月11日","112年01月11日","112年09月07日","112年09月11日","0.077","    256.50","","",
="033883","鴻海元大27購04","0.00","","2317","鴻海","105.50","＋","認購","美式","112年01月11日","112年01月11日","112年07月06日","112年07月10日","0.61","    125.50","","",
="033884","鴻海元大28購01","0.60","＋","2317","鴻海","105.50","＋","認購","美式","112年01月11日","112年01月11日","112年08月08日","112年08月10日","0.395","    123.50","","",
="033885","鴻海元大29購07","0.65","","2317","鴻海","105.50","＋","認購","美式","112年01月11日","112年01月11日","112年09月07日","112年09月11日","0.373","    127.50","","",
="033886","技嘉元大27購01","0.00","","2376","技嘉","186.00","＋","認購","美式","112年01月11日","112年01月11日","112年07月06日","112年07月10日","0.083","    130.50","","",
="033887","長榮元大27購14","0.76","＋","2603","長榮","157.00","＋","認購","美式","112年01月11日","112年01月11日","112年07月06日","112年07月10日","0.118","    171.50","","",
="033888","長榮元大28購07","0.89","","2603","長榮","157.00","＋","認購","美式","112年01月11日","112年01月11日","112年08月08日","112年08月10日","0.118","    184.00","","",
="033889","長榮元大29購02","0.00","","2603","長榮","157.00","＋","認購","美式","112年01月11日","112年01月11日","112年09月07日","112年09月11日","0.099","    186.00","","",
="03388U","東哥群益27售02","0.00","","8478","東哥遊艇","520.00","＋","認售","歐式","112年01月06日","112年07月05日","112年07月03日","112年07月05日","0.06","    222.00","","",
="033890","華航元大27購08","0.00","","2610","華航","21.65","＋","認購","美式","112年01月11日","112年01月11日","112年07月06日","112年07月10日","1.00","    23.65","","",
="033891","萬海元大28購02","0.00","","2615","萬海","60.00","＋","認購","美式","112年01月11日","112年01月11日","112年08月08日","112年08月10日","0.166","    86.10","","",
="033892","長榮航元大28購01","0.00","","2618","長榮航","33.60","＋","認購","美式","112年01月11日","112年01月11日","112年08月08日","112年08月10日","0.478","    28.20","","",
="033893","美食元大28購01","1.21","","2723","美食-KY","152.50","－","認購","美式","112年01月11日","112年01月11日","112年08月08日","112年08月10日","0.054","    139.00","","",
="033894","聯詠元大28購01","2.66","＋","3034","聯詠","423.50","＋","認購","美式","112年01月11日","112年01月11日","112年08月08日","112年08月10日","0.063","    413.50","","",
="033895","聯詠元大29購04","0.00","","3034","聯詠","423.50","＋","認購","美式","112年01月11日","112年01月11日","112年09月07日","112年09月11日","0.131","    522.00","","",
="033896","台耀元大27購01","0.00","","4746","台耀","84.00","＋","認購","美式","112年01月11日","112年01月11日","112年07月06日","112年07月10日","0.15","    75.73","","",
="033897","臻鼎元大27購01","0.00","","4958","臻鼎-KY","114.50","＋","認購","美式","112年01月11日","112年01月11日","112年07月06日","112年07月10日","0.07","    110.00","","",
="033898","晶碩元大27購01","0.00","","6491","晶碩","366.50","＋","認購","美式","112年01月11日","112年01月11日","112年07月06日","112年07月10日","0.062","    577.00","","",
="033899","富邦媒元大27購02","0.00","","8454","富邦媒","703.00","＋","認購","美式","112年01月11日","112年01月11日","112年07月06日","112年07月10日","0.034","    1,050.00","","",
="03389U","世紀鋼群益27售01","0.00","","9958","世紀鋼","109.50","＋","認售","歐式","112年01月06日","112年07月05日","112年07月03日","112年07月05日","0.228","    70.00","","",
="033900","鈺齊元大27購01","0.05","","9802","鈺齊-KY","124.00","－","認購","美式","112年01月11日","112年01月11日","112年07月06日","112年07月10日","0.10","    184.78","","",
="033901","滬深2X元富2A購01","0.00","",="00637L","元大滬深300正2","13.77","－","認購","美式","112年01月11日","112年01月11日","112年10月05日","112年10月11日","1.00","    20.00","","",
="033902","聚陽元富27購01","0.29","","1477","聚陽","219.00","＋","認購","美式","112年01月11日","112年01月11日","112年07月06日","112年07月10日","0.107","    259.01","","",
="033903","第一銅元富27購01","0.00","","2009","第一銅","32.10","＋","認購","美式","112年01月11日","112年01月11日","112年07月06日","112年07月10日","0.70","    35.00","","",
="033904","裕民元富27購01","1.48","＋","2606","裕民","49.75","＋","認購","美式","112年01月11日","112年01月11日","112年07月06日","112年07月10日","0.50","    55.00","","",
="033905","嘉晶元富27購02","0.20","","3016","嘉晶","65.10","＋","認購","美式","112年01月11日","112年01月11日","112年07月06日","112年07月10日","0.30","    80.00","","",
="033906","愛普元富27購02","0.00","","6531","愛普*","328.50","＋","認購","美式","112年01月11日","112年01月11日","112年07月06日","112年07月10日","0.043","    190.00","","",
="033907","聯發科第一27購01","0.00","","2454","聯發科","738.00","＋","認購","美式","112年01月12日","112年01月12日","112年07月07日","112年07月11日","0.011","    749.54","","",
="033908","道瓊反國票29購02","0.39","",="00669R","國泰美國道瓊反1","8.06","－","認購","美式","112年01月12日","112年01月12日","112年09月07日","112年09月11日","1.00","    8.25","","",
="033909","中興電國票28購01","0.00","","1513","中興電","113.50","＋","認購","美式","112年01月12日","112年01月12日","112年08月09日","112年08月11日","0.525","    94.00","","",
="03390U","上証2X元大29售02","1.03","",="00633L","富邦上証正2","35.01","－","認售","歐式","112年01月06日","112年09月05日","112年09月01日","112年09月05日","0.25","    36.00","","",
="033910","宏達電國票29購01","1.22","","2498","宏達電","61.50","＋","認購","美式","112年01月12日","112年01月12日","112年09月07日","112年09月11日","0.20","    65.00","","",
="033911","合勤控國票28購02","2.99","","3704","合勤控","43.85","＋","認購","美式","112年01月12日","112年01月12日","112年08月09日","112年08月11日","0.60","    42.00","","",
="033912","愛普國票27購02","0.00","","6531","愛普*","328.50","＋","認購","美式","112年01月12日","112年01月12日","112年07月07日","112年07月11日","0.08","    250.00","","",
="033913","采鈺國票27購02","0.00","","6789","采鈺","224.00","＋","認購","美式","112年01月12日","112年01月12日","112年07月07日","112年07月11日","0.065","    300.00","","",
="033914","天鈺康和27購02","0.00","","4961","天鈺","154.00","＋","認購","美式","112年01月12日","112年01月12日","112年07月07日","112年07月11日","0.06","    159.00","","",
="033915","啟碁康和28購01","0.00","","6285","啟碁","87.50","＋","認購","美式","112年01月12日","112年01月12日","112年08月09日","112年08月11日","0.19","    105.00","","",
="033916","上証2X永豐28購01","0.00","",="00633L","富邦上証正2","35.01","－","認購","美式","112年01月12日","112年01月12日","112年08月09日","112年08月11日","0.55","    54.67","","",
="033917","聯電永豐28購01","1.48","＋","2303","聯電","51.20","＋","認購","美式","112年01月12日","112年01月12日","112年08月09日","112年08月11日","0.53","    53.19","","",
="033918","台達電永豐27購01","1.35","","2308","台達電","315.50","－","認購","美式","112年01月12日","112年01月12日","112年07月07日","112年07月11日","0.072","    313.23","","",
="033919","國巨永豐28購01","0.28","－","2327","國巨","508.00","＋","認購","美式","112年01月12日","112年01月12日","112年08月09日","112年08月11日","0.035","    648.43","","",
="03391U","滬深2X元大28售03","0.00","",="00637L","元大滬深300正2","13.77","－","認售","歐式","112年01月06日","112年08月07日","112年08月03日","112年08月07日","0.70","    13.50","","",
="033920","燿華永豐27購01","0.00","","2367","燿華","18.05","＋","認購","美式","112年01月12日","112年01月12日","112年07月07日","112年07月11日","0.80","    21.48","","",
="033921","大立光永豐29購01","0.90","＋","3008","大立光","2,305.00","＋","認購","美式","112年01月12日","112年01月12日","112年09月07日","112年09月11日","0.007","    2,505.65","","",
="033922","緯創永豐27購01","0.00","","3231","緯創","68.00","＋","認購","美式","112年01月12日","112年01月12日","112年07月07日","112年07月11日","0.88","    35.06","","",
="033923","華擎永豐28購01","0.50","","3515","華擎","154.00","＋","認購","美式","112年01月12日","112年01月12日","112年08月09日","112年08月11日","0.045","    181.80","","",
="033924","嘉澤永豐28購01","1.15","－","3533","嘉澤","909.00","－","認購","美式","112年01月12日","112年01月12日","112年08月09日","112年08月11日","0.023","    995.14","","",
="033925","健策永豐28購01","0.00","","3653","健策","616.00","＋","認購","美式","112年01月12日","112年01月12日","112年08月09日","112年08月11日","0.036","    439.59","","",
="033926","矽力永豐28購01","0.12","＋","6415","矽力*-KY","394.50","＋","認購","美式","112年01月12日","112年01月12日","112年08月09日","112年08月11日","0.016","    617.93","","",
="033927","穎崴永豐28購01","0.00","","6515","穎崴","830.00","－","認購","美式","112年01月12日","112年01月12日","112年08月09日","112年08月11日","0.026","    514.55","","",
="033928","愛普永豐28購01","0.00","","6531","愛普*","328.50","＋","認購","美式","112年01月12日","112年01月12日","112年08月09日","112年08月11日","0.062","    228.69","","",
="033929","南電永豐27購03","0.00","","8046","南電","302.50","－","認購","美式","112年01月12日","112年01月12日","112年07月07日","112年07月11日","0.058","    282.30","","",
="03392U","華新元大27售04","0.00","","1605","華新","46.60","＋","認售","歐式","112年01月06日","112年07月05日","112年07月03日","112年07月05日","0.452","    37.20","","",
="033930","道瓊反凱基2A購03","0.00","",="00669R","國泰美國道瓊反1","8.06","－","認購","美式","112年01月12日","112年01月12日","112年10月05日","112年10月11日","1.00","    7.70","","",
="033931","寶齡凱基29購02","0.00","","1760","寶齡富錦","148.50","","認購","美式","112年01月12日","112年01月12日","112年09月07日","112年09月11日","0.08","    258.00","","",
="033932","上銀凱基27購01","2.56","","2049","上銀","235.50","＋","認購","美式","112年01月12日","112年01月12日","112年07月07日","112年07月11日","0.065","    200.00","","",
="033933","台達電凱基28購03","1.04","－","2308","台達電","315.50","－","認購","美式","112年01月12日","112年01月12日","112年08月09日","112年08月11日","0.25","    380.00","","",
="033934","廣宇凱基27購03","0.00","","2328","廣宇","39.40","＋","認購","美式","112年01月12日","112年01月12日","112年07月07日","112年07月11日","0.70","    47.00","","",
="033935","台積電凱基29購05","0.00","","2330","台積電","568.00","＋","認購","美式","112年01月12日","112年01月12日","112年09月07日","112年09月11日","0.05","    447.58","","",
="033936","智邦凱基27購03","4.73","＋","2345","智邦","357.50","＋","認購","美式","112年01月12日","112年01月12日","112年07月07日","112年07月11日","0.08","    300.00","","",
="033937","瑞昱凱基28購01","2.13","＋","2379","瑞昱","388.00","＋","認購","美式","112年01月12日","112年01月12日","112年08月09日","112年08月11日","0.15","    450.00","","",
="033938","友達凱基27購02","0.90","＋","2409","友達","17.65","＋","認購","美式","112年01月12日","112年01月12日","112年07月07日","112年07月11日","1.00","    18.00","","",
="033939","友達凱基28購02","0.62","","2409","友達","17.65","＋","認購","美式","112年01月12日","112年01月12日","112年08月09日","112年08月11日","1.00","    20.00","","",
="03393U","南亞科元大27售02","0.00","","2408","南亞科","71.20","－","認售","歐式","112年01月06日","112年07月05日","112年07月03日","112年07月05日","0.80","    38.00","","",
="033940","義隆凱基2A購01","0.00","","2458","義隆","104.00","＋","認購","美式","112年01月12日","112年01月12日","112年10月05日","112年10月11日","0.181","    126.11","","",
="033941","美食凱基27購04","0.95","－","2723","美食-KY","152.50","－","認購","美式","112年01月12日","112年01月12日","112年07月07日","112年07月11日","0.06","    145.00","","",
="033942","聯詠凱基27購07","0.00","","3034","聯詠","423.50","＋","認購","美式","112年01月12日","112年01月12日","112年07月07日","112年07月11日","0.06","    370.00","","",
="033943","群創凱基28購01","1.78","＋","3481","群創","14.10","＋","認購","美式","112年01月12日","112年01月12日","112年08月09日","112年08月11日","1.00","    13.00","","",
="033944","群創凱基29購02","0.98","＋","3481","群創","14.10","＋","認購","美式","112年01月12日","112年01月12日","112年09月07日","112年09月11日","1.00","    15.00","","",
="033945","敦泰凱基27購04","2.01","","3545","敦泰","83.70","＋","認購","美式","112年01月12日","112年01月12日","112年07月07日","112年07月11日","0.26","    80.00","","",
="033946","天鈺凱基29購01","0.70","＋","4961","天鈺","154.00","＋","認購","美式","112年01月12日","112年01月12日","112年09月07日","112年09月11日","0.10","    200.00","","",
="033947","矽力凱基27購04","0.00","","6415","矽力*-KY","394.50","＋","認購","美式","112年01月12日","112年01月12日","112年07月07日","112年07月11日","0.035","    743.42","","",
="033948","愛普凱基27購01","9.60","＋","6531","愛普*","328.50","＋","認購","美式","112年01月12日","112年01月12日","112年07月07日","112年07月11日","0.15","    270.00","","",
="033949","愛普凱基28購01","0.00","","6531","愛普*","328.50","＋","認購","美式","112年01月12日","112年01月12日","112年08月09日","112年08月11日","0.07","    210.00","","",
="03394U","聯發科元大27售12","0.00","","2454","聯發科","738.00","＋","認售","歐式","112年01月06日","112年07月05日","112年07月03日","112年07月05日","1.00","    322.00","","",
="033950","力智凱基27購01","1.34","","6719","力智","303.00","＋","認購","美式","112年01月12日","112年01月12日","112年07月07日","112年07月11日","0.05","    300.00","","",
="033951","力積電凱基27購02","0.00","","6770","力積電","30.85","＋","認購","美式","112年01月12日","112年01月12日","112年07月07日","112年07月11日","1.009","    40.64","","",
="033952","臺股指凱基28購05","0.00","","IX0001","臺股指數","16,636.30","","認購","歐式","112年01月12日","112年08月11日","112年08月09日","112年08月11日","0.006","    16,200.00","","",
="033953","臺股指凱基2C購08","0.00","","IX0001","臺股指數","16,636.30","","認購","歐式","112年01月12日","112年12月11日","112年12月07日","112年12月11日","0.002","    14,800.00","","",
="033954","臺股指凱基2C購09","0.00","","IX0001","臺股指數","16,636.30","","認購","歐式","112年01月12日","112年12月11日","112年12月07日","112年12月11日","0.006","    16,500.00","","",
="033955","臺股指凱基2C購10","0.00","","IX0001","臺股指數","16,636.30","","認購","歐式","112年01月12日","112年12月11日","112年12月07日","112年12月11日","0.012","    18,400.00","","",
="033956","緯穎中信27購01","3.72","＋","6669","緯穎","1,205.00","＋","認購","歐式","112年01月12日","112年07月11日","112年07月07日","112年07月11日","0.01","    888.00","","",
="033957","力智中信27購01","0.44","＋","6719","力智","303.00","＋","認購","歐式","112年01月12日","112年07月11日","112年07月07日","112年07月11日","0.026","    318.00","","",
="033958","采鈺中信28購01","0.00","","6789","采鈺","224.00","＋","認購","歐式","112年01月12日","112年08月11日","112年08月09日","112年08月11日","0.026","    288.00","","",
="033959","富邦媒中信27購01","0.00","","8454","富邦媒","703.00","＋","認購","歐式","112年01月12日","112年07月11日","112年07月07日","112年07月11日","0.014","    1,000.00","","",
="03395U","聯發科元大27售13","0.00","","2454","聯發科","738.00","＋","認售","歐式","112年01月06日","112年07月05日","112年07月03日","112年07月05日","0.045","    565.00","","",
="033960","長榮富邦2A購02","0.29","＋","2603","長榮","157.00","＋","認購","美式","112年01月12日","112年01月12日","112年10月05日","112年10月11日","0.055","    200.00","","",
="033961","緯穎富邦27購02","3.24","－","6669","緯穎","1,205.00","＋","認購","美式","112年01月12日","112年01月12日","112年07月07日","112年07月11日","0.02","    1,100.00","","",
="033962","臺股指富邦2A購03","0.00","","IX0001","臺股指數","16,636.30","","認購","歐式","112年01月12日","112年10月11日","112年10月05日","112年10月11日","0.001","    15,000.00","","",
="033963","中砂統一2A購01","0.55","－","1560","中砂","114.50","－","認購","美式","112年01月12日","112年01月12日","112年10月05日","112年10月11日","0.02","    130.00","","",
="033964","鴻海統一2B購03","0.75","＋","2317","鴻海","105.50","＋","認購","美式","112年01月12日","112年01月12日","112年11月09日","112年11月13日","0.08","    104.20","","",
="033965","陽明統一2B購01","0.42","＋","2609","陽明","62.00","＋","認購","美式","112年01月12日","112年01月12日","112年11月09日","112年11月13日","0.08","    68.68","","",
="033966","晶豪科統一2B購01","0.87","＋","3006","晶豪科","88.20","＋","認購","美式","112年01月12日","112年01月12日","112年11月09日","112年11月13日","0.061","    88.88","","",
="033967","晶豪科統一2B購02","0.00","","3006","晶豪科","88.20","＋","認購","美式","112年01月12日","112年01月12日","112年11月09日","112年11月13日","0.028","    106.66","","",
="033968","智原統一2C購01","0.58","＋","3035","智原","173.50","＋","認購","美式","112年01月12日","112年01月12日","112年12月07日","112年12月11日","0.026","    234.56","","",
="033969","欣興統一2B購01","1.97","－","3037","欣興","182.50","－","認購","美式","112年01月12日","112年01月12日","112年11月09日","112年11月13日","0.038","    138.88","","",
="03396U","日月光元大27售01","0.00","","3711","日月光投控","109.00","－","認售","歐式","112年01月06日","112年07月05日","112年07月03日","112年07月05日","0.741","    65.60","","",
="033970","華擎統一2B購01","0.59","－","3515","華擎","154.00","＋","認購","美式","112年01月12日","112年01月12日","112年11月09日","112年11月13日","0.014","    168.88","","",
="033971","天鈺統一2A購01","0.84","＋","4961","天鈺","154.00","＋","認購","美式","112年01月12日","112年01月12日","112年10月05日","112年10月11日","0.029","    150.00","","",
="033972","天鈺統一2B購01","0.00","","4961","天鈺","154.00","＋","認購","美式","112年01月12日","112年01月12日","112年11月09日","112年11月13日","0.03","    188.88","","",
="033973","天鈺統一2B購02","0.81","＋","4961","天鈺","154.00","＋","認購","美式","112年01月12日","112年01月12日","112年11月09日","112年11月13日","0.03","    163.30","","",
="033974","南電統一29購03","0.00","","8046","南電","302.50","－","認購","美式","112年01月12日","112年01月12日","112年09月07日","112年09月11日","0.025","    270.50","","",
="033975","裕隆兆豐29購01","0.00","","2201","裕隆","82.80","＋","認購","美式","112年01月12日","112年01月12日","112年09月07日","112年09月11日","0.15","    75.00","","",
="033976","天鈺兆豐29購01","1.04","＋","4961","天鈺","154.00","＋","認購","美式","112年01月12日","112年01月12日","112年09月07日","112年09月11日","0.055","    155.00","","",
="033977","元晶兆豐29購01","0.68","＋","6443","元晶","36.20","＋","認購","美式","112年01月12日","112年01月12日","112年09月07日","112年09月11日","0.25","    38.80","","",
="033978","台泥元大27購02","0.00","","1101","台泥","38.15","＋","認購","美式","112年01月12日","112年01月12日","112年07月07日","112年07月11日","1.00","    41.30","","",
="033979","大成鋼元大27購03","0.00","","2027","大成鋼","45.25","＋","認購","美式","112年01月12日","112年01月12日","112年07月07日","112年07月11日","0.382","    44.00","","",
="03397U","南電元大27售03","0.00","","8046","南電","302.50","－","認售","歐式","112年01月06日","112年07月05日","112年07月03日","112年07月05日","0.056","    205.50","","",
="033980","裕隆元大28購04","1.43","＋","2201","裕隆","82.80","＋","認購","美式","112年01月12日","112年01月12日","112年08月09日","112年08月11日","0.20","    87.50","","",
="033981","鴻海元大27購05","0.48","＋","2317","鴻海","105.50","＋","認購","美式","112年01月12日","112年01月12日","112年07月07日","112年07月11日","0.388","    118.50","","",
="033982","鴻海元大28購02","0.00","","2317","鴻海","105.50","＋","認購","美式","112年01月12日","112年01月12日","112年08月09日","112年08月11日","0.348","    122.00","","",
="033983","鴻海元大29購08","0.67","＋","2317","鴻海","105.50","＋","認購","美式","112年01月12日","112年01月12日","112年09月07日","112年09月11日","0.372","    128.50","","",
="033984","國巨元大28購01","0.25","","2327","國巨","508.00","＋","認購","美式","112年01月12日","112年01月12日","112年08月09日","112年08月11日","0.081","    771.00","","",
="033985","光罩元大27購01","0.00","","2338","光罩","81.80","＋","認購","美式","112年01月12日","112年01月12日","112年07月07日","112年07月11日","0.134","    113.50","","",
="033986","長榮元大27購15","0.91","＋","2603","長榮","157.00","＋","認購","美式","112年01月12日","112年01月12日","112年07月07日","112年07月11日","0.119","    169.00","","",
="033987","長榮元大28購08","1.18","＋","2603","長榮","157.00","＋","認購","美式","112年01月12日","112年01月12日","112年08月09日","112年08月11日","0.094","    166.50","","",
="033988","長榮元大29購03","0.00","","2603","長榮","157.00","＋","認購","美式","112年01月12日","112年01月12日","112年09月07日","112年09月11日","0.099","    182.00","","",
="033989","華航元大27購09","0.00","","2610","華航","21.65","＋","認購","美式","112年01月12日","112年01月12日","112年07月07日","112年07月11日","0.90","    22.75","","",
="03398U","台灣50元富27售04","0.00","",="0050","元大台灣50","126.75","＋","認售","歐式","112年01月06日","112年07月05日","112年07月03日","112年07月05日","0.256","    106.60","","",
="033990","萬海元大28購03","0.00","","2615","萬海","60.00","＋","認購","美式","112年01月12日","112年01月12日","112年08月09日","112年08月11日","0.168","    88.20","","",
="033991","長榮航元大28購02","2.20","＋","2618","長榮航","33.60","＋","認購","美式","112年01月12日","112年01月12日","112年08月09日","112年08月11日","0.892","    34.90","","",
="033992","美食元大28購02","1.01","","2723","美食-KY","152.50","－","認購","美式","112年01月12日","112年01月12日","112年08月09日","112年08月11日","0.067","    153.00","","",
="033993","王品元大29購01","0.00","","2727","王品","320.00","－","認購","美式","112年01月12日","112年01月12日","112年09月07日","112年09月11日","0.044","    190.00","","",
="033994","聯詠元大27購13","0.00","","3034","聯詠","423.50","＋","認購","美式","112年01月12日","112年01月12日","112年07月07日","112年07月11日","0.066","    403.00","","",
="033995","聯詠元大28購02","2.24","＋","3034","聯詠","423.50","＋","認購","美式","112年01月12日","112年01月12日","112年08月09日","112年08月11日","0.074","    439.50","","",
="033996","聯詠元大29購05","0.00","","3034","聯詠","423.50","＋","認購","美式","112年01月12日","112年01月12日","112年09月07日","112年09月11日","0.107","    508.00","","",
="033997","景碩元大27購06","0.42","＋","3189","景碩","116.00","＋","認購","美式","112年01月12日","112年01月12日","112年07月07日","112年07月11日","0.08","    130.00","","",
="033998","臻鼎元大27購02","0.00","","4958","臻鼎-KY","114.50","＋","認購","美式","112年01月12日","112年01月12日","112年07月07日","112年07月11日","0.076","    120.00","","",
="033999","同欣電元大27購01","0.00","","6271","同欣電","179.50","＋","認購","美式","112年01月12日","112年01月12日","112年07月07日","112年07月11日","0.053","    225.50","","",
="03399U","台灣50元富27售05","0.00","",="0050","元大台灣50","126.75","＋","認售","歐式","112年01月06日","112年07月05日","112年07月03日","112年07月05日","0.307","    104.64","","",
="034000","AES元大28購01","0.00","","6781","AES-KY","690.00","＋","認購","美式","112年01月12日","112年01月12日","112年08月09日","112年08月11日","0.015","    881.00","","",
="034001","南電元大28購04","0.00","","8046","南電","302.50","－","認購","美式","112年01月12日","112年01月12日","112年08月09日","112年08月11日","0.045","    247.50","","",
="034002","國企2X群益28購01","0.14","－",="00665L","富邦恒生國企正2","7.02","－","認購","美式","112年01月12日","112年01月12日","112年08月09日","112年08月11日","1.00","    12.50","","",
="034003","道瓊銀群益29購01","0.00","",="00738U","期元大道瓊白銀(原名：元大道瓊白銀)","22.79","＋","認購","美式","112年01月12日","112年01月12日","112年09月07日","112年09月11日","0.61","    26.80","","",
="034004","台積電群益27購15","0.00","","2330","台積電","568.00","＋","認購","美式","112年01月12日","112年01月12日","112年07月07日","112年07月11日","0.07","    455.54","","",
="034005","全新群益27購02","2.30","－","2455","全新","100.00","","認購","美式","112年01月12日","112年01月12日","112年07月07日","112年07月11日","0.30","    100.00","","",
="034006","陽明群益27購03","0.00","","2609","陽明","62.00","＋","認購","美式","112年01月12日","112年01月12日","112年07月07日","112年07月11日","0.20","    63.50","","",
="034007","奇鋐群益27購01","0.00","","3017","奇鋐","206.00","－","認購","美式","112年01月12日","112年01月12日","112年07月07日","112年07月11日","0.101","    98.85","","",
="034008","欣興群益27購04","2.75","－","3037","欣興","182.50","－","認購","美式","112年01月12日","112年01月12日","112年07月07日","112年07月11日","0.20","    190.00","","",
="034009","碩天群益28購01","0.00","","3617","碩天","191.00","－","認購","美式","112年01月12日","112年01月12日","112年08月09日","112年08月11日","0.06","    115.00","","",
="03400U","名軒元富27售01","0.00","","1442","名軒","32.90","","認售","歐式","112年01月06日","112年07月05日","112年07月03日","112年07月05日","0.50","    28.00","","",
="034010","健策群益27購03","0.00","","3653","健策","616.00","＋","認購","美式","112年01月12日","112年01月12日","112年07月07日","112年07月11日","0.02","    385.00","","",
="034011","天鈺群益27購01","0.00","","4961","天鈺","154.00","＋","認購","美式","112年01月12日","112年01月12日","112年07月07日","112年07月11日","0.07","    178.00","","",
="034012","晶碩群益28購01","0.00","","6491","晶碩","366.50","＋","認購","美式","112年01月12日","112年01月12日","112年08月09日","112年08月11日","0.02","    420.00","","",
="034013","采鈺群益27購02","0.20","＋","6789","采鈺","224.00","＋","認購","美式","112年01月12日","112年01月12日","112年07月07日","112年07月11日","0.10","    286.00","","",
="034014","T50反1國泰29購01","0.04","",="00632R","元大台灣50反1","4.94","－","認購","美式","112年01月12日","112年01月12日","112年09月07日","112年09月11日","1.00","    5.80","","",
="034015","臺指反國泰29購02","0.00","",="00664R","國泰臺灣加權反1","5.58","－","認購","美式","112年01月12日","112年01月12日","112年09月07日","112年09月11日","1.00","    6.35","","",
="034016","寶齡國泰29購01","0.31","","1760","寶齡富錦","148.50","","認購","美式","112年01月12日","112年01月12日","112年09月07日","112年09月11日","0.05","    209.00","","",
="034017","中鴻國泰29購01","0.00","","2014","中鴻","23.15","＋","認購","美式","112年01月12日","112年01月12日","112年09月07日","112年09月11日","0.60","    33.03","","",
="034018","智邦國泰29購01","5.70","＋","2345","智邦","357.50","＋","認購","美式","112年01月12日","112年01月12日","112年09月07日","112年09月11日","0.07","    295.00","","",
="034019","台達電麥證27購01","0.00","","2308","台達電","315.50","－","認購","歐式","112年01月12日","112年07月11日","112年07月07日","112年07月11日","0.50","    400.00","","",
="03401P","鴻海中信27售02","0.00","","2317","鴻海","105.50","＋","認售","歐式","111年09月29日","112年07月28日","112年07月26日","112年07月28日","0.15","    95.00","","",
="03401U","葡萄王元富27售01","0.00","","1707","葡萄王","175.00","＋","認售","歐式","112年01月06日","112年07月05日","112年07月03日","112年07月05日","0.13","    125.00","","",
="034020","聯詠麥證27購02","0.84","＋","3034","聯詠","423.50","＋","認購","歐式","112年01月12日","112年07月11日","112年07月07日","112年07月11日","0.16","    515.00","","",
="034021","台積電法興27購01","0.00","","2330","台積電","568.00","＋","認購","歐式","112年01月12日","112年07月11日","112年07月07日","112年07月11日","0.05","    507.26","","",
="034022","聯發科法興27購01","2.29","＋","2454","聯發科","738.00","＋","認購","歐式","112年01月12日","112年07月11日","112年07月07日","112年07月11日","0.02","    650.00","","",
="034023","可成法興27購01","0.00","","2474","可成","189.00","＋","認購","歐式","112年01月12日","112年07月11日","112年07月07日","112年07月11日","0.15","    190.00","","",
="034024","陽明法興27購01","0.00","","2609","陽明","62.00","＋","認購","歐式","112年01月12日","112年07月11日","112年07月07日","112年07月11日","0.20","    70.00","","",
="034025","萬海法興27購01","0.00","","2615","萬海","60.00","＋","認購","歐式","112年01月12日","112年07月11日","112年07月07日","112年07月11日","0.15","    85.00","","",
="034026","新光金法興29購01","0.00","","2888","新光金","8.63","＋","認購","歐式","112年01月12日","112年09月11日","112年09月07日","112年09月11日","1.00","    10.00","","",
="034027","大立光法興27購01","1.03","＋","3008","大立光","2,305.00","＋","認購","歐式","112年01月12日","112年07月11日","112年07月07日","112年07月11日","0.006","    2,254.30","","",
="034028","群創法興27購01","0.00","","3481","群創","14.10","＋","認購","歐式","112年01月12日","112年07月11日","112年07月07日","112年07月11日","1.00","    13.00","","",
="034029","嘉澤法興27購01","0.00","","3533","嘉澤","909.00","－","認購","歐式","112年01月12日","112年07月11日","112年07月07日","112年07月11日","0.015","    875.72","","",
="03402P","鴻海中信27售03","0.00","","2317","鴻海","105.50","＋","認售","歐式","111年09月29日","112年07月28日","112年07月26日","112年07月28日","0.25","    85.00","","",
="03402U","葡萄王元富27售02","0.00","","1707","葡萄王","175.00","＋","認售","歐式","112年01月06日","112年07月05日","112年07月03日","112年07月05日","0.075","    150.00","","",
="034030","台灣50元富2A購02","5.20","＋",="0050","元大台灣50","126.75","＋","認購","美式","112年01月12日","112年01月12日","112年10月05日","112年10月11日","0.307","    111.49","","",
="034031","上銀元富2A購01","0.00","","2049","上銀","235.50","＋","認購","美式","112年01月12日","112年01月12日","112年10月05日","112年10月11日","0.15","    250.00","","",
="034032","國巨元富27購05","0.51","＋","2327","國巨","508.00","＋","認購","美式","112年01月12日","112年01月12日","112年07月07日","112年07月11日","0.03","    550.00","","",
="034033","國巨元富2A購01","0.00","","2327","國巨","508.00","＋","認購","美式","112年01月12日","112年01月12日","112年10月05日","112年10月11日","0.03","    650.00","","",
="034034","台積電元富2A購03","5.60","＋","2330","台積電","568.00","＋","認購","美式","112年01月12日","112年01月12日","112年10月05日","112年10月11日","0.101","    547.04","","",
="034035","台積電元富31購01","3.51","＋","2330","台積電","568.00","＋","認購","美式","112年01月12日","112年01月12日","113年01月09日","113年01月11日","0.101","    596.77","","",
="034036","聯發科元富27購06","2.59","＋","2454","聯發科","738.00","＋","認購","美式","112年01月12日","112年01月12日","112年07月07日","112年07月11日","0.05","    720.00","","",
="034037","聯詠元富27購04","0.00","","3034","聯詠","423.50","＋","認購","美式","112年01月12日","112年01月12日","112年07月07日","112年07月11日","0.10","    450.00","","",
="034038","貿聯元富27購01","0.00","","3665","貿聯-KY","270.50","＋","認購","美式","112年01月12日","112年01月12日","112年07月07日","112年07月11日","0.058","    278.90","","",
="034039","中磊元富27購01","2.66","＋","5388","中磊","93.30","＋","認購","美式","112年01月12日","112年01月12日","112年07月07日","112年07月11日","0.263","    85.71","","",
="03403P","台積電中信27售02","0.02","－","2330","台積電","568.00","＋","認售","歐式","111年09月29日","112年07月28日","112年07月26日","112年07月28日","0.02","    449.97","","",
="03403U","生達元富27售02","0.00","","1720","生達","70.80","＋","認售","歐式","112年01月06日","112年07月05日","112年07月03日","112年07月05日","0.13","    55.00","","",
="034040","康舒元富27購01","0.00","","6282","康舒","44.05","＋","認購","美式","112年01月12日","112年01月12日","112年07月07日","112年07月11日","0.60","    36.00","","",
="034041","威鋒電元富27購01","1.75","","6756","威鋒電子","223.00","＋","認購","美式","112年01月12日","112年01月12日","112年07月07日","112年07月11日","0.103","    212.99","","",
="034042","采鈺元富27購03","0.00","","6789","采鈺","224.00","＋","認購","美式","112年01月12日","112年01月12日","112年07月07日","112年07月11日","0.10","    320.00","","",
="034043","采鈺元富27購04","0.00","","6789","采鈺","224.00","＋","認購","美式","112年01月12日","112年01月12日","112年07月07日","112年07月11日","0.08","    280.00","","",
="034044","世紀鋼元富27購03","1.13","＋","9958","世紀鋼","109.50","＋","認購","美式","112年01月12日","112年01月12日","112年07月07日","112年07月11日","0.10","    105.00","","",
="034045","裕隆永豐28購03","1.90","＋","2201","裕隆","82.80","＋","認購","美式","112年01月13日","112年01月13日","112年08月10日","112年08月14日","0.166","    76.30","","",
="034046","萬海永豐28購02","0.00","","2615","萬海","60.00","＋","認購","美式","112年01月13日","112年01月13日","112年08月10日","112年08月14日","0.16","    87.50","","",
="034047","晶技永豐27購01","0.54","－","3042","晶技","89.40","＋","認購","美式","112年01月13日","112年01月13日","112年07月10日","112年07月12日","0.26","    99.68","","",
="034048","瑞鼎永豐27購01","0.00","","3592","瑞鼎","348.00","＋","認購","美式","112年01月13日","112年01月13日","112年07月10日","112年07月12日","0.049","    452.76","","",
="034049","金像電康和27購01","2.86","－","2368","金像電","121.50","","認購","美式","112年01月13日","112年01月13日","112年07月10日","112年07月12日","0.155","    106.24","","",
="03404P","台積電中信27售03","0.00","","2330","台積電","568.00","＋","認售","歐式","111年09月29日","112年07月28日","112年07月26日","112年07月28日","0.03","    395.57","","",
="03404U","瑞鼎元富27售01","0.00","","3592","瑞鼎","348.00","＋","認售","歐式","112年01月06日","112年07月05日","112年07月03日","112年07月05日","0.08","    200.00","","",
="034050","愛普康和27購01","4.68","","6531","愛普*","328.50","＋","認購","美式","112年01月13日","112年01月13日","112年07月10日","112年07月12日","0.045","    224.00","","",
="034051","力智康和27購02","0.00","","6719","力智","303.00","＋","認購","美式","112年01月13日","112年01月13日","112年07月10日","112年07月12日","0.06","    335.00","","",
="034052","AES康和27購01","0.00","","6781","AES-KY","690.00","＋","認購","美式","112年01月13日","112年01月13日","112年07月10日","112年07月12日","0.012","    888.00","","",
="034053","國巨兆豐28購02","0.00","","2327","國巨","508.00","＋","認購","美式","112年01月13日","112年01月13日","112年08月10日","112年08月14日","0.02","    560.00","","",
="034054","國巨兆豐29購01","0.24","－","2327","國巨","508.00","＋","認購","美式","112年01月13日","112年01月13日","112年09月08日","112年09月12日","0.02","    600.00","","",
="034055","上品兆豐27購01","0.23","","4770","上品","297.00","＋","認購","美式","112年01月13日","112年01月13日","112年07月10日","112年07月12日","0.026","    350.69","","",
="034056","啟碁兆豐28購01","0.98","＋","6285","啟碁","87.50","＋","認購","美式","112年01月13日","112年01月13日","112年08月10日","112年08月14日","0.10","    83.00","","",
="034057","上銀統一29購01","1.54","","2049","上銀","235.50","＋","認購","美式","112年01月13日","112年01月13日","112年09月08日","112年09月12日","0.035","    209.00","","",
="034058","聯電統一28購01","1.59","＋","2303","聯電","51.20","＋","認購","美式","112年01月13日","112年01月13日","112年08月10日","112年08月14日","0.45","    51.90","","",
="034059","聯電統一2B購02","1.88","＋","2303","聯電","51.20","＋","認購","美式","112年01月13日","112年01月13日","112年11月09日","112年11月13日","0.25","    49.60","","",
="03405U","麗豐元富27售01","0.00","","4137","麗豐-KY","216.00","＋","認售","歐式","112年01月06日","112年07月05日","112年07月03日","112年07月05日","0.10","    145.00","","",
="034060","國巨統一2B購02","0.36","＋","2327","國巨","508.00","＋","認購","美式","112年01月13日","112年01月13日","112年11月09日","112年11月13日","0.01","    576.40","","",
="034061","聯發科統一2B購04","1.10","＋","2454","聯發科","738.00","＋","認購","美式","112年01月13日","112年01月13日","112年11月09日","112年11月13日","0.013","    750.00","","",
="034062","華新科統一31購01","0.66","","2492","華新科","101.00","＋","認購","美式","112年01月13日","112年01月13日","113年01月10日","113年01月12日","0.048","    111.11","","",
="034063","長榮統一2B購03","0.55","＋","2603","長榮","157.00","＋","認購","美式","112年01月13日","112年01月13日","112年11月09日","112年11月13日","0.033","    168.00","","",
="034064","陽明統一2B購02","0.00","","2609","陽明","62.00","＋","認購","美式","112年01月13日","112年01月13日","112年11月09日","112年11月13日","0.088","    68.00","","",
="034065","晶豪科統一29購01","0.91","＋","3006","晶豪科","88.20","＋","認購","美式","112年01月13日","112年01月13日","112年09月08日","112年09月12日","0.09","    88.88","","",
="034066","聯詠統一2B購02","1.23","＋","3034","聯詠","423.50","＋","認購","美式","112年01月13日","112年01月13日","112年11月09日","112年11月13日","0.02","    408.88","","",
="034067","華擎統一2B購02","0.00","","3515","華擎","154.00","＋","認購","美式","112年01月13日","112年01月13日","112年11月09日","112年11月13日","0.014","    206.66","","",
="034068","日月光統一31購01","0.57","－","3711","日月光投控","109.00","－","認購","美式","112年01月13日","112年01月13日","113年01月10日","113年01月12日","0.042","    111.11","","",
="034069","AES統一2A購01","0.41","＋","6781","AES-KY","690.00","＋","認購","美式","112年01月13日","112年01月13日","112年10月06日","112年10月12日","0.006","    846.00","","",
="03406U","麗豐元富27售02","0.00","","4137","麗豐-KY","216.00","＋","認售","歐式","112年01月06日","112年07月05日","112年07月03日","112年07月05日","0.075","    170.00","","",
="034070","采鈺統一27購01","0.28","＋","6789","采鈺","224.00","＋","認購","美式","112年01月13日","112年01月13日","112年07月10日","112年07月12日","0.033","    252.20","","",
="034071","采鈺統一28購01","0.00","","6789","采鈺","224.00","＋","認購","美式","112年01月13日","112年01月13日","112年08月10日","112年08月14日","0.033","    285.70","","",
="034072","FBNQ2X群益28購02","0.00","",="00670L","富邦NASDAQ正2","78.90","＋","認購","美式","112年01月13日","112年01月13日","112年08月10日","112年08月14日","0.25","    59.00","","",
="034073","台泥群益27購03","1.88","＋","1101","台泥","38.15","＋","認購","美式","112年01月13日","112年01月13日","112年07月10日","112年07月12日","1.00","    38.00","","",
="034074","華新群益27購05","0.00","","1605","華新","46.60","＋","認購","美式","112年01月13日","112年01月13日","112年07月10日","112年07月12日","0.35","    55.00","","",
="034075","華新群益27購06","0.00","","1605","華新","46.60","＋","認購","美式","112年01月13日","112年01月13日","112年07月10日","112年07月12日","0.75","    62.00","","",
="034076","台達電群益28購02","0.90","－","2308","台達電","315.50","－","認購","美式","112年01月13日","112年01月13日","112年08月10日","112年08月14日","0.06","    330.00","","",
="034077","鴻海群益27購05","1.06","＋","2317","鴻海","105.50","＋","認購","美式","112年01月13日","112年01月13日","112年07月10日","112年07月12日","1.00","    120.00","","",
="034078","國巨群益28購01","0.00","","2327","國巨","508.00","＋","認購","美式","112年01月13日","112年01月13日","112年08月10日","112年08月14日","0.015","    600.00","","",
="034079","超豐群益27購01","1.41","－","2441","超豐","56.90","－","認購","美式","112年01月13日","112年01月13日","112年07月10日","112年07月12日","0.43","    58.00","","",
="03407U","葡萄王麥證27售01","0.00","","1707","葡萄王","175.00","＋","認售","歐式","112年01月06日","112年07月05日","112年07月03日","112年07月05日","0.08","    130.00","","",
="034080","陽明群益28購03","0.50","＋","2609","陽明","62.00","＋","認購","美式","112年01月13日","112年01月13日","112年08月10日","112年08月14日","0.20","    68.00","","",
="034081","潤泰全群益28購01","0.00","","2915","潤泰全","56.40","＋","認購","美式","112年01月13日","112年01月13日","112年08月10日","112年08月14日","0.20","    90.00","","",
="034082","晶豪科群益28購01","0.69","","3006","晶豪科","88.20","＋","認購","美式","112年01月13日","112年01月13日","112年08月10日","112年08月14日","0.10","    100.00","","",
="034083","大立光群益27購01","1.40","＋","3008","大立光","2,305.00","＋","認購","美式","112年01月13日","112年01月13日","112年07月10日","112年07月12日","0.018","    2,450.32","","",
="034084","聯詠群益27購06","0.00","","3034","聯詠","423.50","＋","認購","美式","112年01月13日","112年01月13日","112年07月10日","112年07月12日","0.20","    499.00","","",
="034085","永信群益27購02","0.00","","3705","永信","46.25","＋","認購","美式","112年01月13日","112年01月13日","112年07月10日","112年07月12日","0.25","    52.00","","",
="034086","中興電元大27購04","0.00","","1513","中興電","113.50","＋","認購","美式","112年01月13日","112年01月13日","112年07月10日","112年07月12日","0.127","    72.40","","",
="034087","寶齡元大28購04","0.00","","1760","寶齡富錦","148.50","","認購","美式","112年01月13日","112年01月13日","112年08月10日","112年08月14日","0.055","    199.50","","",
="034088","大成鋼元大27購04","0.00","","2027","大成鋼","45.25","＋","認購","美式","112年01月13日","112年01月13日","112年07月10日","112年07月12日","0.62","    50.30","","",
="034089","上銀元大27購01","0.00","","2049","上銀","235.50","＋","認購","美式","112年01月13日","112年01月13日","112年07月10日","112年07月12日","0.095","    226.50","","",
="03408U","台玻麥證27售01","0.81","－","1802","台玻","18.50","＋","認售","歐式","112年01月06日","112年07月05日","112年07月03日","112年07月05日","1.00","    17.00","","",
="034090","中華元大27購02","0.00","","2204","中華","91.60","－","認購","美式","112年01月13日","112年01月13日","112年07月10日","112年07月12日","0.174","    54.90","","",
="034091","鴻海元大27購06","0.00","","2317","鴻海","105.50","＋","認購","美式","112年01月13日","112年01月13日","112年07月10日","112年07月12日","0.197","    105.50","","",
="034092","鴻海元大28購03","1.13","＋","2317","鴻海","105.50","＋","認購","美式","112年01月13日","112年01月13日","112年08月10日","112年08月14日","0.152","    104.50","","",
="034093","鴻海元大29購09","0.00","","2317","鴻海","105.50","＋","認購","美式","112年01月13日","112年01月13日","112年09月08日","112年09月12日","0.881","    147.00","","",
="034094","技嘉元大27購02","3.92","－","2376","技嘉","186.00","＋","認購","美式","112年01月13日","112年01月13日","112年07月10日","112年07月12日","0.117","    152.50","","",
="034095","台光電元大27購02","0.86","","2383","台光電","204.50","＋","認購","美式","112年01月13日","112年01月13日","112年07月10日","112年07月12日","0.064","    210.50","","",
="034096","長榮元大27購16","0.43","＋","2603","長榮","157.00","＋","認購","美式","112年01月13日","112年01月13日","112年07月10日","112年07月12日","0.198","    195.50","","",
="034097","長榮元大28購09","0.00","","2603","長榮","157.00","＋","認購","美式","112年01月13日","112年01月13日","112年08月10日","112年08月14日","0.163","    198.50","","",
="034098","長榮元大29購04","0.74","","2603","長榮","157.00","＋","認購","美式","112年01月13日","112年01月13日","112年09月08日","112年09月12日","0.171","    216.50","","",
="034099","華航元大27購10","0.00","","2610","華航","21.65","＋","認購","美式","112年01月13日","112年01月13日","112年07月10日","112年07月12日","0.555","    20.00","","",
="03409U","聯強麥證27售01","0.00","","2347","聯強","64.40","－","認售","歐式","112年01月06日","112年07月05日","112年07月03日","112年07月05日","0.50","    45.00","","",
="034100","萬海元大28購04","0.00","","2615","萬海","60.00","＋","認購","美式","112年01月13日","112年01月13日","112年08月10日","112年08月14日","0.205","    96.70","","",
="034101","長榮航元大28購03","2.51","＋","2618","長榮航","33.60","＋","認購","美式","112年01月13日","112年01月13日","112年08月10日","112年08月14日","0.73","    32.95","","",
="034102","漢翔元大28購01","0.00","","2634","漢翔","55.80","＋","認購","美式","112年01月13日","112年01月13日","112年08月10日","112年08月14日","0.448","    40.60","","",
="034103","美食元大28購03","0.00","","2723","美食-KY","152.50","－","認購","美式","112年01月13日","112年01月13日","112年08月10日","112年08月14日","0.136","    207.50","","",
="034104","瑞鼎元大27購02","0.00","","3592","瑞鼎","348.00","＋","認購","美式","112年01月13日","112年01月13日","112年07月10日","112年07月12日","0.05","    402.00","","",
="034105","健策元大27購04","0.00","","3653","健策","616.00","＋","認購","美式","112年01月13日","112年01月13日","112年07月10日","112年07月12日","0.025","    388.00","","",
="034106","富采元大27購01","0.00","","3714","富采","49.90","＋","認購","美式","112年01月13日","112年01月13日","112年07月10日","112年07月12日","0.313","    56.10","","",
="034107","樺漢元大27購01","0.00","","6414","樺漢","281.00","＋","認購","美式","112年01月13日","112年01月13日","112年07月10日","112年07月12日","0.114","    282.50","","",
="034108","穎崴元大27購02","0.00","","6515","穎崴","830.00","－","認購","美式","112年01月13日","112年01月13日","112年07月10日","112年07月12日","0.038","    600.00","","",
="034109","愛普元大28購02","6.60","＋","6531","愛普*","328.50","＋","認購","美式","112年01月13日","112年01月13日","112年08月10日","112年08月14日","0.073","    239.50","","",
="03410P","聯發科元富26售03","0.00","","2454","聯發科","738.00","＋","認售","歐式","111年09月29日","112年06月28日","112年06月26日","112年06月28日","0.15","    350.00","","",
="03410U","嘉聯益國票28售02","0.77","－","6153","嘉聯益","23.15","＋","認售","歐式","112年01月09日","112年08月08日","112年08月04日","112年08月08日","0.30","    23.00","","",
="034110","南電元大28購05","0.00","","8046","南電","302.50","－","認購","美式","112年01月13日","112年01月13日","112年08月10日","112年08月14日","0.042","    238.00","","",
="034111","臺股指元大2A購38","0.00","","IX0001","臺股指數","16,636.30","","認購","歐式","112年01月13日","112年10月12日","112年10月06日","112年10月12日","0.003","    16,200.00","","",
="034112","臺股指元大2A購39","0.00","","IX0001","臺股指數","16,636.30","","認購","歐式","112年01月13日","112年10月12日","112年10月06日","112年10月12日","0.002","    15,200.00","","",
="034113","臺股指元大2A購40","2.20","＋","IX0001","臺股指數","16,636.30","","認購","歐式","112年01月13日","112年10月12日","112年10月06日","112年10月12日","0.001","    14,300.00","","",
="034114","臺股指元大2B購16","0.00","","IX0001","臺股指數","16,636.30","","認購","歐式","112年01月13日","112年11月13日","112年11月09日","112年11月13日","0.002","    15,600.00","","",
="034115","臺股指元大2B購17","0.00","","IX0001","臺股指數","16,636.30","","認購","歐式","112年01月13日","112年11月13日","112年11月09日","112年11月13日","0.002","    14,800.00","","",
="034116","寶齡國票29購01","0.00","","1760","寶齡富錦","148.50","","認購","美式","112年01月13日","112年01月13日","112年09月08日","112年09月12日","0.045","    200.00","","",
="034117","世芯國票28購04","0.00","","3661","世芯-KY","1,660.00","＋","認購","美式","112年01月13日","112年01月13日","112年08月10日","112年08月14日","0.01","    875.00","","",
="034118","金像電麥證27購01","4.15","＋","2368","金像電","121.50","","認購","歐式","112年01月13日","112年07月12日","112年07月10日","112年07月12日","0.207","    106.24","","",
="034119","臺指反凱基2C購04","0.00","",="00664R","國泰臺灣加權反1","5.58","－","認購","美式","112年01月13日","112年01月13日","112年12月08日","112年12月12日","1.00","    6.30","","",
="03411U","生達統一29售03","0.00","","1720","生達","70.80","＋","認售","歐式","112年01月09日","112年09月08日","112年09月06日","112年09月08日","0.04","    46.50","","",
="034120","中砂凱基28購02","0.47","－","1560","中砂","114.50","－","認購","美式","112年01月13日","112年01月13日","112年08月10日","112年08月14日","0.10","    130.00","","",
="034121","中鋼凱基28購01","0.00","","2002","中鋼","29.05","－","認購","美式","112年01月13日","112年01月13日","112年08月10日","112年08月14日","1.00","    35.00","","",
="034122","中鴻凱基27購02","0.00","","2014","中鴻","23.15","＋","認購","美式","112年01月13日","112年01月13日","112年07月10日","112年07月12日","0.35","    28.00","","",
="034123","聯電凱基27購08","0.00","","2303","聯電","51.20","＋","認購","美式","112年01月13日","112年01月13日","112年07月10日","112年07月12日","1.00","    64.00","","",
="034124","燿華凱基27購02","0.00","","2367","燿華","18.05","＋","認購","美式","112年01月13日","112年01月13日","112年07月10日","112年07月12日","0.80","    20.00","","",
="034125","金像電凱基27購02","3.69","－","2368","金像電","121.50","","認購","美式","112年01月13日","112年01月13日","112年07月10日","112年07月12日","0.207","    106.24","","",
="034126","聯發科凱基28購03","1.51","＋","2454","聯發科","738.00","＋","認購","美式","112年01月13日","112年01月13日","112年08月10日","112年08月14日","0.08","    870.00","","",
="034127","強茂凱基28購01","1.25","＋","2481","強茂","70.20","＋","認購","美式","112年01月13日","112年01月13日","112年08月10日","112年08月14日","0.30","    75.00","","",
="034128","華新科凱基28購01","2.90","＋","2492","華新科","101.00","＋","認購","美式","112年01月13日","112年01月13日","112年08月10日","112年08月14日","0.25","    95.00","","",
="034129","萬海凱基29購01","0.00","","2615","萬海","60.00","＋","認購","美式","112年01月13日","112年01月13日","112年09月08日","112年09月12日","0.25","    100.00","","",
="03412U","台積電統一27售06","0.00","","2330","台積電","568.00","＋","認售","歐式","112年01月09日","112年07月10日","112年07月06日","112年07月10日","0.04","    433.26","","",
="034130","台勝科凱基27購02","0.00","","3532","台勝科","157.00","＋","認購","美式","112年01月13日","112年01月13日","112年07月10日","112年07月12日","0.12","    200.00","","",
="034131","台勝科凱基27購03","0.58","＋","3532","台勝科","157.00","＋","認購","美式","112年01月13日","112年01月13日","112年07月10日","112年07月12日","0.08","    170.00","","",
="034132","富采凱基27購01","0.65","＋","3714","富采","49.90","＋","認購","美式","112年01月13日","112年01月13日","112年07月10日","112年07月12日","0.30","    52.00","","",
="034133","上品凱基27購02","0.00","","4770","上品","297.00","＋","認購","美式","112年01月13日","112年01月13日","112年07月10日","112年07月12日","0.062","    432.35","","",
="034134","新唐凱基27購04","0.41","＋","4919","新唐","130.50","＋","認購","美式","112年01月13日","112年01月13日","112年07月10日","112年07月12日","0.12","    150.00","","",
="034135","臻鼎凱基27購02","0.43","＋","4958","臻鼎-KY","114.50","＋","認購","美式","112年01月13日","112年01月13日","112年07月10日","112年07月12日","0.10","    120.00","","",
="034136","康舒凱基27購01","0.00","","6282","康舒","44.05","＋","認購","美式","112年01月13日","112年01月13日","112年07月10日","112年07月12日","0.60","    32.00","","",
="034137","元晶凱基28購02","0.69","＋","6443","元晶","36.20","＋","認購","美式","112年01月13日","112年01月13日","112年08月10日","112年08月14日","0.60","    43.00","","",
="034138","緯穎凱基29購03","4.16","＋","6669","緯穎","1,205.00","＋","認購","美式","112年01月13日","112年01月13日","112年09月08日","112年09月12日","0.02","    1,100.00","","",
="034139","力積電凱基28購01","0.00","","6770","力積電","30.85","＋","認購","美式","112年01月13日","112年01月13日","112年08月10日","112年08月14日","1.009","    48.57","","",
="03413U","長榮統一27售06","0.00","","2603","長榮","157.00","＋","認售","歐式","112年01月09日","112年07月10日","112年07月06日","112年07月10日","0.06","    150.00","","",
="034140","AES凱基29購01","0.00","","6781","AES-KY","690.00","＋","認購","美式","112年01月13日","112年01月13日","112年09月08日","112年09月12日","0.018","    900.00","","",
="034141","富邦媒凱基27購04","0.00","","8454","富邦媒","703.00","＋","認購","美式","112年01月13日","112年01月13日","112年07月10日","112年07月12日","0.015","    850.00","","",
="034142","全新元富27購01","3.51","＋","2455","全新","100.00","","認購","美式","112年01月13日","112年01月13日","112年07月10日","112年07月12日","0.20","    85.00","","",
="034143","晶豪科元富27購01","1.55","＋","3006","晶豪科","88.20","＋","認購","美式","112年01月13日","112年01月13日","112年07月10日","112年07月12日","0.20","    85.00","","",
="034144","聯詠元富2A購01","1.83","＋","3034","聯詠","423.50","＋","認購","美式","112年01月13日","112年01月13日","112年10月06日","112年10月12日","0.10","    500.00","","",
="034145","AES元富27購02","0.00","","6781","AES-KY","690.00","＋","認購","美式","112年01月13日","112年01月13日","112年07月10日","112年07月12日","0.03","    1,100.00","","",
="034146","T50反1中信2A購03","0.19","－",="00632R","元大台灣50反1","4.94","－","認購","歐式","112年01月13日","112年10月12日","112年10月06日","112年10月12日","1.00","    5.20","","",
="034147","上証反中信27購01","0.83","－",="00634R","富邦上証反1","4.66","＋","認購","歐式","112年01月13日","112年07月12日","112年07月10日","112年07月12日","1.00","    3.80","","",
="034148","滬深2X中信28購02","0.17","－",="00637L","元大滬深300正2","13.77","－","認購","歐式","112年01月13日","112年08月14日","112年08月10日","112年08月14日","0.39","    16.80","","",
="034149","A50正2中信27購01","0.00","",="00655L","國泰中國A50正2","24.65","－","認購","歐式","112年01月13日","112年07月12日","112年07月10日","112年07月12日","0.50","    38.88","","",
="03414U","聯詠統一27售01","0.00","","3034","聯詠","423.50","＋","認售","歐式","112年01月09日","112年07月10日","112年07月06日","112年07月10日","0.04","    293.70","","",
="034150","國巨中信29購01","0.00","","2327","國巨","508.00","＋","認購","歐式","112年01月13日","112年09月12日","112年09月08日","112年09月12日","0.02","    666.00","","",
="034151","智原中信2A購01","1.06","＋","3035","智原","173.50","＋","認購","歐式","112年01月13日","112年10月12日","112年10月06日","112年10月12日","0.06","    196.00","","",
="034152","台勝科中信27購01","0.57","＋","3532","台勝科","157.00","＋","認購","歐式","112年01月13日","112年07月12日","112年07月10日","112年07月12日","0.04","    156.00","","",
="034153","台灣50國泰29購01","0.00","",="0050","元大台灣50","126.75","＋","認購","美式","112年01月13日","112年01月13日","112年09月08日","112年09月12日","0.614","    118.34","","",
="034154","台灣50國泰2B購01","4.07","",="0050","元大台灣50","126.75","＋","認購","美式","112年01月13日","112年01月13日","112年11月09日","112年11月13日","1.023","    134.96","","",
="034155","台積電國泰29購03","5.80","＋","2330","台積電","568.00","＋","認購","美式","112年01月13日","112年01月13日","112年09月08日","112年09月12日","0.101","    541.07","","",
="034156","瑞昱國泰29購01","2.39","＋","2379","瑞昱","388.00","＋","認購","美式","112年01月13日","112年01月13日","112年09月08日","112年09月12日","0.07","    395.00","","",
="034157","穎崴國泰29購01","10.30","","6515","穎崴","830.00","－","認購","美式","112年01月13日","112年01月13日","112年09月08日","112年09月12日","0.03","    510.00","","",
="034158","南電國泰29購01","2.93","－","8046","南電","302.50","－","認購","美式","112年01月13日","112年01月13日","112年09月08日","112年09月12日","0.07","    286.50","","",
="034159","華新富邦27購01","0.00","","1605","華新","46.60","＋","認購","美式","112年01月13日","112年01月13日","112年07月10日","112年07月12日","0.30","    65.00","","",
="03415U","華新台新27售01","0.00","","1605","華新","46.60","＋","認售","歐式","112年01月09日","112年07月10日","112年07月06日","112年07月10日","0.17","    44.51","","",
="034160","東哥富邦29購01","0.00","","8478","東哥遊艇","520.00","＋","認購","美式","112年01月13日","112年01月13日","112年09月08日","112年09月12日","0.01","    285.00","","",
="034161","亞翔國票27購01","0.00","","6139","亞翔","63.80","－","認購","美式","112年01月16日","112年01月16日","112年07月13日","112年07月17日","0.30","    48.00","","",
="034162","嘉聯益國票28購03","0.00","","6153","嘉聯益","23.15","＋","認購","美式","112年01月16日","112年01月16日","112年08月11日","112年08月15日","0.736","    30.00","","",
="034163","康舒國票28購01","4.57","＋","6282","康舒","44.05","＋","認購","美式","112年01月16日","112年01月16日","112年08月11日","112年08月15日","1.00","    43.00","","",
="034164","啟碁國票28購01","1.25","＋","6285","啟碁","87.50","＋","認購","美式","112年01月16日","112年01月16日","112年08月11日","112年08月15日","0.336","    95.00","","",
="034165","愛普國票28購01","6.40","＋","6531","愛普*","328.50","＋","認購","美式","112年01月16日","112年01月16日","112年08月11日","112年08月15日","0.10","    275.00","","",
="034166","晶心科國票29購03","0.68","＋","6533","晶心科","511.00","＋","認購","美式","112年01月16日","112年01月16日","112年09月13日","112年09月15日","0.025","    650.00","","",
="034167","華新兆豐27購02","0.00","","1605","華新","46.60","＋","認購","美式","112年01月16日","112年01月16日","112年07月13日","112年07月17日","0.15","    50.00","","",
="034168","聯電兆豐2B購01","2.69","＋","2303","聯電","51.20","＋","認購","美式","112年01月16日","112年01月16日","112年11月13日","112年11月15日","0.32","    45.80","","",
="034169","智邦兆豐27購01","0.00","","2345","智邦","357.50","＋","認購","美式","112年01月16日","112年01月16日","112年07月13日","112年07月17日","0.035","    270.00","","",
="03416U","臺股指永豐2A售01","0.04","－","IX0001","臺股指數","16,636.30","","認售","歐式","112年01月09日","112年10月11日","112年10月05日","112年10月11日","0.004","    11,500.00","","",
="034170","友達兆豐28購03","0.00","","2409","友達","17.65","＋","認購","美式","112年01月16日","112年01月16日","112年08月11日","112年08月15日","0.44","    17.00","","",
="034171","長榮兆豐29購01","0.52","＋","2603","長榮","157.00","＋","認購","美式","112年01月16日","112年01月16日","112年09月13日","112年09月15日","0.05","    172.00","","",
="034172","健策兆豐27購01","0.00","","3653","健策","616.00","＋","認購","美式","112年01月16日","112年01月16日","112年07月13日","112年07月17日","0.03","    450.00","","",
="034173","同欣電兆豐27購01","0.00","","6271","同欣電","179.50","＋","認購","美式","112年01月16日","112年01月16日","112年07月13日","112年07月17日","0.055","    230.00","","",
="034174","寶齡統一2B購01","0.00","","1760","寶齡富錦","148.50","","認購","美式","112年01月16日","112年01月16日","112年11月13日","112年11月15日","0.015","    184.80","","",
="034175","裕隆統一29購01","1.36","","2201","裕隆","82.80","＋","認購","美式","112年01月16日","112年01月16日","112年09月13日","112年09月15日","0.12","    80.00","","",
="034176","國巨統一2B購03","0.39","","2327","國巨","508.00","＋","認購","美式","112年01月16日","112年01月16日","112年11月13日","112年11月15日","0.012","    600.00","","",
="034177","全新統一29購01","1.61","＋","2455","全新","100.00","","認購","美式","112年01月16日","112年01月16日","112年09月13日","112年09月15日","0.07","    85.90","","",
="034178","宏達電統一29購02","0.54","＋","2498","宏達電","61.50","＋","認購","美式","112年01月16日","112年01月16日","112年09月13日","112年09月15日","0.11","    68.00","","",
="034179","天鈺統一2A購02","0.78","＋","4961","天鈺","154.00","＋","認購","美式","112年01月16日","112年01月16日","112年10月12日","112年10月16日","0.03","    154.20","","",
="03417U","華新元大27售05","0.00","","1605","華新","46.60","＋","認售","歐式","112年01月09日","112年07月10日","112年07月06日","112年07月10日","0.42","    39.30","","",
="034180","晶心科統一2B購03","0.55","＋","6533","晶心科","511.00","＋","認購","美式","112年01月16日","112年01月16日","112年11月13日","112年11月15日","0.008","    619.80","","",
="034181","力智統一29購01","0.49","＋","6719","力智","303.00","＋","認購","美式","112年01月16日","112年01月16日","112年09月13日","112年09月15日","0.025","    370.00","","",
="034182","寶齡元大28購05","0.40","","1760","寶齡富錦","148.50","","認購","美式","112年01月16日","112年01月16日","112年08月11日","112年08月15日","0.065","    209.00","","",
="034183","大成鋼元大28購02","0.00","","2027","大成鋼","45.25","＋","認購","美式","112年01月16日","112年01月16日","112年08月11日","112年08月15日","0.547","    50.90","","",
="034184","裕隆元大28購05","2.36","－","2201","裕隆","82.80","＋","認購","美式","112年01月16日","112年01月16日","112年08月11日","112年08月15日","0.607","    97.50","","",
="034185","鴻海元大28購04","0.72","","2317","鴻海","105.50","＋","認購","美式","112年01月16日","112年01月16日","112年08月11日","112年08月15日","0.339","    120.00","","",
="034186","鴻海元大29購10","0.66","＋","2317","鴻海","105.50","＋","認購","美式","112年01月16日","112年01月16日","112年09月13日","112年09月15日","0.405","    129.50","","",
="034187","瑞昱元大27購03","1.43","＋","2379","瑞昱","388.00","＋","認購","美式","112年01月16日","112年01月16日","112年07月13日","112年07月17日","0.147","    451.00","","",
="034188","宏達電元大28購03","0.71","＋","2498","宏達電","61.50","＋","認購","美式","112年01月16日","112年01月16日","112年08月11日","112年08月15日","0.342","    78.30","","",
="034189","長榮元大27購17","0.75","＋","2603","長榮","157.00","＋","認購","美式","112年01月16日","112年01月16日","112年07月13日","112年07月17日","0.129","    178.50","","",
="03418U","裕隆元大27售02","0.02","","2201","裕隆","82.80","＋","認售","歐式","112年01月09日","112年07月10日","112年07月06日","112年07月10日","0.30","    51.60","","",
="034190","長榮元大28購10","0.00","","2603","長榮","157.00","＋","認購","美式","112年01月16日","112年01月16日","112年08月11日","112年08月15日","0.189","    214.50","","",
="034191","長榮元大29購05","0.00","","2603","長榮","157.00","＋","認購","美式","112年01月16日","112年01月16日","112年09月13日","112年09月15日","0.159","    219.00","","",
="034192","陽明元大28購02","0.00","","2609","陽明","62.00","＋","認購","美式","112年01月16日","112年01月16日","112年08月11日","112年08月15日","0.265","    70.30","","",
="034193","華航元大27購11","0.21","＋","2610","華航","21.65","＋","認購","美式","112年01月16日","112年01月16日","112年07月13日","112年07月17日","1.00","    27.00","","",
="034194","萬海元大28購05","0.00","","2615","萬海","60.00","＋","認購","美式","112年01月16日","112年01月16日","112年08月11日","112年08月15日","0.182","    92.00","","",
="034195","景碩元大27購08","0.49","","3189","景碩","116.00","＋","認購","美式","112年01月16日","112年01月16日","112年07月13日","112年07月17日","0.076","    128.50","","",
="034196","健策元大27購07","0.00","","3653","健策","616.00","＋","認購","美式","112年01月16日","112年01月16日","112年07月13日","112年07月17日","0.069","    545.00","","",
="034197","上緯控元大27購02","0.00","","3708","上緯投控","96.50","－","認購","美式","112年01月16日","112年01月16日","112年07月13日","112年07月17日","0.155","    150.00","","",
="034198","日月光元大27購03","0.39","－","3711","日月光投控","109.00","－","認購","美式","112年01月16日","112年01月16日","112年07月13日","112年07月17日","0.085","    116.15","","",
="034199","富采元大27購02","0.54","","3714","富采","49.90","＋","認購","美式","112年01月16日","112年01月16日","112年07月13日","112年07月17日","0.243","    52.80","","",
="03419U","國巨元大27售01","0.00","","2327","國巨","508.00","＋","認售","歐式","112年01月09日","112年07月10日","112年07月06日","112年07月10日","0.097","    330.50","","",
="034200","新唐元大27購04","0.00","","4919","新唐","130.50","＋","認購","美式","112年01月16日","112年01月16日","112年07月13日","112年07月17日","0.076","    146.00","","",
="034201","中租元大27購02","0.11","","5871","中租-KY","210.50","＋","認購","美式","112年01月16日","112年01月16日","112年07月13日","112年07月17日","0.078","    278.00","","",
="034202","愛普元大28購03","0.00","","6531","愛普*","328.50","＋","認購","美式","112年01月16日","112年01月16日","112年08月11日","112年08月15日","0.053","    213.00","","",
="034203","AES元大28購02","0.74","＋","6781","AES-KY","690.00","＋","認購","美式","112年01月16日","112年01月16日","112年08月11日","112年08月15日","0.012","    792.00","","",
="034204","鴻海康和29購01","0.61","＋","2317","鴻海","105.50","＋","認購","美式","112年01月16日","112年01月16日","112年09月13日","112年09月15日","0.30","    120.00","","",
="034205","南亞科康和27購01","2.39","＋","2408","南亞科","71.20","－","認購","美式","112年01月16日","112年01月16日","112年07月13日","112年07月17日","0.30","    65.00","","",
="034206","富邦媒康和27購02","0.00","","8454","富邦媒","703.00","＋","認購","美式","112年01月16日","112年01月16日","112年07月13日","112年07月17日","0.016","    1,000.00","","",
="034207","元石油永豐27購01","0.28","＋",="00642U","期元大S&P石油(原名：元大S&P石油)","15.46","＋","認購","美式","112年01月16日","112年01月16日","112年07月13日","112年07月17日","1.00","    18.23","","",
="034208","中砂永豐2A購01","0.65","－","1560","中砂","114.50","－","認購","美式","112年01月16日","112年01月16日","112年10月12日","112年10月16日","0.112","    153.56","","",
="034209","大成鋼永豐27購01","0.00","","2027","大成鋼","45.25","＋","認購","美式","112年01月16日","112年01月16日","112年07月13日","112年07月17日","0.50","    49.68","","",
="03420U","聯詠元大27售09","0.13","－","3034","聯詠","423.50","＋","認售","歐式","112年01月09日","112年07月10日","112年07月06日","112年07月10日","0.036","    338.00","","",
="034210","聯發科永豐2A購01","1.15","＋","2454","聯發科","738.00","＋","認購","美式","112年01月16日","112年01月16日","112年10月12日","112年10月16日","0.04","    908.81","","",
="034211","敦泰永豐29購01","1.65","","3545","敦泰","83.70","＋","認購","美式","112年01月16日","112年01月16日","112年09月13日","112年09月15日","0.094","    72.39","","",
="034212","世芯永豐27購03","0.00","","3661","世芯-KY","1,660.00","＋","認購","美式","112年01月16日","112年01月16日","112年07月13日","112年07月17日","0.019","    1,000.00","","",
="034213","致伸永豐28購01","1.28","＋","4915","致伸","64.40","＋","認購","美式","112年01月16日","112年01月16日","112年08月11日","112年08月15日","0.34","    68.73","","",
="034214","富邦媒永豐29購01","0.00","","8454","富邦媒","703.00","＋","認購","美式","112年01月16日","112年01月16日","112年09月13日","112年09月15日","0.012","    1,018.55","","",
="034215","興農凱基28購01","0.00","","1712","興農","35.25","＋","認購","美式","112年01月16日","112年01月16日","112年08月11日","112年08月15日","0.913","    46.54","","",
="034216","華邦電凱基28購01","2.04","＋","2344","華邦電","26.90","＋","認購","美式","112年01月16日","112年01月16日","112年08月11日","112年08月15日","1.00","    28.00","","",
="034217","順德凱基27購01","1.21","","2351","順德","123.00","＋","認購","美式","112年01月16日","112年01月16日","112年07月13日","112年07月17日","0.10","    120.00","","",
="034218","長榮凱基2C購03","1.07","＋","2603","長榮","157.00","＋","認購","美式","112年01月16日","112年01月16日","112年12月13日","112年12月15日","0.10","    210.00","","",
="034219","晶技凱基27購01","0.00","","3042","晶技","89.40","＋","認購","美式","112年01月16日","112年01月16日","112年07月13日","112年07月17日","0.25","    100.00","","",
="03421P","SGBR2X凱基28售05","1.67","－",="00715L","期街口布蘭特正2","12.73","＋","認售","歐式","111年09月29日","112年08月28日","112年08月24日","112年08月28日","0.50","    14.00","","",
="03421U","世芯元大27售03","0.00","","3661","世芯-KY","1,660.00","＋","認售","歐式","112年01月09日","112年07月10日","112年07月06日","112年07月10日","0.013","    725.00","","",
="034220","華擎凱基27購03","0.22","","3515","華擎","154.00","＋","認購","美式","112年01月16日","112年01月16日","112年07月13日","112年07月17日","0.12","    200.00","","",
="034221","聯合再凱基27購02","0.60","","3576","聯合再生","20.30","＋","認購","美式","112年01月16日","112年01月16日","112年07月13日","112年07月17日","0.75","    22.00","","",
="034222","瑞鼎凱基27購02","0.00","","3592","瑞鼎","348.00","＋","認購","美式","112年01月16日","112年01月16日","112年07月13日","112年07月17日","0.10","    500.00","","",
="034223","貿聯凱基2B購02","1.75","＋","3665","貿聯-KY","270.50","＋","認購","美式","112年01月16日","112年01月16日","112年11月13日","112年11月15日","0.055","    278.90","","",
="034224","上緯控凱基29購01","0.17","－","3708","上緯投控","96.50","－","認購","美式","112年01月16日","112年01月16日","112年09月13日","112年09月15日","0.10","    150.00","","",
="034225","富采凱基29購01","0.48","","3714","富采","49.90","＋","認購","美式","112年01月16日","112年01月16日","112年09月13日","112年09月15日","0.80","    70.00","","",
="034226","元晶凱基29購02","0.45","","6443","元晶","36.20","＋","認購","美式","112年01月16日","112年01月16日","112年09月13日","112年09月15日","0.70","    53.00","","",
="034227","愛普凱基27購02","0.00","","6531","愛普*","328.50","＋","認購","美式","112年01月16日","112年01月16日","112年07月13日","112年07月17日","0.088","    230.00","","",
="034228","晶心科凱基27購05","0.53","","6533","晶心科","511.00","＋","認購","美式","112年01月16日","112年01月16日","112年07月13日","112年07月17日","0.03","    620.00","","",
="034229","帝寶凱基27購01","2.45","＋","6605","帝寶","99.80","＋","認購","美式","112年01月16日","112年01月16日","112年07月13日","112年07月17日","0.30","    100.00","","",
="03422U","世芯元大27售04","0.03","－","3661","世芯-KY","1,660.00","＋","認售","歐式","112年01月09日","112年07月10日","112年07月06日","112年07月10日","0.01","    780.00","","",
="034230","AES凱基27購02","0.12","","6781","AES-KY","690.00","＋","認購","美式","112年01月16日","112年01月16日","112年07月13日","112年07月17日","0.025","    950.00","","",
="034231","富邦媒凱基27購05","0.00","","8454","富邦媒","703.00","＋","認購","美式","112年01月16日","112年01月16日","112年07月13日","112年07月17日","0.03","    1,100.00","","",
="034232","世紀鋼凱基29購02","1.58","","9958","世紀鋼","109.50","＋","認購","美式","112年01月16日","112年01月16日","112年09月13日","112年09月15日","0.22","    125.00","","",
="034233","寶齡中信28購01","0.00","","1760","寶齡富錦","148.50","","認購","歐式","112年01月16日","112年08月15日","112年08月11日","112年08月15日","0.05","    240.00","","",
="034234","華新科中信27購01","0.44","－","2492","華新科","101.00","＋","認購","歐式","112年01月16日","112年07月17日","112年07月13日","112年07月17日","0.45","    128.10","","",
="034235","宏達電中信27購02","0.34","＋","2498","宏達電","61.50","＋","認購","歐式","112年01月16日","112年07月17日","112年07月13日","112年07月17日","0.128","    66.80","","",
="034236","長榮航國泰29購02","1.80","＋","2618","長榮航","33.60","＋","認購","美式","112年01月16日","112年01月16日","112年09月13日","112年09月15日","0.50","    33.00","","",
="034237","天鈺國泰29購01","0.69","－","4961","天鈺","154.00","＋","認購","美式","112年01月16日","112年01月16日","112年09月13日","112年09月15日","0.05","    168.00","","",
="034238","欣興富邦29購01","2.51","－","3037","欣興","182.50","－","認購","美式","112年01月16日","112年01月16日","112年09月13日","112年09月15日","0.10","    180.00","","",
="034239","康舒富邦28購02","3.05","＋","6282","康舒","44.05","＋","認購","美式","112年01月16日","112年01月16日","112年08月11日","112年08月15日","0.70","    43.00","","",
="03423P","台積電凱基2C售02","0.11","－","2330","台積電","568.00","＋","認售","歐式","111年09月29日","112年12月28日","112年12月26日","112年12月28日","0.354","    247.23","","",
="03423U","立積元大27售03","0.00","","4968","立積","170.00","＋","認售","歐式","112年01月09日","112年07月10日","112年07月06日","112年07月10日","0.054","    95.00","","",
="034240","寶齡麥證27購01","0.00","","1760","寶齡富錦","148.50","","認購","歐式","112年01月16日","112年07月17日","112年07月13日","112年07月17日","0.07","    240.00","","",
="034241","道瓊銀元富27購01","0.24","",="00738U","期元大道瓊白銀(原名：元大道瓊白銀)","22.79","＋","認購","美式","112年01月16日","112年01月16日","112年07月13日","112年07月17日","0.271","    24.00","","",
="034242","義隆元富27購02","1.06","＋","2458","義隆","104.00","＋","認購","美式","112年01月16日","112年01月16日","112年07月13日","112年07月17日","0.206","    111.56","","",
="034243","國泰金元富31購01","2.45","＋","2882","國泰金","44.75","＋","認購","美式","112年01月16日","112年01月16日","113年01月11日","113年01月15日","1.00","    52.00","","",
="034244","晶心科元富2A購02","0.71","＋","6533","晶心科","511.00","＋","認購","美式","112年01月16日","112年01月16日","112年10月12日","112年10月16日","0.02","    700.00","","",
="034245","富邦媒元富27購03","0.00","","8454","富邦媒","703.00","＋","認購","美式","112年01月16日","112年01月16日","112年07月13日","112年07月17日","0.015","    900.00","","",
="034246","滬深2X群益28購04","0.00","",="00637L","元大滬深300正2","13.77","－","認購","美式","112年01月16日","112年01月16日","112年08月11日","112年08月15日","1.00","    20.80","","",
="034247","S&P反1群益2B購01","0.00","",="00648R","元大S&P500反1","6.93","－","認購","美式","112年01月16日","112年01月16日","112年11月13日","112年11月15日","1.00","    8.00","","",
="034248","中興電群益27購01","0.00","","1513","中興電","113.50","＋","認購","美式","112年01月16日","112年01月16日","112年07月13日","112年07月17日","0.22","    80.00","","",
="034249","寶齡群益28購01","0.40","－","1760","寶齡富錦","148.50","","認購","美式","112年01月16日","112年01月16日","112年08月11日","112年08月15日","0.07","    200.00","","",
="03424U","晶心科元大27售04","1.05","－","6533","晶心科","511.00","＋","認售","歐式","112年01月09日","112年07月10日","112年07月06日","112年07月10日","0.02","    500.00","","",
="034250","大成鋼群益27購02","0.00","","2027","大成鋼","45.25","＋","認購","美式","112年01月16日","112年01月16日","112年07月13日","112年07月17日","1.00","    56.00","","",
="034251","裕隆群益28購03","2.61","＋","2201","裕隆","82.80","＋","認購","美式","112年01月16日","112年01月16日","112年08月11日","112年08月15日","0.30","    82.50","","",
="034252","台積電群益29購04","0.00","","2330","台積電","568.00","＋","認購","美式","112年01月16日","112年01月16日","112年09月13日","112年09月15日","0.05","    497.31","","",
="034253","台積電群益29購05","0.00","","2330","台積電","568.00","＋","認購","美式","112年01月16日","112年01月16日","112年09月13日","112年09月15日","0.05","    527.15","","",
="034254","台積電群益29購06","2.44","＋","2330","台積電","568.00","＋","認購","美式","112年01月16日","112年01月16日","112年09月13日","112年09月15日","0.05","    556.99","","",
="034255","金像電群益27購01","4.20","－","2368","金像電","121.50","","認購","美式","112年01月16日","112年01月16日","112年07月13日","112年07月17日","0.228","    104.31","","",
="034256","金像電群益27購02","0.00","","2368","金像電","121.50","","認購","美式","112年01月16日","112年01月16日","112年07月13日","112年07月17日","0.414","    115.90","","",
="034257","萬海群益27購03","0.00","","2615","萬海","60.00","＋","認購","美式","112年01月16日","112年01月16日","112年07月13日","112年07月17日","0.12","    80.00","","",
="034258","萬海群益27購04","0.00","","2615","萬海","60.00","＋","認購","美式","112年01月16日","112年01月16日","112年07月13日","112年07月17日","0.65","    112.00","","",
="034259","玉晶光群益27購03","1.17","","3406","玉晶光","400.00","＋","認購","美式","112年01月16日","112年01月16日","112年07月13日","112年07月17日","0.02","    355.00","","",
="03425P","長榮凱基2C售02","1.17","","2603","長榮","157.00","＋","認售","歐式","111年09月29日","112年12月28日","112年12月26日","112年12月28日","0.30","    75.00","","",
="03425U","力積電元大27售04","0.00","","6770","力積電","30.85","＋","認售","歐式","112年01月09日","112年07月10日","112年07月06日","112年07月10日","1.009","    22.55","","",
="034260","臻鼎群益27購01","0.00","","4958","臻鼎-KY","114.50","＋","認購","美式","112年01月16日","112年01月16日","112年07月13日","112年07月17日","0.19","    138.00","","",
="034261","同欣電群益27購01","0.00","","6271","同欣電","179.50","＋","認購","美式","112年01月16日","112年01月16日","112年07月13日","112年07月17日","0.13","    266.00","","",
="034262","啟碁群益28購01","0.10","＋","6285","啟碁","87.50","＋","認購","美式","112年01月16日","112年01月16日","112年08月11日","112年08月15日","0.20","    120.00","","",
="034263","愛普群益29購04","0.00","","6531","愛普*","328.50","＋","認購","美式","112年01月16日","112年01月16日","112年09月13日","112年09月15日","0.055","    220.00","","",
="034264","晶心科群益28購01","0.87","＋","6533","晶心科","511.00","＋","認購","美式","112年01月16日","112年01月16日","112年08月11日","112年08月15日","0.03","    590.00","","",
="034265","南電群益27購04","2.97","－","8046","南電","302.50","－","認購","美式","112年01月16日","112年01月16日","112年07月13日","112年07月17日","0.17","    333.33","","",
="034266","裕隆康和29購01","1.60","－","2201","裕隆","82.80","＋","認購","美式","112年01月17日","112年01月17日","112年09月14日","112年09月18日","0.20","    85.00","","",
="034267","瑞昱康和27購01","0.00","","2379","瑞昱","388.00","＋","認購","美式","112年01月17日","112年01月17日","112年07月13日","112年07月17日","0.10","    450.00","","",
="034268","寶齡國票27購01","0.09","","1760","寶齡富錦","148.50","","認購","美式","112年01月17日","112年01月17日","112年07月13日","112年07月17日","0.075","    220.00","","",
="034269","新光鋼國票28購01","0.00","","2031","新光鋼","48.80","－","認購","美式","112年01月17日","112年01月17日","112年08月14日","112年08月16日","0.618","    57.00","","",
="03426U","力積電元大27售05","0.00","","6770","力積電","30.85","＋","認售","歐式","112年01月09日","112年07月10日","112年07月06日","112年07月10日","0.908","    25.77","","",
="034270","智原國票28購03","1.24","＋","3035","智原","173.50","＋","認購","美式","112年01月17日","112年01月17日","112年08月14日","112年08月16日","0.06","    170.00","","",
="034271","力智國票28購01","0.00","","6719","力智","303.00","＋","認購","美式","112年01月17日","112年01月17日","112年08月14日","112年08月16日","0.038","    350.00","","",
="034272","華新永豐27購03","0.72","","1605","華新","46.60","＋","認購","美式","112年01月17日","112年01月17日","112年07月13日","112年07月17日","0.50","    53.99","","",
="034273","台積電永豐27購08","0.79","－","2330","台積電","568.00","＋","認購","美式","112年01月17日","112年01月17日","112年07月13日","112年07月17日","0.146","    649.73","","",
="034274","王品永豐2A購01","0.00","","2727","王品","320.00","－","認購","美式","112年01月17日","112年01月17日","112年10月12日","112年10月16日","0.026","    178.50","","",
="034275","康舒永豐28購01","0.00","","6282","康舒","44.05","＋","認購","美式","112年01月17日","112年01月17日","112年08月14日","112年08月16日","0.40","    31.80","","",
="034276","啟碁永豐27購01","0.00","","6285","啟碁","87.50","＋","認購","美式","112年01月17日","112年01月17日","112年07月13日","112年07月17日","0.39","    101.94","","",
="034277","T50反1元大2C購01","0.18","－",="00632R","元大台灣50反1","4.94","－","認購","美式","112年01月17日","112年01月17日","112年12月14日","112年12月18日","1.00","    5.60","","",
="034278","臺指反元大2B購03","0.00","",="00664R","國泰臺灣加權反1","5.58","－","認購","美式","112年01月17日","112年01月17日","112年11月14日","112年11月16日","1.00","    6.20","","",
="034279","SGBR2X元大27購04","0.41","＋",="00715L","期街口布蘭特正2","12.73","＋","認購","美式","112年01月17日","112年01月17日","112年07月13日","112年07月17日","0.30","    14.00","","",
="03427P","友達凱基26售01","0.05","","2409","友達","17.65","＋","認售","歐式","111年10月19日","112年06月19日","112年06月15日","112年06月19日","1.00","    15.00","","",
="03427U","力積電元大27售06","0.00","","6770","力積電","30.85","＋","認售","歐式","112年01月09日","112年07月10日","112年07月06日","112年07月10日","0.362","    32.22","","",
="034280","中鋼元大27購02","0.00","","2002","中鋼","29.05","－","認購","美式","112年01月17日","112年01月17日","112年07月13日","112年07月17日","1.00","    37.20","","",
="034281","大成鋼元大28購03","0.00","","2027","大成鋼","45.25","＋","認購","美式","112年01月17日","112年01月17日","112年08月14日","112年08月16日","1.00","    60.80","","",
="034282","上銀元大27購02","0.00","","2049","上銀","235.50","＋","認購","美式","112年01月17日","112年01月17日","112年07月13日","112年07月17日","0.084","    216.00","","",
="034283","鴻海元大28購05","0.00","","2317","鴻海","105.50","＋","認購","美式","112年01月17日","112年01月17日","112年08月14日","112年08月16日","0.162","    103.00","","",
="034284","鴻海元大29購11","0.97","＋","2317","鴻海","105.50","＋","認購","美式","112年01月17日","112年01月17日","112年09月14日","112年09月18日","0.22","    116.50","","",
="034285","技嘉元大27購03","4.40","＋","2376","技嘉","186.00","＋","認購","美式","112年01月17日","112年01月17日","112年07月13日","112年07月17日","0.128","    156.50","","",
="034286","宏達電元大28購04","0.51","＋","2498","宏達電","61.50","＋","認購","美式","112年01月17日","112年01月17日","112年08月14日","112年08月16日","0.55","    88.80","","",
="034287","長榮元大28購11","0.00","","2603","長榮","157.00","＋","認購","美式","112年01月17日","112年01月17日","112年08月14日","112年08月16日","0.096","    164.00","","",
="034288","長榮元大29購06","1.48","＋","2603","長榮","157.00","＋","認購","美式","112年01月17日","112年01月17日","112年09月14日","112年09月18日","0.079","    161.50","","",
="034289","長榮元大2A購13","1.26","＋","2603","長榮","157.00","＋","認購","美式","112年01月17日","112年01月17日","112年10月12日","112年10月16日","0.083","    176.50","","",
="03428U","南電元大27售04","0.00","","8046","南電","302.50","－","認售","歐式","112年01月09日","112年07月10日","112年07月06日","112年07月10日","0.057","    201.00","","",
="034290","陽明元大28購03","1.09","＋","2609","陽明","62.00","＋","認購","美式","112年01月17日","112年01月17日","112年08月14日","112年08月16日","0.215","    64.40","","",
="034291","萬海元大28購06","0.00","","2615","萬海","60.00","＋","認購","美式","112年01月17日","112年01月17日","112年08月14日","112年08月16日","0.139","    76.30","","",
="034292","長榮航元大28購04","2.89","＋","2618","長榮航","33.60","＋","認購","美式","112年01月17日","112年01月17日","112年08月14日","112年08月16日","0.597","    30.70","","",
="034293","長榮航元大29購04","2.23","＋","2618","長榮航","33.60","＋","認購","美式","112年01月17日","112年01月17日","112年09月14日","112年09月18日","0.846","    36.40","","",
="034294","新光金元大27購01","0.21","＋","2888","新光金","8.63","＋","認購","美式","112年01月17日","112年01月17日","112年07月13日","112年07月17日","1.00","    9.25","","",
="034295","欣興元大28購05","0.00","","3037","欣興","182.50","－","認購","美式","112年01月17日","112年01月17日","112年08月14日","112年08月16日","0.117","    151.50","","",
="034296","景碩元大27購09","0.62","＋","3189","景碩","116.00","＋","認購","美式","112年01月17日","112年01月17日","112年07月13日","112年07月17日","0.075","    125.50","","",
="034297","健策元大27購09","0.00","","3653","健策","616.00","＋","認購","美式","112年01月17日","112年01月17日","112年07月13日","112年07月17日","0.061","    505.00","","",
="034298","合勤控元大27購01","1.78","＋","3704","合勤控","43.85","＋","認購","美式","112年01月17日","112年01月17日","112年07月13日","112年07月17日","0.508","    44.75","","",
="034299","新唐元大28購03","0.74","","4919","新唐","130.50","＋","認購","美式","112年01月17日","112年01月17日","112年08月14日","112年08月16日","0.066","    140.00","","",
="03429P","萬海凱基27售04","0.00","","2615","萬海","60.00","＋","認售","歐式","111年10月19日","112年07月18日","112年07月14日","112年07月18日","0.33","    54.00","","",
="03429U","華夏元富27售02","1.03","－","1305","華夏","23.85","－","認售","歐式","112年01月09日","112年07月10日","112年07月06日","112年07月10日","0.40","    25.00","","",
="034300","祥碩元大28購01","7.85","＋","5269","祥碩","1,300.00","＋","認購","美式","112年01月17日","112年01月17日","112年08月14日","112年08月16日","0.033","    1,180.00","","",
="034301","中租元大27購03","0.00","","5871","中租-KY","210.50","＋","認購","美式","112年01月17日","112年01月17日","112年07月13日","112年07月17日","0.057","    252.00","","",
="034302","樺漢元大27購02","0.00","","6414","樺漢","281.00","＋","認購","美式","112年01月17日","112年01月17日","112年07月13日","112年07月17日","0.087","    255.00","","",
="034303","晶碩元大28購03","0.00","","6491","晶碩","366.50","＋","認購","美式","112年01月17日","112年01月17日","112年08月14日","112年08月16日","0.064","    632.00","","",
="034304","愛普元大28購04","0.00","","6531","愛普*","328.50","＋","認購","美式","112年01月17日","112年01月17日","112年08月14日","112年08月16日","0.067","    223.50","","",
="034305","采鈺元大27購02","0.00","","6789","采鈺","224.00","＋","認購","美式","112年01月17日","112年01月17日","112年07月13日","112年07月17日","0.054","    272.50","","",
="034306","寶齡元富27購04","0.00","","1760","寶齡富錦","148.50","","認購","美式","112年01月17日","112年01月17日","112年07月13日","112年07月17日","0.10","    220.00","","",
="034307","裕隆元富31購01","2.01","＋","2201","裕隆","82.80","＋","認購","美式","112年01月17日","112年01月17日","113年01月12日","113年01月16日","0.23","    99.00","","",
="034308","欣興元富2A購01","0.00","","3037","欣興","182.50","－","認購","美式","112年01月17日","112年01月17日","112年10月12日","112年10月16日","0.15","    160.00","","",
="034309","NASDAQ凱基2A購01","0.00","",="00662","富邦NASDAQ","56.65","＋","認購","美式","112年01月17日","112年01月17日","112年10月12日","112年10月16日","0.40","    50.00","","",
="03430U","宏達電元富27售04","0.00","","2498","宏達電","61.50","＋","認售","歐式","112年01月09日","112年07月10日","112年07月06日","112年07月10日","0.096","    55.00","","",
="034310","FBNQ2X凱基29購01","0.00","",="00670L","富邦NASDAQ正2","78.90","＋","認購","美式","112年01月17日","112年01月17日","112年09月14日","112年09月18日","0.15","    50.00","","",
="034311","FBNQ2X凱基2A購01","0.00","",="00670L","富邦NASDAQ正2","78.90","＋","認購","美式","112年01月17日","112年01月17日","112年10月12日","112年10月16日","0.15","    60.00","","",
="034312","FBNQ2X凱基2A購02","0.00","",="00670L","富邦NASDAQ正2","78.90","＋","認購","美式","112年01月17日","112年01月17日","112年10月12日","112年10月16日","0.20","    70.00","","",
="034313","FBNQ反凱基2A購01","0.00","",="00671R","富邦NASDAQ 反1","5.07","－","認購","美式","112年01月17日","112年01月17日","112年10月12日","112年10月16日","1.00","    7.00","","",
="034314","FBNQ反凱基2A購02","0.00","",="00671R","富邦NASDAQ 反1","5.07","－","認購","美式","112年01月17日","112年01月17日","112年10月12日","112年10月16日","1.00","    7.50","","",
="034315","美指2X凱基2B購01","0.00","",="00683L","期元大美元指正2(原名：元大美元指數正2)","21.98","－","認購","美式","112年01月17日","112年01月17日","112年11月14日","112年11月16日","0.34","    24.00","","",
="034316","AIROBO凱基29購01","2.20","＋",="00737","國泰AI+Robo","29.24","＋","認購","美式","112年01月17日","112年01月17日","112年09月14日","112年09月18日","1.00","    30.00","","",
="034317","美費半凱基29購01","0.00","",="00830","國泰費城半導體","31.65","＋","認購","美式","112年01月17日","112年01月17日","112年09月14日","112年09月18日","0.603","    24.88","","",
="034318","美費半凱基29購02","4.33","＋",="00830","國泰費城半導體","31.65","＋","認購","美式","112年01月17日","112年01月17日","112年09月14日","112年09月18日","0.804","    27.86","","",
="034319","裕隆凱基27購06","1.38","＋","2201","裕隆","82.80","＋","認購","美式","112年01月17日","112年01月17日","112年07月13日","112年07月17日","0.35","    90.00","","",
="03431U","敦泰元富27售03","0.00","","3545","敦泰","83.70","＋","認售","歐式","112年01月09日","112年07月10日","112年07月06日","112年07月10日","0.30","    50.00","","",
="034320","鴻海凱基28購03","0.00","","2317","鴻海","105.50","＋","認購","美式","112年01月17日","112年01月17日","112年08月14日","112年08月16日","1.00","    129.00","","",
="034321","台積電凱基2A購15","0.00","","2330","台積電","568.00","＋","認購","美式","112年01月17日","112年01月17日","112年10月12日","112年10月16日","0.06","    487.36","","",
="034322","台積電凱基2B購05","0.00","","2330","台積電","568.00","＋","認購","美式","112年01月17日","112年01月17日","112年11月14日","112年11月16日","0.07","    517.20","","",
="034323","萬海凱基29購02","0.00","","2615","萬海","60.00","＋","認購","美式","112年01月17日","112年01月17日","112年09月14日","112年09月18日","0.25","    95.00","","",
="034324","八方凱基27購03","0.00","","2753","八方雲集","167.00","","認購","美式","112年01月17日","112年01月17日","112年07月13日","112年07月17日","0.05","    230.00","","",
="034325","瑞鼎凱基27購04","1.12","","3592","瑞鼎","348.00","＋","認購","美式","112年01月17日","112年01月17日","112年07月13日","112年07月17日","0.05","    370.00","","",
="034326","瑞鼎凱基2B購01","0.00","","3592","瑞鼎","348.00","＋","認購","美式","112年01月17日","112年01月17日","112年11月14日","112年11月16日","0.06","    470.00","","",
="034327","瑞鼎凱基2B購02","2.06","＋","3592","瑞鼎","348.00","＋","認購","美式","112年01月17日","112年01月17日","112年11月14日","112年11月16日","0.05","    420.00","","",
="034328","天鈺凱基27購06","0.69","","4961","天鈺","154.00","＋","認購","美式","112年01月17日","112年01月17日","112年07月13日","112年07月17日","0.10","    170.00","","",
="034329","中租凱基27購01","0.00","","5871","中租-KY","210.50","＋","認購","美式","112年01月17日","112年01月17日","112年07月13日","112年07月17日","0.10","    270.00","","",
="03432U","健策元富27售02","0.00","","3653","健策","616.00","＋","認售","歐式","112年01月09日","112年07月10日","112年07月06日","112年07月10日","0.05","    330.00","","",
="034330","同欣電凱基27購01","0.10","－","6271","同欣電","179.50","＋","認購","美式","112年01月17日","112年01月17日","112年07月13日","112年07月17日","0.06","    230.00","","",
="034331","穎崴凱基27購02","0.00","","6515","穎崴","830.00","－","認購","美式","112年01月17日","112年01月17日","112年07月13日","112年07月17日","0.035","    500.00","","",
="034332","緯穎凱基27購03","0.00","","6669","緯穎","1,205.00","＋","認購","美式","112年01月17日","112年01月17日","112年07月13日","112年07月17日","0.025","    900.00","","",
="034333","南電凱基27購07","2.86","－","8046","南電","302.50","－","認購","美式","112年01月17日","112年01月17日","112年07月13日","112年07月17日","0.12","    300.00","","",
="034334","中鴻兆豐29購01","0.24","＋","2014","中鴻","23.15","＋","認購","美式","112年01月17日","112年01月17日","112年09月14日","112年09月18日","0.35","    28.80","","",
="034335","大成鋼兆豐28購03","0.00","","2027","大成鋼","45.25","＋","認購","美式","112年01月17日","112年01月17日","112年08月14日","112年08月16日","0.45","    50.00","","",
="034336","旺宏兆豐29購01","0.38","＋","2337","旺宏","33.40","＋","認購","美式","112年01月17日","112年01月17日","112年09月14日","112年09月18日","0.45","    38.80","","",
="034337","華擎兆豐27購01","0.59","＋","3515","華擎","154.00","＋","認購","美式","112年01月17日","112年01月17日","112年07月13日","112年07月17日","0.05","    160.00","","",
="034338","和碩兆豐29購01","2.05","＋","4938","和碩","74.70","＋","認購","美式","112年01月17日","112年01月17日","112年09月14日","112年09月18日","0.22","    68.80","","",
="034339","矽創兆豐29購01","0.00","","8016","矽創","225.50","＋","認購","美式","112年01月17日","112年01月17日","112年09月14日","112年09月18日","0.05","    198.00","","",
="03433P","鴻海元大26售03","0.00","","2317","鴻海","105.50","＋","認售","歐式","111年09月29日","112年06月28日","112年06月26日","112年06月28日","1.00","    63.00","","",
="03433U","臻鼎元富27售02","0.00","","4958","臻鼎-KY","114.50","＋","認售","歐式","112年01月09日","112年07月10日","112年07月06日","112年07月10日","0.20","    95.00","","",
="034340","南電兆豐29購01","0.00","","8046","南電","302.50","－","認購","美式","112年01月17日","112年01月17日","112年09月14日","112年09月18日","0.032","    238.00","","",
="034341","元晶台新27購01","0.00","","6443","元晶","36.20","＋","認購","歐式","112年01月17日","112年07月17日","112年07月13日","112年07月17日","0.399","    38.99","","",
="034342","裕隆統一29購02","1.32","","2201","裕隆","82.80","＋","認購","美式","112年01月17日","112年01月17日","112年09月14日","112年09月18日","0.10","    81.60","","",
="034343","陽明統一29購03","0.00","","2609","陽明","62.00","＋","認購","美式","112年01月17日","112年01月17日","112年09月14日","112年09月18日","0.10","    70.00","","",
="034344","萬海統一29購03","0.00","","2615","萬海","60.00","＋","認購","美式","112年01月17日","112年01月17日","112年09月14日","112年09月18日","0.10","    90.00","","",
="034345","美食統一29購01","0.00","","2723","美食-KY","152.50","－","認購","美式","112年01月17日","112年01月17日","112年09月14日","112年09月18日","0.038","    158.50","","",
="034346","智原統一29購03","0.75","＋","3035","智原","173.50","＋","認購","美式","112年01月17日","112年01月17日","112年09月14日","112年09月18日","0.028","    174.50","","",
="034347","欣興統一2B購02","1.71","－","3037","欣興","182.50","－","認購","美式","112年01月17日","112年01月17日","112年11月14日","112年11月16日","0.032","    136.66","","",
="034348","玉晶光統一29購01","0.80","＋","3406","玉晶光","400.00","＋","認購","美式","112年01月17日","112年01月17日","112年09月14日","112年09月18日","0.015","    388.88","","",
="034349","瑞鼎統一28購01","0.73","＋","3592","瑞鼎","348.00","＋","認購","美式","112年01月17日","112年01月17日","112年08月14日","112年08月16日","0.02","    368.88","","",
="03434U","世紀鋼元富27售02","0.00","","9958","世紀鋼","109.50","＋","認售","歐式","112年01月09日","112年07月10日","112年07月06日","112年07月10日","0.09","    95.00","","",
="034350","天鈺統一2B購03","0.63","＋","4961","天鈺","154.00","＋","認購","美式","112年01月17日","112年01月17日","112年11月14日","112年11月16日","0.03","    168.88","","",
="034351","富邦媒統一29購01","0.32","","8454","富邦媒","703.00","＋","認購","美式","112年01月17日","112年01月17日","112年09月14日","112年09月18日","0.006","    898.70","","",
="034352","國巨法興27購01","0.00","","2327","國巨","508.00","＋","認購","歐式","112年01月17日","112年07月17日","112年07月13日","112年07月17日","0.025","    600.00","","",
="034353","長榮法興27購02","0.48","＋","2603","長榮","157.00","＋","認購","歐式","112年01月17日","112年07月17日","112年07月13日","112年07月17日","0.08","    175.00","","",
="034354","聯詠法興27購02","0.00","","3034","聯詠","423.50","＋","認購","歐式","112年01月17日","112年07月17日","112年07月13日","112年07月17日","0.05","    420.00","","",
="034355","臺股指法興27購01","0.00","","IX0001","臺股指數","16,636.30","","認購","歐式","112年01月17日","112年07月17日","112年07月13日","112年07月17日","0.003","    14,800.00","","",
="034356","臺股指法興27購02","4.98","＋","IX0001","臺股指數","16,636.30","","認購","歐式","112年01月17日","112年07月17日","112年07月13日","112年07月17日","0.004","    15,200.00","","",
="034357","深中小群益28購01","0.00","",="00643","群益深証中小","13.68","－","認購","美式","112年01月17日","112年01月17日","112年08月14日","112年08月16日","0.88","    16.88","","",
="034358","A50正2群益27購01","0.00","",="00655L","國泰中國A50正2","24.65","－","認購","美式","112年01月17日","112年01月17日","112年07月13日","112年07月17日","0.50","    34.00","","",
="034359","東陽群益27購02","0.00","","1319","東陽","49.90","＋","認購","美式","112年01月17日","112年01月17日","112年07月13日","112年07月17日","1.00","    58.00","","",
="03435U","華新國泰29售01","0.72","－","1605","華新","46.60","＋","認售","歐式","112年01月09日","112年09月08日","112年09月06日","112年09月08日","0.60","    35.00","","",
="034360","中砂群益28購02","0.00","","1560","中砂","114.50","－","認購","美式","112年01月17日","112年01月17日","112年08月14日","112年08月16日","0.05","    136.80","","",
="034361","鴻海群益27購06","1.20","","2317","鴻海","105.50","＋","認購","美式","112年01月17日","112年01月17日","112年07月13日","112年07月17日","0.25","    105.00","","",
="034362","台積電群益28購04","0.00","","2330","台積電","568.00","＋","認購","美式","112年01月17日","112年01月17日","112年08月14日","112年08月16日","0.704","    686.29","","",
="034363","光罩群益27購02","0.77","","2338","光罩","81.80","＋","認購","美式","112年01月17日","112年01月17日","112年07月13日","112年07月17日","0.20","    92.50","","",
="034364","長榮群益28購05","0.00","","2603","長榮","157.00","＋","認購","美式","112年01月17日","112年01月17日","112年08月14日","112年08月16日","0.10","    177.00","","",
="034365","嘉澤群益27購01","0.00","","3533","嘉澤","909.00","－","認購","美式","112年01月17日","112年01月17日","112年07月13日","112年07月17日","0.01","    895.62","","",
="034366","嘉澤群益27購02","1.00","－","3533","嘉澤","909.00","－","認購","美式","112年01月17日","112年01月17日","112年07月13日","112年07月17日","0.05","    1,060.82","","",
="034367","貿聯群益27購02","0.00","","3665","貿聯-KY","270.50","＋","認購","美式","112年01月17日","112年01月17日","112年07月13日","112年07月17日","0.05","    263.96","","",
="034368","合勤控群益28購02","0.86","＋","3704","合勤控","43.85","＋","認購","美式","112年01月17日","112年01月17日","112年08月14日","112年08月16日","0.173","    42.80","","",
="034369","上品群益27購02","0.00","","4770","上品","297.00","＋","認購","美式","112年01月17日","112年01月17日","112年07月13日","112年07月17日","0.083","    461.18","","",
="03436U","敦泰國泰29售01","0.00","","3545","敦泰","83.70","＋","認售","歐式","112年01月09日","112年09月08日","112年09月06日","112年09月08日","0.30","    48.50","","",
="034370","中磊群益27購01","1.87","","5388","中磊","93.30","＋","認購","美式","112年01月17日","112年01月17日","112年07月13日","112年07月17日","0.158","    84.56","","",
="034371","富邦媒群益27購02","0.00","","8454","富邦媒","703.00","＋","認購","美式","112年01月17日","112年01月17日","112年07月13日","112年07月17日","0.033","    999.00","","",
="034372","臺股指群益27購02","0.00","","IX0001","臺股指數","16,636.30","","認購","歐式","112年01月17日","112年07月17日","112年07月13日","112年07月17日","0.003","    14,400.00","","",
="034373","臺股指群益27購03","0.00","","IX0001","臺股指數","16,636.30","","認購","歐式","112年01月17日","112年07月17日","112年07月13日","112年07月17日","0.003","    14,600.00","","",
="034374","臺股指群益27購04","0.00","","IX0001","臺股指數","16,636.30","","認購","歐式","112年01月17日","112年07月17日","112年07月13日","112年07月17日","0.003","    15,000.00","","",
="034375","臺股指群益27購05","0.00","","IX0001","臺股指數","16,636.30","","認購","歐式","112年01月17日","112年07月17日","112年07月13日","112年07月17日","0.003","    15,200.00","","",
="034376","臺股指群益27購06","0.00","","IX0001","臺股指數","16,636.30","","認購","歐式","112年01月17日","112年07月17日","112年07月13日","112年07月17日","0.005","    15,500.00","","",
="034377","玉晶光國票2A購01","1.61","＋","3406","玉晶光","400.00","＋","認購","美式","112年01月30日","112年01月30日","112年09月27日","112年10月02日","0.06","    440.00","","",
="034378","貿聯國票28購01","1.97","","3665","貿聯-KY","270.50","＋","認購","美式","112年01月30日","112年01月30日","112年08月25日","112年08月29日","0.20","    318.74","","",
="034379","麗豐國票28購01","0.97","＋","4137","麗豐-KY","216.00","＋","認購","美式","112年01月30日","112年01月30日","112年08月25日","112年08月29日","0.08","    260.00","","",
="03437U","聯詠麥證27售01","0.00","","3034","聯詠","423.50","＋","認售","歐式","112年01月09日","112年07月10日","112年07月06日","112年07月10日","0.038","    310.00","","",
="034380","嘉聯益國票28購04","0.00","","6153","嘉聯益","23.15","＋","認購","美式","112年01月30日","112年01月30日","112年08月25日","112年08月29日","0.661","    26.00","","",
="034381","康舒國票28購02","7.05","＋","6282","康舒","44.05","＋","認購","美式","112年01月30日","112年01月30日","112年08月25日","112年08月29日","1.00","    39.00","","",
="034382","百和國票28購01","0.00","","9938","百和","55.00","＋","認購","美式","112年01月30日","112年01月30日","112年08月25日","112年08月29日","0.30","    75.00","","",
="034383","中興電群益27購02","0.00","","1513","中興電","113.50","＋","認購","美式","112年01月30日","112年01月30日","112年07月27日","112年07月31日","0.26","    90.00","","",
="034384","寶齡群益27購02","0.00","","1760","寶齡富錦","148.50","","認購","美式","112年01月30日","112年01月30日","112年07月27日","112年07月31日","0.05","    180.00","","",
="034385","裕隆群益2A購01","5.50","＋","2201","裕隆","82.80","＋","認購","美式","112年01月30日","112年01月30日","112年10月26日","112年10月30日","1.00","    100.00","","",
="034386","鴻海群益2A購01","1.05","＋","2317","鴻海","105.50","＋","認購","美式","112年01月30日","112年01月30日","112年09月27日","112年10月02日","0.20","    112.50","","",
="034387","大立光群益27購04","4.29","","3008","大立光","2,305.00","＋","認購","美式","112年01月30日","112年01月30日","112年07月27日","112年07月31日","0.014","    2,069.05","","",
="034388","創意群益27購01","0.00","","3443","創意","1,515.00","＋","認購","美式","112年01月30日","112年01月30日","112年07月27日","112年07月31日","0.02","    777.00","","",
="034389","乙盛群益28購01","0.00","","5243","乙盛-KY","83.70","＋","認購","美式","112年01月30日","112年01月30日","112年08月25日","112年08月29日","0.128","    65.00","","",
="03438U","台灣50凱基29售08","0.00","",="0050","元大台灣50","126.75","＋","認售","歐式","112年01月09日","112年09月08日","112年09月06日","112年09月08日","0.358","    92.91","","",
="034390","元晶群益27購01","0.93","","6443","元晶","36.20","＋","認購","美式","112年01月30日","112年01月30日","112年07月27日","112年07月31日","0.80","    43.00","","",
="034391","台積電兆豐2A購02","0.00","","2330","台積電","568.00","＋","認購","美式","112年01月30日","112年01月30日","112年10月26日","112年10月30日","0.03","    509.24","","",
="034392","智原兆豐28購01","1.14","＋","3035","智原","173.50","＋","認購","美式","112年01月30日","112年01月30日","112年08月25日","112年08月29日","0.055","    173.00","","",
="034393","台積電統一2B購06","1.30","＋","2330","台積電","568.00","＋","認購","美式","112年01月30日","112年01月30日","112年11月27日","112年11月29日","0.02","    547.04","","",
="034394","全新統一27購01","1.89","＋","2455","全新","100.00","","認購","美式","112年01月30日","112年01月30日","112年07月27日","112年07月31日","0.10","    90.40","","",
="034395","宏達電統一2A購01","0.63","","2498","宏達電","61.50","＋","認購","美式","112年01月30日","112年01月30日","112年09月27日","112年10月02日","0.11","    70.00","","",
="034396","聯詠統一27購03","0.00","","3034","聯詠","423.50","＋","認購","美式","112年01月30日","112年01月30日","112年07月27日","112年07月31日","0.03","    363.80","","",
="034397","瑞鼎統一2B購01","0.00","","3592","瑞鼎","348.00","＋","認購","美式","112年01月30日","112年01月30日","112年11月27日","112年11月29日","0.014","    500.00","","",
="034398","南電統一2B購02","1.36","－","8046","南電","302.50","－","認購","美式","112年01月30日","112年01月30日","112年11月27日","112年11月29日","0.025","    288.88","","",
="034399","葡萄王元富27購03","0.00","","1707","葡萄王","175.00","＋","認購","美式","112年01月30日","112年01月30日","112年07月27日","112年07月31日","0.10","    210.00","","",
="03439U","台灣50凱基29售09","0.00","",="0050","元大台灣50","126.75","＋","認售","歐式","112年01月09日","112年09月08日","112年09月06日","112年09月08日","0.256","    102.69","","",
="034400","世芯元富27購03","0.00","","3661","世芯-KY","1,660.00","＋","認購","美式","112年01月30日","112年01月30日","112年07月27日","112年07月31日","0.023","    1,150.00","","",
="034401","麗豐元富27購03","0.00","","4137","麗豐-KY","216.00","＋","認購","美式","112年01月30日","112年01月30日","112年07月27日","112年07月31日","0.10","    245.00","","",
="034402","上品元富27購03","0.00","","4770","上品","297.00","＋","認購","美式","112年01月30日","112年01月30日","112年07月27日","112年07月31日","0.073","    498.65","","",
="034403","中砂凱基27購03","0.00","","1560","中砂","114.50","－","認購","美式","112年01月30日","112年01月30日","112年07月27日","112年07月31日","0.125","    150.00","","",
="034404","大成鋼凱基27購03","1.32","","2027","大成鋼","45.25","＋","認購","美式","112年01月30日","112年01月30日","112年07月27日","112年07月31日","0.35","    44.00","","",
="034405","上銀凱基28購01","4.16","＋","2049","上銀","235.50","＋","認購","美式","112年01月30日","112年01月30日","112年08月25日","112年08月29日","0.20","    240.00","","",
="034406","台達電凱基28購04","2.22","－","2308","台達電","315.50","－","認購","美式","112年01月30日","112年01月30日","112年08月25日","112年08月29日","0.07","    300.00","","",
="034407","光罩凱基27購06","0.00","","2338","光罩","81.80","＋","認購","美式","112年01月30日","112年01月30日","112年07月27日","112年07月31日","0.22","    110.00","","",
="034408","台亞凱基27購01","0.00","","2340","台亞","36.30","＋","認購","美式","112年01月30日","112年01月30日","112年07月27日","112年07月31日","0.80","    45.00","","",
="034409","技嘉凱基28購02","0.00","","2376","技嘉","186.00","＋","認購","美式","112年01月30日","112年01月30日","112年08月25日","112年08月29日","0.15","    150.00","","",
="03440U","聯電凱基28售05","0.00","","2303","聯電","51.20","＋","認售","歐式","112年01月09日","112年08月08日","112年08月04日","112年08月08日","1.00","    34.00","","",
="034410","長榮凱基2A購03","1.01","＋","2603","長榮","157.00","＋","認購","美式","112年01月30日","112年01月30日","112年10月26日","112年10月30日","0.10","    178.00","","",
="034411","陽明凱基27購06","1.08","＋","2609","陽明","62.00","＋","認購","美式","112年01月30日","112年01月30日","112年07月27日","112年07月31日","0.30","    64.00","","",
="034412","長榮航凱基28購04","2.15","＋","2618","長榮航","33.60","＋","認購","美式","112年01月30日","112年01月30日","112年08月25日","112年08月29日","1.00","    35.00","","",
="034413","美食凱基28購01","0.00","","2723","美食-KY","152.50","－","認購","美式","112年01月30日","112年01月30日","112年08月25日","112年08月29日","0.152","    200.00","","",
="034414","聯陽凱基27購01","0.00","","3014","聯陽","113.50","＋","認購","美式","112年01月30日","112年01月30日","112年07月27日","112年07月31日","0.45","    100.00","","",
="034415","威強電凱基27購01","0.00","","3022","威強電","91.20","＋","認購","美式","112年01月30日","112年01月30日","112年07月27日","112年07月31日","0.20","    80.00","","",
="034416","智原凱基28購01","0.86","＋","3035","智原","173.50","＋","認購","美式","112年01月30日","112年01月30日","112年08月25日","112年08月29日","0.08","    200.00","","",
="034417","玉晶光凱基27購05","0.96","＋","3406","玉晶光","400.00","＋","認購","美式","112年01月30日","112年01月30日","112年07月27日","112年07月31日","0.12","    500.00","","",
="034418","創意凱基27購08","0.00","","3443","創意","1,515.00","＋","認購","美式","112年01月30日","112年01月30日","112年07月27日","112年07月31日","0.015","    850.00","","",
="034419","嘉澤凱基27購04","2.80","－","3533","嘉澤","909.00","－","認購","美式","112年01月30日","112年01月30日","112年07月27日","112年07月31日","0.02","    796.11","","",
="03441P","三福化元大28售01","0.00","","4755","三福化","131.00","＋","認售","歐式","111年09月29日","112年08月28日","112年08月24日","112年08月28日","0.038","    86.50","","",
="03441U","南亞科凱基27售02","0.00","","2408","南亞科","71.20","－","認售","歐式","112年01月09日","112年07月10日","112年07月06日","112年07月10日","0.40","    47.00","","",
="034420","健策凱基27購05","0.00","","3653","健策","616.00","＋","認購","美式","112年01月30日","112年01月30日","112年07月27日","112年07月31日","0.075","    530.00","","",
="034421","啟碁凱基27購02","0.88","＋","6285","啟碁","87.50","＋","認購","美式","112年01月30日","112年01月30日","112年07月27日","112年07月31日","0.20","    95.00","","",
="034422","樺漢凱基2B購01","3.55","＋","6414","樺漢","281.00","＋","認購","美式","112年01月30日","112年01月30日","112年11月27日","112年11月29日","0.10","    280.00","","",
="034423","晶碩凱基28購02","0.00","","6491","晶碩","366.50","＋","認購","美式","112年01月30日","112年01月30日","112年08月25日","112年08月29日","0.06","    650.00","","",
="034424","采鈺凱基27購02","0.97","＋","6789","采鈺","224.00","＋","認購","美式","112年01月30日","112年01月30日","112年07月27日","112年07月31日","0.05","    230.00","","",
="034425","台積電康和28購02","2.82","＋","2330","台積電","568.00","＋","認購","美式","112年01月30日","112年01月30日","112年08月25日","112年08月29日","0.101","    591.80","","",
="034426","八方康和27購01","0.00","","2753","八方雲集","167.00","","認購","美式","112年01月30日","112年01月30日","112年07月27日","112年07月31日","0.05","    275.00","","",
="034427","台灣50永豐28購02","0.00","",="0050","元大台灣50","126.75","＋","認購","美式","112年01月30日","112年01月30日","112年08月25日","112年08月29日","0.665","    135.25","","",
="034428","T50反1永豐2A購01","0.00","",="00632R","元大台灣50反1","4.94","－","認購","美式","112年01月30日","112年01月30日","112年09月27日","112年10月02日","1.00","    5.40","","",
="034429","滬深2X永豐28購03","0.00","",="00637L","元大滬深300正2","13.77","－","認購","美式","112年01月30日","112年01月30日","112年08月25日","112年08月29日","1.00","    22.93","","",
="03442U","長榮凱基27售13","0.74","","2603","長榮","157.00","＋","認售","歐式","112年01月09日","112年07月10日","112年07月06日","112年07月10日","0.07","    155.00","","",
="034430","台泥永豐28購01","0.44","","1101","台泥","38.15","＋","認購","美式","112年01月30日","112年01月30日","112年08月25日","112年08月29日","1.00","    47.13","","",
="034431","聚陽永豐27購01","0.71","－","1477","聚陽","219.00","＋","認購","美式","112年01月30日","112年01月30日","112年07月27日","112年07月31日","0.068","    237.94","","",
="034432","英業達永豐27購01","0.00","","2356","英業達","37.50","＋","認購","美式","112年01月30日","112年01月30日","112年07月27日","112年07月31日","0.77","    28.44","","",
="034433","威盛永豐28購02","1.90","＋","2388","威盛","83.10","＋","認購","美式","112年01月30日","112年01月30日","112年08月25日","112年08月29日","0.16","    80.16","","",
="034434","長榮航永豐28購01","2.32","＋","2618","長榮航","33.60","＋","認購","美式","112年01月30日","112年01月30日","112年08月25日","112年08月29日","1.00","    35.56","","",
="034435","大立光永豐28購03","1.41","＋","3008","大立光","2,305.00","＋","認購","美式","112年01月30日","112年01月30日","112年08月25日","112年08月29日","0.008","    2,365.18","","",
="034436","智原永豐2A購01","1.22","＋","3035","智原","173.50","＋","認購","美式","112年01月30日","112年01月30日","112年09月27日","112年10月02日","0.078","    207.68","","",
="034437","合勤控永豐2A購01","1.56","＋","3704","合勤控","43.85","＋","認購","美式","112年01月30日","112年01月30日","112年09月27日","112年10月02日","0.25","    42.00","","",
="034438","上品永豐2A購01","0.37","","4770","上品","297.00","＋","認購","美式","112年01月30日","112年01月30日","112年09月27日","112年10月02日","0.042","    480.39","","",
="034439","元晶永豐28購01","0.88","＋","6443","元晶","36.20","＋","認購","美式","112年01月30日","112年01月30日","112年08月25日","112年08月29日","0.43","    42.11","","",
="03443U","晶華凱基27售02","0.00","","2707","晶華","288.00","＋","認售","歐式","112年01月09日","112年07月10日","112年07月06日","112年07月10日","0.026","    230.00","","",
="034440","南電永豐27購04","4.16","－","8046","南電","302.50","－","認購","美式","112年01月30日","112年01月30日","112年07月27日","112年07月31日","0.138","    300.00","","",
="034441","台灣50元大2A購03","2.46","＋",="0050","元大台灣50","126.75","＋","認購","美式","112年01月30日","112年01月30日","112年09月27日","112年10月02日","0.614","    133.98","","",
="034442","台灣50元大2A購04","2.94","＋",="0050","元大台灣50","126.75","＋","認購","美式","112年01月30日","112年01月30日","112年10月26日","112年10月30日","0.409","    128.12","","",
="034443","台灣50元大2A購05","2.81","＋",="0050","元大台灣50","126.75","＋","認購","美式","112年01月30日","112年01月30日","112年09月27日","112年10月02日","0.256","    120.29","","",
="034444","台灣50元大2A購06","2.55","＋",="0050","元大台灣50","126.75","＋","認購","美式","112年01月30日","112年01月30日","112年10月26日","112年10月30日","0.184","    117.36","","",
="034445","台灣50元大2A購07","0.00","",="0050","元大台灣50","126.75","＋","認購","美式","112年01月30日","112年01月30日","112年09月27日","112年10月02日","0.153","    114.42","","",
="034446","滬深反元大2A購01","0.00","",="00638R","元大滬深300反1","9.79","＋","認購","美式","112年01月30日","112年01月30日","112年10月26日","112年10月30日","0.48","    8.50","","",
="034447","元石油元大2B購01","0.93","＋",="00642U","期元大S&P石油(原名：元大S&P石油)","15.46","＋","認購","美式","112年01月30日","112年01月30日","112年11月27日","112年11月29日","0.35","    15.00","","",
="034448","香港反元大2B購01","0.65","",="00651R","FH香港反1","8.90","－","認購","美式","112年01月30日","112年01月30日","112年11月27日","112年11月29日","0.40","    7.00","","",
="034449","道瓊指元大2C購01","0.00","",="00668","國泰美國道瓊","36.92","＋","認購","美式","112年01月30日","112年01月30日","112年12月27日","112年12月29日","0.12","    38.00","","",
="03444U","聯詠凱基28售01","0.00","","3034","聯詠","423.50","＋","認售","歐式","112年01月09日","112年08月08日","112年08月04日","112年08月08日","0.13","    250.00","","",
="034450","台泥元大27購03","0.00","","1101","台泥","38.15","＋","認購","美式","112年01月30日","112年01月30日","112年07月27日","112年07月31日","0.65","    39.10","","",
="034451","亞力元大27購01","0.00","","1514","亞力","51.60","＋","認購","美式","112年01月30日","112年01月30日","112年07月27日","112年07月31日","0.545","    37.46","","",
="034452","大亞元大27購01","0.00","","1609","大亞","31.00","＋","認購","美式","112年01月30日","112年01月30日","112年07月27日","112年07月31日","0.60","    21.47","","",
="034453","大亞元大2A購01","0.00","","1609","大亞","31.00","＋","認購","美式","112年01月30日","112年01月30日","112年09月27日","112年10月02日","0.60","    23.52","","",
="034454","中鋼元大27購03","0.26","","2002","中鋼","29.05","－","認購","美式","112年01月30日","112年01月30日","112年07月27日","112年07月31日","0.70","    34.00","","",
="034455","中鴻元大28購02","0.00","","2014","中鴻","23.15","＋","認購","美式","112年01月30日","112年01月30日","112年08月25日","112年08月29日","0.905","    41.25","","",
="034456","大成鋼元大28購04","0.00","","2027","大成鋼","45.25","＋","認購","美式","112年01月30日","112年01月30日","112年08月25日","112年08月29日","0.712","    53.60","","",
="034457","智邦元大27購01","0.00","","2345","智邦","357.50","＋","認購","美式","112年01月30日","112年01月30日","112年07月27日","112年07月31日","0.048","    247.00","","",
="034458","技嘉元大28購01","4.49","＋","2376","技嘉","186.00","＋","認購","美式","112年01月30日","112年01月30日","112年08月25日","112年08月29日","0.101","    148.00","","",
="034459","微星元大27購01","2.55","＋","2377","微星","168.00","－","認購","美式","112年01月30日","112年01月30日","112年07月27日","112年07月31日","0.077","    140.00","","",
="03445U","日月光凱基27售02","0.00","","3711","日月光投控","109.00","－","認售","歐式","112年01月09日","112年07月10日","112年07月06日","112年07月10日","0.85","    65.00","","",
="034460","長榮元大28購12","1.52","＋","2603","長榮","157.00","＋","認購","美式","112年01月30日","112年01月30日","112年08月25日","112年08月29日","0.084","    153.50","","",
="034461","長榮元大2A購14","1.35","＋","2603","長榮","157.00","＋","認購","美式","112年01月30日","112年01月30日","112年10月26日","112年10月30日","0.09","    180.50","","",
="034462","長榮元大2A購15","1.55","＋","2603","長榮","157.00","＋","認購","美式","112年01月30日","112年01月30日","112年09月27日","112年10月02日","0.079","    159.00","","",
="034463","華航元大28購02","1.57","＋","2610","華航","21.65","＋","認購","美式","112年01月30日","112年01月30日","112年08月25日","112年08月29日","0.749","    21.65","","",
="034464","萬海元大28購07","0.00","","2615","萬海","60.00","＋","認購","美式","112年01月30日","112年01月30日","112年08月25日","112年08月29日","0.179","    83.30","","",
="034465","長榮航元大28購05","2.28","＋","2618","長榮航","33.60","＋","認購","美式","112年01月30日","112年01月30日","112年08月25日","112年08月29日","0.917","    35.20","","",
="034466","漢翔元大28購02","0.00","","2634","漢翔","55.80","＋","認購","美式","112年01月30日","112年01月30日","112年08月25日","112年08月29日","0.416","    38.60","","",
="034467","漢翔元大2A購03","8.25","＋","2634","漢翔","55.80","＋","認購","美式","112年01月30日","112年01月30日","112年09月27日","112年10月02日","0.711","    48.40","","",
="034468","中信金元大27購01","0.41","＋","2891","中信金","24.40","＋","認購","美式","112年01月30日","112年01月30日","112年07月27日","112年07月31日","1.00","    27.60","","",
="034469","奇鋐元大27購02","0.00","","3017","奇鋐","206.00","－","認購","美式","112年01月30日","112年01月30日","112年07月27日","112年07月31日","0.102","    139.88","","",
="03446U","台灣50群益28售02","0.00","",="0050","元大台灣50","126.75","＋","認售","歐式","112年01月09日","112年08月08日","112年08月04日","112年08月08日","0.511","    102.69","","",
="034470","聯詠元大28購03","0.00","","3034","聯詠","423.50","＋","認購","美式","112年01月30日","112年01月30日","112年08月25日","112年08月29日","0.082","    434.50","","",
="034471","景碩元大28購02","1.11","＋","3189","景碩","116.00","＋","認購","美式","112年01月30日","112年01月30日","112年08月25日","112年08月29日","0.057","    109.00","","",
="034472","日月光元大27購04","0.00","","3711","日月光投控","109.00","－","認購","美式","112年01月30日","112年01月30日","112年07月27日","112年07月31日","0.055","    100.00","","",
="034473","上品元大27購02","0.00","","4770","上品","297.00","＋","認購","美式","112年01月30日","112年01月30日","112年07月27日","112年07月31日","0.076","    494.80","","",
="034474","新唐元大28購04","0.40","＋","4919","新唐","130.50","＋","認購","美式","112年01月30日","112年01月30日","112年08月25日","112年08月29日","0.115","    180.00","","",
="034475","天鈺元大28購01","1.14","","4961","天鈺","154.00","＋","認購","美式","112年01月30日","112年01月30日","112年08月25日","112年08月29日","0.062","    159.50","","",
="034476","同欣電元大27購02","0.00","","6271","同欣電","179.50","＋","認購","美式","112年01月30日","112年01月30日","112年07月27日","112年07月31日","0.106","    274.00","","",
="034477","愛普元大28購05","0.00","","6531","愛普*","328.50","＋","認購","美式","112年01月30日","112年01月30日","112年08月25日","112年08月29日","0.063","    216.50","","",
="034478","力智元大28購01","1.15","＋","6719","力智","303.00","＋","認購","美式","112年01月30日","112年01月30日","112年08月25日","112年08月29日","0.061","    377.00","","",
="034479","力積電元大28購04","0.56","＋","6770","力積電","30.85","＋","認購","美式","112年01月30日","112年01月30日","112年08月25日","112年08月29日","0.49","    35.44","","",
="03447U","S&P500群益29售01","0.00","",="00646","元大S&P500","40.02","＋","認售","歐式","112年01月09日","112年09月08日","112年09月06日","112年09月08日","0.60","    33.30","","",
="034480","力積電元大2A購01","0.12","","6770","力積電","30.85","＋","認購","美式","112年01月30日","112年01月30日","112年09月27日","112年10月02日","1.009","    49.56","","",
="034481","采鈺元大27購03","0.73","＋","6789","采鈺","224.00","＋","認購","美式","112年01月30日","112年01月30日","112年07月27日","112年07月31日","0.049","    250.00","","",
="034482","采鈺元大2A購01","0.81","＋","6789","采鈺","224.00","＋","認購","美式","112年01月30日","112年01月30日","112年09月27日","112年10月02日","0.068","    320.00","","",
="034483","南電元大28購06","3.35","－","8046","南電","302.50","－","認購","美式","112年01月30日","112年01月30日","112年08月25日","112年08月29日","0.058","    270.00","","",
="034484","第一銅中信27購01","0.00","","2009","第一銅","32.10","＋","認購","歐式","112年01月30日","112年07月31日","112年07月27日","112年07月31日","0.55","    45.00","","",
="034485","大立光中信27購03","2.44","＋","3008","大立光","2,305.00","＋","認購","歐式","112年01月30日","112年07月31日","112年07月27日","112年07月31日","0.005","    1,850.48","","",
="034486","T50反1國泰31購02","0.17","－",="00632R","元大台灣50反1","4.94","－","認購","美式","112年01月30日","112年01月30日","113年01月25日","113年01月29日","1.00","    5.55","","",
="034487","第一銅國泰2A購01","0.00","","2009","第一銅","32.10","＋","認購","美式","112年01月30日","112年01月30日","112年09月27日","112年10月02日","0.40","    39.59","","",
="034488","臺股指國泰2B購01","0.00","","IX0001","臺股指數","16,636.30","","認購","歐式","112年01月30日","112年11月29日","112年11月27日","112年11月29日","0.003","    15,000.00","","",
="034489","臺股指國泰2B購02","0.00","","IX0001","臺股指數","16,636.30","","認購","歐式","112年01月30日","112年11月29日","112年11月27日","112年11月29日","0.003","    15,500.00","","",
="03448U","台玻群益28售02","0.00","","1802","台玻","18.50","＋","認售","歐式","112年01月09日","112年08月08日","112年08月04日","112年08月08日","1.00","    14.88","","",
="034490","臺股指國泰2B購03","0.00","","IX0001","臺股指數","16,636.30","","認購","歐式","112年01月30日","112年11月29日","112年11月27日","112年11月29日","0.002","    14,500.00","","",
="034491","臺股指國泰2B購04","3.11","＋","IX0001","臺股指數","16,636.30","","認購","歐式","112年01月30日","112年11月29日","112年11月27日","112年11月29日","0.002","    15,250.00","","",
="034492","T50反1富邦2A購01","0.00","",="00632R","元大台灣50反1","4.94","－","認購","美式","112年01月30日","112年01月30日","112年09月27日","112年10月02日","1.00","    5.25","","",
="034493","臺指反富邦28購01","0.00","",="00664R","國泰臺灣加權反1","5.58","－","認購","美式","112年01月30日","112年01月30日","112年08月25日","112年08月29日","1.00","    6.00","","",
="034494","台塑富邦2B購01","0.84","＋","1301","台塑","93.30","－","認購","美式","112年01月30日","112年01月30日","112年11月27日","112年11月29日","0.12","    100.00","","",
="034495","聚陽富邦27購01","0.00","","1477","聚陽","219.00","＋","認購","美式","112年01月30日","112年01月30日","112年07月27日","112年07月31日","0.053","    281.53","","",
="034496","大立光富邦2A購01","2.02","＋","3008","大立光","2,305.00","＋","認購","美式","112年01月30日","112年01月30日","112年09月27日","112年10月02日","0.003","    1,764.23","","",
="034497","穎崴富邦27購01","0.00","","6515","穎崴","830.00","－","認購","美式","112年01月30日","112年01月30日","112年07月27日","112年07月31日","0.025","    510.00","","",
="034498","裕隆國票28購02","0.00","","2201","裕隆","82.80","＋","認購","美式","112年01月31日","112年01月31日","112年08月28日","112年08月30日","0.222","    72.00","","",
="034499","創意國票28購01","0.00","","3443","創意","1,515.00","＋","認購","美式","112年01月31日","112年01月31日","112年08月28日","112年08月30日","0.077","    1,020.00","","",
="03449P","台灣50第一26售01","0.00","",="0050","元大台灣50","126.75","＋","認售","歐式","111年09月30日","112年06月29日","112年06月27日","112年06月29日","0.153","    94.62","","",
="03449U","聯詠群益27售01","0.00","","3034","聯詠","423.50","＋","認售","歐式","112年01月09日","112年07月10日","112年07月06日","112年07月10日","0.15","    268.00","","",
="034500","上品國票28購01","0.50","","4770","上品","297.00","＋","認購","美式","112年01月31日","112年01月31日","112年08月28日","112年08月30日","0.104","    480.39","","",
="034501","啟碁國票28購02","0.00","","6285","啟碁","87.50","＋","認購","美式","112年01月31日","112年01月31日","112年08月28日","112年08月30日","0.588","    105.00","","",
="034502","道瓊銀凱基2B購01","0.84","＋",="00738U","期元大道瓊白銀(原名：元大道瓊白銀)","22.79","＋","認購","美式","112年01月31日","112年01月31日","112年11月28日","112年11月30日","0.65","    28.00","","",
="034503","台泥凱基27購01","0.42","","1101","台泥","38.15","＋","認購","美式","112年01月31日","112年01月31日","112年07月27日","112年07月31日","1.00","    43.00","","",
="034504","中鴻凱基27購03","0.00","","2014","中鴻","23.15","＋","認購","美式","112年01月31日","112年01月31日","112年07月27日","112年07月31日","1.00","    38.00","","",
="034505","聯發科凱基2B購02","2.25","＋","2454","聯發科","738.00","＋","認購","美式","112年01月31日","112年01月31日","112年11月28日","112年11月30日","0.023","    750.00","","",
="034506","宏達電凱基28購05","1.11","＋","2498","宏達電","61.50","＋","認購","美式","112年01月31日","112年01月31日","112年08月28日","112年08月30日","0.25","    66.00","","",
="034507","華航凱基31購02","2.81","＋","2610","華航","21.65","＋","認購","美式","112年01月31日","112年01月31日","113年01月26日","113年01月30日","1.00","    23.00","","",
="034508","漢翔凱基2B購02","0.00","","2634","漢翔","55.80","＋","認購","美式","112年01月31日","112年01月31日","112年11月28日","112年11月30日","0.70","    50.00","","",
="034509","晶華凱基27購03","0.00","","2707","晶華","288.00","＋","認購","美式","112年01月31日","112年01月31日","112年07月27日","112年07月31日","0.034","    250.00","","",
="03450P","台積電第一28售06","0.00","","2330","台積電","568.00","＋","認售","歐式","111年09月30日","112年08月29日","112年08月25日","112年08月29日","0.018","    398.73","","",
="03450U","敦泰群益27售03","0.00","","3545","敦泰","83.70","＋","認售","歐式","112年01月09日","112年07月10日","112年07月06日","112年07月10日","0.20","    55.00","","",
="034510","智原凱基28購02","1.58","＋","3035","智原","173.50","＋","認購","美式","112年01月31日","112年01月31日","112年08月28日","112年08月30日","0.07","    170.00","","",
="034511","智原凱基2A購01","0.77","","3035","智原","173.50","＋","認購","美式","112年01月31日","112年01月31日","112年10月26日","112年10月30日","0.06","    235.00","","",
="034512","欣興凱基27購06","2.70","－","3037","欣興","182.50","－","認購","美式","112年01月31日","112年01月31日","112年07月27日","112年07月31日","0.12","    170.00","","",
="034513","欣興凱基27購07","2.48","－","3037","欣興","182.50","－","認購","美式","112年01月31日","112年01月31日","112年07月27日","112年07月31日","0.18","    190.00","","",
="034514","健策凱基27購06","0.00","","3653","健策","616.00","＋","認購","美式","112年01月31日","112年01月31日","112年07月27日","112年07月31日","0.03","    400.00","","",
="034515","日月光凱基27購03","1.28","－","3711","日月光投控","109.00","－","認購","美式","112年01月31日","112年01月31日","112年07月27日","112年07月31日","0.20","    110.00","","",
="034516","台耀凱基27購02","2.23","","4746","台耀","84.00","＋","認購","美式","112年01月31日","112年01月31日","112年07月27日","112年07月31日","0.15","    75.00","","",
="034517","上品凱基27購03","0.00","","4770","上品","297.00","＋","認購","美式","112年01月31日","112年01月31日","112年07月27日","112年07月31日","0.083","    499.61","","",
="034518","晶碩凱基27購04","0.00","","6491","晶碩","366.50","＋","認購","美式","112年01月31日","112年01月31日","112年07月27日","112年07月31日","0.055","    570.00","","",
="034519","愛普凱基27購03","0.00","","6531","愛普*","328.50","＋","認購","美式","112年01月31日","112年01月31日","112年07月27日","112年07月31日","0.055","    190.00","","",
="03451U","健策群益27售01","0.00","","3653","健策","616.00","＋","認售","歐式","112年01月09日","112年07月10日","112年07月06日","112年07月10日","0.02","    350.00","","",
="034520","緯穎凱基27購04","0.00","","6669","緯穎","1,205.00","＋","認購","美式","112年01月31日","112年01月31日","112年07月27日","112年07月31日","0.03","    1,000.00","","",
="034521","力積電凱基28購02","0.00","","6770","力積電","30.85","＋","認購","美式","112年01月31日","112年01月31日","112年08月28日","112年08月30日","0.504","    34.70","","",
="034522","東哥凱基2A購01","3.76","＋","8478","東哥遊艇","520.00","＋","認購","美式","112年01月31日","112年01月31日","112年09月27日","112年10月02日","0.035","    510.00","","",
="034523","東哥凱基2B購01","0.00","","8478","東哥遊艇","520.00","＋","認購","美式","112年01月31日","112年01月31日","112年11月28日","112年11月30日","0.025","    430.00","","",
="034524","華城台新27購01","0.00","","1519","華城","141.00","＋","認購","歐式","112年01月31日","112年07月31日","112年07月27日","112年07月31日","0.184","    59.75","","",
="034525","台達電台新2A購01","1.49","－","2308","台達電","315.50","－","認購","歐式","112年01月31日","112年10月02日","112年09月27日","112年10月02日","0.05","    315.98","","",
="034526","華城統一2A購01","7.95","＋","1519","華城","141.00","＋","認購","美式","112年01月31日","112年01月31日","112年09月27日","112年10月02日","0.10","    64.00","","",
="034527","欣興統一2A購04","0.00","","3037","欣興","182.50","－","認購","美式","112年01月31日","112年01月31日","112年09月27日","112年10月02日","0.04","    155.00","","",
="034528","玉晶光統一2B購01","1.48","＋","3406","玉晶光","400.00","＋","認購","美式","112年01月31日","112年01月31日","112年11月28日","112年11月30日","0.018","    350.00","","",
="034529","敦泰統一2B購01","1.39","＋","3545","敦泰","83.70","＋","認購","美式","112年01月31日","112年01月31日","112年11月28日","112年11月30日","0.07","    73.60","","",
="03452P","臺股指中信26售09","0.00","","IX0001","臺股指數","16,636.30","","認售","歐式","111年10月19日","112年06月19日","112年06月15日","112年06月19日","0.004","    6,888.00","","",
="03452U","材料群益29售02","0.00","","4763","材料-KY","550.00","－","認售","歐式","112年01月09日","112年09月08日","112年09月06日","112年09月08日","0.04","    185.00","","",
="034530","立積統一2A購01","0.94","＋","4968","立積","170.00","＋","認購","美式","112年01月31日","112年01月31日","112年09月27日","112年10月02日","0.032","    168.88","","",
="034531","東哥統一31購01","1.76","","8478","東哥遊艇","520.00","＋","認購","美式","112年01月31日","112年01月31日","112年12月28日","113年01月02日","0.008","    406.66","","",
="034532","東哥統一31購02","1.08","＋","8478","東哥遊艇","520.00","＋","認購","美式","112年01月31日","112年01月31日","112年12月28日","113年01月02日","0.006","    508.88","","",
="034533","世芯中信27購03","0.00","","3661","世芯-KY","1,660.00","＋","認購","歐式","112年01月31日","112年07月31日","112年07月27日","112年07月31日","0.01","    1,020.00","","",
="034534","滬深2X元富27購04","0.00","",="00637L","元大滬深300正2","13.77","－","認購","美式","112年01月31日","112年01月31日","112年07月27日","112年07月31日","1.00","    21.00","","",
="034535","滬深2X元富2A購02","0.00","",="00637L","元大滬深300正2","13.77","－","認購","美式","112年01月31日","112年01月31日","112年10月26日","112年10月30日","1.00","    22.00","","",
="034536","國巨元富31購01","1.00","＋","2327","國巨","508.00","＋","認購","美式","112年01月31日","112年01月31日","113年01月26日","113年01月30日","0.05","    700.00","","",
="034537","王品麥證2A購01","0.00","","2727","王品","320.00","－","認購","歐式","112年01月31日","112年10月02日","112年09月27日","112年10月02日","0.02","    180.00","","",
="034538","八方麥證2A購01","0.07","","2753","八方雲集","167.00","","認購","歐式","112年01月31日","112年10月02日","112年09月27日","112年10月02日","0.017","    238.88","","",
="034539","瑞鼎麥證27購01","0.00","","3592","瑞鼎","348.00","＋","認購","歐式","112年01月31日","112年07月31日","112年07月27日","112年07月31日","0.05","    450.00","","",
="03453U","力積電群益27售03","0.00","","6770","力積電","30.85","＋","認售","歐式","112年01月09日","112年07月10日","112年07月06日","112年07月10日","0.807","    27.76","","",
="034540","樺漢麥證28購01","0.00","","6414","樺漢","281.00","＋","認購","歐式","112年01月31日","112年08月30日","112年08月28日","112年08月30日","0.082","    250.00","","",
="034541","台灣50群益28購03","3.86","",="0050","元大台灣50","126.75","＋","認購","美式","112年01月31日","112年01月31日","112年08月28日","112年08月30日","0.511","    123.23","","",
="034542","T50反1群益2A購02","0.13","－",="00632R","元大台灣50反1","4.94","－","認購","美式","112年01月31日","112年01月31日","112年10月26日","112年10月30日","1.00","    5.30","","",
="034543","滬深2X群益28購05","0.00","",="00637L","元大滬深300正2","13.77","－","認購","美式","112年01月31日","112年01月31日","112年08月28日","112年08月30日","1.00","    25.00","","",
="034544","台積電群益27購16","4.60","＋","2330","台積電","568.00","＋","認購","美式","112年01月31日","112年01月31日","112年07月27日","112年07月31日","0.151","    576.88","","",
="034545","智邦群益27購01","5.55","＋","2345","智邦","357.50","＋","認購","美式","112年01月31日","112年01月31日","112年07月27日","112年07月31日","0.08","    300.00","","",
="034546","技嘉群益27購01","0.00","","2376","技嘉","186.00","＋","認購","美式","112年01月31日","112年01月31日","112年07月27日","112年07月31日","0.15","    130.00","","",
="034547","大立光群益27購05","0.00","","3008","大立光","2,305.00","＋","認購","美式","112年01月31日","112年01月31日","112年07月27日","112年07月31日","0.01","    2,156.29","","",
="034548","中租群益27購02","0.00","","5871","中租-KY","210.50","＋","認購","美式","112年01月31日","112年01月31日","112年07月27日","112年07月31日","0.08","    300.80","","",
="034549","元晶群益27購02","0.57","＋","6443","元晶","36.20","＋","認購","美式","112年01月31日","112年01月31日","112年07月27日","112年07月31日","0.306","    40.00","","",
="03454U","聯詠富邦28售02","0.00","","3034","聯詠","423.50","＋","認售","歐式","112年01月09日","112年08月08日","112年08月04日","112年08月08日","0.04","    280.00","","",
="034550","愛普群益28購03","0.00","","6531","愛普*","328.50","＋","認購","美式","112年01月31日","112年01月31日","112年08月28日","112年08月30日","0.08","    250.00","","",
="034551","東哥群益27購05","7.20","","8478","東哥遊艇","520.00","＋","認購","美式","112年01月31日","112年01月31日","112年07月27日","112年07月31日","0.084","    499.00","","",
="034552","百和群益27購01","0.00","","9938","百和","55.00","＋","認購","美式","112年01月31日","112年01月31日","112年07月27日","112年07月31日","0.50","    69.00","","",
="034553","中興電兆豐2A購01","0.00","","1513","中興電","113.50","＋","認購","美式","112年01月31日","112年01月31日","112年09月27日","112年10月02日","0.12","    72.80","","",
="034554","大立光兆豐27購03","1.46","＋","3008","大立光","2,305.00","＋","認購","美式","112年01月31日","112年01月31日","112年07月27日","112年07月31日","0.006","    2,156.29","","",
="034555","玉晶光兆豐28購01","0.00","","3406","玉晶光","400.00","＋","認購","美式","112年01月31日","112年01月31日","112年08月28日","112年08月30日","0.02","    350.00","","",
="034556","立積兆豐2A購01","0.00","","4968","立積","170.00","＋","認購","美式","112年01月31日","112年01月31日","112年09月27日","112年10月02日","0.045","    128.00","","",
="034557","東哥兆豐2A購01","0.00","","8478","東哥遊艇","520.00","＋","認購","美式","112年01月31日","112年01月31日","112年09月27日","112年10月02日","0.015","    400.00","","",
="034558","華城康和2A購01","0.00","","1519","華城","141.00","＋","認購","美式","112年01月31日","112年01月31日","112年09月27日","112年10月02日","0.20","    75.00","","",
="034559","上証2X永豐2A購01","0.00","",="00633L","富邦上証正2","35.01","－","認購","美式","112年01月31日","112年01月31日","112年09月27日","112年10月02日","0.55","    64.66","","",
="03455U","世芯康和28售01","0.00","","3661","世芯-KY","1,660.00","＋","認售","歐式","112年01月10日","112年08月09日","112年08月07日","112年08月09日","0.008","    688.00","","",
="034560","華城永豐2A購01","0.00","","1519","華城","141.00","＋","認購","美式","112年01月31日","112年01月31日","112年09月27日","112年10月02日","0.40","    74.69","","",
="034561","貿聯永豐28購01","0.81","","3665","貿聯-KY","270.50","＋","認購","美式","112年01月31日","112年01月31日","112年08月28日","112年08月30日","0.075","    316.71","","",
="034562","立積永豐2A購01","2.22","－","4968","立積","170.00","＋","認購","美式","112年01月31日","112年01月31日","112年09月27日","112年10月02日","0.072","    158.75","","",
="034563","祥碩永豐27購02","5.65","＋","5269","祥碩","1,300.00","＋","認購","美式","112年01月31日","112年01月31日","112年07月27日","112年07月31日","0.022","    1,102.40","","",
="034564","大成鋼元大28購05","0.76","","2027","大成鋼","45.25","＋","認購","美式","112年01月31日","112年01月31日","112年08月28日","112年08月30日","1.00","    58.90","","",
="034565","台達電元大27購01","1.45","－","2308","台達電","315.50","－","認購","美式","112年01月31日","112年01月31日","112年07月27日","112年07月31日","0.103","    334.00","","",
="034566","華通元大27購01","1.56","－","2313","華通","44.30","＋","認購","美式","112年01月31日","112年01月31日","112年07月27日","112年07月31日","0.542","    45.35","","",
="034567","旺宏元大27購03","0.55","＋","2337","旺宏","33.40","＋","認購","美式","112年01月31日","112年01月31日","112年07月27日","112年07月31日","0.615","    38.70","","",
="034568","光罩元大28購01","0.58","","2338","光罩","81.80","＋","認購","美式","112年01月31日","112年01月31日","112年08月28日","112年08月30日","0.101","    99.90","","",
="034569","瑞昱元大27購04","2.89","","2379","瑞昱","388.00","＋","認購","美式","112年01月31日","112年01月31日","112年07月27日","112年07月31日","0.069","    368.50","","",
="03456U","台積電國泰29售02","0.10","","2330","台積電","568.00","＋","認售","歐式","112年01月10日","112年09月11日","112年09月07日","112年09月11日","0.151","    387.90","","",
="034570","全新元大27購01","2.37","＋","2455","全新","100.00","","認購","美式","112年01月31日","112年01月31日","112年07月27日","112年07月31日","0.449","    118.50","","",
="034571","長榮元大28購13","1.72","＋","2603","長榮","157.00","＋","認購","美式","112年01月31日","112年01月31日","112年08月28日","112年08月30日","0.086","    152.00","","",
="034572","長榮元大2A購16","0.00","","2603","長榮","157.00","＋","認購","美式","112年01月31日","112年01月31日","112年10月26日","112年10月30日","0.09","    175.00","","",
="034573","長榮元大2A購17","1.69","＋","2603","長榮","157.00","＋","認購","美式","112年01月31日","112年01月31日","112年09月27日","112年10月02日","0.08","    156.50","","",
="034574","華航元大27購12","0.00","","2610","華航","21.65","＋","認購","美式","112年01月31日","112年01月31日","112年07月27日","112年07月31日","0.60","    19.70","","",
="034575","萬海元大28購08","0.37","","2615","萬海","60.00","＋","認購","美式","112年01月31日","112年01月31日","112年08月28日","112年08月30日","0.171","    81.90","","",
="034576","長榮航元大28購06","3.08","＋","2618","長榮航","33.60","＋","認購","美式","112年01月31日","112年01月31日","112年08月28日","112年08月30日","0.669","    31.65","","",
="034577","欣興元大28購06","0.00","","3037","欣興","182.50","－","認購","美式","112年01月31日","112年01月31日","112年08月28日","112年08月30日","0.089","    141.50","","",
="034578","華擎元大27購02","0.29","","3515","華擎","154.00","＋","認購","美式","112年01月31日","112年01月31日","112年07月27日","112年07月31日","0.091","    220.00","","",
="034579","瑞鼎元大28購01","0.00","","3592","瑞鼎","348.00","＋","認購","美式","112年01月31日","112年01月31日","112年08月28日","112年08月30日","0.061","    437.00","","",
="03457U","裕隆凱基27售05","0.10","","2201","裕隆","82.80","＋","認售","歐式","112年01月10日","112年07月10日","112年07月06日","112年07月10日","0.12","    65.00","","",
="034580","世芯元大28購02","0.00","","3661","世芯-KY","1,660.00","＋","認購","美式","112年01月31日","112年01月31日","112年08月28日","112年08月30日","0.016","    1,115.00","","",
="034581","新唐元大28購05","0.42","","4919","新唐","130.50","＋","認購","美式","112年01月31日","112年01月31日","112年08月28日","112年08月30日","0.106","    174.00","","",
="034582","天鈺元大27購05","0.68","＋","4961","天鈺","154.00","＋","認購","美式","112年01月31日","112年01月31日","112年07月27日","112年07月31日","0.096","    183.00","","",
="034583","同欣電元大27購03","0.00","","6271","同欣電","179.50","＋","認購","美式","112年01月31日","112年01月31日","112年07月27日","112年07月31日","0.089","    260.50","","",
="034584","愛普元大28購06","0.00","","6531","愛普*","328.50","＋","認購","美式","112年01月31日","112年01月31日","112年08月28日","112年08月30日","0.048","    194.00","","",
="034585","力智元大28購02","0.00","","6719","力智","303.00","＋","認購","美式","112年01月31日","112年01月31日","112年08月28日","112年08月30日","0.035","    402.00","","",
="034586","南電元大28購07","3.16","","8046","南電","302.50","－","認購","美式","112年01月31日","112年01月31日","112年08月28日","112年08月30日","0.056","    265.00","","",
="034587","南電元大2A購01","2.75","－","8046","南電","302.50","－","認購","美式","112年01月31日","112年01月31日","112年09月27日","112年10月02日","0.074","    323.50","","",
="034588","富邦媒元大27購03","0.00","","8454","富邦媒","703.00","＋","認購","美式","112年01月31日","112年01月31日","112年07月27日","112年07月31日","0.017","    908.00","","",
="034589","東哥元大28購01","4.06","","8478","東哥遊艇","520.00","＋","認購","美式","112年01月31日","112年01月31日","112年08月28日","112年08月30日","0.045","    516.00","","",
="03458P","華航國票26售01","0.00","","2610","華航","21.65","＋","認售","歐式","111年09月30日","112年06月29日","112年06月27日","112年06月29日","1.00","    13.00","","",
="03458U","國巨凱基27售02","0.00","","2327","國巨","508.00","＋","認售","歐式","112年01月10日","112年07月10日","112年07月06日","112年07月10日","0.035","    430.00","","",
="034590","滬深2X富邦2A購02","0.14","",="00637L","元大滬深300正2","13.77","－","認購","美式","112年01月31日","112年01月31日","112年10月26日","112年10月30日","0.50","    20.00","","",
="034591","聯電富邦2A購03","1.27","＋","2303","聯電","51.20","＋","認購","美式","112年01月31日","112年01月31日","112年09月27日","112年10月02日","0.40","    55.00","","",
="034592","鴻海富邦2A購03","0.94","","2317","鴻海","105.50","＋","認購","美式","112年01月31日","112年01月31日","112年09月27日","112年10月02日","0.13","    105.00","","",
="034593","台積電富邦2A購06","1.05","","2330","台積電","568.00","＋","認購","美式","112年01月31日","112年01月31日","112年09月27日","112年10月02日","0.025","    556.99","","",
="034594","聯發科富邦2A購02","0.00","","2454","聯發科","738.00","＋","認購","美式","112年01月31日","112年01月31日","112年09月27日","112年10月02日","0.017","    830.00","","",
="034595","華新科富邦2A購01","1.13","＋","2492","華新科","101.00","＋","認購","美式","112年01月31日","112年01月31日","112年10月26日","112年10月30日","0.15","    115.00","","",
="034596","長榮富邦2B購01","0.83","＋","2603","長榮","157.00","＋","認購","美式","112年01月31日","112年01月31日","112年11月28日","112年11月30日","0.028","    140.00","","",
="034597","上証2X國票28購01","0.00","",="00633L","富邦上証正2","35.01","－","認購","美式","112年02月01日","112年02月01日","112年08月29日","112年08月31日","1.00","    66.00","","",
="034598","八方國票28購04","0.00","","2753","八方雲集","167.00","","認購","美式","112年02月01日","112年02月01日","112年08月29日","112年08月31日","0.084","    310.00","","",
="034599","東哥國票2A購01","2.98","＋","8478","東哥遊艇","520.00","＋","認購","美式","112年02月01日","112年02月01日","112年09月27日","112年10月02日","0.038","    560.00","","",
="03459U","宏達電凱基27售03","0.00","","2498","宏達電","61.50","＋","認售","歐式","112年01月10日","112年07月10日","112年07月06日","112年07月10日","0.30","    50.00","","",
="034600","穎崴永豐27購01","0.00","","6515","穎崴","830.00","－","認購","美式","112年02月01日","112年02月01日","112年07月27日","112年07月31日","0.086","    646.50","","",
="034601","東哥永豐2A購01","3.01","－","8478","東哥遊艇","520.00","＋","認購","美式","112年02月01日","112年02月01日","112年10月27日","112年10月31日","0.027","    552.65","","",
="034602","中興電統一2A購01","0.00","","1513","中興電","113.50","＋","認購","美式","112年02月01日","112年02月01日","112年09月27日","112年10月02日","0.10","    93.10","","",
="034603","陽明統一2A購02","0.78","","2609","陽明","62.00","＋","認購","美式","112年02月01日","112年02月01日","112年10月27日","112年10月31日","0.14","    69.90","","",
="034604","創意統一2A購02","0.00","","3443","創意","1,515.00","＋","認購","美式","112年02月01日","112年02月01日","112年09月27日","112年10月02日","0.007","    800.00","","",
="034605","瑞鼎統一2B購02","0.55","","3592","瑞鼎","348.00","＋","認購","美式","112年02月01日","112年02月01日","112年11月28日","112年11月30日","0.014","    456.66","","",
="034606","世芯統一2A購02","4.16","","3661","世芯-KY","1,660.00","＋","認購","美式","112年02月01日","112年02月01日","112年09月27日","112年10月02日","0.006","    1,000.00","","",
="034607","立積統一2A購02","0.00","","4968","立積","170.00","＋","認購","美式","112年02月01日","112年02月01日","112年09月27日","112年10月02日","0.032","    131.68","","",
="034608","祥碩統一2A購01","0.00","","5269","祥碩","1,300.00","＋","認購","美式","112年02月01日","112年02月01日","112年09月27日","112年10月02日","0.006","    900.00","","",
="034609","AES統一2A購02","0.37","","6781","AES-KY","690.00","＋","認購","美式","112年02月01日","112年02月01日","112年09月27日","112年10月02日","0.006","    800.00","","",
="03460U","萬海凱基27售08","1.22","－","2615","萬海","60.00","＋","認售","歐式","112年01月10日","112年07月10日","112年07月06日","112年07月10日","0.30","    60.00","","",
="034610","東哥統一2B購01","1.64","","8478","東哥遊艇","520.00","＋","認購","美式","112年02月01日","112年02月01日","112年11月28日","112年11月30日","0.01","    566.66","","",
="034611","上証2X群益28購02","0.00","",="00633L","富邦上証正2","35.01","－","認購","美式","112年02月01日","112年02月01日","112年08月29日","112年08月31日","0.50","    56.00","","",
="034612","華城群益27購01","0.00","","1519","華城","141.00","＋","認購","美式","112年02月01日","112年02月01日","112年07月27日","112年07月31日","0.492","    65.00","","",
="034613","友訊群益27購01","0.00","","2332","友訊","19.95","＋","認購","美式","112年02月01日","112年02月01日","112年07月27日","112年07月31日","1.00","    18.00","","",
="034614","美食群益27購05","0.00","","2723","美食-KY","152.50","－","認購","美式","112年02月01日","112年02月01日","112年07月27日","112年07月31日","0.134","    215.00","","",
="034615","智原群益27購01","1.50","","3035","智原","173.50","＋","認購","美式","112年02月01日","112年02月01日","112年07月27日","112年07月31日","0.088","    170.00","","",
="034616","世芯群益27購03","0.00","","3661","世芯-KY","1,660.00","＋","認購","美式","112年02月01日","112年02月01日","112年07月27日","112年07月31日","0.025","    1,000.00","","",
="034617","日月光群益28購02","0.35","－","3711","日月光投控","109.00","－","認購","美式","112年02月01日","112年02月01日","112年08月29日","112年08月31日","0.14","    130.00","","",
="034618","力智群益27購02","0.00","","6719","力智","303.00","＋","認購","美式","112年02月01日","112年02月01日","112年07月27日","112年07月31日","0.08","    368.00","","",
="034619","AES群益27購03","0.00","","6781","AES-KY","690.00","＋","認購","美式","112年02月01日","112年02月01日","112年07月27日","112年07月31日","0.017","    895.00","","",
="03461U","長榮航凱基27售04","0.00","","2618","長榮航","33.60","＋","認售","歐式","112年01月10日","112年07月10日","112年07月06日","112年07月10日","0.50","    27.00","","",
="034620","華新元大28購03","0.00","","1605","華新","46.60","＋","認購","美式","112年02月01日","112年02月01日","112年08月29日","112年08月31日","0.538","    61.50","","",
="034621","大成鋼元大28購06","1.56","＋","2027","大成鋼","45.25","＋","認購","美式","112年02月01日","112年02月01日","112年08月29日","112年08月31日","0.377","    45.60","","",
="034622","新光鋼元大27購02","1.14","－","2031","新光鋼","48.80","－","認購","美式","112年02月01日","112年02月01日","112年07月27日","112年07月31日","0.164","    45.20","","",
="034623","旺宏元大27購04","0.00","","2337","旺宏","33.40","＋","認購","美式","112年02月01日","112年02月01日","112年07月27日","112年07月31日","0.573","    37.95","","",
="034624","旺宏元大2A購01","0.00","","2337","旺宏","33.40","＋","認購","美式","112年02月01日","112年02月01日","112年10月27日","112年10月31日","0.651","    44.50","","",
="034625","旺宏元大2A購02","0.74","","2337","旺宏","33.40","＋","認購","美式","112年02月01日","112年02月01日","112年09月27日","112年10月02日","0.59","    41.45","","",
="034626","光罩元大28購02","0.00","","2338","光罩","81.80","＋","認購","美式","112年02月01日","112年02月01日","112年08月29日","112年08月31日","0.098","    98.10","","",
="034627","瑞昱元大27購05","0.00","","2379","瑞昱","388.00","＋","認購","美式","112年02月01日","112年02月01日","112年07月27日","112年07月31日","0.052","    342.00","","",
="034628","萬海元大28購09","0.00","","2615","萬海","60.00","＋","認購","美式","112年02月01日","112年02月01日","112年08月29日","112年08月31日","0.401","    107.00","","",
="034629","長榮航元大28購07","2.67","＋","2618","長榮航","33.60","＋","認購","美式","112年02月01日","112年02月01日","112年08月29日","112年08月31日","0.651","    31.20","","",
="03462U","富邦金凱基28售02","0.00","","2881","富邦金","61.10","＋","認售","歐式","112年01月10日","112年08月09日","112年08月07日","112年08月09日","1.00","    45.00","","",
="034630","創意元大28購04","0.00","","3443","創意","1,515.00","＋","認購","美式","112年02月01日","112年02月01日","112年08月29日","112年08月31日","0.025","    923.00","","",
="034631","上緯控元大27購03","0.25","","3708","上緯投控","96.50","－","認購","美式","112年02月01日","112年02月01日","112年07月27日","112年07月31日","0.08","    120.00","","",
="034632","祥碩元大28購02","7.05","＋","5269","祥碩","1,300.00","＋","認購","美式","112年02月01日","112年02月01日","112年08月29日","112年08月31日","0.028","    1,155.00","","",
="034633","中租元大27購04","0.28","＋","5871","中租-KY","210.50","＋","認購","美式","112年02月01日","112年02月01日","112年07月27日","112年07月31日","0.056","    265.00","","",
="034634","元晶元大28購02","0.62","＋","6443","元晶","36.20","＋","認購","美式","112年02月01日","112年02月01日","112年08月29日","112年08月31日","0.278","    41.10","","",
="034635","致新元大27購01","0.00","","8081","致新","191.50","＋","認購","美式","112年02月01日","112年02月01日","112年07月27日","112年07月31日","0.044","    151.50","","",
="034636","富邦媒元大27購05","0.00","","8454","富邦媒","703.00","＋","認購","美式","112年02月01日","112年02月01日","112年07月27日","112年07月31日","0.029","    1,155.00","","",
="034637","世紀鋼元大27購02","1.52","","9958","世紀鋼","109.50","＋","認購","美式","112年02月01日","112年02月01日","112年07月27日","112年07月31日","0.161","    114.00","","",
="034638","中興電中信2A購01","0.00","","1513","中興電","113.50","＋","認購","歐式","112年02月01日","112年10月31日","112年10月27日","112年10月31日","0.12","    82.00","","",
="034639","聯電中信27購04","0.00","","2303","聯電","51.20","＋","認購","歐式","112年02月01日","112年07月31日","112年07月27日","112年07月31日","1.00","    68.00","","",
="03463U","景碩凱基27售04","0.00","","3189","景碩","116.00","＋","認售","歐式","112年01月10日","112年07月10日","112年07月06日","112年07月10日","0.35","    70.00","","",
="034640","創意中信2A購01","0.00","","3443","創意","1,515.00","＋","認購","歐式","112年02月01日","112年10月31日","112年10月27日","112年10月31日","0.008","    818.00","","",
="034641","A50正2國泰2A購01","0.16","－",="00655L","國泰中國A50正2","24.65","－","認購","美式","112年02月01日","112年02月01日","112年09月27日","112年10月02日","0.32","    34.84","","",
="034642","FB越南富邦31購01","0.54","",="00885","富邦越南","11.45","＋","認購","美式","112年02月01日","112年02月01日","112年12月28日","113年01月02日","1.00","    14.00","","",
="034643","中興電富邦2A購01","0.00","","1513","中興電","113.50","＋","認購","美式","112年02月01日","112年02月01日","112年09月27日","112年10月02日","0.20","    100.00","","",
="034644","國巨富邦2A購01","0.25","＋","2327","國巨","508.00","＋","認購","美式","112年02月01日","112年02月01日","112年09月27日","112年10月02日","0.03","    700.00","","",
="034645","華碩富邦2A購01","1.26","－","2357","華碩","303.50","－","認購","美式","112年02月01日","112年02月01日","112年09月27日","112年10月02日","0.036","    290.00","","",
="034646","技嘉富邦2A購01","0.00","","2376","技嘉","186.00","＋","認購","美式","112年02月01日","112年02月01日","112年09月27日","112年10月02日","0.08","    130.00","","",
="034647","陽明富邦2B購01","0.00","","2609","陽明","62.00","＋","認購","美式","112年02月01日","112年02月01日","112年11月28日","112年11月30日","0.10","    75.00","","",
="034648","華航富邦2A購03","1.28","＋","2610","華航","21.65","＋","認購","美式","112年02月01日","112年02月01日","112年10月27日","112年10月31日","0.30","    18.50","","",
="034649","聯詠富邦2A購01","1.64","＋","3034","聯詠","423.50","＋","認購","美式","112年02月01日","112年02月01日","112年09月27日","112年10月02日","0.035","    420.00","","",
="03464U","創意凱基28售02","0.05","＋","3443","創意","1,515.00","＋","認售","歐式","112年01月10日","112年08月09日","112年08月07日","112年08月09日","0.02","    475.00","","",
="034650","京鼎富邦28購01","0.61","＋","3413","京鼎","193.00","＋","認購","美式","112年02月01日","112年02月01日","112年08月29日","112年08月31日","0.04","    200.00","","",
="034651","創意富邦2A購01","0.00","","3443","創意","1,515.00","＋","認購","美式","112年02月01日","112年02月01日","112年09月27日","112年10月02日","0.007","    810.00","","",
="034652","嘉澤富邦2B購01","0.81","－","3533","嘉澤","909.00","－","認購","美式","112年02月01日","112年02月01日","112年11月28日","112年11月30日","0.015","    1,160.33","","",
="034653","瑞鼎富邦27購01","0.28","","3592","瑞鼎","348.00","＋","認購","美式","112年02月01日","112年02月01日","112年07月27日","112年07月31日","0.02","    420.00","","",
="034654","健策富邦2A購01","0.00","","3653","健策","616.00","＋","認購","美式","112年02月01日","112年02月01日","112年09月27日","112年10月02日","0.02","    500.00","","",
="034655","祥碩富邦27購01","0.00","","5269","祥碩","1,300.00","＋","認購","美式","112年02月01日","112年02月01日","112年07月27日","112年07月31日","0.01","    1,000.00","","",
="034656","力積電富邦2A購01","0.44","","6770","力積電","30.85","＋","認購","美式","112年02月01日","112年02月01日","112年09月27日","112年10月02日","0.404","    39.65","","",
="034657","東哥富邦2A購01","0.00","","8478","東哥遊艇","520.00","＋","認購","美式","112年02月01日","112年02月01日","112年10月27日","112年10月31日","0.013","    430.00","","",
="034658","上証2X凱基2B購02","0.27","＋",="00633L","富邦上証正2","35.01","－","認購","美式","112年02月01日","112年02月01日","112年11月28日","112年11月30日","0.35","    55.00","","",
="034659","華城凱基27購02","0.00","","1519","華城","141.00","＋","認購","美式","112年02月01日","112年02月01日","112年07月27日","112年07月31日","0.122","    55.00","","",
="03465U","嘉澤凱基27售03","0.00","","3533","嘉澤","909.00","－","認售","歐式","112年01月10日","112年07月10日","112年07月06日","112年07月10日","0.015","    746.35","","",
="034660","中砂凱基28購03","0.57","","1560","中砂","114.50","－","認購","美式","112年02月01日","112年02月01日","112年08月29日","112年08月31日","0.12","    140.00","","",
="034661","上銀凱基2A購01","1.67","","2049","上銀","235.50","＋","認購","美式","112年02月01日","112年02月01日","112年09月27日","112年10月02日","0.20","    300.00","","",
="034662","台達電凱基27購04","1.41","＋","2308","台達電","315.50","－","認購","美式","112年02月01日","112年02月01日","112年07月27日","112年07月31日","0.10","    330.00","","",
="034663","華通凱基27購02","1.09","－","2313","華通","44.30","＋","認購","美式","112年02月01日","112年02月01日","112年07月27日","112年07月31日","0.531","    47.09","","",
="034664","鴻海凱基2A購05","1.72","＋","2317","鴻海","105.50","＋","認購","美式","112年02月01日","112年02月01日","112年09月27日","112年10月02日","0.15","    99.00","","",
="034665","旺宏凱基27購03","0.38","","2337","旺宏","33.40","＋","認購","美式","112年02月01日","112年02月01日","112年07月27日","112年07月31日","0.70","    40.00","","",
="034666","景碩凱基27購07","0.63","＋","3189","景碩","116.00","＋","認購","美式","112年02月01日","112年02月01日","112年07月27日","112年07月31日","0.10","    130.00","","",
="034667","世芯凱基28購01","0.00","","3661","世芯-KY","1,660.00","＋","認購","美式","112年02月01日","112年02月01日","112年08月29日","112年08月31日","0.02","    1,200.00","","",
="034668","貿聯凱基27購04","0.00","","3665","貿聯-KY","270.50","＋","認購","美式","112年02月01日","112年02月01日","112年07月27日","112年07月31日","0.201","    348.63","","",
="034669","天鈺凱基27購07","0.00","","4961","天鈺","154.00","＋","認購","美式","112年02月01日","112年02月01日","112年07月27日","112年07月31日","0.137","    190.00","","",
="03466U","晶心科凱基28售03","0.53","－","6533","晶心科","511.00","＋","認售","歐式","112年01月10日","112年08月09日","112年08月07日","112年08月09日","0.01","    480.00","","",
="034670","全訊凱基28購01","2.65","","5222","全訊","198.00","＋","認購","美式","112年02月01日","112年02月01日","112年08月29日","112年08月31日","0.061","    162.36","","",
="034671","祥碩凱基2A購01","0.00","","5269","祥碩","1,300.00","＋","認購","美式","112年02月01日","112年02月01日","112年10月27日","112年10月31日","0.015","    950.00","","",
="034672","同欣電凱基27購02","0.06","","6271","同欣電","179.50","＋","認購","美式","112年02月01日","112年02月01日","112年07月27日","112年07月31日","0.12","    270.00","","",
="034673","愛普凱基2A購01","0.00","","6531","愛普*","328.50","＋","認購","美式","112年02月01日","112年02月01日","112年09月27日","112年10月02日","0.08","    260.00","","",
="034674","AES凱基28購02","0.96","＋","6781","AES-KY","690.00","＋","認購","美式","112年02月01日","112年02月01日","112年08月29日","112年08月31日","0.02","    800.00","","",
="034675","南電凱基27購08","0.00","","8046","南電","302.50","－","認購","美式","112年02月01日","112年02月01日","112年07月27日","112年07月31日","0.05","    230.00","","",
="034676","東哥凱基28購03","1.62","＋","8478","東哥遊艇","520.00","＋","認購","美式","112年02月01日","112年02月01日","112年08月29日","112年08月31日","0.025","    567.00","","",
="034677","王品元富28購01","0.00","","2727","王品","320.00","－","認購","美式","112年02月01日","112年02月01日","112年08月29日","112年08月31日","0.10","    200.00","","",
="034678","中砂國票29購01","0.00","","1560","中砂","114.50","－","認購","美式","112年02月02日","112年02月02日","112年08月30日","112年09月01日","0.078","    130.00","","",
="034679","華新國票28購03","0.00","","1605","華新","46.60","＋","認購","美式","112年02月02日","112年02月02日","112年07月28日","112年08月01日","0.35","    65.00","","",
="03467U","緯穎凱基27售01","0.00","","6669","緯穎","1,205.00","＋","認售","歐式","112年01月10日","112年07月10日","112年07月06日","112年07月10日","0.04","    580.00","","",
="034680","大成鋼國票29購01","0.00","","2027","大成鋼","45.25","＋","認購","美式","112年02月02日","112年02月02日","112年08月30日","112年09月01日","0.80","    52.00","","",
="034681","中華國票29購01","9.95","－","2204","中華","91.60","－","認購","美式","112年02月02日","112年02月02日","112年08月30日","112年09月01日","1.00","    89.00","","",
="034682","鴻海國票29購01","0.18","","2317","鴻海","105.50","＋","認購","美式","112年02月02日","112年02月02日","112年08月30日","112年09月01日","1.00","    147.00","","",
="034683","威盛國票29購01","3.04","","2388","威盛","83.10","＋","認購","美式","112年02月02日","112年02月02日","112年08月30日","112年09月01日","0.20","    74.00","","",
="034684","長榮國票29購01","0.00","","2603","長榮","157.00","＋","認購","美式","112年02月02日","112年02月02日","112年08月30日","112年09月01日","0.12","    190.00","","",
="034685","聯詠國票28購01","2.76","＋","3034","聯詠","423.50","＋","認購","美式","112年02月02日","112年02月02日","112年07月28日","112年08月01日","0.07","    400.00","","",
="034686","臻鼎國票29購01","0.57","＋","4958","臻鼎-KY","114.50","＋","認購","美式","112年02月02日","112年02月02日","112年08月30日","112年09月01日","0.05","    110.00","","",
="034687","臻鼎國票2A購01","0.43","＋","4958","臻鼎-KY","114.50","＋","認購","美式","112年02月02日","112年02月02日","112年09月27日","112年10月02日","0.13","    140.00","","",
="034688","康舒國票29購01","2.68","＋","6282","康舒","44.05","＋","認購","美式","112年02月02日","112年02月02日","112年08月30日","112年09月01日","1.00","    48.00","","",
="034689","南電國票29購01","2.91","－","8046","南電","302.50","－","認購","美式","112年02月02日","112年02月02日","112年08月30日","112年09月01日","0.14","    330.00","","",
="03468U","電子類凱基2A售04","0.00","","IX0027","電子類","797.58","","認售","歐式","112年01月10日","112年10月11日","112年10月05日","112年10月11日","0.06","    550.00","","",
="034690","王品康和29購01","0.00","","2727","王品","320.00","－","認購","美式","112年02月02日","112年02月02日","112年08月30日","112年09月01日","0.05","    220.00","","",
="034691","華新永豐28購01","0.00","","1605","華新","46.60","＋","認購","美式","112年02月02日","112年02月02日","112年07月28日","112年08月01日","0.40","    68.00","","",
="034692","上銀永豐29購01","0.74","＋","2049","上銀","235.50","＋","認購","美式","112年02月02日","112年02月02日","112年08月30日","112年09月01日","0.085","    280.00","","",
="034693","中華永豐28購01","0.00","","2204","中華","91.60","－","認購","美式","112年02月02日","112年02月02日","112年07月28日","112年08月01日","0.26","    74.90","","",
="034694","友達永豐28購01","0.41","＋","2409","友達","17.65","＋","認購","美式","112年02月02日","112年02月02日","112年07月28日","112年08月01日","1.00","    20.54","","",
="034695","全新永豐28購01","0.77","＋","2455","全新","100.00","","認購","美式","112年02月02日","112年02月02日","112年07月28日","112年08月01日","0.23","    122.15","","",
="034696","玉晶光永豐29購01","2.10","＋","3406","玉晶光","400.00","＋","認購","美式","112年02月02日","112年02月02日","112年08月30日","112年09月01日","0.062","    436.31","","",
="034697","群創永豐29購01","1.09","＋","3481","群創","14.10","＋","認購","美式","112年02月02日","112年02月02日","112年08月30日","112年09月01日","1.00","    14.61","","",
="034698","智伸科永豐28購01","0.10","","4551","智伸科","129.00","－","認購","美式","112年02月02日","112年02月02日","112年07月28日","112年08月01日","0.074","    183.30","","",
="034699","立積永豐29購01","1.69","＋","4968","立積","170.00","＋","認購","美式","112年02月02日","112年02月02日","112年08月30日","112年09月01日","0.086","    179.89","","",
="03469P","聯電國泰28售01","0.00","","2303","聯電","51.20","＋","認售","歐式","111年12月02日","112年08月01日","112年07月28日","112年08月01日","0.70","    37.00","","",
="03469U","聯詠群益27售05","0.00","","3034","聯詠","423.50","＋","認售","歐式","112年01月10日","112年07月10日","112年07月06日","112年07月10日","0.25","    200.00","","",
="034700","彩晶永豐29購01","0.29","","6116","彩晶","12.25","＋","認購","美式","112年02月02日","112年02月02日","112年08月30日","112年09月01日","0.95","    15.38","","",
="034701","晶心科永豐29購01","0.53","","6533","晶心科","511.00","＋","認購","美式","112年02月02日","112年02月02日","112年08月30日","112年09月01日","0.019","    665.63","","",
="034702","東哥永豐29購01","2.28","","8478","東哥遊艇","520.00","＋","認購","美式","112年02月02日","112年02月02日","112年08月30日","112年09月01日","0.021","    501.00","","",
="034703","東哥永豐2A購02","2.12","＋","8478","東哥遊艇","520.00","＋","認購","美式","112年02月02日","112年02月02日","112年09月27日","112年10月02日","0.02","    533.25","","",
="034704","台灣50凱基28購11","0.00","",="0050","元大台灣50","126.75","＋","認購","美式","112年02月02日","112年02月02日","112年07月28日","112年08月01日","0.50","    128.00","","",
="034705","台灣50凱基2A購03","1.43","＋",="0050","元大台灣50","126.75","＋","認購","美式","112年02月02日","112年02月02日","112年09月27日","112年10月02日","0.70","    138.00","","",
="034706","台灣50凱基2B購02","0.70","",="0050","元大台灣50","126.75","＋","認購","美式","112年02月02日","112年02月02日","112年10月30日","112年11月01日","1.00","    155.00","","",
="034707","美指2X凱基2C購01","1.06","－",="00683L","期元大美元指正2(原名：元大美元指數正2)","21.98","－","認購","美式","112年02月02日","112年02月02日","112年11月29日","112年12月01日","0.90","    25.00","","",
="034708","華新凱基28購03","0.05","","1605","華新","46.60","＋","認購","美式","112年02月02日","112年02月02日","112年07月28日","112年08月01日","0.60","    75.00","","",
="034709","聯電凱基28購08","0.00","","2303","聯電","51.20","＋","認購","美式","112年02月02日","112年02月02日","112年07月28日","112年08月01日","1.00","    60.00","","",
="03470U","晶心科群益29售02","0.30","－","6533","晶心科","511.00","＋","認售","歐式","112年01月10日","112年09月11日","112年09月07日","112年09月11日","0.02","    350.00","","",
="034710","聯電凱基2A購01","0.00","","2303","聯電","51.20","＋","認購","美式","112年02月02日","112年02月02日","112年09月27日","112年10月02日","1.00","    70.00","","",
="034711","台積電凱基28購13","0.00","","2330","台積電","568.00","＋","認購","美式","112年02月02日","112年02月02日","112年07月28日","112年08月01日","0.08","    696.23","","",
="034712","台積電凱基36購01","0.00","","2330","台積電","568.00","＋","認購","美式","112年02月02日","112年02月02日","113年05月30日","113年06月03日","0.05","    795.69","","",
="034713","友達凱基2B購01","0.71","＋","2409","友達","17.65","＋","認購","美式","112年02月02日","112年02月02日","112年10月30日","112年11月01日","1.00","    22.00","","",
="034714","聯發科凱基28購06","0.24","＋","2454","聯發科","738.00","＋","認購","美式","112年02月02日","112年02月02日","112年07月28日","112年08月01日","0.10","    1,000.00","","",
="034715","聯發科凱基29購06","1.28","＋","2454","聯發科","738.00","＋","認購","美式","112年02月02日","112年02月02日","112年08月30日","112年09月01日","0.025","    780.00","","",
="034716","全新凱基28購01","1.15","－","2455","全新","100.00","","認購","美式","112年02月02日","112年02月02日","112年07月28日","112年08月01日","0.30","    120.00","","",
="034717","晶華凱基28購02","1.25","＋","2707","晶華","288.00","＋","認購","美式","112年02月02日","112年02月02日","112年07月28日","112年08月01日","0.038","    270.00","","",
="034718","大立光凱基2B購01","1.36","＋","3008","大立光","2,305.00","＋","認購","美式","112年02月02日","112年02月02日","112年10月30日","112年11月01日","0.01","    2,842.38","","",
="034719","欣興凱基28購03","0.00","","3037","欣興","182.50","－","認購","美式","112年02月02日","112年02月02日","112年07月28日","112年08月01日","0.12","    160.00","","",
="03471U","SGBR2X元富27售01","0.00","",="00715L","期街口布蘭特正2","12.73","＋","認售","歐式","112年01月10日","112年07月10日","112年07月06日","112年07月10日","1.00","    12.00","","",
="034720","欣興凱基28購04","1.98","－","3037","欣興","182.50","－","認購","美式","112年02月02日","112年02月02日","112年07月28日","112年08月01日","0.12","    180.00","","",
="034721","玉晶光凱基29購02","1.67","＋","3406","玉晶光","400.00","＋","認購","美式","112年02月02日","112年02月02日","112年08月30日","112年09月01日","0.055","    430.00","","",
="034722","創意凱基2A購03","0.00","","3443","創意","1,515.00","＋","認購","美式","112年02月02日","112年02月02日","112年09月27日","112年10月02日","0.015","    900.00","","",
="034723","世芯凱基2C購02","0.00","","3661","世芯-KY","1,660.00","＋","認購","美式","112年02月02日","112年02月02日","112年11月29日","112年12月01日","0.015","    1,250.00","","",
="034724","天鈺凱基28購01","0.34","","4961","天鈺","154.00","＋","認購","美式","112年02月02日","112年02月02日","112年07月28日","112年08月01日","0.16","    210.00","","",
="034725","祥碩凱基2A購02","4.18","＋","5269","祥碩","1,300.00","＋","認購","美式","112年02月02日","112年02月02日","112年09月27日","112年10月02日","0.02","    1,300.00","","",
="034726","晶心科凱基29購02","0.40","＋","6533","晶心科","511.00","＋","認購","美式","112年02月02日","112年02月02日","112年08月30日","112年09月01日","0.035","    800.00","","",
="034727","力智凱基2A購01","0.48","","6719","力智","303.00","＋","認購","美式","112年02月02日","112年02月02日","112年09月27日","112年10月02日","0.04","    450.00","","",
="034728","南電凱基28購06","1.47","－","8046","南電","302.50","－","認購","美式","112年02月02日","112年02月02日","112年07月28日","112年08月01日","0.15","    360.00","","",
="034729","臺股指凱基28購06","0.00","","IX0001","臺股指數","16,636.30","","認購","歐式","112年02月02日","112年08月01日","112年07月28日","112年08月01日","0.003","    15,400.00","","",
="03472U","台積電元富27售29","0.00","","2330","台積電","568.00","＋","認售","歐式","112年01月10日","112年07月10日","112年07月06日","112年07月10日","0.101","    397.85","","",
="034730","臺股指凱基28購07","0.00","","IX0001","臺股指數","16,636.30","","認購","歐式","112年02月02日","112年08月01日","112年07月28日","112年08月01日","0.008","    16,400.00","","",
="034731","臺股指凱基29購30","0.00","","IX0001","臺股指數","16,636.30","","認購","歐式","112年02月02日","112年09月01日","112年08月30日","112年09月01日","0.003","    15,300.00","","",
="034732","台積電兆豐2A購03","0.00","","2330","台積電","568.00","＋","認購","美式","112年02月02日","112年02月02日","112年09月27日","112年10月02日","0.033","    564.94","","",
="034733","義隆兆豐28購01","1.54","＋","2458","義隆","104.00","＋","認購","美式","112年02月02日","112年02月02日","112年07月28日","112年08月01日","0.155","    101.86","","",
="034734","樺漢兆豐28購01","0.00","","6414","樺漢","281.00","＋","認購","美式","112年02月02日","112年02月02日","112年07月28日","112年08月01日","0.05","    245.00","","",
="034735","滬深2X統一2C購01","0.23","",="00637L","元大滬深300正2","13.77","－","認購","美式","112年02月02日","112年02月02日","112年11月29日","112年12月01日","0.25","    19.00","","",
="034736","SGBR2X統一2C購01","0.53","＋",="00715L","期街口布蘭特正2","12.73","＋","認購","美式","112年02月02日","112年02月02日","112年11月29日","112年12月01日","0.268","    16.00","","",
="034737","華夏統一2C購01","0.00","","1305","華夏","23.85","－","認購","美式","112年02月02日","112年02月02日","112年11月29日","112年12月01日","0.15","    32.90","","",
="034738","中興電統一2A購02","0.00","","1513","中興電","113.50","＋","認購","美式","112年02月02日","112年02月02日","112年09月27日","112年10月02日","0.10","    96.70","","",
="034739","華新統一2A購01","0.46","","1605","華新","46.60","＋","認購","美式","112年02月02日","112年02月02日","112年09月27日","112年10月02日","0.168","    56.66","","",
="03473U","聯詠元富27售03","0.00","","3034","聯詠","423.50","＋","認售","歐式","112年01月10日","112年07月10日","112年07月06日","112年07月10日","0.05","    320.00","","",
="034740","上銀統一2C購01","0.62","＋","2049","上銀","235.50","＋","認購","美式","112年02月02日","112年02月02日","112年11月29日","112年12月01日","0.035","    268.80","","",
="034741","聯電統一31購01","2.31","＋","2303","聯電","51.20","＋","認購","美式","112年02月02日","112年02月02日","112年12月28日","113年01月02日","0.30","    50.00","","",
="034742","台積電統一2A購05","2.36","＋","2330","台積電","568.00","＋","認購","美式","112年02月02日","112年02月02日","112年09月27日","112年10月02日","0.04","    547.04","","",
="034743","台積電統一2A購06","1.21","","2330","台積電","568.00","＋","認購","美式","112年02月02日","112年02月02日","112年09月27日","112年10月02日","0.035","    596.77","","",
="034744","台積電統一2B購07","1.91","＋","2330","台積電","568.00","＋","認購","美式","112年02月02日","112年02月02日","112年10月30日","112年11月01日","0.035","    559.77","","",
="034745","光罩統一2C購01","0.35","＋","2338","光罩","81.80","＋","認購","美式","112年02月02日","112年02月02日","112年11月29日","112年12月01日","0.05","    105.00","","",
="034746","長榮航統一2C購01","1.07","＋","2618","長榮航","33.60","＋","認購","美式","112年02月02日","112年02月02日","112年11月29日","112年12月01日","0.188","    30.88","","",
="034747","玉晶光統一2C購01","1.08","＋","3406","玉晶光","400.00","＋","認購","美式","112年02月02日","112年02月02日","112年11月29日","112年12月01日","0.018","    390.00","","",
="034748","創意統一2C購01","0.00","","3443","創意","1,515.00","＋","認購","美式","112年02月02日","112年02月02日","112年11月29日","112年12月01日","0.007","    999.99","","",
="034749","元晶統一2C購01","0.50","","6443","元晶","36.20","＋","認購","美式","112年02月02日","112年02月02日","112年11月29日","112年12月01日","0.15","    46.40","","",
="03474U","祥碩元富27售03","0.00","","5269","祥碩","1,300.00","＋","認售","歐式","112年01月10日","112年07月10日","112年07月06日","112年07月10日","0.03","    670.00","","",
="034750","愛普統一31購01","1.73","＋","6531","愛普*","328.50","＋","認購","美式","112年02月02日","112年02月02日","112年12月28日","113年01月02日","0.021","    299.99","","",
="034751","晶心科統一2B購04","0.00","","6533","晶心科","511.00","＋","認購","美式","112年02月02日","112年02月02日","112年10月30日","112年11月01日","0.009","    666.66","","",
="034752","力智統一2A購01","0.30","＋","6719","力智","303.00","＋","認購","美式","112年02月02日","112年02月02日","112年09月27日","112年10月02日","0.018","    436.66","","",
="034753","威鋒電統一2C購01","0.80","＋","6756","威鋒電子","223.00","＋","認購","美式","112年02月02日","112年02月02日","112年11月29日","112年12月01日","0.019","    227.09","","",
="034754","東哥統一2B購02","0.00","","8478","東哥遊艇","520.00","＋","認購","美式","112年02月02日","112年02月02日","112年10月30日","112年11月01日","0.01","    398.10","","",
="034755","東哥統一2C購01","1.15","＋","8478","東哥遊艇","520.00","＋","認購","美式","112年02月02日","112年02月02日","112年11月29日","112年12月01日","0.01","    588.88","","",
="034756","滬深反中信2A購01","0.00","",="00638R","元大滬深300反1","9.79","＋","認購","歐式","112年02月02日","112年10月02日","112年09月27日","112年10月02日","0.70","    8.50","","",
="034757","長榮航中信28購02","0.31","＋","2618","長榮航","33.60","＋","認購","歐式","112年02月02日","112年08月01日","112年07月28日","112年08月01日","1.00","    43.00","","",
="034758","晶心科中信28購01","0.00","","6533","晶心科","511.00","＋","認購","歐式","112年02月02日","112年08月01日","112年07月28日","112年08月01日","0.01","    628.00","","",
="034759","台積電國泰2A購01","1.97","＋","2330","台積電","568.00","＋","認購","美式","112年02月02日","112年02月02日","112年09月27日","112年10月02日","0.101","    631.58","","",
="03475U","滬深2X元大27售05","0.00","",="00637L","元大滬深300正2","13.77","－","認售","歐式","112年01月10日","112年07月10日","112年07月06日","112年07月10日","0.80","    14.00","","",
="034760","台積電國泰2A購02","1.84","＋","2330","台積電","568.00","＋","認購","美式","112年02月02日","112年02月02日","112年09月27日","112年10月02日","0.101","    641.53","","",
="034761","台積電國泰2A購03","1.61","－","2330","台積電","568.00","＋","認購","美式","112年02月02日","112年02月02日","112年09月27日","112年10月02日","0.101","    651.48","","",
="034762","台灣50富邦28購03","0.00","",="0050","元大台灣50","126.75","＋","認購","美式","112年02月02日","112年02月02日","112年07月28日","112年08月01日","0.20","    125.00","","",
="034763","台灣50富邦2C購01","0.00","",="0050","元大台灣50","126.75","＋","認購","美式","112年02月02日","112年02月02日","112年11月29日","112年12月01日","1.00","    160.00","","",
="034764","A50正2富邦2B購01","0.00","",="00655L","國泰中國A50正2","24.65","－","認購","美式","112年02月02日","112年02月02日","112年10月30日","112年11月01日","0.70","    45.00","","",
="034765","華夏富邦2A購01","0.00","","1305","華夏","23.85","－","認購","美式","112年02月02日","112年02月02日","112年09月27日","112年10月02日","0.25","    34.00","","",
="034766","中興電富邦2A購02","4.64","＋","1513","中興電","113.50","＋","認購","美式","112年02月02日","112年02月02日","112年09月27日","112年10月02日","0.20","    100.00","","",
="034767","台積電富邦2A購08","0.63","＋","2330","台積電","568.00","＋","認購","美式","112年02月02日","112年02月02日","112年09月27日","112年10月02日","0.03","    646.50","","",
="034768","台積電富邦2A購09","0.00","","2330","台積電","568.00","＋","認購","美式","112年02月02日","112年02月02日","112年09月27日","112年10月02日","0.05","    745.96","","",
="034769","陽明富邦2A購01","0.66","＋","2609","陽明","62.00","＋","認購","美式","112年02月02日","112年02月02日","112年09月27日","112年10月02日","0.08","    60.00","","",
="03476U","滬深2X元大28售04","0.00","",="00637L","元大滬深300正2","13.77","－","認售","歐式","112年01月10日","112年08月09日","112年08月07日","112年08月09日","0.70","    14.50","","",
="034770","晶心科富邦2A購01","0.34","","6533","晶心科","511.00","＋","認購","美式","112年02月02日","112年02月02日","112年09月27日","112年10月02日","0.01","    700.00","","",
="034771","上証2X群益29購01","0.00","",="00633L","富邦上証正2","35.01","－","認購","美式","112年02月02日","112年02月02日","112年08月30日","112年09月01日","0.45","    62.00","","",
="034772","A50正2群益28購01","0.00","",="00655L","國泰中國A50正2","24.65","－","認購","美式","112年02月02日","112年02月02日","112年07月28日","112年08月01日","0.60","    40.00","","",
="034773","華城群益28購01","0.00","","1519","華城","141.00","＋","認購","美式","112年02月02日","112年02月02日","112年07月28日","112年08月01日","0.294","    70.00","","",
="034774","上銀群益28購01","1.42","＋","2049","上銀","235.50","＋","認購","美式","112年02月02日","112年02月02日","112年07月28日","112年08月01日","0.10","    245.00","","",
="034775","裕隆群益28購04","0.85","－","2201","裕隆","82.80","＋","認購","美式","112年02月02日","112年02月02日","112年07月28日","112年08月01日","0.25","    95.00","","",
="034776","華通群益28購01","0.00","","2313","華通","44.30","＋","認購","美式","112年02月02日","112年02月02日","112年07月28日","112年08月01日","0.478","    56.50","","",
="034777","國巨群益28購02","0.00","","2327","國巨","508.00","＋","認購","美式","112年02月02日","112年02月02日","112年07月28日","112年08月01日","0.066","    666.66","","",
="034778","聯詠群益28購01","4.44","","3034","聯詠","423.50","＋","認購","美式","112年02月02日","112年02月02日","112年07月28日","112年08月01日","0.07","    388.00","","",
="034779","欣興群益28購01","2.66","－","3037","欣興","182.50","－","認購","美式","112年02月02日","112年02月02日","112年07月28日","112年08月01日","0.20","    200.00","","",
="03477P","聯電凱基26售03","0.00","","2303","聯電","51.20","＋","認售","歐式","111年09月30日","112年06月29日","112年06月27日","112年06月29日","1.00","    33.00","","",
="03477U","滬深2X元大29售04","1.29","＋",="00637L","元大滬深300正2","13.77","－","認售","歐式","112年01月10日","112年09月11日","112年09月07日","112年09月11日","0.60","    15.00","","",
="034780","景碩群益28購01","0.36","＋","3189","景碩","116.00","＋","認購","美式","112年02月02日","112年02月02日","112年07月28日","112年08月01日","0.20","    155.00","","",
="034781","嘉澤群益28購01","2.03","－","3533","嘉澤","909.00","－","認購","美式","112年02月02日","112年02月02日","112年07月28日","112年08月01日","0.02","    861.79","","",
="034782","力積電群益28購01","0.00","","6770","力積電","30.85","＋","認購","美式","112年02月02日","112年02月02日","112年07月28日","112年08月01日","1.009","    37.67","","",
="034783","臺股指群益29購10","0.00","","IX0001","臺股指數","16,636.30","","認購","歐式","112年02月02日","112年09月01日","112年08月30日","112年09月01日","0.002","    15,700.00","","",
="034784","臺股指群益29購11","1.47","＋","IX0001","臺股指數","16,636.30","","認購","歐式","112年02月02日","112年09月01日","112年08月30日","112年09月01日","0.002","    16,200.00","","",
="034785","台積電麥證28購09","0.00","","2330","台積電","568.00","＋","認購","歐式","112年02月02日","112年08月01日","112年07月28日","112年08月01日","0.302","    795.69","","",
="034786","台積電麥證2A購08","0.00","","2330","台積電","568.00","＋","認購","歐式","112年02月02日","112年10月02日","112年09月27日","112年10月02日","0.302","    795.69","","",
="034787","英業達麥證28購01","0.00","","2356","英業達","37.50","＋","認購","歐式","112年02月02日","112年08月01日","112年07月28日","112年08月01日","1.00","    29.00","","",
="034788","國泰金麥證28購01","0.89","＋","2882","國泰金","44.75","＋","認購","歐式","112年02月02日","112年08月01日","112年07月28日","112年08月01日","0.75","    48.00","","",
="034789","日月光麥證28購01","0.58","－","3711","日月光投控","109.00","－","認購","歐式","112年02月02日","112年08月01日","112年07月28日","112年08月01日","0.10","    115.00","","",
="03478U","FBNQ2X元大29售02","0.07","－",="00670L","富邦NASDAQ正2","78.90","＋","認售","歐式","112年01月10日","112年09月11日","112年09月07日","112年09月11日","0.15","    41.00","","",
="034790","百和麥證28購01","0.00","","9938","百和","55.00","＋","認購","歐式","112年02月02日","112年08月01日","112年07月28日","112年08月01日","0.20","    65.00","","",
="034791","中興電元大29購02","0.00","","1513","中興電","113.50","＋","認購","美式","112年02月02日","112年02月02日","112年08月30日","112年09月01日","0.224","    86.80","","",
="034792","上銀元大28購01","0.00","","2049","上銀","235.50","＋","認購","美式","112年02月02日","112年02月02日","112年07月28日","112年08月01日","0.079","    246.00","","",
="034793","台積電元大28購15","0.00","","2330","台積電","568.00","＋","認購","美式","112年02月02日","112年02月02日","112年07月28日","112年08月01日","0.201","    756.90","","",
="034794","台積電元大28購16","0.00","","2330","台積電","568.00","＋","認購","美式","112年02月02日","112年02月02日","112年07月28日","112年08月01日","0.181","    805.64","","",
="034795","台積電元大28購17","2.33","＋","2330","台積電","568.00","＋","認購","美式","112年02月02日","112年02月02日","112年07月28日","112年08月01日","0.111","    626.61","","",
="034796","瑞昱元大28購01","2.25","＋","2379","瑞昱","388.00","＋","認購","美式","112年02月02日","112年02月02日","112年07月28日","112年08月01日","0.10","    410.00","","",
="034797","強茂元大28購01","0.80","＋","2481","強茂","70.20","＋","認購","美式","112年02月02日","112年02月02日","112年07月28日","112年08月01日","0.457","    85.30","","",
="034798","長榮元大29購07","0.00","","2603","長榮","157.00","＋","認購","美式","112年02月02日","112年02月02日","112年08月30日","112年09月01日","0.085","    151.00","","",
="034799","長榮元大2A購18","0.00","","2603","長榮","157.00","＋","認購","美式","112年02月02日","112年02月02日","112年09月27日","112年10月02日","0.102","    171.00","","",
="03479P","長榮凱基26售01","0.00","","2603","長榮","157.00","＋","認售","歐式","111年09月30日","112年06月29日","112年06月27日","112年06月29日","0.25","    100.00","","",
="03479U","中興電元大27售03","0.04","－","1513","中興電","113.50","＋","認售","歐式","112年01月10日","112年07月10日","112年07月06日","112年07月10日","0.20","    62.01","","",
="034800","長榮元大2B購03","1.46","＋","2603","長榮","157.00","＋","認購","美式","112年02月02日","112年02月02日","112年10月30日","112年11月01日","0.088","    172.50","","",
="034801","萬海元大29購03","0.51","＋","2615","萬海","60.00","＋","認購","美式","112年02月02日","112年02月02日","112年08月30日","112年09月01日","0.144","    73.60","","",
="034802","欣興元大29購01","3.74","－","3037","欣興","182.50","－","認購","美式","112年02月02日","112年02月02日","112年08月30日","112年09月01日","0.108","    159.50","","",
="034803","欣興元大2A購01","3.06","－","3037","欣興","182.50","－","認購","美式","112年02月02日","112年02月02日","112年09月27日","112年10月02日","0.074","    156.00","","",
="034804","嘉澤元大29購01","2.61","－","3533","嘉澤","909.00","－","認購","美式","112年02月02日","112年02月02日","112年08月30日","112年09月01日","0.015","    784.17","","",
="034805","瑞鼎元大29購01","0.00","","3592","瑞鼎","348.00","＋","認購","美式","112年02月02日","112年02月02日","112年08月30日","112年09月01日","0.058","    492.50","","",
="034806","世芯元大29購05","0.00","","3661","世芯-KY","1,660.00","＋","認購","美式","112年02月02日","112年02月02日","112年08月30日","112年09月01日","0.013","    1,050.00","","",
="034807","中租元大28購01","0.00","","5871","中租-KY","210.50","＋","認購","美式","112年02月02日","112年02月02日","112年07月28日","112年08月01日","0.098","    305.00","","",
="034808","同欣電元大28購01","0.00","","6271","同欣電","179.50","＋","認購","美式","112年02月02日","112年02月02日","112年07月28日","112年08月01日","0.062","    243.00","","",
="034809","南電元大29購02","2.67","－","8046","南電","302.50","－","認購","美式","112年02月02日","112年02月02日","112年08月30日","112年09月01日","0.069","    305.00","","",
="03480U","聯電元大27售04","0.00","","2303","聯電","51.20","＋","認售","歐式","112年01月10日","112年07月10日","112年07月06日","112年07月10日","0.444","    38.85","","",
="034810","南電元大2A購02","2.42","－","8046","南電","302.50","－","認購","美式","112年02月02日","112年02月02日","112年09月27日","112年10月02日","0.07","    332.00","","",
="034811","富邦媒元大29購01","0.00","","8454","富邦媒","703.00","＋","認購","美式","112年02月02日","112年02月02日","112年08月30日","112年09月01日","0.017","    970.00","","",
="034812","台灣50元富28購02","0.77","＋",="0050","元大台灣50","126.75","＋","認購","美式","112年02月02日","112年02月02日","112年07月28日","112年08月01日","1.00","    140.00","","",
="034813","台灣50元富28購03","2.57","＋",="0050","元大台灣50","126.75","＋","認購","美式","112年02月02日","112年02月02日","112年07月28日","112年08月01日","0.50","    125.00","","",
="034814","SP黃豆元富28購01","0.00","",="00693U","期街口S&P黃豆","24.41","＋","認購","美式","112年02月02日","112年02月02日","112年07月28日","112年08月01日","0.70","    32.41","","",
="034815","道瓊銀元富28購01","0.00","",="00738U","期元大道瓊白銀(原名：元大道瓊白銀)","22.79","＋","認購","美式","112年02月02日","112年02月02日","112年07月28日","112年08月01日","0.47","    26.00","","",
="034816","富鼎元富28購02","0.00","","8261","富鼎","106.50","＋","認購","美式","112年02月02日","112年02月02日","112年07月28日","112年08月01日","0.14","    130.00","","",
="034817","東哥元富28購01","1.64","＋","8478","東哥遊艇","520.00","＋","認購","美式","112年02月02日","112年02月02日","112年07月28日","112年08月01日","0.031","    600.00","","",
="034818","滬深2X國票29購01","0.00","",="00637L","元大滬深300正2","13.77","－","認購","美式","112年02月03日","112年02月03日","112年08月31日","112年09月04日","1.00","    23.00","","",
="034819","華新國票28購04","0.00","","1605","華新","46.60","＋","認購","美式","112年02月03日","112年02月03日","112年07月31日","112年08月02日","0.50","    80.00","","",
="03481U","台積電元大27售12","0.00","","2330","台積電","568.00","＋","認售","歐式","112年01月10日","112年07月10日","112年07月06日","112年07月10日","1.005","    228.76","","",
="034820","宏達電國票2A購01","1.10","＋","2498","宏達電","61.50","＋","認購","美式","112年02月03日","112年02月03日","112年09月27日","112年10月02日","0.25","    72.50","","",
="034821","第一金國票29購01","0.00","","2892","第一金","28.00","＋","認購","美式","112年02月03日","112年02月03日","112年08月31日","112年09月04日","1.00","    30.00","","",
="034822","華擎國票29購01","0.90","","3515","華擎","154.00","＋","認購","美式","112年02月03日","112年02月03日","112年08月31日","112年09月04日","0.254","    227.00","","",
="034823","天鈺國票29購01","0.00","","4961","天鈺","154.00","＋","認購","美式","112年02月03日","112年02月03日","112年08月31日","112年09月04日","0.10","    190.00","","",
="034824","立積國票28購01","1.56","＋","4968","立積","170.00","＋","認購","美式","112年02月03日","112年02月03日","112年07月31日","112年08月02日","0.08","    170.00","","",
="034825","嘉聯益國票29購01","0.00","","6153","嘉聯益","23.15","＋","認購","美式","112年02月03日","112年02月03日","112年08月31日","112年09月04日","1.00","    36.00","","",
="034826","同欣電國票29購01","0.11","","6271","同欣電","179.50","＋","認購","美式","112年02月03日","112年02月03日","112年08月31日","112年09月04日","0.09","    280.00","","",
="034827","矽創國票29購01","1.25","","8016","矽創","225.50","＋","認購","美式","112年02月03日","112年02月03日","112年08月31日","112年09月04日","0.30","    310.00","","",
="034828","南茂國票29購01","2.16","＋","8150","南茂","39.55","＋","認購","美式","112年02月03日","112年02月03日","112年08月31日","112年09月04日","0.60","    40.00","","",
="034829","東哥國票28購04","1.82","＋","8478","東哥遊艇","520.00","＋","認購","美式","112年02月03日","112年02月03日","112年07月31日","112年08月02日","0.025","    505.00","","",
="03482P","健策國泰28售01","0.00","","3653","健策","616.00","＋","認售","歐式","111年12月02日","112年08月01日","112年07月28日","112年08月01日","0.04","    305.00","","",
="03482U","台積電元大27售13","0.00","","2330","台積電","568.00","＋","認售","歐式","112年01月10日","112年07月10日","112年07月06日","112年07月10日","0.171","    320.76","","",
="034830","華新康和29購01","0.00","","1605","華新","46.60","＋","認購","美式","112年02月03日","112年02月03日","112年08月31日","112年09月04日","0.35","    70.00","","",
="034831","技嘉康和2A購01","4.38","＋","2376","技嘉","186.00","＋","認購","美式","112年02月03日","112年02月03日","112年09月27日","112年10月02日","0.12","    160.00","","",
="034832","世芯康和28購02","0.00","","3661","世芯-KY","1,660.00","＋","認購","美式","112年02月03日","112年02月03日","112年07月31日","112年08月02日","0.01","    1,035.00","","",
="034833","同欣電康和28購01","0.00","","6271","同欣電","179.50","＋","認購","美式","112年02月03日","112年02月03日","112年07月31日","112年08月02日","0.04","    274.00","","",
="034834","南電康和28購02","1.21","－","8046","南電","302.50","－","認購","美式","112年02月03日","112年02月03日","112年07月31日","112年08月02日","0.04","    295.00","","",
="034835","第一銅永豐29購01","0.00","","2009","第一銅","32.10","＋","認購","美式","112年02月03日","112年02月03日","112年08月31日","112年09月04日","0.38","    45.88","","",
="034836","華通永豐29購01","0.96","－","2313","華通","44.30","＋","認購","美式","112年02月03日","112年02月03日","112年08月31日","112年09月04日","0.393","    48.33","","",
="034837","順德永豐29購01","0.42","","2351","順德","123.00","＋","認購","美式","112年02月03日","112年02月03日","112年08月31日","112年09月04日","0.072","    160.23","","",
="034838","聯發科永豐28購03","0.00","","2454","聯發科","738.00","＋","認購","美式","112年02月03日","112年02月03日","112年07月31日","112年08月02日","0.079","    1,000.00","","",
="034839","長榮永豐2A購01","0.54","＋","2603","長榮","157.00","＋","認購","美式","112年02月03日","112年02月03日","112年09月27日","112年10月02日","0.05","    169.40","","",
="03483U","台積電元大27售14","0.00","","2330","台積電","568.00","＋","認售","歐式","112年01月10日","112年07月10日","112年07月06日","112年07月10日","0.114","    354.58","","",
="034840","潤泰全永豐28購01","0.00","","2915","潤泰全","56.40","＋","認購","美式","112年02月03日","112年02月03日","112年07月31日","112年08月02日","0.19","    73.06","","",
="034841","聯詠永豐29購01","0.00","","3034","聯詠","423.50","＋","認購","美式","112年02月03日","112年02月03日","112年08月31日","112年09月04日","0.03","    375.11","","",
="034842","麗豐永豐28購01","0.00","","4137","麗豐-KY","216.00","＋","認購","美式","112年02月03日","112年02月03日","112年07月31日","112年08月02日","0.066","    278.85","","",
="034843","三福化永豐29購01","0.48","－","4755","三福化","131.00","＋","認購","美式","112年02月03日","112年02月03日","112年08月31日","112年09月04日","0.072","    165.63","","",
="034844","上品永豐29購01","0.00","","4770","上品","297.00","＋","認購","美式","112年02月03日","112年02月03日","112年08月31日","112年09月04日","0.021","    355.90","","",
="034845","聯茂永豐28購01","0.00","","6213","聯茂","72.30","＋","認購","美式","112年02月03日","112年02月03日","112年07月31日","112年08月02日","0.20","    101.78","","",
="034846","同欣電永豐28購01","0.00","","6271","同欣電","179.50","＋","認購","美式","112年02月03日","112年02月03日","112年07月31日","112年08月02日","0.042","    263.18","","",
="034847","愛普永豐29購01","3.50","＋","6531","愛普*","328.50","＋","認購","美式","112年02月03日","112年02月03日","112年08月31日","112年09月04日","0.066","    305.44","","",
="034848","矽創永豐28購01","0.55","＋","8016","矽創","225.50","＋","認購","美式","112年02月03日","112年02月03日","112年07月31日","112年08月02日","0.066","    264.14","","",
="034849","南茂永豐28購01","1.18","＋","8150","南茂","39.55","＋","認購","美式","112年02月03日","112年02月03日","112年07月31日","112年08月02日","0.59","    42.62","","",
="03484U","瑞昱元大27售02","0.00","","2379","瑞昱","388.00","＋","認售","歐式","112年01月10日","112年07月10日","112年07月06日","112年07月10日","0.091","    239.50","","",
="034850","世紀鋼永豐29購01","0.42","＋","9958","世紀鋼","109.50","＋","認購","美式","112年02月03日","112年02月03日","112年08月31日","112年09月04日","0.185","    142.09","","",
="034851","T50反1凱基2C購04","0.00","",="00632R","元大台灣50反1","4.94","－","認購","美式","112年02月03日","112年02月03日","112年11月30日","112年12月04日","1.00","    5.40","","",
="034852","T50反1凱基31購01","0.00","",="00632R","元大台灣50反1","4.94","－","認購","美式","112年02月03日","112年02月03日","112年12月28日","113年01月02日","1.00","    5.10","","",
="034853","華夏凱基28購01","0.00","","1305","華夏","23.85","－","認購","美式","112年02月03日","112年02月03日","112年07月31日","112年08月02日","0.50","    30.00","","",
="034854","寶齡凱基28購04","0.24","","1760","寶齡富錦","148.50","","認購","美式","112年02月03日","112年02月03日","112年07月31日","112年08月02日","0.10","    220.00","","",
="034855","第一銅凱基28購01","0.07","","2009","第一銅","32.10","＋","認購","美式","112年02月03日","112年02月03日","112年07月31日","112年08月02日","0.70","    54.00","","",
="034856","新光鋼凱基28購01","1.80","","2031","新光鋼","48.80","－","認購","美式","112年02月03日","112年02月03日","112年07月31日","112年08月02日","0.40","    50.00","","",
="034857","中華凱基29購01","6.55","－","2204","中華","91.60","－","認購","美式","112年02月03日","112年02月03日","112年08月31日","112年09月04日","0.50","    85.00","","",
="034858","台積電凱基28購17","0.00","","2330","台積電","568.00","＋","認購","美式","112年02月03日","112年02月03日","112年07月31日","112年08月02日","0.201","    745.96","","",
="034859","台積電凱基28購18","0.00","","2330","台積電","568.00","＋","認購","美式","112年02月03日","112年02月03日","112年07月31日","112年08月02日","0.06","    646.50","","",
="03485P","電子類凱基2A售01","0.00","","IX0027","電子類","797.58","","認售","歐式","111年09月30日","112年10月02日","112年09月27日","112年10月02日","0.06","    570.00","","",
="03485U","台光電元大27售01","0.01","－","2383","台光電","204.50","＋","認售","歐式","112年01月10日","112年07月10日","112年07月06日","112年07月10日","0.225","    121.50","","",
="034860","技嘉凱基2A購01","5.25","＋","2376","技嘉","186.00","＋","認購","美式","112年02月03日","112年02月03日","112年09月27日","112年10月02日","0.17","    170.00","","",
="034861","義隆凱基28購02","0.41","＋","2458","義隆","104.00","＋","認購","美式","112年02月03日","112年02月03日","112年07月31日","112年08月02日","0.665","    135.81","","",
="034862","宏達電凱基28購06","0.64","","2498","宏達電","61.50","＋","認購","美式","112年02月03日","112年02月03日","112年07月31日","112年08月02日","0.40","    74.00","","",
="034863","緯創凱基28購01","0.00","","3231","緯創","68.00","＋","認購","美式","112年02月03日","112年02月03日","112年07月31日","112年08月02日","1.00","    38.00","","",
="034864","嘉澤凱基28購01","2.10","－","3533","嘉澤","909.00","－","認購","美式","112年02月03日","112年02月03日","112年07月31日","112年08月02日","0.045","    995.14","","",
="034865","敦泰凱基29購03","1.74","","3545","敦泰","83.70","＋","認購","美式","112年02月03日","112年02月03日","112年08月31日","112年09月04日","0.25","    90.00","","",
="034866","立積凱基28購01","2.48","＋","4968","立積","170.00","＋","認購","美式","112年02月03日","112年02月03日","112年07月31日","112年08月02日","0.10","    160.00","","",
="034867","啟碁凱基2A購01","1.80","","6285","啟碁","87.50","＋","認購","美式","112年02月03日","112年02月03日","112年09月27日","112年10月02日","0.13","    82.00","","",
="034868","啟碁凱基31購01","1.57","","6285","啟碁","87.50","＋","認購","美式","112年02月03日","112年02月03日","112年12月28日","113年01月02日","0.20","    100.00","","",
="034869","穎崴凱基29購01","8.40","＋","6515","穎崴","830.00","－","認購","美式","112年02月03日","112年02月03日","112年08月31日","112年09月04日","0.035","    650.00","","",
="03486P","金融類凱基2A售01","0.00","","IX0039","金融類","1,620.43","","認售","歐式","111年09月30日","112年10月02日","112年09月27日","112年10月02日","0.035","    1,250.00","","",
="03486U","聯詠元大27售10","0.00","","3034","聯詠","423.50","＋","認售","歐式","112年01月10日","112年07月10日","112年07月06日","112年07月10日","0.336","    215.50","","",
="034870","矽創凱基2A購01","0.76","","8016","矽創","225.50","＋","認購","美式","112年02月03日","112年02月03日","112年09月27日","112年10月02日","0.15","    310.00","","",
="034871","東哥凱基28購04","0.00","","8478","東哥遊艇","520.00","＋","認購","美式","112年02月03日","112年02月03日","112年07月31日","112年08月02日","0.025","    470.00","","",
="034872","T50反1中信2B購01","0.00","",="00632R","元大台灣50反1","4.94","－","認購","歐式","112年02月03日","112年11月02日","112年10月31日","112年11月02日","1.00","    4.88","","",
="034873","台亞中信28購01","0.00","","2340","台亞","36.30","＋","認購","歐式","112年02月03日","112年08月02日","112年07月31日","112年08月02日","0.60","    55.00","","",
="034874","友達中信29購03","0.61","＋","2409","友達","17.65","＋","認購","歐式","112年02月03日","112年09月04日","112年08月31日","112年09月04日","0.35","    18.00","","",
="034875","聯詠中信29購01","1.08","＋","3034","聯詠","423.50","＋","認購","歐式","112年02月03日","112年09月04日","112年08月31日","112年09月04日","0.025","    425.00","","",
="034876","麗豐中信2B購01","0.56","","4137","麗豐-KY","216.00","＋","認購","歐式","112年02月03日","112年11月02日","112年10月31日","112年11月02日","0.03","    288.00","","",
="034877","天鈺中信2B購01","0.93","＋","4961","天鈺","154.00","＋","認購","歐式","112年02月03日","112年11月02日","112年10月31日","112年11月02日","0.05","    172.00","","",
="034878","彩晶中信2A購01","0.00","","6116","彩晶","12.25","＋","認購","歐式","112年02月03日","112年10月02日","112年09月27日","112年10月02日","0.50","    14.50","","",
="034879","聯茂中信28購01","0.00","","6213","聯茂","72.30","＋","認購","歐式","112年02月03日","112年08月02日","112年07月31日","112年08月02日","0.07","    95.00","","",
="03487U","聯詠元大27售11","0.00","","3034","聯詠","423.50","＋","認售","歐式","112年01月10日","112年07月10日","112年07月06日","112年07月10日","0.101","    272.00","","",
="034880","康舒中信29購01","1.24","＋","6282","康舒","44.05","＋","認購","歐式","112年02月03日","112年09月04日","112年08月31日","112年09月04日","0.39","    52.00","","",
="034881","南電中信28購03","1.30","－","8046","南電","302.50","－","認購","歐式","112年02月03日","112年08月02日","112年07月31日","112年08月02日","0.035","    278.00","","",
="034882","中興電國泰2A購01","0.00","","1513","中興電","113.50","＋","認購","美式","112年02月03日","112年02月03日","112年09月27日","112年10月02日","0.30","    99.20","","",
="034883","裕隆國泰2A購01","1.19","＋","2201","裕隆","82.80","＋","認購","美式","112年02月03日","112年02月03日","112年09月27日","112年10月02日","0.25","    100.00","","",
="034884","國巨國泰2A購01","0.27","","2327","國巨","508.00","＋","認購","美式","112年02月03日","112年02月03日","112年09月27日","112年10月02日","0.03","    650.00","","",
="034885","智原國泰2A購01","0.59","＋","3035","智原","173.50","＋","認購","美式","112年02月03日","112年02月03日","112年09月27日","112年10月02日","0.08","    230.00","","",
="034886","景碩國泰2A購01","0.86","－","3189","景碩","116.00","＋","認購","美式","112年02月03日","112年02月03日","112年09月27日","112年10月02日","0.15","    145.14","","",
="034887","玉晶光國泰2A購01","1.74","","3406","玉晶光","400.00","＋","認購","美式","112年02月03日","112年02月03日","112年09月27日","112年10月02日","0.055","    440.00","","",
="034888","愛普國泰2A購01","4.58","＋","6531","愛普*","328.50","＋","認購","美式","112年02月03日","112年02月03日","112年09月27日","112年10月02日","0.07","    287.34","","",
="034889","南電國泰2A購01","1.84","－","8046","南電","302.50","－","認購","美式","112年02月03日","112年02月03日","112年09月27日","112年10月02日","0.07","    327.60","","",
="03488U","世芯元大27售05","0.00","","3661","世芯-KY","1,660.00","＋","認售","歐式","112年01月10日","112年07月10日","112年07月06日","112年07月10日","0.027","    569.00","","",
="034890","東哥國泰2A購01","0.00","","8478","東哥遊艇","520.00","＋","認購","美式","112年02月03日","112年02月03日","112年09月27日","112年10月02日","0.025","    437.78","","",
="034891","台灣50元大2A購13","0.00","",="0050","元大台灣50","126.75","＋","認購","美式","112年02月03日","112年02月03日","112年09月27日","112年10月02日","0.25","    130.00","","",
="034892","台灣50元大2B購01","0.00","",="0050","元大台灣50","126.75","＋","認購","美式","112年02月03日","112年02月03日","112年10月31日","112年11月02日","0.50","    140.00","","",
="034893","台灣50元大2C購01","1.42","＋",="0050","元大台灣50","126.75","＋","認購","美式","112年02月03日","112年02月03日","112年11月30日","112年12月04日","0.70","    150.00","","",
="034894","T50反1元大31購01","0.00","",="00632R","元大台灣50反1","4.94","－","認購","美式","112年02月03日","112年02月03日","112年12月28日","113年01月02日","1.00","    5.40","","",
="034895","T50反1元大31購02","0.00","",="00632R","元大台灣50反1","4.94","－","認購","美式","112年02月03日","112年02月03日","112年12月28日","113年01月02日","1.00","    5.30","","",
="034896","A50正2元大29購01","0.10","",="00655L","國泰中國A50正2","24.65","－","認購","美式","112年02月03日","112年02月03日","112年08月31日","112年09月04日","0.30","    36.00","","",
="034897","臺指反元大31購01","0.27","",="00664R","國泰臺灣加權反1","5.58","－","認購","美式","112年02月03日","112年02月03日","112年12月28日","113年01月02日","1.00","    6.20","","",
="034898","中502X元大28購01","0.00","",="00753L","中信中國50正2","8.81","","認購","美式","112年02月03日","112年02月03日","112年07月31日","112年08月02日","0.40","    15.00","","",
="034899","東陽元大28購01","0.00","","1319","東陽","49.90","＋","認購","美式","112年02月03日","112年02月03日","112年07月31日","112年08月02日","0.549","    58.00","","",
="03489U","天鈺元大27售04","0.00","","4961","天鈺","154.00","＋","認售","歐式","112年01月10日","112年07月10日","112年07月06日","112年07月10日","0.055","    127.50","","",
="034900","東陽元大2A購01","1.23","","1319","東陽","49.90","＋","認購","美式","112年02月03日","112年02月03日","112年09月27日","112年10月02日","0.634","    66.90","","",
="034901","第一銅元大28購01","0.00","","2009","第一銅","32.10","＋","認購","美式","112年02月03日","112年02月03日","112年07月31日","112年08月02日","0.55","    43.90","","",
="034902","聯電元大29購02","0.73","＋","2303","聯電","51.20","＋","認購","美式","112年02月03日","112年02月03日","112年08月31日","112年09月04日","1.00","    67.70","","",
="034903","聯電元大2A購01","0.93","＋","2303","聯電","51.20","＋","認購","美式","112年02月03日","112年02月03日","112年09月27日","112年10月02日","1.00","    70.40","","",
="034904","聯電元大2B購01","0.00","","2303","聯電","51.20","＋","認購","美式","112年02月03日","112年02月03日","112年10月31日","112年11月02日","1.00","    73.20","","",
="034905","台達電元大29購02","1.75","－","2308","台達電","315.50","－","認購","美式","112年02月03日","112年02月03日","112年08月31日","112年09月04日","0.075","    322.50","","",
="034906","台積電元大28購24","0.69","","2330","台積電","568.00","＋","認購","美式","112年02月03日","112年02月03日","112年07月31日","112年08月02日","0.302","    771.82","","",
="034907","台積電元大28購25","2.75","＋","2330","台積電","568.00","＋","認購","美式","112年02月03日","112年02月03日","112年07月31日","112年08月02日","0.101","    603.73","","",
="034908","台積電元大28購26","3.35","＋","2330","台積電","568.00","＋","認購","美式","112年02月03日","112年02月03日","112年07月31日","112年08月02日","0.09","    578.87","","",
="034909","智邦元大28購01","0.00","","2345","智邦","357.50","＋","認購","美式","112年02月03日","112年02月03日","112年07月31日","112年08月02日","0.061","    270.00","","",
="03490U","中租元大27售01","0.00","","5871","中租-KY","210.50","＋","認售","歐式","112年01月10日","112年07月10日","112年07月06日","112年07月10日","0.044","    200.00","","",
="034910","瑞昱元大28購02","2.47","＋","2379","瑞昱","388.00","＋","認購","美式","112年02月03日","112年02月03日","112年07月31日","112年08月02日","0.14","    430.50","","",
="034911","漢唐元大28購01","0.00","","2404","漢唐","227.50","＋","認購","美式","112年02月03日","112年02月03日","112年07月31日","112年08月02日","0.135","    268.50","","",
="034912","強茂元大28購02","1.55","＋","2481","強茂","70.20","＋","認購","美式","112年02月03日","112年02月03日","112年07月31日","112年08月02日","0.18","    65.90","","",
="034913","華新科元大28購01","2.12","＋","2492","華新科","101.00","＋","認購","美式","112年02月03日","112年02月03日","112年07月31日","112年08月02日","0.305","    106.50","","",
="034914","長榮元大29購08","1.47","＋","2603","長榮","157.00","＋","認購","美式","112年02月03日","112年02月03日","112年08月31日","112年09月04日","0.095","    160.50","","",
="034915","長榮元大2A購19","1.53","＋","2603","長榮","157.00","＋","認購","美式","112年02月03日","112年02月03日","112年09月27日","112年10月02日","0.089","    165.50","","",
="034916","長榮元大2B購04","1.61","＋","2603","長榮","157.00","＋","認購","美式","112年02月03日","112年02月03日","112年10月31日","112年11月02日","0.067","    155.00","","",
="034917","萬海元大29購04","0.13","","2615","萬海","60.00","＋","認購","美式","112年02月03日","112年02月03日","112年08月31日","112年09月04日","0.359","    112.00","","",
="034918","王品元大29購02","0.00","","2727","王品","320.00","－","認購","美式","112年02月03日","112年02月03日","112年08月31日","112年09月04日","0.062","    234.00","","",
="034919","晶豪科元大28購01","1.42","＋","3006","晶豪科","88.20","＋","認購","美式","112年02月03日","112年02月03日","112年07月31日","112年08月02日","0.234","    97.20","","",
="03491P","美費半群益27售03","0.00","",="00830","國泰費城半導體","31.65","＋","認售","歐式","111年12月02日","112年07月03日","112年06月29日","112年07月03日","0.402","    22.39","","",
="03491U","力智元大27售02","0.00","","6719","力智","303.00","＋","認售","歐式","112年01月10日","112年07月10日","112年07月06日","112年07月10日","0.051","    201.19","","",
="034920","聯詠元大29購06","2.39","","3034","聯詠","423.50","＋","認購","美式","112年02月03日","112年02月03日","112年08月31日","112年09月04日","0.082","    460.00","","",
="034921","聯詠元大2A購02","2.11","","3034","聯詠","423.50","＋","認購","美式","112年02月03日","112年02月03日","112年09月27日","112年10月02日","0.123","    530.00","","",
="034922","智原元大29購02","1.13","＋","3035","智原","173.50","＋","認購","美式","112年02月03日","112年02月03日","112年08月31日","112年09月04日","0.068","    191.00","","",
="034923","創意元大29購01","0.00","","3443","創意","1,515.00","＋","認購","美式","112年02月03日","112年02月03日","112年08月31日","112年09月04日","0.019","    884.00","","",
="034924","台勝科元大28購01","0.80","＋","3532","台勝科","157.00","＋","認購","美式","112年02月03日","112年02月03日","112年07月31日","112年08月02日","0.064","    166.00","","",
="034925","健策元大29購01","0.00","","3653","健策","616.00","＋","認購","美式","112年02月03日","112年02月03日","112年08月31日","112年09月04日","0.028","    402.50","","",
="034926","健策元大2A購02","0.00","","3653","健策","616.00","＋","認購","美式","112年02月03日","112年02月03日","112年09月27日","112年10月02日","0.027","    417.00","","",
="034927","合勤控元大28購01","1.83","＋","3704","合勤控","43.85","＋","認購","美式","112年02月03日","112年02月03日","112年07月31日","112年08月02日","0.215","    36.55","","",
="034928","上品元大28購01","0.33","","4770","上品","297.00","＋","認購","美式","112年02月03日","112年02月03日","112年07月31日","112年08月02日","0.037","    393.44","","",
="034929","天鈺元大28購02","0.36","","4961","天鈺","154.00","＋","認購","美式","112年02月03日","112年02月03日","112年07月31日","112年08月02日","0.114","    210.00","","",
="03492U","南電元大27售06","0.00","","8046","南電","302.50","－","認售","歐式","112年01月10日","112年07月10日","112年07月06日","112年07月10日","0.512","    110.00","","",
="034930","矽力元大29購01","0.00","","6415","矽力*-KY","394.50","＋","認購","美式","112年02月03日","112年02月03日","112年08月31日","112年09月04日","0.021","    867.32","","",
="034931","矽創元大28購02","0.00","","8016","矽創","225.50","＋","認購","美式","112年02月03日","112年02月03日","112年07月31日","112年08月02日","0.143","    292.50","","",
="034932","矽創元大2A購01","0.00","","8016","矽創","225.50","＋","認購","美式","112年02月03日","112年02月03日","112年09月27日","112年10月02日","0.145","    313.50","","",
="034933","致新元大28購01","0.00","","8081","致新","191.50","＋","認購","美式","112年02月03日","112年02月03日","112年07月31日","112年08月02日","0.069","    193.50","","",
="034934","富邦媒元大29購02","0.00","","8454","富邦媒","703.00","＋","認購","美式","112年02月03日","112年02月03日","112年08月31日","112年09月04日","0.025","    1,120.00","","",
="034935","台灣50群益28購04","2.87","＋",="0050","元大台灣50","126.75","＋","認購","美式","112年02月03日","112年02月03日","112年07月31日","112年08月02日","0.50","    126.00","","",
="034936","台灣50群益29購01","0.00","",="0050","元大台灣50","126.75","＋","認購","美式","112年02月03日","112年02月03日","112年08月31日","112年09月04日","0.50","    130.00","","",
="034937","T50反1群益2B購01","0.18","－",="00632R","元大台灣50反1","4.94","－","認購","美式","112年02月03日","112年02月03日","112年10月31日","112年11月02日","1.00","    5.15","","",
="034938","滬深2X群益28購06","0.00","",="00637L","元大滬深300正2","13.77","－","認購","美式","112年02月03日","112年02月03日","112年07月31日","112年08月02日","1.00","    19.40","","",
="034939","國企2X群益29購01","0.16","",="00665L","富邦恒生國企正2","7.02","－","認購","美式","112年02月03日","112年02月03日","112年08月31日","112年09月04日","1.00","    13.50","","",
="03493U","富邦媒元大27售01","0.00","","8454","富邦媒","703.00","＋","認售","歐式","112年01月10日","112年07月10日","112年07月06日","112年07月10日","0.021","    552.00","","",
="034940","國企反群益28購01","0.00","",="00666R","富邦恒生國企反1","15.66","－","認購","美式","112年02月03日","112年02月03日","112年07月31日","112年08月02日","0.88","    14.88","","",
="034941","大成鋼群益28購01","0.00","","2027","大成鋼","45.25","＋","認購","美式","112年02月03日","112年02月03日","112年07月31日","112年08月02日","0.33","    46.00","","",
="034942","大成鋼群益28購02","0.00","","2027","大成鋼","45.25","＋","認購","美式","112年02月03日","112年02月03日","112年07月31日","112年08月02日","1.00","    55.00","","",
="034943","裕隆群益29購01","0.00","","2201","裕隆","82.80","＋","認購","美式","112年02月03日","112年02月03日","112年08月31日","112年09月04日","0.25","    110.00","","",
="034944","為升群益29購01","0.00","","2231","為升","172.50","＋","認購","美式","112年02月03日","112年02月03日","112年08月31日","112年09月04日","0.07","    168.80","","",
="034945","台積電群益28購06","0.00","","2330","台積電","568.00","＋","認購","美式","112年02月03日","112年02月03日","112年07月31日","112年08月02日","0.05","    610.70","","",
="034946","台積電群益28購07","0.86","＋","2330","台積電","568.00","＋","認購","美式","112年02月03日","112年02月03日","112年07月31日","112年08月02日","0.503","    775.80","","",
="034947","台積電群益29購07","0.90","","2330","台積電","568.00","＋","認購","美式","112年02月03日","112年02月03日","112年08月31日","112年09月04日","0.05","    641.53","","",
="034948","旺宏群益28購01","0.00","","2337","旺宏","33.40","＋","認購","美式","112年02月03日","112年02月03日","112年07月31日","112年08月02日","0.50","    39.00","","",
="034949","旺宏群益28購02","0.00","","2337","旺宏","33.40","＋","認購","美式","112年02月03日","112年02月03日","112年07月31日","112年08月02日","1.00","    44.00","","",
="03494U","長榮航永豐27售02","0.00","","2618","長榮航","33.60","＋","認售","歐式","112年01月11日","112年07月10日","112年07月06日","112年07月10日","0.70","    23.21","","",
="034950","瑞昱群益28購01","2.53","＋","2379","瑞昱","388.00","＋","認購","美式","112年02月03日","112年02月03日","112年07月31日","112年08月02日","0.15","    420.00","","",
="034951","可成群益28購01","0.88","＋","2474","可成","189.00","＋","認購","美式","112年02月03日","112年02月03日","112年07月31日","112年08月02日","0.16","    200.00","","",
="034952","華航群益28購01","1.74","＋","2610","華航","21.65","＋","認購","美式","112年02月03日","112年02月03日","112年07月31日","112年08月02日","1.00","    21.00","","",
="034953","華航群益29購01","1.73","＋","2610","華航","21.65","＋","認購","美式","112年02月03日","112年02月03日","112年08月31日","112年09月04日","1.00","    22.00","","",
="034954","華航群益2A購01","1.36","＋","2610","華航","21.65","＋","認購","美式","112年02月03日","112年02月03日","112年09月27日","112年10月02日","1.00","    24.00","","",
="034955","萬海群益28購01","0.00","","2615","萬海","60.00","＋","認購","美式","112年02月03日","112年02月03日","112年07月31日","112年08月02日","0.20","    86.00","","",
="034956","萬海群益28購02","0.00","","2615","萬海","60.00","＋","認購","美式","112年02月03日","112年02月03日","112年07月31日","112年08月02日","0.35","    94.00","","",
="034957","王品群益29購01","0.00","","2727","王品","320.00","－","認購","美式","112年02月03日","112年02月03日","112年08月31日","112年09月04日","0.075","    218.80","","",
="034958","大立光群益28購01","0.00","","3008","大立光","2,305.00","＋","認購","美式","112年02月03日","112年02月03日","112年07月31日","112年08月02日","0.008","    2,220.97","","",
="034959","大立光群益28購02","2.02","","3008","大立光","2,305.00","＋","認購","美式","112年02月03日","112年02月03日","112年07月31日","112年08月02日","0.012","    2,340.55","","",
="03495U","聯詠永豐27售02","0.00","","3034","聯詠","423.50","＋","認售","歐式","112年01月11日","112年07月10日","112年07月06日","112年07月10日","0.06","    300.00","","",
="034960","大立光群益28購03","1.80","＋","3008","大立光","2,305.00","＋","認購","美式","112年02月03日","112年02月03日","112年07月31日","112年08月02日","0.015","    2,438.56","","",
="034961","智原群益28購01","0.78","＋","3035","智原","173.50","＋","認購","美式","112年02月03日","112年02月03日","112年07月31日","112年08月02日","0.10","    200.00","","",
="034962","智原群益28購02","0.85","","3035","智原","173.50","＋","認購","美式","112年02月03日","112年02月03日","112年07月31日","112年08月02日","0.15","    220.00","","",
="034963","緯創群益29購01","23.40","＋","3231","緯創","68.00","＋","認購","美式","112年02月03日","112年02月03日","112年08月31日","112年09月04日","1.00","    45.00","","",
="034964","創意群益28購01","0.00","","3443","創意","1,515.00","＋","認購","美式","112年02月03日","112年02月03日","112年07月31日","112年08月02日","0.011","    800.00","","",
="034965","創意群益28購02","0.00","","3443","創意","1,515.00","＋","認購","美式","112年02月03日","112年02月03日","112年07月31日","112年08月02日","0.021","    900.00","","",
="034966","創意群益28購03","0.00","","3443","創意","1,515.00","＋","認購","美式","112年02月03日","112年02月03日","112年07月31日","112年08月02日","0.035","    1,000.00","","",
="034967","上海銀群益29購01","0.00","","5876","上海商銀","45.85","＋","認購","美式","112年02月03日","112年02月03日","112年08月31日","112年09月04日","1.00","    69.00","","",
="034968","樺漢群益29購01","2.30","－","6414","樺漢","281.00","＋","認購","美式","112年02月03日","112年02月03日","112年08月31日","112年09月04日","0.085","    275.00","","",
="034969","訊芯群益29購01","0.73","－","6451","訊芯-KY","88.60","＋","認購","美式","112年02月03日","112年02月03日","112年08月31日","112年09月04日","0.12","    98.80","","",
="03496U","聯發科麥證2A售01","0.37","－","2454","聯發科","738.00","＋","認售","歐式","112年01月11日","112年10月11日","112年10月05日","112年10月11日","0.01","    650.00","","",
="034970","T50反1元富2B購01","0.00","",="00632R","元大台灣50反1","4.94","－","認購","美式","112年02月03日","112年02月03日","112年10月31日","112年11月02日","1.00","    5.00","","",
="034971","元油反元富28購01","0.00","",="00673R","期元大S&P原油反1(原名：元大S&P原油反1)","9.03","－","認購","美式","112年02月03日","112年02月03日","112年07月31日","112年08月02日","0.61","    8.50","","",
="034972","台積電元富28購07","0.00","","2330","台積電","568.00","＋","認購","美式","112年02月03日","112年02月03日","112年07月31日","112年08月02日","0.05","    596.77","","",
="034973","台積電元富32購01","0.00","","2330","台積電","568.00","＋","認購","美式","112年02月03日","112年02月03日","113年01月31日","113年02月02日","0.07","    745.96","","",
="034974","強茂元富29購02","0.94","＋","2481","強茂","70.20","＋","認購","美式","112年02月03日","112年02月03日","112年08月31日","112年09月04日","0.30","    88.00","","",
="034975","八方元富29購02","0.00","","2753","八方雲集","167.00","","認購","美式","112年02月03日","112年02月03日","112年08月31日","112年09月04日","0.075","    270.00","","",
="034976","台積電麥證28購11","0.00","","2330","台積電","568.00","＋","認購","歐式","112年02月03日","112年08月02日","112年07月31日","112年08月02日","0.09","    596.77","","",
="034977","台積電麥證29購05","0.87","＋","2330","台積電","568.00","＋","認購","歐式","112年02月03日","112年09月04日","112年08月31日","112年09月04日","0.176","    696.23","","",
="034978","創意麥證2A購01","13.70","","3443","創意","1,515.00","＋","認購","歐式","112年02月03日","112年10月02日","112年09月27日","112年10月02日","0.03","    1,100.00","","",
="034979","力智麥證28購01","0.00","","6719","力智","303.00","＋","認購","歐式","112年02月03日","112年08月02日","112年07月31日","112年08月02日","0.042","    430.00","","",
="03497U","聯詠統一29售02","0.12","－","3034","聯詠","423.50","＋","認售","歐式","112年01月11日","112年09月11日","112年09月07日","112年09月11日","0.035","    300.00","","",
="034980","T50反1富邦28購01","0.17","－",="00632R","元大台灣50反1","4.94","－","認購","美式","112年02月03日","112年02月03日","112年07月31日","112年08月02日","1.00","    5.00","","",
="034981","元石油富邦2A購01","0.23","＋",="00642U","期元大S&P石油(原名：元大S&P石油)","15.46","＋","認購","美式","112年02月03日","112年02月03日","112年09月27日","112年10月02日","0.50","    21.00","","",
="034982","中興電富邦2A購03","2.89","＋","1513","中興電","113.50","＋","認購","美式","112年02月03日","112年02月03日","112年09月27日","112年10月02日","0.20","    115.00","","",
="034983","華城富邦2A購01","0.00","","1519","華城","141.00","＋","認購","美式","112年02月03日","112年02月03日","112年09月27日","112年10月02日","0.20","    80.00","","",
="034984","華新富邦28購01","0.00","","1605","華新","46.60","＋","認購","美式","112年02月03日","112年02月03日","112年07月31日","112年08月02日","0.20","    70.00","","",
="034985","上銀富邦29購01","0.00","","2049","上銀","235.50","＋","認購","美式","112年02月03日","112年02月03日","112年08月31日","112年09月04日","0.04","    250.00","","",
="034986","華通富邦29購01","0.67","－","2313","華通","44.30","＋","認購","美式","112年02月03日","112年02月03日","112年08月31日","112年09月04日","0.265","    48.97","","",
="034987","國巨富邦29購02","0.00","","2327","國巨","508.00","＋","認購","美式","112年02月03日","112年02月03日","112年08月31日","112年09月04日","0.025","    700.00","","",
="034988","開發金富邦2A購01","0.31","－","2883","開發金","12.80","－","認購","美式","112年02月03日","112年02月03日","112年09月27日","112年10月02日","0.80","    15.00","","",
="034989","智原富邦29購02","0.50","","3035","智原","173.50","＋","認購","美式","112年02月03日","112年02月03日","112年08月31日","112年09月04日","0.05","    220.00","","",
="03498U","世芯中信27售02","0.00","","3661","世芯-KY","1,660.00","＋","認售","歐式","112年01月11日","112年07月10日","112年07月06日","112年07月10日","0.006","    768.00","","",
="034990","欣興富邦2A購01","0.00","","3037","欣興","182.50","－","認購","美式","112年02月03日","112年02月03日","112年09月27日","112年10月02日","0.04","    145.00","","",
="034991","群創富邦2A購02","1.07","＋","3481","群創","14.10","＋","認購","美式","112年02月03日","112年02月03日","112年09月27日","112年10月02日","0.80","    14.50","","",
="034992","嘉聯益富邦2A購01","0.00","","6153","嘉聯益","23.15","＋","認購","美式","112年02月03日","112年02月03日","112年09月27日","112年10月02日","0.28","    27.00","","",
="034993","T50反1兆豐35購01","0.16","－",="00632R","元大台灣50反1","4.94","－","認購","美式","112年02月03日","112年02月03日","113年04月29日","113年05月02日","1.00","    5.68","","",
="034994","華新兆豐29購02","0.00","","1605","華新","46.60","＋","認購","美式","112年02月03日","112年02月03日","112年08月31日","112年09月04日","0.19","    63.00","","",
="034995","寶齡兆豐29購01","0.31","","1760","寶齡富錦","148.50","","認購","美式","112年02月03日","112年02月03日","112年08月31日","112年09月04日","0.03","    180.00","","",
="034996","上銀兆豐2A購01","1.12","＋","2049","上銀","235.50","＋","認購","美式","112年02月03日","112年02月03日","112年09月27日","112年10月02日","0.04","    228.00","","",
="034997","鴻海兆豐2B購01","0.00","","2317","鴻海","105.50","＋","認購","美式","112年02月03日","112年02月03日","112年10月31日","112年11月02日","0.15","    102.00","","",
="034998","鴻海兆豐2C購01","1.00","","2317","鴻海","105.50","＋","認購","美式","112年02月03日","112年02月03日","112年11月30日","112年12月04日","0.15","    106.00","","",
="034999","長榮航兆豐2A購01","1.32","＋","2618","長榮航","33.60","＋","認購","美式","112年02月03日","112年02月03日","112年09月27日","112年10月02日","0.33","    33.00","","",
="03499U","聯詠國泰29售02","0.14","","3034","聯詠","423.50","＋","認售","歐式","112年01月11日","112年09月11日","112年09月07日","112年09月11日","0.06","    279.00","","",
="035000","晶豪科兆豐2A購01","1.53","＋","3006","晶豪科","88.20","＋","認購","美式","112年02月03日","112年02月03日","112年09月27日","112年10月02日","0.095","    78.80","","",
="035001","智原兆豐2A購01","1.03","","3035","智原","173.50","＋","認購","美式","112年02月03日","112年02月03日","112年09月27日","112年10月02日","0.05","    185.00","","",
="035002","玉晶光兆豐28購02","0.72","","3406","玉晶光","400.00","＋","認購","美式","112年02月03日","112年02月03日","112年07月31日","112年08月02日","0.03","    420.00","","",
="035003","嘉澤兆豐29購01","1.40","","3533","嘉澤","909.00","－","認購","美式","112年02月03日","112年02月03日","112年08月31日","112年09月04日","0.01","    825.96","","",
="035004","新唐兆豐2A購01","0.90","＋","4919","新唐","130.50","＋","認購","美式","112年02月03日","112年02月03日","112年09月27日","112年10月02日","0.062","    138.00","","",
="035005","愛普兆豐2A購01","0.00","","6531","愛普*","328.50","＋","認購","美式","112年02月03日","112年02月03日","112年09月27日","112年10月02日","0.03","    230.00","","",
="035006","富鼎兆豐29購01","0.00","","8261","富鼎","106.50","＋","認購","美式","112年02月03日","112年02月03日","112年08月31日","112年09月04日","0.08","    120.00","","",
="035007","華新統一2A購02","0.00","","1605","華新","46.60","＋","認購","美式","112年02月03日","112年02月03日","112年09月27日","112年10月02日","0.15","    65.00","","",
="035008","華新統一2A購03","0.00","","1605","華新","46.60","＋","認購","美式","112年02月03日","112年02月03日","112年09月27日","112年10月02日","0.125","    62.90","","",
="035009","華新統一2B購01","0.00","","1605","華新","46.60","＋","認購","美式","112年02月03日","112年02月03日","112年10月31日","112年11月02日","0.14","    70.50","","",
="03500U","臺股指國泰29售02","0.44","－","IX0001","臺股指數","16,636.30","","認售","歐式","112年01月11日","112年09月11日","112年09月07日","112年09月11日","0.005","    13,500.00","","",
="035010","華新統一2B購02","0.00","","1605","華新","46.60","＋","認購","美式","112年02月03日","112年02月03日","112年10月31日","112年11月02日","0.10","    65.10","","",
="035011","華新統一2C購01","0.00","","1605","華新","46.60","＋","認購","美式","112年02月03日","112年02月03日","112年11月30日","112年12月04日","0.12","    68.88","","",
="035012","上銀統一2B購01","0.58","＋","2049","上銀","235.50","＋","認購","美式","112年02月03日","112年02月03日","112年10月31日","112年11月02日","0.028","    251.00","","",
="035013","聯電統一2A購03","0.59","＋","2303","聯電","51.20","＋","認購","美式","112年02月03日","112年02月03日","112年09月27日","112年10月02日","0.20","    54.18","","",
="035014","聯電統一2A購04","0.78","＋","2303","聯電","51.20","＋","認購","美式","112年02月03日","112年02月03日","112年09月27日","112年10月02日","0.18","    51.68","","",
="035015","聯電統一38購01","0.82","","2303","聯電","51.20","＋","認購","美式","112年02月03日","112年02月03日","113年07月31日","113年08月02日","0.11","    70.00","","",
="035016","鴻海統一2C購01","0.58","＋","2317","鴻海","105.50","＋","認購","美式","112年02月03日","112年02月03日","112年11月30日","112年12月04日","0.068","    108.88","","",
="035017","鴻海統一38購01","0.96","＋","2317","鴻海","105.50","＋","認購","美式","112年02月03日","112年02月03日","113年07月31日","113年08月02日","0.06","    131.68","","",
="035018","台積電統一2A購07","0.72","－","2330","台積電","568.00","＋","認購","美式","112年02月03日","112年02月03日","112年09月27日","112年10月02日","0.022","    596.77","","",
="035019","台積電統一2A購08","0.00","","2330","台積電","568.00","＋","認購","美式","112年02月03日","112年02月03日","112年09月27日","112年10月02日","0.02","    566.93","","",
="03501U","臺股指國泰29售03","0.06","","IX0001","臺股指數","16,636.30","","認售","歐式","112年01月11日","112年09月11日","112年09月07日","112年09月11日","0.003","    12,600.00","","",
="035020","台積電統一38購02","0.80","","2330","台積電","568.00","＋","認購","美式","112年02月03日","112年02月03日","113年07月31日","113年08月02日","0.014","    745.96","","",
="035021","聯發科統一2A購02","0.44","＋","2454","聯發科","738.00","＋","認購","美式","112年02月03日","112年02月03日","112年09月27日","112年10月02日","0.015","    850.00","","",
="035022","聯發科統一2A購03","0.53","＋","2454","聯發科","738.00","＋","認購","美式","112年02月03日","112年02月03日","112年09月27日","112年10月02日","0.012","    800.00","","",
="035023","聯發科統一32購01","0.62","＋","2454","聯發科","738.00","＋","認購","美式","112年02月03日","112年02月03日","113年01月31日","113年02月02日","0.012","    1,000.00","","",
="035024","宏達電統一32購01","0.46","","2498","宏達電","61.50","＋","認購","美式","112年02月03日","112年02月03日","113年01月31日","113年02月02日","0.068","    88.88","","",
="035025","欣興統一2C購02","1.70","","3037","欣興","182.50","－","認購","美式","112年02月03日","112年02月03日","112年11月30日","112年12月04日","0.04","    151.68","","",
="035026","欣興統一2C購03","1.28","－","3037","欣興","182.50","－","認購","美式","112年02月03日","112年02月03日","112年11月30日","112年12月04日","0.035","    168.00","","",
="035027","創意統一2B購02","0.00","","3443","創意","1,515.00","＋","認購","美式","112年02月03日","112年02月03日","112年10月31日","112年11月02日","0.006","    948.70","","",
="035028","貿聯統一2A購01","0.44","","3665","貿聯-KY","270.50","＋","認購","美式","112年02月03日","112年02月03日","112年09月27日","112年10月02日","0.02","    294.74","","",
="035029","南電統一2A購02","1.27","－","8046","南電","302.50","－","認購","美式","112年02月03日","112年02月03日","112年09月27日","112年10月02日","0.025","    275.00","","",
="03502U","臺股指國泰29售04","0.00","","IX0001","臺股指數","16,636.30","","認售","歐式","112年01月11日","112年09月11日","112年09月07日","112年09月11日","0.003","    13,700.00","","",
="035030","南電統一32購01","1.10","－","8046","南電","302.50","－","認購","美式","112年02月03日","112年02月03日","113年01月31日","113年02月02日","0.022","    340.00","","",
="035031","東哥統一2B購03","0.00","","8478","東哥遊艇","520.00","＋","認購","美式","112年02月03日","112年02月03日","112年10月31日","112年11月02日","0.01","    397.30","","",
="035032","滬深2X國票29購02","0.00","",="00637L","元大滬深300正2","13.77","－","認購","美式","112年02月06日","112年02月06日","112年09月01日","112年09月05日","1.00","    19.00","","",
="035033","宏達電國票2B購01","1.65","＋","2498","宏達電","61.50","＋","認購","美式","112年02月06日","112年02月06日","112年11月02日","112年11月06日","0.20","    62.50","","",
="035034","晶睿國票28購01","0.18","＋","3454","晶睿","182.50","＋","認購","美式","112年02月06日","112年02月06日","112年08月03日","112年08月07日","0.05","    270.00","","",
="035035","智原第一31購01","0.53","＋","3035","智原","173.50","＋","認購","美式","112年02月06日","112年02月06日","113年01月03日","113年01月05日","0.02","    211.96","","",
="035036","南電第一2A購01","1.09","－","8046","南電","302.50","－","認購","美式","112年02月06日","112年02月06日","112年10月03日","112年10月05日","0.018","    280.53","","",
="035037","上銀康和28購01","0.75","＋","2049","上銀","235.50","＋","認購","美式","112年02月06日","112年02月06日","112年08月03日","112年08月07日","0.05","    250.00","","",
="035038","裕隆康和28購02","0.00","","2201","裕隆","82.80","＋","認購","美式","112年02月06日","112年02月06日","112年08月03日","112年08月07日","0.16","    100.00","","",
="035039","友達康和29購01","0.79","＋","2409","友達","17.65","＋","認購","美式","112年02月06日","112年02月06日","112年09月01日","112年09月05日","1.00","    20.00","","",
="03503U","滬深2X凱基2A售07","0.00","",="00637L","元大滬深300正2","13.77","－","認售","歐式","112年01月11日","112年10月11日","112年10月05日","112年10月11日","1.00","    12.00","","",
="035040","新唐康和28購01","0.00","","4919","新唐","130.50","＋","認購","美式","112年02月06日","112年02月06日","112年08月03日","112年08月07日","0.07","    168.00","","",
="035041","愛普康和28購01","3.22","","6531","愛普*","328.50","＋","認購","美式","112年02月06日","112年02月06日","112年08月03日","112年08月07日","0.04","    254.50","","",
="035042","力智康和28購01","0.00","","6719","力智","303.00","＋","認購","美式","112年02月06日","112年02月06日","112年08月03日","112年08月07日","0.025","    380.00","","",
="035043","東哥康和28購01","0.00","","8478","東哥遊艇","520.00","＋","認購","美式","112年02月06日","112年02月06日","112年08月03日","112年08月07日","0.018","    409.00","","",
="035044","大亞永豐29購01","2.30","＋","1609","大亞","31.00","＋","認購","美式","112年02月06日","112年02月06日","112年09月01日","112年09月05日","0.49","    29.18","","",
="035045","台達電永豐29購01","0.77","－","2308","台達電","315.50","－","認購","美式","112年02月06日","112年02月06日","112年09月01日","112年09月05日","0.11","    389.68","","",
="035046","鴻海永豐2A購01","0.83","＋","2317","鴻海","105.50","＋","認購","美式","112年02月06日","112年02月06日","112年10月03日","112年10月05日","0.13","    106.79","","",
="035047","可成永豐29購01","0.00","","2474","可成","189.00","＋","認購","美式","112年02月06日","112年02月06日","112年09月01日","112年09月05日","0.17","    240.83","","",
="035048","華新科永豐29購01","0.00","","2492","華新科","101.00","＋","認購","美式","112年02月06日","112年02月06日","112年09月01日","112年09月05日","0.18","    125.94","","",
="035049","華航永豐29購01","0.69","＋","2610","華航","21.65","＋","認購","美式","112年02月06日","112年02月06日","112年09月01日","112年09月05日","1.00","    25.64","","",
="03504U","中砂凱基28售01","0.00","","1560","中砂","114.50","－","認售","歐式","112年01月11日","112年08月10日","112年08月08日","112年08月10日","0.10","    95.00","","",
="035050","長榮航永豐28購02","1.00","＋","2618","長榮航","33.60","＋","認購","美式","112年02月06日","112年02月06日","112年08月03日","112年08月07日","0.82","    38.12","","",
="035051","八方永豐29購01","0.00","","2753","八方雲集","167.00","","認購","美式","112年02月06日","112年02月06日","112年09月01日","112年09月05日","0.06","    256.80","","",
="035052","亞光永豐28購01","0.00","","3019","亞光","65.20","＋","認購","美式","112年02月06日","112年02月06日","112年08月03日","112年08月07日","0.28","    82.59","","",
="035053","智原永豐29購01","0.38","","3035","智原","173.50","＋","認購","美式","112年02月06日","112年02月06日","112年09月01日","112年09月05日","0.095","    263.25","","",
="035054","景碩永豐2A購01","0.55","＋","3189","景碩","116.00","＋","認購","美式","112年02月06日","112年02月06日","112年10月03日","112年10月05日","0.057","    134.55","","",
="035055","晶睿永豐29購01","0.30","","3454","晶睿","182.50","＋","認購","美式","112年02月06日","112年02月06日","112年09月01日","112年09月05日","0.046","    288.23","","",
="035056","新唐永豐28購01","0.00","","4919","新唐","130.50","＋","認購","美式","112年02月06日","112年02月06日","112年08月03日","112年08月07日","0.097","    183.58","","",
="035057","盛群永豐28購01","0.15","","6202","盛群","69.70","＋","認購","美式","112年02月06日","112年02月06日","112年08月03日","112年08月07日","0.25","    100.10","","",
="035058","力成永豐28購01","1.16","","6239","力成","98.70","＋","認購","美式","112年02月06日","112年02月06日","112年08月03日","112年08月07日","0.40","    110.25","","",
="035059","康舒永豐29購01","1.72","＋","6282","康舒","44.05","＋","認購","美式","112年02月06日","112年02月06日","112年09月01日","112年09月05日","0.447","    46.16","","",
="03505U","聯電凱基28售06","0.00","","2303","聯電","51.20","＋","認售","歐式","112年01月11日","112年08月10日","112年08月08日","112年08月10日","1.00","    31.00","","",
="035060","南電永豐28購01","1.01","－","8046","南電","302.50","－","認購","美式","112年02月06日","112年02月06日","112年08月03日","112年08月07日","0.074","    350.66","","",
="035061","滬深2X凱基2B購02","0.00","",="00637L","元大滬深300正2","13.77","－","認購","美式","112年02月06日","112年02月06日","112年11月02日","112年11月06日","0.60","    18.00","","",
="035062","元石油凱基2C購01","0.00","",="00642U","期元大S&P石油(原名：元大S&P石油)","15.46","＋","認購","美式","112年02月06日","112年02月06日","112年12月01日","112年12月05日","0.80","    19.50","","",
="035063","中502X凱基2C購01","0.40","",="00753L","中信中國50正2","8.81","","認購","美式","112年02月06日","112年02月06日","112年12月01日","112年12月05日","0.40","    15.00","","",
="035064","華新凱基28購04","0.00","","1605","華新","46.60","＋","認購","美式","112年02月06日","112年02月06日","112年08月03日","112年08月07日","0.55","    80.00","","",
="035065","葡萄王凱基28購02","0.00","","1707","葡萄王","175.00","＋","認購","美式","112年02月06日","112年02月06日","112年08月03日","112年08月07日","0.08","    190.00","","",
="035066","華通凱基2B購01","0.99","","2313","華通","44.30","＋","認購","美式","112年02月06日","112年02月06日","112年11月02日","112年11月06日","0.584","    56.50","","",
="035067","鴻海凱基28購04","0.97","","2317","鴻海","105.50","＋","認購","美式","112年02月06日","112年02月06日","112年08月03日","112年08月07日","0.13","    102.00","","",
="035068","國巨凱基29購02","0.55","","2327","國巨","508.00","＋","認購","美式","112年02月06日","112年02月06日","112年09月01日","112年09月05日","0.03","    600.00","","",
="035069","華泰凱基28購01","0.75","","2329","華泰","20.55","＋","認購","美式","112年02月06日","112年02月06日","112年08月03日","112年08月07日","1.00","    24.00","","",
="03506U","台達電凱基27售03","0.00","","2308","台達電","315.50","－","認售","歐式","112年01月11日","112年07月10日","112年07月06日","112年07月10日","0.08","    245.00","","",
="035070","宏碁凱基29購01","2.82","－","2353","宏碁","31.05","＋","認購","美式","112年02月06日","112年02月06日","112年09月01日","112年09月05日","1.00","    30.00","","",
="035071","長榮凱基2A購04","1.23","＋","2603","長榮","157.00","＋","認購","美式","112年02月06日","112年02月06日","112年10月03日","112年10月05日","0.07","    155.00","","",
="035072","新興凱基28購01","0.00","","2605","新興","21.45","＋","認購","美式","112年02月06日","112年02月06日","112年08月03日","112年08月07日","1.00","    25.00","","",
="035073","晶豪科凱基28購01","1.65","","3006","晶豪科","88.20","＋","認購","美式","112年02月06日","112年02月06日","112年08月03日","112年08月07日","0.18","    88.00","","",
="035074","聯詠凱基28購02","2.85","＋","3034","聯詠","423.50","＋","認購","美式","112年02月06日","112年02月06日","112年08月03日","112年08月07日","0.07","    400.00","","",
="035075","晶睿凱基2A購01","0.14","","3454","晶睿","182.50","＋","認購","美式","112年02月06日","112年02月06日","112年10月03日","112年10月05日","0.05","    320.00","","",
="035076","晶睿凱基2B購01","0.55","＋","3454","晶睿","182.50","＋","認購","美式","112年02月06日","112年02月06日","112年11月02日","112年11月06日","0.02","    220.00","","",
="035077","麗豐凱基28購01","0.47","＋","4137","麗豐-KY","216.00","＋","認購","美式","112年02月06日","112年02月06日","112年08月03日","112年08月07日","0.12","    300.00","","",
="035078","拓凱凱基28購01","0.63","＋","4536","拓凱","196.50","＋","認購","美式","112年02月06日","112年02月06日","112年08月03日","112年08月07日","0.085","    230.00","","",
="035079","三福化凱基28購01","0.00","","4755","三福化","131.00","＋","認購","美式","112年02月06日","112年02月06日","112年08月03日","112年08月07日","0.10","    170.00","","",
="03507U","金像電凱基27售01","0.00","","2368","金像電","121.50","","認售","歐式","112年01月11日","112年07月10日","112年07月06日","112年07月10日","0.259","    67.61","","",
="035080","聯茂凱基28購01","0.20","＋","6213","聯茂","72.30","＋","認購","美式","112年02月06日","112年02月06日","112年08月03日","112年08月07日","0.20","    90.00","","",
="035081","矽力凱基28購01","0.11","","6415","矽力*-KY","394.50","＋","認購","美式","112年02月06日","112年02月06日","112年08月03日","112年08月07日","0.015","    594.73","","",
="035082","AES凱基29購02","0.20","","6781","AES-KY","690.00","＋","認購","美式","112年02月06日","112年02月06日","112年09月01日","112年09月05日","0.025","    1,150.00","","",
="035083","長榮兆豐2A購01","0.76","＋","2603","長榮","157.00","＋","認購","美式","112年02月06日","112年02月06日","112年10月03日","112年10月05日","0.06","    163.00","","",
="035084","晶華兆豐29購01","0.00","","2707","晶華","288.00","＋","認購","美式","112年02月06日","112年02月06日","112年09月01日","112年09月05日","0.04","    288.00","","",
="035085","晶心科兆豐29購01","0.00","","6533","晶心科","511.00","＋","認購","美式","112年02月06日","112年02月06日","112年09月01日","112年09月05日","0.012","    600.00","","",
="035086","世紀鋼兆豐2C購01","1.03","＋","9958","世紀鋼","109.50","＋","認購","美式","112年02月06日","112年02月06日","112年12月01日","112年12月05日","0.07","    108.00","","",
="035087","華新統一2C購02","0.00","","1605","華新","46.60","＋","認購","美式","112年02月06日","112年02月06日","112年12月01日","112年12月05日","0.13","    66.66","","",
="035088","華新統一32購01","0.33","","1605","華新","46.60","＋","認購","美式","112年02月06日","112年02月06日","113年02月01日","113年02月05日","0.10","    77.77","","",
="035089","大亞統一2A購01","1.69","","1609","大亞","31.00","＋","認購","美式","112年02月06日","112年02月06日","112年10月03日","112年10月05日","0.24","    26.00","","",
="03508U","瑞昱凱基27售03","0.00","","2379","瑞昱","388.00","＋","認售","歐式","112年01月11日","112年07月10日","112年07月06日","112年07月10日","0.25","    210.00","","",
="035090","上銀統一2C購02","0.00","","2049","上銀","235.50","＋","認購","美式","112年02月06日","112年02月06日","112年12月01日","112年12月05日","0.028","    300.00","","",
="035091","裕隆統一2A購01","0.26","","2201","裕隆","82.80","＋","認購","美式","112年02月06日","112年02月06日","112年10月03日","112年10月05日","0.07","    123.45","","",
="035092","國巨統一32購01","0.43","","2327","國巨","508.00","＋","認購","美式","112年02月06日","112年02月06日","113年02月01日","113年02月05日","0.012","    777.77","","",
="035093","萬海統一2C購01","0.00","","2615","萬海","60.00","＋","認購","美式","112年02月06日","112年02月06日","112年12月01日","112年12月05日","0.138","    88.88","","",
="035094","長榮航統一2A購01","0.57","＋","2618","長榮航","33.60","＋","認購","美式","112年02月06日","112年02月06日","112年10月03日","112年10月05日","0.32","    39.99","","",
="035095","長榮航統一2A購02","0.81","＋","2618","長榮航","33.60","＋","認購","美式","112年02月06日","112年02月06日","112年10月03日","112年10月05日","0.26","    35.00","","",
="035096","長榮航統一2A購03","0.85","＋","2618","長榮航","33.60","＋","認購","美式","112年02月06日","112年02月06日","112年10月03日","112年10月05日","0.23","    35.00","","",
="035097","智原統一2A購01","0.59","＋","3035","智原","173.50","＋","認購","美式","112年02月06日","112年02月06日","112年10月03日","112年10月05日","0.03","    200.00","","",
="035098","欣興統一2C購04","1.04","－","3037","欣興","182.50","－","認購","美式","112年02月06日","112年02月06日","112年12月01日","112年12月05日","0.035","    188.88","","",
="035099","同欣電統一2A購01","0.10","","6271","同欣電","179.50","＋","認購","美式","112年02月06日","112年02月06日","112年10月03日","112年10月05日","0.024","    268.80","","",
="03509U","友達凱基27售01","0.00","","2409","友達","17.65","＋","認售","歐式","112年01月11日","112年07月10日","112年07月06日","112年07月10日","1.00","    13.50","","",
="035100","愛普統一2B購01","1.86","＋","6531","愛普*","328.50","＋","認購","美式","112年02月06日","112年02月06日","112年11月02日","112年11月06日","0.02","    269.30","","",
="035101","愛普統一2C購01","2.10","","6531","愛普*","328.50","＋","認購","美式","112年02月06日","112年02月06日","112年12月01日","112年12月05日","0.02","    251.68","","",
="035102","力智統一2A購02","0.49","＋","6719","力智","303.00","＋","認購","美式","112年02月06日","112年02月06日","112年10月03日","112年10月05日","0.018","    359.30","","",
="035103","矽創統一2A購01","0.59","","8016","矽創","225.50","＋","認購","美式","112年02月06日","112年02月06日","112年10月03日","112年10月05日","0.02","    234.00","","",
="035104","FBNQ2X元大28購03","1.98","＋",="00670L","富邦NASDAQ正2","78.90","＋","認購","美式","112年02月06日","112年02月06日","112年08月03日","112年08月07日","0.10","    63.00","","",
="035105","FBNQ2X元大29購03","0.00","",="00670L","富邦NASDAQ正2","78.90","＋","認購","美式","112年02月06日","112年02月06日","112年09月01日","112年09月05日","0.10","    66.00","","",
="035106","FBNQ反元大29購02","0.12","－",="00671R","富邦NASDAQ 反1","5.07","－","認購","美式","112年02月06日","112年02月06日","112年09月01日","112年09月05日","1.00","    6.20","","",
="035107","FBNQ反元大2A購03","0.00","",="00671R","富邦NASDAQ 反1","5.07","－","認購","美式","112年02月06日","112年02月06日","112年10月03日","112年10月05日","1.00","    6.40","","",
="035108","上銀元大28購02","0.00","","2049","上銀","235.50","＋","認購","美式","112年02月06日","112年02月06日","112年08月03日","112年08月07日","0.096","    269.00","","",
="035109","聯電元大29購03","0.00","","2303","聯電","51.20","＋","認購","美式","112年02月06日","112年02月06日","112年09月01日","112年09月05日","0.442","    54.20","","",
="03510U","聯發科凱基27售10","0.00","","2454","聯發科","738.00","＋","認售","歐式","112年01月11日","112年07月10日","112年07月06日","112年07月10日","0.10","    520.00","","",
="035110","聯電元大2A購02","1.40","＋","2303","聯電","51.20","＋","認購","美式","112年02月06日","112年02月06日","112年10月03日","112年10月05日","0.754","    64.00","","",
="035111","聯電元大2B購02","0.00","","2303","聯電","51.20","＋","認購","美式","112年02月06日","112年02月06日","112年11月02日","112年11月06日","0.698","    65.80","","",
="035112","華通元大29購02","1.14","＋","2313","華通","44.30","＋","認購","美式","112年02月06日","112年02月06日","112年09月01日","112年09月05日","0.62","    51.61","","",
="035113","國巨元大29購02","0.79","＋","2327","國巨","508.00","＋","認購","美式","112年02月06日","112年02月06日","112年09月01日","112年09月05日","0.035","    606.00","","",
="035114","台光電元大28購02","1.23","＋","2383","台光電","204.50","＋","認購","美式","112年02月06日","112年02月06日","112年08月03日","112年08月07日","0.046","    192.50","","",
="035115","聯發科元大29購03","1.32","＋","2454","聯發科","738.00","＋","認購","美式","112年02月06日","112年02月06日","112年09月01日","112年09月05日","0.05","    910.00","","",
="035116","聯發科元大2A購04","1.45","＋","2454","聯發科","738.00","＋","認購","美式","112年02月06日","112年02月06日","112年10月03日","112年10月05日","0.044","    942.00","","",
="035117","全新元大28購01","1.53","－","2455","全新","100.00","","認購","美式","112年02月06日","112年02月06日","112年08月03日","112年08月07日","0.371","    125.00","","",
="035118","長榮元大29購09","1.44","＋","2603","長榮","157.00","＋","認購","美式","112年02月06日","112年02月06日","112年09月01日","112年09月05日","0.112","    168.00","","",
="035119","長榮元大2A購20","1.47","＋","2603","長榮","157.00","＋","認購","美式","112年02月06日","112年02月06日","112年10月03日","112年10月05日","0.119","    182.50","","",
="03511U","宏達電凱基28售03","0.00","","2498","宏達電","61.50","＋","認售","歐式","112年01月11日","112年08月10日","112年08月08日","112年08月10日","0.35","    40.00","","",
="035120","長榮元大2B購05","1.44","＋","2603","長榮","157.00","＋","認購","美式","112年02月06日","112年02月06日","112年11月02日","112年11月06日","0.112","    188.50","","",
="035121","中航元大28購01","0.00","","2612","中航","39.70","＋","認購","美式","112年02月06日","112年02月06日","112年08月03日","112年08月07日","0.476","    45.37","","",
="035122","漢翔元大29購01","0.00","","2634","漢翔","55.80","＋","認購","美式","112年02月06日","112年02月06日","112年09月01日","112年09月05日","0.603","    42.00","","",
="035123","聯詠元大29購07","2.53","","3034","聯詠","423.50","＋","認購","美式","112年02月06日","112年02月06日","112年09月01日","112年09月05日","0.059","    424.00","","",
="035124","景碩元大29購01","0.49","＋","3189","景碩","116.00","＋","認購","美式","112年02月06日","112年02月06日","112年09月01日","112年09月05日","0.088","    151.50","","",
="035125","瑞鼎元大29購02","1.01","","3592","瑞鼎","348.00","＋","認購","美式","112年02月06日","112年02月06日","112年09月01日","112年09月05日","0.04","    413.00","","",
="035126","天鈺元大28購03","0.00","","4961","天鈺","154.00","＋","認購","美式","112年02月06日","112年02月06日","112年08月03日","112年08月07日","0.089","    196.50","","",
="035127","同欣電元大28購02","0.00","","6271","同欣電","179.50","＋","認購","美式","112年02月06日","112年02月06日","112年08月03日","112年08月07日","0.091","    309.00","","",
="035128","樺漢元大28購01","0.00","","6414","樺漢","281.00","＋","認購","美式","112年02月06日","112年02月06日","112年08月03日","112年08月07日","0.077","    269.00","","",
="035129","富邦媒元大29購03","0.00","","8454","富邦媒","703.00","＋","認購","美式","112年02月06日","112年02月06日","112年09月01日","112年09月05日","0.014","    874.00","","",
="03512U","聯詠凱基27售05","0.00","","3034","聯詠","423.50","＋","認售","歐式","112年01月11日","112年07月10日","112年07月06日","112年07月10日","0.06","    320.00","","",
="035130","寶成元大28購01","0.16","","9904","寶成","32.05","－","認購","美式","112年02月06日","112年02月06日","112年08月03日","112年08月07日","1.00","    44.10","","",
="035131","世紀鋼元大28購02","0.53","＋","9958","世紀鋼","109.50","＋","認購","美式","112年02月06日","112年02月06日","112年08月03日","112年08月07日","0.084","    123.50","","",
="035132","臺股指元大2A購44","2.71","","IX0001","臺股指數","16,636.30","","認購","歐式","112年02月06日","112年10月05日","112年10月03日","112年10月05日","0.003","    16,100.00","","",
="035133","臺股指元大2A購45","2.02","＋","IX0001","臺股指數","16,636.30","","認購","歐式","112年02月06日","112年10月05日","112年10月03日","112年10月05日","0.002","    15,900.00","","",
="035134","臺股指元大2A購46","0.00","","IX0001","臺股指數","16,636.30","","認購","歐式","112年02月06日","112年10月05日","112年10月03日","112年10月05日","0.002","    15,700.00","","",
="035135","臺股指元大2A購47","0.00","","IX0001","臺股指數","16,636.30","","認購","歐式","112年02月06日","112年10月05日","112年10月03日","112年10月05日","0.002","    15,300.00","","",
="035136","嘉澤中信28購01","0.44","－","3533","嘉澤","909.00","－","認購","歐式","112年02月06日","112年08月07日","112年08月03日","112年08月07日","0.032","    1,174.26","","",
="035137","矽力中信29購01","0.05","＋","6415","矽力*-KY","394.50","＋","認購","歐式","112年02月06日","112年09月05日","112年09月01日","112年09月05日","0.01","    792.98","","",
="035138","愛普中信28購03","0.00","","6531","愛普*","328.50","＋","認購","歐式","112年02月06日","112年08月07日","112年08月03日","112年08月07日","0.038","    248.00","","",
="035139","矽創中信28購01","0.57","","8016","矽創","225.50","＋","認購","歐式","112年02月06日","112年08月07日","112年08月03日","112年08月07日","0.038","    238.00","","",
="03513U","玉晶光凱基27售04","0.00","","3406","玉晶光","400.00","＋","認售","歐式","112年01月11日","112年07月10日","112年07月06日","112年07月10日","0.025","    330.00","","",
="035140","東哥中信28購01","0.00","","8478","東哥遊艇","520.00","＋","認購","歐式","112年02月06日","112年08月07日","112年08月03日","112年08月07日","0.028","    500.00","","",
="035141","長榮國泰2A購01","1.08","＋","2603","長榮","157.00","＋","認購","美式","112年02月06日","112年02月06日","112年10月03日","112年10月05日","0.10","    176.85","","",
="035142","長榮國泰2A購02","0.79","＋","2603","長榮","157.00","＋","認購","美式","112年02月06日","112年02月06日","112年10月03日","112年10月05日","0.10","    187.80","","",
="035143","康舒國泰2A購01","2.94","＋","6282","康舒","44.05","＋","認購","美式","112年02月06日","112年02月06日","112年10月03日","112年10月05日","0.50","    42.00","","",
="035144","川湖群益28購01","1.20","＋","2059","川湖","436.00","＋","認購","美式","112年02月06日","112年02月06日","112年08月03日","112年08月07日","0.05","    487.63","","",
="035145","鴻海群益28購02","0.45","＋","2317","鴻海","105.50","＋","認購","美式","112年02月06日","112年02月06日","112年08月03日","112年08月07日","0.08","    104.00","","",
="035146","強茂群益28購03","0.67","＋","2481","強茂","70.20","＋","認購","美式","112年02月06日","112年02月06日","112年08月03日","112年08月07日","0.25","    80.80","","",
="035147","華新科群益28購02","0.00","","2492","華新科","101.00","＋","認購","美式","112年02月06日","112年02月06日","112年08月03日","112年08月07日","0.25","    118.00","","",
="035148","長榮群益28購06","0.94","＋","2603","長榮","157.00","＋","認購","美式","112年02月06日","112年02月06日","112年08月03日","112年08月07日","0.08","    158.00","","",
="035149","長榮航群益29購02","1.16","＋","2618","長榮航","33.60","＋","認購","美式","112年02月06日","112年02月06日","112年09月01日","112年09月05日","1.00","    40.00","","",
="03514U","晶心科凱基27售04","0.19","","6533","晶心科","511.00","＋","認售","歐式","112年01月11日","112年07月10日","112年07月06日","112年07月10日","0.012","    420.00","","",
="035150","開發金群益28購01","0.13","","2883","開發金","12.80","－","認購","美式","112年02月06日","112年02月06日","112年08月03日","112年08月07日","1.00","    15.00","","",
="035151","大立光群益28購04","1.52","","3008","大立光","2,305.00","＋","認購","美式","112年02月06日","112年02月06日","112年08月03日","112年08月07日","0.017","    2,548.34","","",
="035152","奇鋐群益28購01","0.00","","3017","奇鋐","206.00","－","認購","美式","112年02月06日","112年02月06日","112年08月03日","112年08月07日","0.101","    128.51","","",
="035153","創意群益28購04","0.00","","3443","創意","1,515.00","＋","認購","美式","112年02月06日","112年02月06日","112年08月03日","112年08月07日","0.033","    950.00","","",
="035154","晶睿群益28購01","0.00","","3454","晶睿","182.50","＋","認購","美式","112年02月06日","112年02月06日","112年08月03日","112年08月07日","0.05","    260.00","","",
="035155","敦泰群益28購04","0.00","","3545","敦泰","83.70","＋","認購","美式","112年02月06日","112年02月06日","112年08月03日","112年08月07日","0.096","    70.00","","",
="035156","世芯群益28購01","0.00","","3661","世芯-KY","1,660.00","＋","認購","美式","112年02月06日","112年02月06日","112年08月03日","112年08月07日","0.013","    929.00","","",
="035157","貿聯群益28購01","0.00","","3665","貿聯-KY","270.50","＋","認購","美式","112年02月06日","112年02月06日","112年08月03日","112年08月07日","0.056","    331.69","","",
="035158","新唐群益28購01","0.26","","4919","新唐","130.50","＋","認購","美式","112年02月06日","112年02月06日","112年08月03日","112年08月07日","0.10","    165.00","","",
="035159","新唐群益29購01","0.23","","4919","新唐","130.50","＋","認購","美式","112年02月06日","112年02月06日","112年09月01日","112年09月05日","0.20","    210.00","","",
="03515U","金融類凱基2A售03","0.00","","IX0039","金融類","1,620.43","","認售","歐式","112年01月11日","112年10月11日","112年10月05日","112年10月11日","0.02","    1,400.00","","",
="035160","乙盛群益28購02","3.26","＋","5243","乙盛-KY","83.70","＋","認購","美式","112年02月06日","112年02月06日","112年08月03日","112年08月07日","0.476","    88.00","","",
="035161","彩晶群益29購01","0.32","＋","6116","彩晶","12.25","＋","認購","美式","112年02月06日","112年02月06日","112年09月01日","112年09月05日","1.00","    15.80","","",
="035162","嘉聯益群益28購01","0.00","","6153","嘉聯益","23.15","＋","認購","美式","112年02月06日","112年02月06日","112年08月03日","112年08月07日","0.474","    28.00","","",
="035163","矽創群益28購01","1.05","","8016","矽創","225.50","＋","認購","美式","112年02月06日","112年02月06日","112年08月03日","112年08月07日","0.10","    250.00","","",
="035164","致新群益28購01","0.00","","8081","致新","191.50","＋","認購","美式","112年02月06日","112年02月06日","112年08月03日","112年08月07日","0.08","    198.80","","",
="035165","世紀鋼群益28購01","0.87","＋","9958","世紀鋼","109.50","＋","認購","美式","112年02月06日","112年02月06日","112年08月03日","112年08月07日","0.15","    118.00","","",
="035166","臺股指群益2A購04","0.00","","IX0001","臺股指數","16,636.30","","認購","歐式","112年02月06日","112年10月05日","112年10月03日","112年10月05日","0.002","    14,900.00","","",
="035167","臺股指群益2A購05","2.80","","IX0001","臺股指數","16,636.30","","認購","歐式","112年02月06日","112年10月05日","112年10月03日","112年10月05日","0.002","    15,200.00","","",
="035168","臺股指群益2A購06","0.00","","IX0001","臺股指數","16,636.30","","認購","歐式","112年02月06日","112年10月05日","112年10月03日","112年10月05日","0.002","    15,500.00","","",
="035169","強茂富邦29購01","0.70","","2481","強茂","70.20","＋","認購","美式","112年02月06日","112年02月06日","112年09月01日","112年09月05日","0.16","    80.00","","",
="03516U","長榮康和27售02","0.42","－","2603","長榮","157.00","＋","認售","歐式","112年01月11日","112年07月10日","112年07月06日","112年07月10日","0.08","    140.00","","",
="035170","華新元富2B購01","0.19","＋","1605","華新","46.60","＋","認購","美式","112年02月06日","112年02月06日","112年11月02日","112年11月06日","0.50","    80.00","","",
="035171","順德元富2B購01","0.00","","2351","順德","123.00","＋","認購","美式","112年02月06日","112年02月06日","112年11月02日","112年11月06日","0.075","    145.00","","",
="035172","瑞昱元富2B購01","4.20","＋","2379","瑞昱","388.00","＋","認購","美式","112年02月06日","112年02月06日","112年11月02日","112年11月06日","0.10","    400.00","","",
="035173","晶睿元富28購01","0.00","","3454","晶睿","182.50","＋","認購","美式","112年02月06日","112年02月06日","112年08月03日","112年08月07日","0.07","    250.00","","",
="035174","同欣電元富28購01","0.00","","6271","同欣電","179.50","＋","認購","美式","112年02月06日","112年02月06日","112年08月03日","112年08月07日","0.059","    270.00","","",
="035175","元晶元富28購01","0.57","－","6443","元晶","36.20","＋","認購","美式","112年02月06日","112年02月06日","112年08月03日","112年08月07日","0.30","    40.00","","",
="035176","富鼎元富29購01","0.00","","8261","富鼎","106.50","＋","認購","美式","112年02月06日","112年02月06日","112年09月01日","112年09月05日","0.067","    130.00","","",
="035177","東哥元富28購02","2.67","","8478","東哥遊艇","520.00","＋","認購","美式","112年02月06日","112年02月06日","112年08月03日","112年08月07日","0.029","    500.00","","",
="035178","大立光麥證2B購01","0.98","＋","3008","大立光","2,305.00","＋","認購","歐式","112年02月06日","112年11月06日","112年11月02日","112年11月06日","0.005","    2,548.34","","",
="035179","立積麥證28購01","0.00","","4968","立積","170.00","＋","認購","歐式","112年02月06日","112年08月07日","112年08月03日","112年08月07日","0.064","    160.00","","",
="03517U","聯詠康和27售02","0.00","","3034","聯詠","423.50","＋","認售","歐式","112年01月11日","112年07月10日","112年07月06日","112年07月10日","0.08","    250.00","","",
="035180","緯穎麥證28購01","0.00","","6669","緯穎","1,205.00","＋","認購","歐式","112年02月06日","112年08月07日","112年08月03日","112年08月07日","0.015","    777.00","","",
="035181","臺股指麥證2B購02","0.87","＋","IX0001","臺股指數","16,636.30","","認購","歐式","112年02月06日","112年11月06日","112年11月02日","112年11月06日","0.015","    20,000.88","","",
="035182","中興電永豐29購02","4.81","＋","1513","中興電","113.50","＋","認購","美式","112年02月07日","112年02月07日","112年09月04日","112年09月06日","0.35","    109.55","","",
="035183","台積電永豐28購03","0.00","","2330","台積電","568.00","＋","認購","美式","112年02月07日","112年02月07日","112年08月03日","112年08月07日","0.06","    690.46","","",
="035184","旺宏永豐29購01","0.00","","2337","旺宏","33.40","＋","認購","美式","112年02月07日","112年02月07日","112年09月04日","112年09月06日","0.59","    44.50","","",
="035185","台亞永豐29購01","0.00","","2340","台亞","36.30","＋","認購","美式","112年02月07日","112年02月07日","112年09月04日","112年09月06日","0.45","    46.53","","",
="035186","華邦電永豐29購01","1.46","＋","2344","華邦電","26.90","＋","認購","美式","112年02月07日","112年02月07日","112年09月04日","112年09月06日","0.65","    28.37","","",
="035187","威盛永豐29購01","1.03","＋","2388","威盛","83.10","＋","認購","美式","112年02月07日","112年02月07日","112年09月04日","112年09月06日","0.15","    94.12","","",
="035188","南亞科永豐28購01","1.80","＋","2408","南亞科","71.20","－","認購","美式","112年02月07日","112年02月07日","112年08月03日","112年08月07日","0.31","    70.80","","",
="035189","陽明永豐28購02","0.00","","2609","陽明","62.00","＋","認購","美式","112年02月07日","112年02月07日","112年08月03日","112年08月07日","0.23","    67.66","","",
="03518P","臺股指麥證2A售02","0.00","","IX0001","臺股指數","16,636.30","","認售","歐式","111年09月30日","112年10月02日","112年09月27日","112年10月02日","0.005","    10,000.00","","",
="03518U","元金2X群益29售01","0.51","",="00708L","期元大S&P黃金正2(原名：元大S&P黃金正2)","26.72","－","認售","歐式","112年01月11日","112年09月11日","112年09月07日","112年09月11日","0.342","    24.50","","",
="035190","王品永豐29購01","0.00","","2727","王品","320.00","－","認購","美式","112年02月07日","112年02月07日","112年09月04日","112年09月06日","0.066","    230.40","","",
="035191","晶豪科永豐28購01","0.00","","3006","晶豪科","88.20","＋","認購","美式","112年02月07日","112年02月07日","112年08月03日","112年08月07日","0.23","    108.74","","",
="035192","聯陽永豐28購01","3.91","＋","3014","聯陽","113.50","＋","認購","美式","112年02月07日","112年02月07日","112年08月03日","112年08月07日","0.21","    98.34","","",
="035193","健策永豐29購01","4.26","＋","3653","健策","616.00","＋","認購","美式","112年02月07日","112年02月07日","112年09月04日","112年09月06日","0.037","    553.50","","",
="035194","世芯永豐29購01","0.00","","3661","世芯-KY","1,660.00","＋","認購","美式","112年02月07日","112年02月07日","112年09月04日","112年09月06日","0.01","    1,172.50","","",
="035195","貿聯永豐2A購01","0.52","","3665","貿聯-KY","270.50","＋","認購","美式","112年02月07日","112年02月07日","112年10月04日","112年10月06日","0.06","    352.54","","",
="035196","合勤控永豐29購01","0.79","＋","3704","合勤控","43.85","＋","認購","美式","112年02月07日","112年02月07日","112年09月04日","112年09月06日","0.191","    47.28","","",
="035197","祥碩永豐28購02","2.54","＋","5269","祥碩","1,300.00","＋","認購","美式","112年02月07日","112年02月07日","112年08月03日","112年08月07日","0.014","    1,222.65","","",
="035198","台表科永豐29購01","0.84","","6278","台表科","100.50","＋","認購","美式","112年02月07日","112年02月07日","112年09月04日","112年09月06日","0.145","    116.06","","",
="035199","緯穎永豐29購01","3.66","＋","6669","緯穎","1,205.00","＋","認購","美式","112年02月07日","112年02月07日","112年09月04日","112年09月06日","0.021","    1,144.80","","",
="03519U","健策群益27售02","0.00","","3653","健策","616.00","＋","認售","歐式","112年01月11日","112年07月10日","112年07月06日","112年07月10日","0.07","    250.00","","",
="035200","裕隆第一2A購01","0.71","","2201","裕隆","82.80","＋","認購","美式","112年02月07日","112年02月07日","112年10月04日","112年10月06日","0.06","    85.58","","",
="035201","滬深2X凱基2C購02","0.43","",="00637L","元大滬深300正2","13.77","－","認購","美式","112年02月07日","112年02月07日","112年12月04日","112年12月06日","1.00","    21.00","","",
="035202","A50正2凱基2B購01","0.00","",="00655L","國泰中國A50正2","24.65","－","認購","美式","112年02月07日","112年02月07日","112年11月02日","112年11月06日","0.47","    38.00","","",
="035203","元油反凱基2B購02","0.00","",="00673R","期元大S&P原油反1(原名：元大S&P原油反1)","9.03","－","認購","美式","112年02月07日","112年02月07日","112年11月02日","112年11月06日","0.80","    9.00","","",
="035204","SGBR2X凱基32購01","1.11","＋",="00715L","期街口布蘭特正2","12.73","＋","認購","美式","112年02月07日","112年02月07日","113年02月02日","113年02月06日","0.50","    20.00","","",
="035205","中砂凱基29購01","0.24","－","1560","中砂","114.50","－","認購","美式","112年02月07日","112年02月07日","112年09月04日","112年09月06日","0.152","    180.00","","",
="035206","華新凱基2A購02","0.27","","1605","華新","46.60","＋","認購","美式","112年02月07日","112年02月07日","112年10月04日","112年10月06日","0.40","    73.00","","",
="035207","威盛凱基2A購02","1.79","","2388","威盛","83.10","＋","認購","美式","112年02月07日","112年02月07日","112年10月04日","112年10月06日","0.18","    95.00","","",
="035208","強茂凱基28購02","0.58","","2481","強茂","70.20","＋","認購","美式","112年02月07日","112年02月07日","112年08月03日","112年08月07日","0.40","    85.00","","",
="035209","華新科凱基28購02","0.00","","2492","華新科","101.00","＋","認購","美式","112年02月07日","112年02月07日","112年08月03日","112年08月07日","0.20","    122.00","","",
="03520U","華新元大27售07","0.00","","1605","華新","46.60","＋","認售","歐式","112年01月11日","112年07月10日","112年07月06日","112年07月10日","0.773","    32.55","","",
="035210","陽明凱基2C購01","1.10","","2609","陽明","62.00","＋","認購","美式","112年02月07日","112年02月07日","112年12月04日","112年12月06日","0.45","    90.00","","",
="035211","八方凱基29購01","0.00","","2753","八方雲集","167.00","","認購","美式","112年02月07日","112年02月07日","112年09月04日","112年09月06日","0.20","    320.00","","",
="035212","玉山金凱基28購01","0.00","","2884","玉山金","25.80","＋","認購","美式","112年02月07日","112年02月07日","112年08月03日","112年08月07日","1.009","    28.75","","",
="035213","景碩凱基28購02","0.00","","3189","景碩","116.00","＋","認購","美式","112年02月07日","112年02月07日","112年08月03日","112年08月07日","0.15","    160.00","","",
="035214","新唐凱基29購01","0.11","","4919","新唐","130.50","＋","認購","美式","112年02月07日","112年02月07日","112年09月04日","112年09月06日","0.16","    220.00","","",
="035215","新唐凱基29購02","0.32","＋","4919","新唐","130.50","＋","認購","美式","112年02月07日","112年02月07日","112年09月04日","112年09月06日","0.10","    180.00","","",
="035216","帆宣凱基29購01","0.32","－","6196","帆宣","131.50","","認購","美式","112年02月07日","112年02月07日","112年09月04日","112年09月06日","0.20","    190.00","","",
="035217","啟碁凱基29購02","0.29","","6285","啟碁","87.50","＋","認購","美式","112年02月07日","112年02月07日","112年09月04日","112年09月06日","0.30","    120.00","","",
="035218","晶碩凱基28購03","0.00","","6491","晶碩","366.50","＋","認購","美式","112年02月07日","112年02月07日","112年08月03日","112年08月07日","0.025","    500.00","","",
="035219","愛普凱基29購01","4.55","＋","6531","愛普*","328.50","＋","認購","美式","112年02月07日","112年02月07日","112年09月04日","112年09月06日","0.10","    320.00","","",
="03521U","台積電元大27售15","0.00","","2330","台積電","568.00","＋","認售","歐式","112年01月11日","112年07月10日","112年07月06日","112年07月10日","0.983","    248.65","","",
="035220","緯穎凱基29購04","0.00","","6669","緯穎","1,205.00","＋","認購","美式","112年02月07日","112年02月07日","112年09月04日","112年09月06日","0.028","    1,050.00","","",
="035221","力智凱基29購01","0.52","","6719","力智","303.00","＋","認購","美式","112年02月07日","112年02月07日","112年09月04日","112年09月06日","0.04","    380.00","","",
="035222","台達化國票29購01","0.00","","1309","台達化","19.90","－","認購","美式","112年02月07日","112年02月07日","112年09月04日","112年09月06日","0.50","    28.00","","",
="035223","華新國票29購01","0.00","","1605","華新","46.60","＋","認購","美式","112年02月07日","112年02月07日","112年09月04日","112年09月06日","0.25","    70.00","","",
="035224","華新國票2A購01","0.00","","1605","華新","46.60","＋","認購","美式","112年02月07日","112年02月07日","112年10月04日","112年10月06日","0.30","    75.00","","",
="035225","葡萄王國票29購01","0.00","","1707","葡萄王","175.00","＋","認購","美式","112年02月07日","112年02月07日","112年09月04日","112年09月06日","0.07","    200.00","","",
="035226","上銀國票29購01","0.57","＋","2049","上銀","235.50","＋","認購","美式","112年02月07日","112年02月07日","112年09月04日","112年09月06日","0.08","    280.00","","",
="035227","華通國票29購01","0.55","－","2313","華通","44.30","＋","認購","美式","112年02月07日","112年02月07日","112年09月04日","112年09月06日","1.062","    56.50","","",
="035228","華邦電國票29購01","1.56","＋","2344","華邦電","26.90","＋","認購","美式","112年02月07日","112年02月07日","112年09月04日","112年09月06日","0.80","    28.00","","",
="035229","金像電國票29購01","0.00","","2368","金像電","121.50","","認購","美式","112年02月07日","112年02月07日","112年09月04日","112年09月06日","0.166","    96.59","","",
="03522U","台積電元大27售16","0.00","","2330","台積電","568.00","＋","認售","歐式","112年01月11日","112年07月10日","112年07月06日","112年07月10日","0.133","    344.64","","",
="035230","瑞昱國票29購01","0.82","＋","2379","瑞昱","388.00","＋","認購","美式","112年02月07日","112年02月07日","112年09月04日","112年09月06日","0.12","    500.00","","",
="035231","華新科國票29購01","0.38","＋","2492","華新科","101.00","＋","認購","美式","112年02月07日","112年02月07日","112年09月04日","112年09月06日","0.06","    110.00","","",
="035232","三商壽國票28購01","0.00","","2867","三商壽","5.22","＋","認購","美式","112年02月07日","112年02月07日","112年08月03日","112年08月07日","1.006","    5.97","","",
="035233","三商壽國票29購01","0.00","","2867","三商壽","5.22","＋","認購","美式","112年02月07日","112年02月07日","112年09月04日","112年09月06日","1.006","    6.46","","",
="035234","玉山金國票28購01","0.73","＋","2884","玉山金","25.80","＋","認購","美式","112年02月07日","112年02月07日","112年08月03日","112年08月07日","0.757","    26.77","","",
="035235","晶豪科國票28購01","1.14","＋","3006","晶豪科","88.20","＋","認購","美式","112年02月07日","112年02月07日","112年08月03日","112年08月07日","0.15","    90.00","","",
="035236","晶豪科國票29購01","0.63","＋","3006","晶豪科","88.20","＋","認購","美式","112年02月07日","112年02月07日","112年09月04日","112年09月06日","0.30","    120.00","","",
="035237","大立光國票29購01","0.47","＋","3008","大立光","2,305.00","＋","認購","美式","112年02月07日","112年02月07日","112年09月04日","112年09月06日","0.012","    2,940.39","","",
="035238","智原國票29購01","0.23","＋","3035","智原","173.50","＋","認購","美式","112年02月07日","112年02月07日","112年09月04日","112年09月06日","0.12","    270.00","","",
="035239","欣興國票29購01","1.68","－","3037","欣興","182.50","－","認購","美式","112年02月07日","112年02月07日","112年09月04日","112年09月06日","0.08","    175.00","","",
="03523U","台積電元大27售17","0.00","","2330","台積電","568.00","＋","認售","歐式","112年01月11日","112年07月10日","112年07月06日","112年07月10日","0.106","    367.01","","",
="035240","景碩國票29購02","0.00","","3189","景碩","116.00","＋","認購","美式","112年02月07日","112年02月07日","112年09月04日","112年09月06日","0.06","    135.00","","",
="035241","嘉澤國票29購02","1.32","－","3533","嘉澤","909.00","－","認購","美式","112年02月07日","112年02月07日","112年09月04日","112年09月06日","0.025","    995.14","","",
="035242","健策國票29購01","0.00","","3653","健策","616.00","＋","認購","美式","112年02月07日","112年02月07日","112年09月04日","112年09月06日","0.04","    460.00","","",
="035243","上緯控國票28購01","0.00","","3708","上緯投控","96.50","－","認購","美式","112年02月07日","112年02月07日","112年08月03日","112年08月07日","0.10","    145.00","","",
="035244","新唐國票29購01","0.15","＋","4919","新唐","130.50","＋","認購","美式","112年02月07日","112年02月07日","112年09月04日","112年09月06日","0.09","    190.00","","",
="035245","彩晶國票28購01","0.25","","6116","彩晶","12.25","＋","認購","美式","112年02月07日","112年02月07日","112年08月03日","112年08月07日","0.65","    14.00","","",
="035246","緯穎國票29購02","0.00","","6669","緯穎","1,205.00","＋","認購","美式","112年02月07日","112年02月07日","112年09月04日","112年09月06日","0.018","    900.00","","",
="035247","富鼎國票29購01","0.00","","8261","富鼎","106.50","＋","認購","美式","112年02月07日","112年02月07日","112年09月04日","112年09月06日","0.09","    140.00","","",
="035248","世紀鋼國票2A購01","0.38","＋","9958","世紀鋼","109.50","＋","認購","美式","112年02月07日","112年02月07日","112年10月04日","112年10月06日","0.10","    140.00","","",
="035249","華新兆豐2A購01","0.00","","1605","華新","46.60","＋","認購","美式","112年02月07日","112年02月07日","112年10月04日","112年10月06日","0.15","    65.00","","",
="03524U","大立光元大27售09","0.00","","3008","大立光","2,305.00","＋","認售","歐式","112年01月11日","112年07月10日","112年07月06日","112年07月10日","0.10","    1,249.67","","",
="035250","台積電兆豐2A購04","0.00","","2330","台積電","568.00","＋","認購","美式","112年02月07日","112年02月07日","112年10月04日","112年10月06日","0.036","    584.84","","",
="035251","大立光兆豐29購01","0.60","＋","3008","大立光","2,305.00","＋","認購","美式","112年02月07日","112年02月07日","112年09月04日","112年09月06日","0.004","    2,352.31","","",
="035252","華邦電台新28購01","1.10","","2344","華邦電","26.90","＋","認購","歐式","112年02月07日","112年08月07日","112年08月03日","112年08月07日","0.85","    30.00","","",
="035253","新唐台新28購01","0.00","","4919","新唐","130.50","＋","認購","歐式","112年02月07日","112年08月07日","112年08月03日","112年08月07日","0.10","    185.00","","",
="035254","華新統一2A購04","0.00","","1605","華新","46.60","＋","認購","美式","112年02月07日","112年02月07日","112年10月04日","112年10月06日","0.15","    70.00","","",
="035255","華新統一32購02","0.46","＋","1605","華新","46.60","＋","認購","美式","112年02月07日","112年02月07日","113年02月02日","113年02月06日","0.10","    60.66","","",
="035256","華新統一32購03","0.00","","1605","華新","46.60","＋","認購","美式","112年02月07日","112年02月07日","113年02月02日","113年02月06日","0.10","    80.00","","",
="035257","大亞統一2C購01","0.00","","1609","大亞","31.00","＋","認購","美式","112年02月07日","112年02月07日","112年12月04日","112年12月06日","0.22","    31.68","","",
="035258","裕隆統一2A購02","0.00","","2201","裕隆","82.80","＋","認購","美式","112年02月07日","112年02月07日","112年10月04日","112年10月06日","0.07","    111.11","","",
="035259","聯電統一32購01","0.53","＋","2303","聯電","51.20","＋","認購","美式","112年02月07日","112年02月07日","113年02月02日","113年02月06日","0.088","    66.66","","",
="03525U","聯詠元大27售12","0.00","","3034","聯詠","423.50","＋","認售","歐式","112年01月11日","112年07月10日","112年07月06日","112年07月10日","0.055","    313.50","","",
="035260","順德統一2A購01","0.56","","2351","順德","123.00","＋","認購","美式","112年02月07日","112年02月07日","112年10月04日","112年10月06日","0.05","    141.30","","",
="035261","威盛統一31購01","0.74","＋","2388","威盛","83.10","＋","認購","美式","112年02月07日","112年02月07日","113年01月04日","113年01月08日","0.043","    88.88","","",
="035262","華新科統一32購01","0.00","","2492","華新科","101.00","＋","認購","美式","112年02月07日","112年02月07日","113年02月02日","113年02月06日","0.04","    121.68","","",
="035263","宏達電統一2A購02","0.40","","2498","宏達電","61.50","＋","認購","美式","112年02月07日","112年02月07日","112年10月04日","112年10月06日","0.09","    80.20","","",
="035264","長榮統一2A購06","0.61","＋","2603","長榮","157.00","＋","認購","美式","112年02月07日","112年02月07日","112年10月04日","112年10月06日","0.04","    168.00","","",
="035265","長榮航統一2A購04","1.03","＋","2618","長榮航","33.60","＋","認購","美式","112年02月07日","112年02月07日","112年10月04日","112年10月06日","0.25","    33.10","","",
="035266","晶豪科統一2A購01","0.78","＋","3006","晶豪科","88.20","＋","認購","美式","112年02月07日","112年02月07日","112年10月04日","112年10月06日","0.07","    96.60","","",
="035267","智原統一2C購02","0.29","＋","3035","智原","173.50","＋","認購","美式","112年02月07日","112年02月07日","112年12月04日","112年12月06日","0.02","    230.70","","",
="035268","世芯統一2C購01","0.00","","3661","世芯-KY","1,660.00","＋","認購","美式","112年02月07日","112年02月07日","112年12月04日","112年12月06日","0.004","    999.99","","",
="035269","世芯統一31購01","2.07","＋","3661","世芯-KY","1,660.00","＋","認購","美式","112年02月07日","112年02月07日","113年01月04日","113年01月08日","0.003","    1,088.88","","",
="03526P","台積電群益26售05","0.00","","2330","台積電","568.00","＋","認售","歐式","111年12月02日","112年06月01日","112年05月30日","112年06月01日","0.055","    445.01","","",
="03526U","欣興元大27售09","0.00","","3037","欣興","182.50","－","認售","歐式","112年01月11日","112年07月10日","112年07月06日","112年07月10日","0.086","    113.50","","",
="035270","世芯統一31購02","1.90","＋","3661","世芯-KY","1,660.00","＋","認購","美式","112年02月07日","112年02月07日","113年01月04日","113年01月08日","0.003","    1,234.56","","",
="035271","世芯統一32購01","2.09","＋","3661","世芯-KY","1,660.00","＋","認購","美式","112年02月07日","112年02月07日","113年02月02日","113年02月06日","0.003","    1,168.88","","",
="035272","新唐統一2B購01","0.27","","4919","新唐","130.50","＋","認購","美式","112年02月07日","112年02月07日","112年11月02日","112年11月06日","0.03","    172.50","","",
="035273","新唐統一31購01","0.39","","4919","新唐","130.50","＋","認購","美式","112年02月07日","112年02月07日","113年01月04日","113年01月08日","0.014","    168.88","","",
="035274","愛普統一2A購01","1.69","","6531","愛普*","328.50","＋","認購","美式","112年02月07日","112年02月07日","112年10月04日","112年10月06日","0.025","    295.80","","",
="035275","愛普統一31購02","0.99","＋","6531","愛普*","328.50","＋","認購","美式","112年02月07日","112年02月07日","113年01月04日","113年01月08日","0.014","    345.67","","",
="035276","晶心科統一2B購05","0.00","","6533","晶心科","511.00","＋","認購","美式","112年02月07日","112年02月07日","112年11月02日","112年11月06日","0.009","    700.00","","",
="035277","力積電統一2C購01","0.29","","6770","力積電","30.85","＋","認購","美式","112年02月07日","112年02月07日","112年12月04日","112年12月06日","0.151","    40.54","","",
="035278","葡萄王中信28購01","0.00","","1707","葡萄王","175.00","＋","認購","歐式","112年02月07日","112年08月07日","112年08月03日","112年08月07日","0.20","    258.00","","",
="035279","台積電中信2C購07","0.00","","2330","台積電","568.00","＋","認購","歐式","112年02月07日","112年12月06日","112年12月04日","112年12月06日","0.01","    492.34","","",
="03527P","創意群益26售01","0.00","","3443","創意","1,515.00","＋","認售","歐式","111年12月02日","112年06月01日","112年05月30日","112年06月01日","0.034","    408.00","","",
="03527U","景碩元大27售05","0.00","","3189","景碩","116.00","＋","認售","歐式","112年01月11日","112年07月10日","112年07月06日","112年07月10日","0.186","    80.00","","",
="035280","台積電中信2C購08","0.77","","2330","台積電","568.00","＋","認購","歐式","112年02月07日","112年12月06日","112年12月04日","112年12月06日","0.015","    576.88","","",
="035281","台積電中信2C購09","0.81","","2330","台積電","568.00","＋","認購","歐式","112年02月07日","112年12月06日","112年12月04日","112年12月06日","0.02","    596.77","","",
="035282","台積電中信2C購10","2.19","＋","2330","台積電","568.00","＋","認購","歐式","112年02月07日","112年12月06日","112年12月04日","112年12月06日","0.03","    542.07","","",
="035283","宏達電中信2A購01","0.18","＋","2498","宏達電","61.50","＋","認購","歐式","112年02月07日","112年10月06日","112年10月04日","112年10月06日","0.12","    98.80","","",
="035284","康舒中信2A購01","1.08","＋","6282","康舒","44.05","＋","認購","歐式","112年02月07日","112年10月06日","112年10月04日","112年10月06日","0.20","    50.00","","",
="035285","滬深2X國泰2A購01","0.00","",="00637L","元大滬深300正2","13.77","－","認購","美式","112年02月07日","112年02月07日","112年10月04日","112年10月06日","1.00","    20.00","","",
="035286","創意國泰2A購01","7.10","","3443","創意","1,515.00","＋","認購","美式","112年02月07日","112年02月07日","112年10月04日","112年10月06日","0.015","    1,050.00","","",
="035287","創意國泰2A購02","7.30","＋","3443","創意","1,515.00","＋","認購","美式","112年02月07日","112年02月07日","112年10月04日","112年10月06日","0.015","    1,100.00","","",
="035288","台亞康和28購01","0.00","","2340","台亞","36.30","＋","認購","美式","112年02月07日","112年02月07日","112年08月03日","112年08月07日","0.25","    46.20","","",
="035289","陽明康和28購01","0.58","","2609","陽明","62.00","＋","認購","美式","112年02月07日","112年02月07日","112年08月03日","112年08月07日","0.18","    65.00","","",
="03528P","元石油國票26售01","0.16","",="00642U","期元大S&P石油(原名：元大S&P石油)","15.46","＋","認售","歐式","111年10月03日","112年06月02日","112年05月31日","112年06月02日","0.649","    15.00","","",
="03528U","健策元大27售02","0.00","","3653","健策","616.00","＋","認售","歐式","112年01月11日","112年07月10日","112年07月06日","112年07月10日","0.452","    185.00","","",
="035290","長榮航康和29購01","0.78","＋","2618","長榮航","33.60","＋","認購","美式","112年02月07日","112年02月07日","112年09月04日","112年09月06日","0.80","    40.00","","",
="035291","晶華康和28購01","0.75","－","2707","晶華","288.00","＋","認購","美式","112年02月07日","112年02月07日","112年08月03日","112年08月07日","0.04","    305.00","","",
="035292","創意康和2A購01","4.11","＋","3443","創意","1,515.00","＋","認購","美式","112年02月07日","112年02月07日","112年10月04日","112年10月06日","0.01","    1,200.00","","",
="035293","群創康和28購01","0.00","","3481","群創","14.10","＋","認購","美式","112年02月07日","112年02月07日","112年08月03日","112年08月07日","0.80","    12.50","","",
="035294","群創康和2A購01","1.17","＋","3481","群創","14.10","＋","認購","美式","112年02月07日","112年02月07日","112年10月04日","112年10月06日","1.00","    15.00","","",
="035295","上品康和28購01","0.00","","4770","上品","297.00","＋","認購","美式","112年02月07日","112年02月07日","112年08月03日","112年08月07日","0.026","    392.96","","",
="035296","天鈺康和28購01","0.00","","4961","天鈺","154.00","＋","認購","美式","112年02月07日","112年02月07日","112年08月03日","112年08月07日","0.06","    176.00","","",
="035297","力積電康和28購01","0.00","","6770","力積電","30.85","＋","認購","美式","112年02月07日","112年02月07日","112年08月03日","112年08月07日","0.454","    41.93","","",
="035298","矽創康和28購01","0.00","","8016","矽創","225.50","＋","認購","美式","112年02月07日","112年02月07日","112年08月03日","112年08月07日","0.06","    257.00","","",
="035299","FBNQ2X群益28購03","0.00","",="00670L","富邦NASDAQ正2","78.90","＋","認購","美式","112年02月07日","112年02月07日","112年08月03日","112年08月07日","0.15","    80.00","","",
="03529P","鴻海國票26售01","0.00","","2317","鴻海","105.50","＋","認售","歐式","111年10月03日","112年06月02日","112年05月31日","112年06月02日","0.40","    80.00","","",
="03529U","晶心科元大27售05","0.00","","6533","晶心科","511.00","＋","認售","歐式","112年01月11日","112年07月10日","112年07月06日","112年07月10日","0.011","    465.00","","",
="035300","新光鋼群益28購02","0.28","－","2031","新光鋼","48.80","－","認購","美式","112年02月07日","112年02月07日","112年08月03日","112年08月07日","0.748","    66.00","","",
="035301","國巨群益28購04","0.00","","2327","國巨","508.00","＋","認購","美式","112年02月07日","112年02月07日","112年08月03日","112年08月07日","0.055","    800.00","","",
="035302","漢唐群益29購01","1.17","＋","2404","漢唐","227.50","＋","認購","美式","112年02月07日","112年02月07日","112年09月04日","112年09月06日","0.12","    255.00","","",
="035303","義隆群益29購01","0.35","","2458","義隆","104.00","＋","認購","美式","112年02月07日","112年02月07日","112年09月04日","112年09月06日","0.124","    131.73","","",
="035304","華新科群益28購03","0.00","","2492","華新科","101.00","＋","認購","美式","112年02月07日","112年02月07日","112年08月03日","112年08月07日","0.138","    118.80","","",
="035305","大立光群益28購05","0.54","＋","3008","大立光","2,305.00","＋","認購","美式","112年02月07日","112年02月07日","112年08月03日","112年08月07日","0.016","    2,830.61","","",
="035306","智原群益28購03","0.00","","3035","智原","173.50","＋","認購","美式","112年02月07日","112年02月07日","112年08月03日","112年08月07日","0.20","    260.00","","",
="035307","嘉澤群益28購03","1.51","－","3533","嘉澤","909.00","－","認購","美式","112年02月07日","112年02月07日","112年08月03日","112年08月07日","0.03","    995.14","","",
="035308","敦泰群益29購02","0.00","","3545","敦泰","83.70","＋","認購","美式","112年02月07日","112年02月07日","112年09月04日","112年09月06日","0.30","    105.00","","",
="035309","瑞鼎群益28購01","0.00","","3592","瑞鼎","348.00","＋","認購","美式","112年02月07日","112年02月07日","112年08月03日","112年08月07日","0.039","    539.00","","",
="03530U","滬深2X元富27售03","1.82","",="00637L","元大滬深300正2","13.77","－","認售","歐式","112年01月11日","112年07月10日","112年07月06日","112年07月10日","1.00","    15.50","","",
="035310","嘉聯益群益28購02","0.00","","6153","嘉聯益","23.15","＋","認購","美式","112年02月07日","112年02月07日","112年08月03日","112年08月07日","0.45","    32.00","","",
="035311","帆宣群益28購01","0.00","","6196","帆宣","131.50","","認購","美式","112年02月07日","112年02月07日","112年08月03日","112年08月07日","0.16","    188.00","","",
="035312","元晶群益28購01","0.00","","6443","元晶","36.20","＋","認購","美式","112年02月07日","112年02月07日","112年08月03日","112年08月07日","0.919","    53.00","","",
="035313","晶碩群益28購02","0.00","","6491","晶碩","366.50","＋","認購","美式","112年02月07日","112年02月07日","112年08月03日","112年08月07日","0.08","    690.00","","",
="035314","愛普群益29購05","0.00","","6531","愛普*","328.50","＋","認購","美式","112年02月07日","112年02月07日","112年09月04日","112年09月06日","0.08","    290.00","","",
="035315","晶心科群益2A購01","0.38","","6533","晶心科","511.00","＋","認購","美式","112年02月07日","112年02月07日","112年10月04日","112年10月06日","0.02","    750.00","","",
="035316","矽創群益28購02","0.00","","8016","矽創","225.50","＋","認購","美式","112年02月07日","112年02月07日","112年08月03日","112年08月07日","0.12","    268.00","","",
="035317","臺股指群益2A購07","0.00","","IX0001","臺股指數","16,636.30","","認購","歐式","112年02月07日","112年10月06日","112年10月04日","112年10月06日","0.003","    15,900.00","","",
="035318","臺股指群益2A購08","2.10","＋","IX0001","臺股指數","16,636.30","","認購","歐式","112年02月07日","112年10月06日","112年10月04日","112年10月06日","0.003","    16,300.00","","",
="035319","華城元富2B購01","0.00","","1519","華城","141.00","＋","認購","美式","112年02月07日","112年02月07日","112年11月02日","112年11月06日","0.129","    75.00","","",
="03531P","華航國票26售02","0.00","","2610","華航","21.65","＋","認售","歐式","111年10月03日","112年06月02日","112年05月31日","112年06月02日","1.00","    16.00","","",
="03531U","聚陽元富27售02","0.00","","1477","聚陽","219.00","＋","認售","歐式","112年01月11日","112年07月10日","112年07月06日","112年07月10日","0.107","    172.67","","",
="035320","華新元富2B購02","0.00","","1605","華新","46.60","＋","認購","美式","112年02月07日","112年02月07日","112年11月02日","112年11月06日","0.20","    65.00","","",
="035321","上銀元富28購02","0.00","","2049","上銀","235.50","＋","認購","美式","112年02月07日","112年02月07日","112年08月03日","112年08月07日","0.10","    280.00","","",
="035322","裕隆元富28購04","0.00","","2201","裕隆","82.80","＋","認購","美式","112年02月07日","112年02月07日","112年08月03日","112年08月07日","0.37","    119.00","","",
="035323","為升元富2B購01","0.00","","2231","為升","172.50","＋","認購","美式","112年02月07日","112年02月07日","112年11月02日","112年11月06日","0.05","    180.00","","",
="035324","華邦電元富29購01","1.77","＋","2344","華邦電","26.90","＋","認購","美式","112年02月07日","112年02月07日","112年09月04日","112年09月06日","0.55","    26.50","","",
="035325","威盛元富2B購01","1.08","＋","2388","威盛","83.10","＋","認購","美式","112年02月07日","112年02月07日","112年11月02日","112年11月06日","0.10","    90.00","","",
="035326","義隆元富29購01","0.33","","2458","義隆","104.00","＋","認購","美式","112年02月07日","112年02月07日","112年09月04日","112年09月06日","0.093","    135.81","","",
="035327","宏達電元富2B購01","0.18","＋","2498","宏達電","61.50","＋","認購","美式","112年02月07日","112年02月07日","112年11月02日","112年11月06日","0.15","    90.00","","",
="035328","晶豪科元富29購01","1.33","＋","3006","晶豪科","88.20","＋","認購","美式","112年02月07日","112年02月07日","112年09月04日","112年09月06日","0.20","    98.00","","",
="035329","天鈺元富28購02","0.00","","4961","天鈺","154.00","＋","認購","美式","112年02月07日","112年02月07日","112年08月03日","112年08月07日","0.10","    170.00","","",
="03532U","寶齡元富27售03","0.00","","1760","寶齡富錦","148.50","","認售","歐式","112年01月11日","112年07月10日","112年07月06日","112年07月10日","0.06","    155.00","","",
="035330","祥碩元富2B購01","3.79","＋","5269","祥碩","1,300.00","＋","認購","美式","112年02月07日","112年02月07日","112年11月02日","112年11月06日","0.015","    1,200.00","","",
="035331","愛普元富28購02","0.00","","6531","愛普*","328.50","＋","認購","美式","112年02月07日","112年02月07日","112年08月03日","112年08月07日","0.037","    250.00","","",
="035332","矽創元富29購01","0.00","","8016","矽創","225.50","＋","認購","美式","112年02月07日","112年02月07日","112年09月04日","112年09月06日","0.10","    260.00","","",
="035333","世紀鋼元富28購01","0.42","＋","9958","世紀鋼","109.50","＋","認購","美式","112年02月07日","112年02月07日","112年08月03日","112年08月07日","0.10","    135.00","","",
="035334","台灣50麥證2A購01","0.53","＋",="0050","元大台灣50","126.75","＋","認購","歐式","112年02月07日","112年10月06日","112年10月04日","112年10月06日","1.00","    150.00","","",
="035335","華新科麥證28購01","0.00","","2492","華新科","101.00","＋","認購","歐式","112年02月07日","112年08月07日","112年08月03日","112年08月07日","0.30","    135.00","","",
="035336","裕隆富邦2B購01","0.00","","2201","裕隆","82.80","＋","認購","美式","112年02月07日","112年02月07日","112年11月02日","112年11月06日","0.15","    110.00","","",
="035337","華新科富邦2C購01","0.00","","2492","華新科","101.00","＋","認購","美式","112年02月07日","112年02月07日","112年12月04日","112年12月06日","0.15","    140.00","","",
="035338","晶豪科富邦2C購01","0.61","＋","3006","晶豪科","88.20","＋","認購","美式","112年02月07日","112年02月07日","112年12月04日","112年12月06日","0.05","    99.00","","",
="035339","新唐富邦28購02","0.00","","4919","新唐","130.50","＋","認購","美式","112年02月07日","112年02月07日","112年08月03日","112年08月07日","0.05","    190.00","","",
="03533U","廣宇元富27售01","0.27","","2328","廣宇","39.40","＋","認售","歐式","112年01月11日","112年07月10日","112年07月06日","112年07月10日","1.00","    31.00","","",
="035340","世紀鋼富邦2A購01","0.53","＋","9958","世紀鋼","109.50","＋","認購","美式","112年02月07日","112年02月07日","112年10月04日","112年10月06日","0.10","    140.00","","",
="035341","臺股指富邦29購04","0.00","","IX0001","臺股指數","16,636.30","","認購","歐式","112年02月07日","112年09月06日","112年09月04日","112年09月06日","0.005","    17,800.00","","",
="035342","臺股指富邦2C購01","0.00","","IX0001","臺股指數","16,636.30","","認購","歐式","112年02月07日","112年12月06日","112年12月04日","112年12月06日","0.002","    17,500.00","","",
="035343","滬深2X元大2A購04","0.00","",="00637L","元大滬深300正2","13.77","－","認購","美式","112年02月07日","112年02月07日","112年10月04日","112年10月06日","0.40","    18.00","","",
="035344","滬深2X元大2B購01","0.25","＋",="00637L","元大滬深300正2","13.77","－","認購","美式","112年02月07日","112年02月07日","112年11月02日","112年11月06日","0.50","    19.00","","",
="035345","聚陽元大28購02","0.00","","1477","聚陽","219.00","＋","認購","美式","112年02月07日","112年02月07日","112年08月03日","112年08月07日","0.053","    200.82","","",
="035346","聚陽元大2A購01","1.38","－","1477","聚陽","219.00","＋","認購","美式","112年02月07日","112年02月07日","112年10月04日","112年10月06日","0.103","    261.35","","",
="035347","中華元大28購01","0.00","","2204","中華","91.60","－","認購","美式","112年02月07日","112年02月07日","112年08月03日","112年08月07日","0.396","    70.40","","",
="035348","聯電元大28購04","0.55","","2303","聯電","51.20","＋","認購","美式","112年02月07日","112年02月07日","112年08月03日","112年08月07日","0.54","    60.80","","",
="035349","聯電元大29購04","0.00","","2303","聯電","51.20","＋","認購","美式","112年02月07日","112年02月07日","112年09月04日","112年09月06日","0.639","    64.90","","",
="03534U","台亞元富27售01","0.00","","2340","台亞","36.30","＋","認售","歐式","112年01月11日","112年07月10日","112年07月06日","112年07月10日","0.70","    30.00","","",
="035350","聯電元大2A購03","0.00","","2303","聯電","51.20","＋","認購","美式","112年02月07日","112年02月07日","112年10月04日","112年10月06日","0.869","    71.80","","",
="035351","鴻海元大29購12","1.23","","2317","鴻海","105.50","＋","認購","美式","112年02月07日","112年02月07日","112年09月04日","112年09月06日","0.245","    114.50","","",
="035352","光罩元大28購04","0.00","","2338","光罩","81.80","＋","認購","美式","112年02月07日","112年02月07日","112年08月03日","112年08月07日","0.037","    90.00","","",
="035353","台光電元大28購03","0.75","＋","2383","台光電","204.50","＋","認購","美式","112年02月07日","112年02月07日","112年08月03日","112年08月07日","0.108","    245.50","","",
="035354","華新科元大28購02","0.95","＋","2492","華新科","101.00","＋","認購","美式","112年02月07日","112年02月07日","112年08月03日","112年08月07日","0.273","    120.00","","",
="035355","宏達電元大29購02","0.00","","2498","宏達電","61.50","＋","認購","美式","112年02月07日","112年02月07日","112年09月04日","112年09月06日","0.482","    100.00","","",
="035356","長榮元大29購10","0.00","","2603","長榮","157.00","＋","認購","美式","112年02月07日","112年02月07日","112年09月04日","112年09月06日","0.101","    165.00","","",
="035357","長榮元大2A購21","0.00","","2603","長榮","157.00","＋","認購","美式","112年02月07日","112年02月07日","112年10月04日","112年10月06日","0.133","    193.00","","",
="035358","長榮元大2B購06","1.31","＋","2603","長榮","157.00","＋","認購","美式","112年02月07日","112年02月07日","112年11月02日","112年11月06日","0.127","    200.50","","",
="035359","陽明元大29購06","1.21","＋","2609","陽明","62.00","＋","認購","美式","112年02月07日","112年02月07日","112年09月04日","112年09月06日","0.224","    65.10","","",
="03535U","宏碁元富27售01","0.00","","2353","宏碁","31.05","＋","認售","歐式","112年01月11日","112年07月10日","112年07月06日","112年07月10日","1.00","    20.00","","",
="035360","臺企銀元大28購01","0.00","","2834","臺企銀","14.10","＋","認購","美式","112年02月07日","112年02月07日","112年08月03日","112年08月07日","1.00","    15.18","","",
="035361","智原元大29購03","1.01","＋","3035","智原","173.50","＋","認購","美式","112年02月07日","112年02月07日","112年09月04日","112年09月06日","0.063","    194.50","","",
="035362","智原元大2A購02","1.13","＋","3035","智原","173.50","＋","認購","美式","112年02月07日","112年02月07日","112年10月04日","112年10月06日","0.051","    187.50","","",
="035363","智原元大2B購02","0.81","＋","3035","智原","173.50","＋","認購","美式","112年02月07日","112年02月07日","112年11月02日","112年11月06日","0.086","    254.00","","",
="035364","欣興元大29購02","0.00","","3037","欣興","182.50","－","認購","美式","112年02月07日","112年02月07日","112年09月04日","112年09月06日","0.081","    153.00","","",
="035365","欣興元大2A購02","2.73","－","3037","欣興","182.50","－","認購","美式","112年02月07日","112年02月07日","112年10月04日","112年10月06日","0.084","    170.00","","",
="035366","緯創元大28購01","0.00","","3231","緯創","68.00","＋","認購","美式","112年02月07日","112年02月07日","112年08月03日","112年08月07日","1.00","    36.65","","",
="035367","創意元大29購02","10.00","＋","3443","創意","1,515.00","＋","認購","美式","112年02月07日","112年02月07日","112年09月04日","112年09月06日","0.027","    1,295.00","","",
="035368","晶睿元大29購02","0.00","","3454","晶睿","182.50","＋","認購","美式","112年02月07日","112年02月07日","112年09月04日","112年09月06日","0.055","    325.00","","",
="035369","天鈺元大28購04","0.95","－","4961","天鈺","154.00","＋","認購","美式","112年02月07日","112年02月07日","112年08月03日","112年08月07日","0.056","    154.50","","",
="03536U","華碩元富27售01","0.00","","2357","華碩","303.50","－","認售","歐式","112年01月11日","112年07月10日","112年07月06日","112年07月10日","0.30","    220.00","","",
="035370","同欣電元大28購03","0.00","","6271","同欣電","179.50","＋","認購","美式","112年02月07日","112年02月07日","112年08月03日","112年08月07日","0.164","    361.00","","",
="035371","台表科元大28購02","0.00","","6278","台表科","100.50","＋","認購","美式","112年02月07日","112年02月07日","112年08月03日","112年08月07日","0.19","    102.50","","",
="035372","康舒元大29購01","2.39","＋","6282","康舒","44.05","＋","認購","美式","112年02月07日","112年02月07日","112年09月04日","112年09月06日","0.335","    40.65","","",
="035373","穎崴元大28購02","0.00","","6515","穎崴","830.00","－","認購","美式","112年02月07日","112年02月07日","112年08月03日","112年08月07日","0.028","    503.00","","",
="035374","致新元大28購02","0.00","","8081","致新","191.50","＋","認購","美式","112年02月07日","112年02月07日","112年08月03日","112年08月07日","0.045","    172.50","","",
="035375","富邦媒元大29購04","0.00","","8454","富邦媒","703.00","＋","認購","美式","112年02月07日","112年02月07日","112年09月04日","112年09月06日","0.03","    1,205.00","","",
="035376","義隆永豐29購01","0.00","","2458","義隆","104.00","＋","認購","美式","112年02月08日","112年02月08日","112年09月05日","112年09月07日","0.124","    125.40","","",
="035377","台勝科永豐28購01","0.00","","3532","台勝科","157.00","＋","認購","美式","112年02月08日","112年02月08日","112年08月03日","112年08月07日","0.088","    212.29","","",
="035378","國光生永豐28購01","0.00","","4142","國光生","37.80","＋","認購","美式","112年02月08日","112年02月08日","112年08月03日","112年08月07日","0.24","    49.11","","",
="035379","元日2X國票2A購01","0.00","",="00706L","期元大S&P日圓正2(原名：元大S&P日圓正2)","8.72","－","認購","美式","112年02月08日","112年02月08日","112年10月05日","112年10月11日","0.991","    11.50","","",
="03537U","金像電元富27售02","0.00","","2368","金像電","121.50","","認售","歐式","112年01月11日","112年07月10日","112年07月06日","112年07月10日","0.414","    67.61","","",
="035380","亞泥國票28購01","1.02","－","1102","亞泥","43.85","－","認購","美式","112年02月08日","112年02月08日","112年08月03日","112年08月07日","0.50","    45.00","","",
="035381","中興電國票29購01","0.00","","1513","中興電","113.50","＋","認購","美式","112年02月08日","112年02月08日","112年09月05日","112年09月07日","0.513","    102.00","","",
="035382","為升國票29購01","0.47","","2231","為升","172.50","＋","認購","美式","112年02月08日","112年02月08日","112年09月05日","112年09月07日","0.09","    220.00","","",
="035383","鴻海國票29購02","0.00","","2317","鴻海","105.50","＋","認購","美式","112年02月08日","112年02月08日","112年09月05日","112年09月07日","0.50","    130.00","","",
="035384","國巨國票28購01","0.14","＋","2327","國巨","508.00","＋","認購","美式","112年02月08日","112年02月08日","112年08月03日","112年08月07日","0.07","    700.00","","",
="035385","國巨國票29購01","0.64","＋","2327","國巨","508.00","＋","認購","美式","112年02月08日","112年02月08日","112年09月05日","112年09月07日","0.025","    550.00","","",
="035386","國巨國票29購02","0.24","＋","2327","國巨","508.00","＋","認購","美式","112年02月08日","112年02月08日","112年09月05日","112年09月07日","0.10","    800.00","","",
="035387","台積電國票28購06","0.00","","2330","台積電","568.00","＋","認購","美式","112年02月08日","112年02月08日","112年08月03日","112年08月07日","0.121","    671.37","","",
="035388","台積電國票28購07","0.42","－","2330","台積電","568.00","＋","認購","美式","112年02月08日","112年02月08日","112年08月03日","112年08月07日","0.201","    745.96","","",
="035389","光罩國票29購02","0.48","＋","2338","光罩","81.80","＋","認購","美式","112年02月08日","112年02月08日","112年09月05日","112年09月07日","0.249","    110.00","","",
="03538U","技嘉元富27售01","0.00","","2376","技嘉","186.00","＋","認售","歐式","112年01月11日","112年07月10日","112年07月06日","112年07月10日","0.30","    95.00","","",
="035390","聯強國票29購01","0.74","","2347","聯強","64.40","－","認購","美式","112年02月08日","112年02月08日","112年09月05日","112年09月07日","0.30","    70.00","","",
="035391","全新國票28購01","0.00","","2455","全新","100.00","","認購","美式","112年02月08日","112年02月08日","112年08月03日","112年08月07日","0.10","    85.00","","",
="035392","強茂國票28購01","0.68","","2481","強茂","70.20","＋","認購","美式","112年02月08日","112年02月08日","112年08月03日","112年08月07日","0.25","    80.00","","",
="035393","萬海國票29購02","0.08","","2615","萬海","60.00","＋","認購","美式","112年02月08日","112年02月08日","112年09月05日","112年09月07日","0.25","    95.00","","",
="035394","創意國票29購01","25.30","＋","3443","創意","1,515.00","＋","認購","美式","112年02月08日","112年02月08日","112年09月05日","112年09月07日","0.08","    1,290.00","","",
="035395","台勝科國票29購01","0.42","＋","3532","台勝科","157.00","＋","認購","美式","112年02月08日","112年02月08日","112年09月05日","112年09月07日","0.10","    220.00","","",
="035396","上品國票29購01","0.00","","4770","上品","297.00","＋","認購","美式","112年02月08日","112年02月08日","112年09月05日","112年09月07日","0.042","    384.31","","",
="035397","樺漢國票29購01","2.20","＋","6414","樺漢","281.00","＋","認購","美式","112年02月08日","112年02月08日","112年09月05日","112年09月07日","0.29","    345.00","","",
="035398","愛普國票28購02","1.76","＋","6531","愛普*","328.50","＋","認購","美式","112年02月08日","112年02月08日","112年08月03日","112年08月07日","0.075","    350.00","","",
="035399","愛普國票29購01","2.33","＋","6531","愛普*","328.50","＋","認購","美式","112年02月08日","112年02月08日","112年09月05日","112年09月07日","0.045","    300.00","","",
="03539U","凌陽元富27售01","0.00","","2401","凌陽","24.90","＋","認售","歐式","112年01月11日","112年07月10日","112年07月06日","112年07月10日","1.00","    19.00","","",
="035400","南電國票29購02","2.13","－","8046","南電","302.50","－","認購","美式","112年02月08日","112年02月08日","112年09月05日","112年09月07日","0.06","    300.00","","",
="035401","台積電第一31購03","0.00","","2330","台積電","568.00","＋","認購","美式","112年02月08日","112年02月08日","113年01月04日","113年01月08日","0.011","    573.85","","",
="035402","聯詠第一2A購01","1.20","","3034","聯詠","423.50","＋","認購","美式","112年02月08日","112年02月08日","112年10月05日","112年10月11日","0.017","    396.00","","",
="035403","美費半群益2A購02","1.50","",="00830","國泰費城半導體","31.65","＋","認購","美式","112年02月08日","112年02月08日","112年10月05日","112年10月11日","0.60","    33.50","","",
="035404","智能車群益2B購01","1.77","＋",="00893","國泰智能電動車","15.74","＋","認購","美式","112年02月08日","112年02月08日","112年11月03日","112年11月07日","1.00","    17.00","","",
="035405","為升群益29購02","0.75","＋","2231","為升","172.50","＋","認購","美式","112年02月08日","112年02月08日","112年09月05日","112年09月07日","0.075","    198.80","","",
="035406","聯電群益28購02","0.63","＋","2303","聯電","51.20","＋","認購","美式","112年02月08日","112年02月08日","112年08月03日","112年08月07日","0.36","    55.00","","",
="035407","富邦金群益28購02","0.83","","2881","富邦金","61.10","＋","認購","美式","112年02月08日","112年02月08日","112年08月03日","112年08月07日","0.60","    68.00","","",
="035408","中信金群益28購01","1.11","＋","2891","中信金","24.40","＋","認購","美式","112年02月08日","112年02月08日","112年08月03日","112年08月07日","1.00","    24.80","","",
="035409","大立光群益28購06","1.06","＋","3008","大立光","2,305.00","＋","認購","美式","112年02月08日","112年02月08日","112年08月03日","112年08月07日","0.016","    2,646.35","","",
="03540P","長榮航群益26售02","0.00","","2618","長榮航","33.60","＋","認售","歐式","111年10月03日","112年06月02日","112年05月31日","112年06月02日","1.00","    22.00","","",
="03540U","開發金元富27售01","0.00","","2883","開發金","12.80","－","認售","歐式","112年01月11日","112年07月10日","112年07月06日","112年07月10日","1.00","    12.00","","",
="035410","智原群益28購04","0.00","","3035","智原","173.50","＋","認購","美式","112年02月08日","112年02月08日","112年08月03日","112年08月07日","0.10","    235.00","","",
="035411","欣興群益28購02","0.00","","3037","欣興","182.50","－","認購","美式","112年02月08日","112年02月08日","112年08月03日","112年08月07日","0.08","    150.00","","",
="035412","玉晶光群益28購02","0.43","","3406","玉晶光","400.00","＋","認購","美式","112年02月08日","112年02月08日","112年08月03日","112年08月07日","0.10","    560.00","","",
="035413","創意群益28購05","0.00","","3443","創意","1,515.00","＋","認購","美式","112年02月08日","112年02月08日","112年08月03日","112年08月07日","0.035","    1,111.00","","",
="035414","同欣電群益28購01","0.00","","6271","同欣電","179.50","＋","認購","美式","112年02月08日","112年02月08日","112年08月03日","112年08月07日","0.06","    288.00","","",
="035415","康舒群益2A購01","1.69","＋","6282","康舒","44.05","＋","認購","美式","112年02月08日","112年02月08日","112年10月05日","112年10月11日","0.70","    55.00","","",
="035416","愛普群益29購06","2.90","＋","6531","愛普*","328.50","＋","認購","美式","112年02月08日","112年02月08日","112年09月05日","112年09月07日","0.12","    370.00","","",
="035417","力積電群益28購02","0.00","","6770","力積電","30.85","＋","認購","美式","112年02月08日","112年02月08日","112年08月03日","112年08月07日","1.009","    43.62","","",
="035418","王品中信29購01","0.00","","2727","王品","320.00","－","認購","歐式","112年02月08日","112年09月07日","112年09月05日","112年09月07日","0.055","    275.00","","",
="035419","聯電國泰2A購02","0.00","","2303","聯電","51.20","＋","認購","美式","112年02月08日","112年02月08日","112年10月05日","112年10月11日","0.50","    62.00","","",
="03541P","大聯大群益26售01","0.00","","3702","大聯大","53.00","＋","認售","歐式","111年10月03日","112年06月02日","112年05月31日","112年06月02日","0.60","    35.00","","",
="03541U","玉山金元富27售02","0.09","","2884","玉山金","25.80","＋","認售","歐式","112年01月11日","112年07月10日","112年07月06日","112年07月10日","1.009","    21.81","","",
="035420","宏達電國泰2A購01","0.63","＋","2498","宏達電","61.50","＋","認購","美式","112年02月08日","112年02月08日","112年10月05日","112年10月11日","0.25","    80.00","","",
="035421","世芯國泰2A購01","8.15","＋","3661","世芯-KY","1,660.00","＋","認購","美式","112年02月08日","112年02月08日","112年10月05日","112年10月11日","0.018","    1,300.00","","",
="035422","可成富邦2A購01","0.36","","2474","可成","189.00","＋","認購","美式","112年02月08日","112年02月08日","112年10月05日","112年10月11日","0.12","    240.00","","",
="035423","緯創富邦28購01","0.00","","3231","緯創","68.00","＋","認購","美式","112年02月08日","112年02月08日","112年08月03日","112年08月07日","0.50","    36.00","","",
="035424","創意富邦2B購01","4.00","＋","3443","創意","1,515.00","＋","認購","美式","112年02月08日","112年02月08日","112年11月03日","112年11月07日","0.01","    1,280.00","","",
="035425","貿聯富邦2B購01","0.66","","3665","貿聯-KY","270.50","＋","認購","美式","112年02月08日","112年02月08日","112年11月03日","112年11月07日","0.04","    318.74","","",
="035426","力智富邦2A購01","0.35","＋","6719","力智","303.00","＋","認購","美式","112年02月08日","112年02月08日","112年10月05日","112年10月11日","0.022","    430.00","","",
="035427","鴻海康和29購02","0.90","＋","2317","鴻海","105.50","＋","認購","美式","112年02月08日","112年02月08日","112年09月05日","112年09月07日","0.20","    110.00","","",
="035428","台積電康和2A購01","0.82","＋","2330","台積電","568.00","＋","認購","美式","112年02月08日","112年02月08日","112年10月05日","112年10月11日","0.05","    646.50","","",
="035429","聯發科康和28購01","0.00","","2454","聯發科","738.00","＋","認購","美式","112年02月08日","112年02月08日","112年08月03日","112年08月07日","0.03","    900.00","","",
="03542P","國巨康和26售02","0.00","","2327","國巨","508.00","＋","認售","歐式","111年12月02日","112年06月01日","112年05月30日","112年06月01日","0.07","    300.00","","",
="03542U","健和興元富27售01","0.00","","3003","健和興","79.20","＋","認售","歐式","112年01月11日","112年07月10日","112年07月06日","112年07月10日","0.36","    58.32","","",
="035430","華航康和29購01","0.76","＋","2610","華航","21.65","＋","認購","美式","112年02月08日","112年02月08日","112年09月05日","112年09月07日","1.00","    25.00","","",
="035431","萬海康和28購01","0.00","","2615","萬海","60.00","＋","認購","美式","112年02月08日","112年02月08日","112年08月03日","112年08月07日","0.40","    110.00","","",
="035432","晶豪科康和28購01","0.60","＋","3006","晶豪科","88.20","＋","認購","美式","112年02月08日","112年02月08日","112年08月03日","112年08月07日","0.20","    110.00","","",
="035433","大立光康和28購01","0.50","＋","3008","大立光","2,305.00","＋","認購","美式","112年02月08日","112年02月08日","112年08月03日","112年08月07日","0.008","    2,613.03","","",
="035434","祥碩康和29購01","2.30","＋","5269","祥碩","1,300.00","＋","認購","美式","112年02月08日","112年02月08日","112年09月05日","112年09月07日","0.01","    1,200.00","","",
="035435","金寶元富28購01","0.00","","2312","金寶","13.50","＋","認購","美式","112年02月08日","112年02月08日","112年08月03日","112年08月07日","1.00","    15.00","","",
="035436","敦泰元富29購01","1.94","＋","3545","敦泰","83.70","＋","認購","美式","112年02月08日","112年02月08日","112年09月05日","112年09月07日","0.15","    77.00","","",
="035437","世芯元富32購01","4.78","＋","3661","世芯-KY","1,660.00","＋","認購","美式","112年02月08日","112年02月08日","113年02月02日","113年02月15日","0.01","    1,400.00","","",
="035438","愛普元富2B購01","2.17","＋","6531","愛普*","328.50","＋","認購","美式","112年02月08日","112年02月08日","112年11月03日","112年11月07日","0.037","    320.00","","",
="035439","開發金麥證28購01","0.33","－","2883","開發金","12.80","－","認購","歐式","112年02月08日","112年08月07日","112年08月03日","112年08月07日","1.00","    13.88","","",
="03543P","台灣50元富26售01","0.00","",="0050","元大台灣50","126.75","＋","認售","歐式","111年12月02日","112年06月01日","112年05月30日","112年06月01日","0.409","    102.69","","",
="03543U","智原元富27售03","0.00","","3035","智原","173.50","＋","認售","歐式","112年01月11日","112年07月10日","112年07月06日","112年07月10日","0.08","    125.00","","",
="035440","台新金麥證28購01","0.00","","2887","台新金","18.40","＋","認購","歐式","112年02月08日","112年08月07日","112年08月03日","112年08月07日","1.00","    17.50","","",
="035441","為升凱基29購01","1.13","","2231","為升","172.50","＋","認購","美式","112年02月08日","112年02月08日","112年09月05日","112年09月07日","0.08","    180.00","","",
="035442","華通凱基2C購01","1.03","－","2313","華通","44.30","＋","認購","美式","112年02月08日","112年02月08日","112年12月05日","112年12月07日","1.062","    65.92","","",
="035443","金像電凱基28購01","3.20","","2368","金像電","121.50","","認購","美式","112年02月08日","112年02月08日","112年08月03日","112年08月07日","0.29","    120.73","","",
="035444","瑞昱凱基28購03","2.40","＋","2379","瑞昱","388.00","＋","認購","美式","112年02月08日","112年02月08日","112年08月03日","112年08月07日","0.06","    370.00","","",
="035445","長榮凱基29購04","0.63","＋","2603","長榮","157.00","＋","認購","美式","112年02月08日","112年02月08日","112年09月05日","112年09月07日","0.12","    190.00","","",
="035446","晶豪科凱基29購01","0.64","","3006","晶豪科","88.20","＋","認購","美式","112年02月08日","112年02月08日","112年09月05日","112年09月07日","0.35","    120.00","","",
="035447","聯詠凱基2A購03","0.00","","3034","聯詠","423.50","＋","認購","美式","112年02月08日","112年02月08日","112年10月05日","112年10月11日","0.15","    530.00","","",
="035448","智原凱基29購02","0.12","＋","3035","智原","173.50","＋","認購","美式","112年02月08日","112年02月08日","112年09月05日","112年09月07日","0.12","    290.00","","",
="035449","智原凱基29購03","0.20","＋","3035","智原","173.50","＋","認購","美式","112年02月08日","112年02月08日","112年09月05日","112年09月07日","0.10","    270.00","","",
="03544P","滬深2X元富26售02","0.00","",="00637L","元大滬深300正2","13.77","－","認售","歐式","111年12月02日","112年06月01日","112年05月30日","112年06月01日","1.00","    11.50","","",
="03544U","世芯元富27售02","0.00","","3661","世芯-KY","1,660.00","＋","認售","歐式","112年01月11日","112年07月10日","112年07月06日","112年07月10日","0.01","    777.00","","",
="035450","緯創凱基29購01","23.60","＋","3231","緯創","68.00","＋","認購","美式","112年02月08日","112年02月08日","112年09月05日","112年09月07日","1.00","    45.00","","",
="035451","創意凱基29購01","0.00","","3443","創意","1,515.00","＋","認購","美式","112年02月08日","112年02月08日","112年09月05日","112年09月07日","0.015","    1,050.00","","",
="035452","世芯凱基29購03","0.00","","3661","世芯-KY","1,660.00","＋","認購","美式","112年02月08日","112年02月08日","112年09月05日","112年09月07日","0.012","    1,100.00","","",
="035453","祥碩凱基28購02","3.30","＋","5269","祥碩","1,300.00","＋","認購","美式","112年02月08日","112年02月08日","112年08月03日","112年08月07日","0.017","    1,200.00","","",
="035454","康舒凱基29購01","1.32","＋","6282","康舒","44.05","＋","認購","美式","112年02月08日","112年02月08日","112年09月05日","112年09月07日","0.50","    50.00","","",
="035455","穎崴凱基28購02","0.00","","6515","穎崴","830.00","－","認購","美式","112年02月08日","112年02月08日","112年08月03日","112年08月07日","0.045","    550.00","","",
="035456","晶心科凱基2A購01","0.35","","6533","晶心科","511.00","＋","認購","美式","112年02月08日","112年02月08日","112年10月05日","112年10月11日","0.01","    650.00","","",
="035457","南電凱基29購03","1.60","－","8046","南電","302.50","－","認購","美式","112年02月08日","112年02月08日","112年09月05日","112年09月07日","0.08","    330.00","","",
="035458","南茂凱基29購01","1.73","＋","8150","南茂","39.55","＋","認購","美式","112年02月08日","112年02月08日","112年09月05日","112年09月07日","0.50","    40.00","","",
="035459","明基材凱基28購01","0.00","","8215","明基材","35.30","＋","認購","美式","112年02月08日","112年02月08日","112年08月03日","112年08月07日","0.40","    40.00","","",
="03545U","力智元富27售01","0.00","","6719","力智","303.00","＋","認售","歐式","112年01月11日","112年07月10日","112年07月06日","112年07月10日","0.05","    230.00","","",
="035460","聯發科兆豐29購01","0.00","","2454","聯發科","738.00","＋","認購","美式","112年02月08日","112年02月08日","112年09月05日","112年09月07日","0.013","    800.00","","",
="035461","智原兆豐2A購02","0.31","＋","3035","智原","173.50","＋","認購","美式","112年02月08日","112年02月08日","112年10月05日","112年10月11日","0.05","    236.00","","",
="035462","創意兆豐2A購01","0.00","","3443","創意","1,515.00","＋","認購","美式","112年02月08日","112年02月08日","112年10月05日","112年10月11日","0.008","    888.00","","",
="035463","愛普兆豐29購01","1.92","＋","6531","愛普*","328.50","＋","認購","美式","112年02月08日","112年02月08日","112年09月05日","112年09月07日","0.03","    285.00","","",
="035464","元晶台新28購01","0.00","","6443","元晶","36.20","＋","認購","歐式","112年02月08日","112年08月07日","112年08月03日","112年08月07日","0.285","    44.34","","",
="035465","滬深2X統一28購01","0.00","",="00637L","元大滬深300正2","13.77","－","認購","美式","112年02月08日","112年02月08日","112年08月03日","112年08月07日","0.80","    18.80","","",
="035466","華新統一2C購03","0.46","","1605","華新","46.60","＋","認購","美式","112年02月08日","112年02月08日","112年12月05日","112年12月07日","0.138","    58.88","","",
="035467","鴻海統一38購02","0.72","＋","2317","鴻海","105.50","＋","認購","美式","112年02月08日","112年02月08日","113年08月05日","113年08月07日","0.06","    135.00","","",
="035468","台積電統一35購02","0.00","","2330","台積電","568.00","＋","認購","美式","112年02月08日","112年02月08日","113年05月03日","113年05月07日","0.017","    674.12","","",
="035469","威盛統一2B購01","0.80","＋","2388","威盛","83.10","＋","認購","美式","112年02月08日","112年02月08日","112年11月03日","112年11月07日","0.05","    81.00","","",
="03546P","祥碩群益26售01","0.00","","5269","祥碩","1,300.00","＋","認售","歐式","111年10月03日","112年06月02日","112年05月31日","112年06月02日","0.01","    550.00","","",
="03546U","采鈺元富27售02","0.00","","6789","采鈺","224.00","＋","認售","歐式","112年01月11日","112年07月10日","112年07月06日","112年07月10日","0.05","    190.00","","",
="035470","威盛統一2C購01","0.67","＋","2388","威盛","83.10","＋","認購","美式","112年02月08日","112年02月08日","112年12月05日","112年12月07日","0.04","    86.80","","",
="035471","可成統一32購01","0.74","","2474","可成","189.00","＋","認購","美式","112年02月08日","112年02月08日","113年02月02日","113年02月15日","0.05","    223.80","","",
="035472","華新科統一2C購01","0.67","＋","2492","華新科","101.00","＋","認購","美式","112年02月08日","112年02月08日","112年12月05日","112年12月07日","0.08","    118.30","","",
="035473","長榮統一2C購01","0.55","＋","2603","長榮","157.00","＋","認購","美式","112年02月08日","112年02月08日","112年12月05日","112年12月07日","0.05","    180.00","","",
="035474","長榮統一2C購02","0.60","＋","2603","長榮","157.00","＋","認購","美式","112年02月08日","112年02月08日","112年12月05日","112年12月07日","0.035","    168.88","","",
="035475","智原統一2B購01","0.00","","3035","智原","173.50","＋","認購","美式","112年02月08日","112年02月08日","112年11月03日","112年11月07日","0.022","    219.30","","",
="035476","智原統一32購01","0.37","＋","3035","智原","173.50","＋","認購","美式","112年02月08日","112年02月08日","113年02月02日","113年02月15日","0.02","    288.88","","",
="035477","玉晶光統一31購01","0.51","","3406","玉晶光","400.00","＋","認購","美式","112年02月08日","112年02月08日","113年01月04日","113年01月08日","0.01","    555.55","","",
="035478","玉晶光統一32購01","0.90","＋","3406","玉晶光","400.00","＋","認購","美式","112年02月08日","112年02月08日","113年02月02日","113年02月15日","0.015","    430.00","","",
="035479","創意統一2C購02","3.00","＋","3443","創意","1,515.00","＋","認購","美式","112年02月08日","112年02月08日","112年12月05日","112年12月07日","0.005","    983.40","","",
="03547U","元日2X國票28售01","0.00","",="00706L","期元大S&P日圓正2(原名：元大S&P日圓正2)","8.72","－","認售","歐式","112年01月12日","112年08月11日","112年08月09日","112年08月11日","1.00","    10.30","","",
="035480","台勝科統一2B購01","0.43","＋","3532","台勝科","157.00","＋","認購","美式","112年02月08日","112年02月08日","112年11月03日","112年11月07日","0.025","    180.80","","",
="035481","世芯統一2B購01","0.00","","3661","世芯-KY","1,660.00","＋","認購","美式","112年02月08日","112年02月08日","112年11月03日","112年11月07日","0.004","    1,082.10","","",
="035482","威鋒電統一31購01","0.42","","6756","威鋒電子","223.00","＋","認購","美式","112年02月08日","112年02月08日","113年01月04日","113年01月08日","0.015","    290.44","","",
="035483","南電統一2C購01","1.17","－","8046","南電","302.50","－","認購","美式","112年02月08日","112年02月08日","112年12月05日","112年12月07日","0.018","    268.00","","",
="035484","A50正2元大2B購01","0.33","",="00655L","國泰中國A50正2","24.65","－","認購","美式","112年02月08日","112年02月08日","112年11月03日","112年11月07日","0.19","    30.00","","",
="035485","永續息元大2C購01","1.26","＋",="00878","國泰永續高股息","18.36","＋","認購","美式","112年02月08日","112年02月08日","112年12月05日","112年12月07日","1.031","    18.42","","",
="035486","台灣5G元大2C購01","0.93","",="00881","國泰台灣5G PLUS ETF基金","16.12","＋","認購","美式","112年02月08日","112年02月08日","112年12月05日","112年12月07日","1.00","    17.50","","",
="035487","FB台半元大2C購01","0.00","",="00892","富邦台灣半導體","12.41","＋","認購","美式","112年02月08日","112年02月08日","112年12月05日","112年12月07日","1.00","    13.50","","",
="035488","華新元大29購06","0.00","","1605","華新","46.60","＋","認購","美式","112年02月08日","112年02月08日","112年09月05日","112年09月07日","0.702","    81.30","","",
="035489","上銀元大28購03","0.48","＋","2049","上銀","235.50","＋","認購","美式","112年02月08日","112年02月08日","112年08月03日","112年08月07日","0.128","    299.00","","",
="03548U","八方國票28售03","0.00","","2753","八方雲集","167.00","","認售","歐式","112年01月12日","112年08月11日","112年08月09日","112年08月11日","0.06","    190.00","","",
="035490","上銀元大2A購01","0.81","","2049","上銀","235.50","＋","認購","美式","112年02月08日","112年02月08日","112年10月05日","112年10月11日","0.138","    322.00","","",
="035491","上銀元大2B購01","1.06","","2049","上銀","235.50","＋","認購","美式","112年02月08日","112年02月08日","112年11月03日","112年11月07日","0.16","    344.00","","",
="035492","川湖元大28購01","1.51","＋","2059","川湖","436.00","＋","認購","美式","112年02月08日","112年02月08日","112年08月03日","112年08月07日","0.036","    439.00","","",
="035493","裕隆元大29購05","1.50","＋","2201","裕隆","82.80","＋","認購","美式","112年02月08日","112年02月08日","112年09月05日","112年09月07日","0.492","    115.00","","",
="035494","華通元大29購03","1.21","＋","2313","華通","44.30","＋","認購","美式","112年02月08日","112年02月08日","112年09月05日","112年09月07日","0.479","    49.16","","",
="035495","鴻海元大29購13","0.00","","2317","鴻海","105.50","＋","認購","美式","112年02月08日","112年02月08日","112年09月05日","112年09月07日","1.00","    145.50","","",
="035496","台光電元大28購04","0.97","＋","2383","台光電","204.50","＋","認購","美式","112年02月08日","112年02月08日","112年08月03日","112年08月07日","0.087","    228.00","","",
="035497","強茂元大28購03","1.04","","2481","強茂","70.20","＋","認購","美式","112年02月08日","112年02月08日","112年08月03日","112年08月07日","0.239","    75.60","","",
="035498","長榮元大29購11","0.93","","2603","長榮","157.00","＋","認購","美式","112年02月08日","112年02月08日","112年09月05日","112年09月07日","0.129","    190.50","","",
="035499","華航元大29購02","1.34","＋","2610","華航","21.65","＋","認購","美式","112年02月08日","112年02月08日","112年09月05日","112年09月07日","0.869","    23.20","","",
="03549U","智原國票28售02","0.00","","3035","智原","173.50","＋","認售","歐式","112年01月12日","112年08月11日","112年08月09日","112年08月11日","0.07","    140.00","","",
="035500","萬海元大29購05","0.00","","2615","萬海","60.00","＋","認購","美式","112年02月08日","112年02月08日","112年09月05日","112年09月07日","0.344","    117.50","","",
="035501","長榮航元大29購05","2.57","＋","2618","長榮航","33.60","＋","認購","美式","112年02月08日","112年02月08日","112年09月05日","112年09月07日","0.638","    32.40","","",
="035502","晶華元大29購02","0.00","","2707","晶華","288.00","＋","認購","美式","112年02月08日","112年02月08日","112年09月05日","112年09月07日","0.074","    306.00","","",
="035503","奇鋐元大28購01","0.00","","3017","奇鋐","206.00","－","認購","美式","112年02月08日","112年02月08日","112年08月03日","112年08月07日","0.072","    125.54","","",
="035504","智原元大29購04","0.00","","3035","智原","173.50","＋","認購","美式","112年02月08日","112年02月08日","112年09月05日","112年09月07日","0.118","    286.00","","",
="035505","晶技元大28購02","0.77","＋","3042","晶技","89.40","＋","認購","美式","112年02月08日","112年02月08日","112年08月03日","112年08月07日","0.254","    102.24","","",
="035506","玉晶光元大29購03","0.93","","3406","玉晶光","400.00","＋","認購","美式","112年02月08日","112年02月08日","112年09月05日","112年09月07日","0.074","    529.00","","",
="035507","京鼎元大28購01","0.00","","3413","京鼎","193.00","＋","認購","美式","112年02月08日","112年02月08日","112年08月03日","112年08月07日","0.039","    195.00","","",
="035508","創意元大29購03","12.00","＋","3443","創意","1,515.00","＋","認購","美式","112年02月08日","112年02月08日","112年09月05日","112年09月07日","0.03","    1,235.00","","",
="035509","世芯元大29購06","0.00","","3661","世芯-KY","1,660.00","＋","認購","美式","112年02月08日","112年02月08日","112年09月05日","112年09月07日","0.011","    1,020.00","","",
="03550U","世芯國票28售03","0.00","","3661","世芯-KY","1,660.00","＋","認售","歐式","112年01月12日","112年08月11日","112年08月09日","112年08月11日","0.01","    850.00","","",
="035510","合勤控元大28購02","0.00","","3704","合勤控","43.85","＋","認購","美式","112年02月08日","112年02月08日","112年08月03日","112年08月07日","0.36","    53.00","","",
="035511","新唐元大29購02","0.00","","4919","新唐","130.50","＋","認購","美式","112年02月08日","112年02月08日","112年09月05日","112年09月07日","0.128","    223.00","","",
="035512","天鈺元大28購05","0.39","","4961","天鈺","154.00","＋","認購","美式","112年02月08日","112年02月08日","112年08月03日","112年08月07日","0.055","    185.00","","",
="035513","立積元大28購02","1.06","","4968","立積","170.00","＋","認購","美式","112年02月08日","112年02月08日","112年08月03日","112年08月07日","0.023","    130.00","","",
="035514","晶碩元大28購04","0.00","","6491","晶碩","366.50","＋","認購","美式","112年02月08日","112年02月08日","112年08月03日","112年08月07日","0.084","    695.00","","",
="035515","穎崴元大28購03","0.00","","6515","穎崴","830.00","－","認購","美式","112年02月08日","112年02月08日","112年08月03日","112年08月07日","0.023","    466.00","","",
="035516","AES元大29購02","0.00","","6781","AES-KY","690.00","＋","認購","美式","112年02月08日","112年02月08日","112年09月05日","112年09月07日","0.029","    1,190.00","","",
="035517","南電元大29購03","0.00","","8046","南電","302.50","－","認購","美式","112年02月08日","112年02月08日","112年09月05日","112年09月07日","0.099","    379.00","","",
="035518","南電元大2A購03","0.00","","8046","南電","302.50","－","認購","美式","112年02月08日","112年02月08日","112年10月05日","112年10月11日","0.084","    380.00","","",
="035519","南茂元大28購01","1.44","＋","8150","南茂","39.55","＋","認購","美式","112年02月08日","112年02月08日","112年08月03日","112年08月07日","0.781","    43.05","","",
="03551U","采鈺國票27售03","0.00","","6789","采鈺","224.00","＋","認售","歐式","112年01月12日","112年07月11日","112年07月07日","112年07月11日","0.04","    200.00","","",
="035520","南茂元大2A購01","1.69","","8150","南茂","39.55","＋","認購","美式","112年02月08日","112年02月08日","112年10月05日","112年10月11日","0.802","    46.65","","",
="035521","南茂元大2B購01","1.39","＋","8150","南茂","39.55","＋","認購","美式","112年02月08日","112年02月08日","112年11月03日","112年11月07日","1.00","    53.80","","",
="035522","宏達電國票29購02","0.28","","2498","宏達電","61.50","＋","認購","美式","112年02月09日","112年02月09日","112年09月06日","112年09月08日","0.50","    100.00","","",
="035523","八方國票29購01","0.00","","2753","八方雲集","167.00","","認購","美式","112年02月09日","112年02月09日","112年09月06日","112年09月08日","0.226","    329.00","","",
="035524","大聯大國票29購01","1.40","","3702","大聯大","53.00","＋","認購","美式","112年02月09日","112年02月09日","112年09月06日","112年09月08日","0.50","    56.00","","",
="035525","元晶國票29購01","0.83","＋","6443","元晶","36.20","＋","認購","美式","112年02月09日","112年02月09日","112年09月06日","112年09月08日","0.329","    39.00","","",
="035526","力智國票29購01","0.00","","6719","力智","303.00","＋","認購","美式","112年02月09日","112年02月09日","112年09月06日","112年09月08日","0.04","    375.00","","",
="035527","志強國票29購01","0.00","","6768","志強-KY","69.70","","認購","美式","112年02月09日","112年02月09日","112年09月06日","112年09月08日","0.274","    108.00","","",
="035528","采鈺國票28購01","0.00","","6789","采鈺","224.00","＋","認購","美式","112年02月09日","112年02月09日","112年08月04日","112年08月08日","0.085","    350.00","","",
="035529","寶齡永豐2A購01","0.00","","1760","寶齡富錦","148.50","","認購","美式","112年02月09日","112年02月09日","112年10月05日","112年10月11日","0.058","    248.85","","",
="03552P","陽明國泰26售01","0.00","","2609","陽明","62.00","＋","認售","歐式","111年10月03日","112年06月02日","112年05月31日","112年06月02日","0.30","    50.00","","",
="03552U","滬深2X永豐28售02","0.00","",="00637L","元大滬深300正2","13.77","－","認售","歐式","112年01月12日","112年08月11日","112年08月09日","112年08月11日","0.90","    14.11","","",
="035530","裕隆永豐2A購01","0.91","＋","2201","裕隆","82.80","＋","認購","美式","112年02月09日","112年02月09日","112年10月05日","112年10月11日","0.158","    101.14","","",
="035531","宏達電永豐2A購01","0.00","","2498","宏達電","61.50","＋","認購","美式","112年02月09日","112年02月09日","112年10月05日","112年10月11日","0.168","    79.44","","",
="035532","愛普永豐2A購01","1.57","＋","6531","愛普*","328.50","＋","認購","美式","112年02月09日","112年02月09日","112年10月05日","112年10月11日","0.046","    363.52","","",
="035533","力智永豐29購01","0.00","","6719","力智","303.00","＋","認購","美式","112年02月09日","112年02月09日","112年09月06日","112年09月08日","0.036","    419.25","","",
="035534","寶齡兆豐2B購01","0.00","","1760","寶齡富錦","148.50","","認購","美式","112年02月09日","112年02月09日","112年11月06日","112年11月08日","0.03","    210.00","","",
="035535","裕隆兆豐29購02","0.64","＋","2201","裕隆","82.80","＋","認購","美式","112年02月09日","112年02月09日","112年09月06日","112年09月08日","0.10","    100.00","","",
="035536","為升兆豐2A購01","1.02","－","2231","為升","172.50","＋","認購","美式","112年02月09日","112年02月09日","112年10月05日","112年10月11日","0.05","    178.00","","",
="035537","聯電兆豐2C購01","1.09","＋","2303","聯電","51.20","＋","認購","美式","112年02月09日","112年02月09日","112年12月06日","112年12月08日","0.30","    55.80","","",
="035538","台積電兆豐2A購05","1.56","＋","2330","台積電","568.00","＋","認購","美式","112年02月09日","112年02月09日","112年10月05日","112年10月11日","0.03","    553.01","","",
="035539","旺宏兆豐2C購01","0.00","","2337","旺宏","33.40","＋","認購","美式","112年02月09日","112年02月09日","112年12月06日","112年12月08日","0.40","    41.80","","",
="03553P","長榮航國泰26售01","0.00","","2618","長榮航","33.60","＋","認售","歐式","111年10月03日","112年06月02日","112年05月31日","112年06月02日","0.50","    24.50","","",
="03553U","裕隆永豐28售02","0.00","","2201","裕隆","82.80","＋","認售","歐式","112年01月12日","112年08月11日","112年08月09日","112年08月11日","0.25","    56.82","","",
="035540","南亞科兆豐2A購01","2.53","－","2408","南亞科","71.20","－","認購","美式","112年02月09日","112年02月09日","112年10月05日","112年10月11日","0.25","    65.80","","",
="035541","友達兆豐2C購01","0.00","","2409","友達","17.65","＋","認購","美式","112年02月09日","112年02月09日","112年12月06日","112年12月08日","0.43","    18.00","","",
="035542","裕民兆豐2A購01","1.01","＋","2606","裕民","49.75","＋","認購","美式","112年02月09日","112年02月09日","112年10月05日","112年10月11日","0.15","    49.80","","",
="035543","聯詠兆豐2A購01","2.17","＋","3034","聯詠","423.50","＋","認購","美式","112年02月09日","112年02月09日","112年10月05日","112年10月11日","0.035","    388.00","","",
="035544","欣興兆豐2C購01","0.00","","3037","欣興","182.50","－","認購","美式","112年02月09日","112年02月09日","112年12月06日","112年12月08日","0.065","    138.00","","",
="035545","緯創兆豐2C購01","0.00","","3231","緯創","68.00","＋","認購","美式","112年02月09日","112年02月09日","112年12月06日","112年12月08日","0.40","    34.80","","",
="035546","華擎兆豐29購01","0.69","－","3515","華擎","154.00","＋","認購","美式","112年02月09日","112年02月09日","112年09月06日","112年09月08日","0.05","    175.00","","",
="035547","緯穎兆豐2A購01","3.77","＋","6669","緯穎","1,205.00","＋","認購","美式","112年02月09日","112年02月09日","112年10月05日","112年10月11日","0.01","    888.00","","",
="035548","采鈺兆豐28購01","0.00","","6789","采鈺","224.00","＋","認購","美式","112年02月09日","112年02月09日","112年08月04日","112年08月08日","0.025","    250.00","","",
="035549","寶齡統一31購01","0.36","","1760","寶齡富錦","148.50","","認購","美式","112年02月09日","112年02月09日","113年01月04日","113年01月08日","0.014","    263.33","","",
="03554U","華新凱基27售05","0.00","","1605","華新","46.60","＋","認售","歐式","112年01月12日","112年07月11日","112年07月07日","112年07月11日","0.35","    40.00","","",
="035550","裕隆統一2A購03","0.76","","2201","裕隆","82.80","＋","認購","美式","112年02月09日","112年02月09日","112年10月05日","112年10月11日","0.07","    90.00","","",
="035551","國巨統一29購02","0.26","","2327","國巨","508.00","＋","認購","美式","112年02月09日","112年02月09日","112年09月06日","112年09月08日","0.02","    700.00","","",
="035552","金像電統一28購01","2.87","＋","2368","金像電","121.50","","認購","美式","112年02月09日","112年02月09日","112年08月04日","112年08月08日","0.104","    97.55","","",
="035553","長榮統一31購01","0.73","＋","2603","長榮","157.00","＋","認購","美式","112年02月09日","112年02月09日","113年01月04日","113年01月08日","0.03","    150.00","","",
="035554","智原統一2B購02","0.00","","3035","智原","173.50","＋","認購","美式","112年02月09日","112年02月09日","112年11月06日","112年11月08日","0.03","    250.00","","",
="035555","瑞鼎統一2B購03","0.00","","3592","瑞鼎","348.00","＋","認購","美式","112年02月09日","112年02月09日","112年11月06日","112年11月08日","0.014","    431.50","","",
="035556","愛普統一2C購02","1.11","＋","6531","愛普*","328.50","＋","認購","美式","112年02月09日","112年02月09日","112年12月06日","112年12月08日","0.015","    307.20","","",
="035557","晶心科統一2B購06","0.51","＋","6533","晶心科","511.00","＋","認購","美式","112年02月09日","112年02月09日","112年11月06日","112年11月08日","0.009","    644.50","","",
="035558","采鈺統一29購01","0.00","","6789","采鈺","224.00","＋","認購","美式","112年02月09日","112年02月09日","112年09月06日","112年09月08日","0.025","    316.20","","",
="035559","台灣50中信2A購01","0.00","",="0050","元大台灣50","126.75","＋","認購","歐式","112年02月09日","112年10月11日","112年10月05日","112年10月11日","0.60","    150.00","","",
="03555U","台積電凱基29售06","0.00","","2330","台積電","568.00","＋","認售","歐式","112年01月12日","112年09月11日","112年09月07日","112年09月11日","0.302","    298.39","","",
="035560","滬深2X中信29購02","0.00","",="00637L","元大滬深300正2","13.77","－","認購","歐式","112年02月09日","112年09月08日","112年09月06日","112年09月08日","0.50","    18.00","","",
="035561","采鈺中信29購01","0.00","","6789","采鈺","224.00","＋","認購","歐式","112年02月09日","112年09月08日","112年09月06日","112年09月08日","0.035","    318.00","","",
="035562","華新國泰2A購01","0.00","","1605","華新","46.60","＋","認購","美式","112年02月09日","112年02月09日","112年10月05日","112年10月11日","0.35","    67.50","","",
="035563","宏達電國泰2A購02","0.00","","2498","宏達電","61.50","＋","認購","美式","112年02月09日","112年02月09日","112年10月05日","112年10月11日","0.25","    85.00","","",
="035564","道瓊銀富邦2A購01","0.00","",="00738U","期元大道瓊白銀(原名：元大道瓊白銀)","22.79","＋","認購","美式","112年02月09日","112年02月09日","112年10月05日","112年10月11日","0.70","    30.00","","",
="035565","裕隆富邦2B購02","0.56","＋","2201","裕隆","82.80","＋","認購","美式","112年02月09日","112年02月09日","112年11月06日","112年11月08日","0.10","    100.00","","",
="035566","愛普富邦2A購01","1.38","＋","6531","愛普*","328.50","＋","認購","美式","112年02月09日","112年02月09日","112年10月05日","112年10月11日","0.02","    290.00","","",
="035567","臺股指富邦2B購04","1.11","＋","IX0001","臺股指數","16,636.30","","認購","歐式","112年02月09日","112年11月08日","112年11月06日","112年11月08日","0.002","    17,000.00","","",
="035568","瑞昱康和28購01","1.56","","2379","瑞昱","388.00","＋","認購","美式","112年02月09日","112年02月09日","112年08月04日","112年08月08日","0.04","    390.00","","",
="035569","宏達電康和2A購01","0.24","＋","2498","宏達電","61.50","＋","認購","美式","112年02月09日","112年02月09日","112年10月05日","112年10月11日","0.15","    80.00","","",
="03556U","宏達電凱基28售04","0.00","","2498","宏達電","61.50","＋","認售","歐式","112年01月12日","112年08月11日","112年08月09日","112年08月11日","0.30","    45.00","","",
="035570","SGBR2X元大29購01","0.59","＋",="00715L","期街口布蘭特正2","12.73","＋","認購","美式","112年02月09日","112年02月09日","112年09月06日","112年09月08日","0.30","    15.00","","",
="035571","中興電元大29購03","4.04","＋","1513","中興電","113.50","＋","認購","美式","112年02月09日","112年02月09日","112年09月06日","112年09月08日","0.291","    115.00","","",
="035572","華新元大29購07","0.00","","1605","華新","46.60","＋","認購","美式","112年02月09日","112年02月09日","112年09月06日","112年09月08日","0.586","    76.70","","",
="035573","葡萄王元大28購01","0.00","","1707","葡萄王","175.00","＋","認購","美式","112年02月09日","112年02月09日","112年08月04日","112年08月08日","0.095","    212.50","","",
="035574","葡萄王元大2A購01","0.63","＋","1707","葡萄王","175.00","＋","認購","美式","112年02月09日","112年02月09日","112年10月05日","112年10月11日","0.107","    230.50","","",
="035575","寶齡元大29購02","0.00","","1760","寶齡富錦","148.50","","認購","美式","112年02月09日","112年02月09日","112年09月06日","112年09月08日","0.044","    190.00","","",
="035576","裕隆元大29購06","0.00","","2201","裕隆","82.80","＋","認購","美式","112年02月09日","112年02月09日","112年09月06日","112年09月08日","0.338","    105.00","","",
="035577","華通元大29購04","1.40","","2313","華通","44.30","＋","認購","美式","112年02月09日","112年02月09日","112年09月06日","112年09月08日","0.407","    46.24","","",
="035578","台積電元大28購39","0.00","","2330","台積電","568.00","＋","認購","美式","112年02月09日","112年02月09日","112年08月04日","112年08月08日","0.201","    741.99","","",
="035579","台積電元大28購40","0.00","","2330","台積電","568.00","＋","認購","美式","112年02月09日","112年02月09日","112年08月04日","112年08月08日","0.09","    612.69","","",
="03557U","長榮凱基27售15","0.00","","2603","長榮","157.00","＋","認售","歐式","112年01月12日","112年07月11日","112年07月07日","112年07月11日","0.40","    105.00","","",
="035580","台積電元大28購41","0.00","","2330","台積電","568.00","＋","認購","美式","112年02月09日","112年02月09日","112年08月04日","112年08月08日","0.06","    591.80","","",
="035581","華邦電元大28購01","1.75","","2344","華邦電","26.90","＋","認購","美式","112年02月09日","112年02月09日","112年08月04日","112年08月08日","1.00","    28.40","","",
="035582","智邦元大28購02","0.00","","2345","智邦","357.50","＋","認購","美式","112年02月09日","112年02月09日","112年08月04日","112年08月08日","0.11","    337.00","","",
="035583","智邦元大2A購01","5.20","","2345","智邦","357.50","＋","認購","美式","112年02月09日","112年02月09日","112年10月05日","112年10月11日","0.131","    385.00","","",
="035584","強茂元大28購04","1.22","＋","2481","強茂","70.20","＋","認購","美式","112年02月09日","112年02月09日","112年08月04日","112年08月08日","0.19","    70.80","","",
="035585","華新科元大28購03","0.00","","2492","華新科","101.00","＋","認購","美式","112年02月09日","112年02月09日","112年08月04日","112年08月08日","0.203","    113.50","","",
="035586","華新科元大2A購01","1.05","＋","2492","華新科","101.00","＋","認購","美式","112年02月09日","112年02月09日","112年10月05日","112年10月11日","0.358","    145.00","","",
="035587","長榮元大29購12","1.39","","2603","長榮","157.00","＋","認購","美式","112年02月09日","112年02月09日","112年09月06日","112年09月08日","0.135","    181.50","","",
="035588","萬海元大29購06","0.00","","2615","萬海","60.00","＋","認購","美式","112年02月09日","112年02月09日","112年09月06日","112年09月08日","0.147","    80.00","","",
="035589","長榮航元大29購06","0.79","＋","2618","長榮航","33.60","＋","認購","美式","112年02月09日","112年02月09日","112年09月06日","112年09月08日","1.00","    44.00","","",
="03558U","聯詠凱基27售06","0.00","","3034","聯詠","423.50","＋","認售","歐式","112年01月12日","112年07月11日","112年07月07日","112年07月11日","0.12","    280.00","","",
="035590","美食元大29購01","0.00","","2723","美食-KY","152.50","－","認購","美式","112年02月09日","112年02月09日","112年09月06日","112年09月08日","0.075","    182.00","","",
="035591","晶豪科元大28購02","1.62","＋","3006","晶豪科","88.20","＋","認購","美式","112年02月09日","112年02月09日","112年08月04日","112年08月08日","0.145","    84.70","","",
="035592","嘉澤元大29購02","1.97","－","3533","嘉澤","909.00","－","認購","美式","112年02月09日","112年02月09日","112年09月06日","112年09月08日","0.021","    926.47","","",
="035593","嘉澤元大2A購01","1.87","－","3533","嘉澤","909.00","－","認購","美式","112年02月09日","112年02月09日","112年10月05日","112年10月11日","0.019","    949.36","","",
="035594","世芯元大28購05","0.00","","3661","世芯-KY","1,660.00","＋","認購","美式","112年02月09日","112年02月09日","112年08月04日","112年08月08日","0.023","    1,335.00","","",
="035595","世芯元大29購07","0.00","","3661","世芯-KY","1,660.00","＋","認購","美式","112年02月09日","112年02月09日","112年09月06日","112年09月08日","0.012","    1,075.00","","",
="035596","全訊元大28購01","0.00","","5222","全訊","198.00","＋","認購","美式","112年02月09日","112年02月09日","112年08月04日","112年08月08日","0.083","    167.77","","",
="035597","全訊元大2A購01","2.96","＋","5222","全訊","198.00","＋","認購","美式","112年02月09日","112年02月09日","112年10月05日","112年10月11日","0.082","    182.04","","",
="035598","穎崴元大28購04","0.00","","6515","穎崴","830.00","－","認購","美式","112年02月09日","112年02月09日","112年08月04日","112年08月08日","0.034","    527.00","","",
="035599","愛普元大28購07","3.05","＋","6531","愛普*","328.50","＋","認購","美式","112年02月09日","112年02月09日","112年08月04日","112年08月08日","0.098","    367.00","","",
="03559U","健策凱基27售03","0.00","","3653","健策","616.00","＋","認售","歐式","112年01月12日","112年07月11日","112年07月07日","112年07月11日","0.20","    200.00","","",
="035600","AES元大29購03","0.39","","6781","AES-KY","690.00","＋","認購","美式","112年02月09日","112年02月09日","112年09月06日","112年09月08日","0.02","    1,045.00","","",
="035601","矽創元大28購03","0.00","","8016","矽創","225.50","＋","認購","美式","112年02月09日","112年02月09日","112年08月04日","112年08月08日","0.088","    255.00","","",
="035602","電子類元大2B購01","0.00","","IX0027","電子類","797.58","","認購","歐式","112年02月09日","112年11月08日","112年11月06日","112年11月08日","0.03","    750.00","","",
="035603","電子類元大2C購01","0.00","","IX0027","電子類","797.58","","認購","歐式","112年02月09日","112年12月08日","112年12月06日","112年12月08日","0.05","    800.00","","",
="035604","金融類元大2B購01","2.26","＋","IX0039","金融類","1,620.43","","認購","歐式","112年02月09日","112年11月08日","112年11月06日","112年11月08日","0.02","    1,550.00","","",
="035605","金融類元大2C購01","2.02","＋","IX0039","金融類","1,620.43","","認購","歐式","112年02月09日","112年12月08日","112年12月06日","112年12月08日","0.02","    1,600.00","","",
="035606","A50正2凱基2A購01","0.40","－",="00655L","國泰中國A50正2","24.65","－","認購","美式","112年02月09日","112年02月09日","112年10月05日","112年10月11日","0.50","    32.00","","",
="035607","元債2X凱基2B購01","0.63","＋",="00680L","元大美債20正2","10.96","＋","認購","美式","112年02月09日","112年02月09日","112年11月06日","112年11月08日","0.80","    12.50","","",
="035608","元日2X凱基31購01","0.14","－",="00706L","期元大S&P日圓正2(原名：元大S&P日圓正2)","8.72","－","認購","美式","112年02月09日","112年02月09日","113年01月04日","113年01月08日","0.499","    11.00","","",
="035609","台灣5G凱基2A購01","0.00","",="00881","國泰台灣5G PLUS ETF基金","16.12","＋","認購","美式","112年02月09日","112年02月09日","112年10月05日","112年10月11日","1.00","    16.00","","",
="03560U","天鈺凱基27售05","0.00","","4961","天鈺","154.00","＋","認售","歐式","112年01月12日","112年07月11日","112年07月07日","112年07月11日","0.055","    130.00","","",
="035610","FB台半凱基2A購02","0.84","＋",="00892","富邦台灣半導體","12.41","＋","認購","美式","112年02月09日","112年02月09日","112年10月05日","112年10月11日","1.00","    12.50","","",
="035611","華城凱基28購01","0.00","","1519","華城","141.00","＋","認購","美式","112年02月09日","112年02月09日","112年08月04日","112年08月08日","0.157","    65.00","","",
="035612","新光鋼凱基29購01","0.00","","2031","新光鋼","48.80","－","認購","美式","112年02月09日","112年02月09日","112年09月06日","112年09月08日","0.945","    70.00","","",
="035613","裕隆凱基29購01","0.74","＋","2201","裕隆","82.80","＋","認購","美式","112年02月09日","112年02月09日","112年09月06日","112年09月08日","0.45","    110.00","","",
="035614","鴻海凱基29購04","0.26","＋","2317","鴻海","105.50","＋","認購","美式","112年02月09日","112年02月09日","112年09月06日","112年09月08日","1.00","    147.00","","",
="035615","光罩凱基28購02","0.08","＋","2338","光罩","81.80","＋","認購","美式","112年02月09日","112年02月09日","112年08月04日","112年08月08日","0.30","    130.00","","",
="035616","宏達電凱基28購07","0.21","＋","2498","宏達電","61.50","＋","認購","美式","112年02月09日","112年02月09日","112年08月04日","112年08月08日","0.45","    90.00","","",
="035617","榮運凱基2A購01","0.00","","2607","榮運","27.35","＋","認購","美式","112年02月09日","112年02月09日","112年10月05日","112年10月11日","0.50","    38.00","","",
="035618","晶華凱基29購02","0.00","","2707","晶華","288.00","＋","認購","美式","112年02月09日","112年02月09日","112年09月06日","112年09月08日","0.10","    320.00","","",
="035619","聯詠凱基28購03","1.44","＋","3034","聯詠","423.50","＋","認購","美式","112年02月09日","112年02月09日","112年08月04日","112年08月08日","0.12","    470.00","","",
="03561U","臺股指凱基2A售16","0.29","－","IX0001","臺股指數","16,636.30","","認售","歐式","112年01月12日","112年10月11日","112年10月05日","112年10月11日","0.001","    14,600.00","","",
="035620","欣興凱基29購04","3.93","","3037","欣興","182.50","－","認購","美式","112年02月09日","112年02月09日","112年09月06日","112年09月08日","0.085","    145.00","","",
="035621","嘉澤凱基2C購01","1.38","－","3533","嘉澤","909.00","－","認購","美式","112年02月09日","112年02月09日","112年12月06日","112年12月08日","0.035","    1,243.92","","",
="035622","世芯凱基29購04","0.00","","3661","世芯-KY","1,660.00","＋","認購","美式","112年02月09日","112年02月09日","112年09月06日","112年09月08日","0.017","    1,350.00","","",
="035623","大聯大凱基28購01","0.99","","3702","大聯大","53.00","＋","認購","美式","112年02月09日","112年02月09日","112年08月04日","112年08月08日","0.80","    60.00","","",
="035624","合勤控凱基29購01","1.14","＋","3704","合勤控","43.85","＋","認購","美式","112年02月09日","112年02月09日","112年09月06日","112年09月08日","0.27","    45.00","","",
="035625","啟碁凱基28購01","0.00","","6285","啟碁","87.50","＋","認購","美式","112年02月09日","112年02月09日","112年08月04日","112年08月08日","0.252","    105.00","","",
="035626","采鈺凱基28購02","0.08","","6789","采鈺","224.00","＋","認購","美式","112年02月09日","112年02月09日","112年08月04日","112年08月08日","0.10","    360.00","","",
="035627","臺股指凱基2A購19","2.39","＋","IX0001","臺股指數","16,636.30","","認購","歐式","112年02月09日","112年10月11日","112年10月05日","112年10月11日","0.003","    16,200.00","","",
="035628","臺股指凱基2A購20","0.80","＋","IX0001","臺股指數","16,636.30","","認購","歐式","112年02月09日","112年10月11日","112年10月05日","112年10月11日","0.01","    18,800.00","","",
="035629","臺股指凱基2B購11","1.72","","IX0001","臺股指數","16,636.30","","認購","歐式","112年02月09日","112年11月08日","112年11月06日","112年11月08日","0.005","    17,500.00","","",
="03562U","臺股指凱基2B售06","0.10","－","IX0001","臺股指數","16,636.30","","認售","歐式","112年01月12日","112年11月13日","112年11月09日","112年11月13日","0.002","    11,300.00","","",
="035630","台灣50群益29購02","0.00","",="0050","元大台灣50","126.75","＋","認購","美式","112年02月09日","112年02月09日","112年09月06日","112年09月08日","0.50","    133.00","","",
="035631","台灣50群益29購03","0.00","",="0050","元大台灣50","126.75","＋","認購","美式","112年02月09日","112年02月09日","112年09月06日","112年09月08日","0.50","    136.00","","",
="035632","滬深2X群益28購07","0.00","",="00637L","元大滬深300正2","13.77","－","認購","美式","112年02月09日","112年02月09日","112年08月04日","112年08月08日","1.00","    18.50","","",
="035633","臺指反群益2A購01","0.22","－",="00664R","國泰臺灣加權反1","5.58","－","認購","美式","112年02月09日","112年02月09日","112年10月05日","112年10月11日","1.00","    5.80","","",
="035634","SGBR2X群益29購01","0.90","",="00715L","期街口布蘭特正2","12.73","＋","認購","美式","112年02月09日","112年02月09日","112年09月06日","112年09月08日","0.50","    14.88","","",
="035635","台塑群益28購01","1.04","＋","1301","台塑","93.30","－","認購","美式","112年02月09日","112年02月09日","112年08月04日","112年08月08日","0.40","    101.00","","",
="035636","華新群益28購02","0.00","","1605","華新","46.60","＋","認購","美式","112年02月09日","112年02月09日","112年08月04日","112年08月08日","0.60","    68.00","","",
="035637","第一銅群益28購01","0.00","","2009","第一銅","32.10","＋","認購","美式","112年02月09日","112年02月09日","112年08月04日","112年08月08日","0.80","    45.00","","",
="035638","聯電群益28購03","1.31","＋","2303","聯電","51.20","＋","認購","美式","112年02月09日","112年02月09日","112年08月04日","112年08月08日","0.42","    53.00","","",
="035639","聯電群益28購04","0.00","","2303","聯電","51.20","＋","認購","美式","112年02月09日","112年02月09日","112年08月04日","112年08月08日","0.70","    58.00","","",
="03563P","微星凱基26售01","0.00","","2377","微星","168.00","－","認售","歐式","111年10月03日","112年06月02日","112年05月31日","112年06月02日","0.40","    70.00","","",
="03563U","臺股指凱基2B售07","0.00","","IX0001","臺股指數","16,636.30","","認售","歐式","112年01月12日","112年11月13日","112年11月09日","112年11月13日","0.003","    10,800.00","","",
="035640","金寶群益28購01","0.00","","2312","金寶","13.50","＋","認購","美式","112年02月09日","112年02月09日","112年08月04日","112年08月08日","1.00","    16.80","","",
="035641","台積電群益2C購03","0.00","","2330","台積電","568.00","＋","認購","美式","112年02月09日","112年02月09日","112年12月06日","112年12月08日","0.101","    745.96","","",
="035642","台積電群益32購01","1.92","＋","2330","台積電","568.00","＋","認購","美式","112年02月09日","112年02月09日","113年02月02日","113年02月15日","0.035","    596.77","","",
="035643","宏達電群益2A購03","0.40","","2498","宏達電","61.50","＋","認購","美式","112年02月09日","112年02月09日","112年10月05日","112年10月11日","0.553","    100.00","","",
="035644","長榮群益28購07","0.92","＋","2603","長榮","157.00","＋","認購","美式","112年02月09日","112年02月09日","112年08月04日","112年08月08日","0.10","    165.00","","",
="035645","長榮群益2A購01","0.00","","2603","長榮","157.00","＋","認購","美式","112年02月09日","112年02月09日","112年10月05日","112年10月11日","0.10","    183.00","","",
="035646","萬海群益28購03","0.00","","2615","萬海","60.00","＋","認購","美式","112年02月09日","112年02月09日","112年08月04日","112年08月08日","0.48","    106.00","","",
="035647","長榮航群益29購03","1.48","＋","2618","長榮航","33.60","＋","認購","美式","112年02月09日","112年02月09日","112年09月06日","112年09月08日","0.70","    34.50","","",
="035648","長榮航群益2A購01","1.66","＋","2618","長榮航","33.60","＋","認購","美式","112年02月09日","112年02月09日","112年10月05日","112年10月11日","0.80","    38.25","","",
="035649","群創群益29購01","0.86","","3481","群創","14.10","＋","認購","美式","112年02月09日","112年02月09日","112年09月06日","112年09月08日","0.80","    14.80","","",
="03564P","長榮航凱基28售02","0.00","","2618","長榮航","33.60","＋","認售","歐式","111年10月03日","112年08月02日","112年07月31日","112年08月02日","1.00","    15.00","","",
="03564U","天鈺中信27售03","0.00","","4961","天鈺","154.00","＋","認售","歐式","112年01月12日","112年07月11日","112年07月07日","112年07月11日","0.10","    102.00","","",
="035650","健策群益28購01","10.30","＋","3653","健策","616.00","＋","認購","美式","112年02月09日","112年02月09日","112年08月04日","112年08月08日","0.08","    520.00","","",
="035651","世芯群益28購03","0.00","","3661","世芯-KY","1,660.00","＋","認購","美式","112年02月09日","112年02月09日","112年08月04日","112年08月08日","0.02","    1,100.00","","",
="035652","祥碩群益28購05","3.93","＋","5269","祥碩","1,300.00","＋","認購","美式","112年02月09日","112年02月09日","112年08月04日","112年08月08日","0.02","    1,200.00","","",
="035653","愛普群益2B購01","2.65","＋","6531","愛普*","328.50","＋","認購","美式","112年02月09日","112年02月09日","112年11月06日","112年11月08日","0.06","    340.00","","",
="035654","力智群益28購01","1.05","","6719","力智","303.00","＋","認購","美式","112年02月09日","112年02月09日","112年08月04日","112年08月08日","0.05","    340.00","","",
="035655","采鈺群益2A購01","0.00","","6789","采鈺","224.00","＋","認購","美式","112年02月09日","112年02月09日","112年10月05日","112年10月11日","0.10","    367.00","","",
="035656","鴻海法興28購01","0.72","＋","2317","鴻海","105.50","＋","認購","歐式","112年02月09日","112年08月08日","112年08月04日","112年08月08日","0.40","    115.00","","",
="035657","聯發科法興28購01","0.94","＋","2454","聯發科","738.00","＋","認購","歐式","112年02月09日","112年08月08日","112年08月04日","112年08月08日","0.03","    820.00","","",
="035658","長榮航法興28購01","1.71","＋","2618","長榮航","33.60","＋","認購","歐式","112年02月09日","112年08月08日","112年08月04日","112年08月08日","0.50","    33.00","","",
="035659","開發金法興28購01","0.00","","2883","開發金","12.80","－","認購","歐式","112年02月09日","112年08月08日","112年08月04日","112年08月08日","1.00","    15.00","","",
="03565U","臺股指富邦2B售02","0.29","－","IX0001","臺股指數","16,636.30","","認售","歐式","112年01月12日","112年11月13日","112年11月09日","112年11月13日","0.001","    14,000.00","","",
="035660","大立光法興28購01","0.94","＋","3008","大立光","2,305.00","＋","認購","歐式","112年02月09日","112年08月08日","112年08月04日","112年08月08日","0.01","    2,548.34","","",
="035661","群創法興28購01","0.00","","3481","群創","14.10","＋","認購","歐式","112年02月09日","112年08月08日","112年08月04日","112年08月08日","1.00","    14.50","","",
="035662","世芯法興28購02","0.00","","3661","世芯-KY","1,660.00","＋","認購","歐式","112年02月09日","112年08月08日","112年08月04日","112年08月08日","0.01","    1,150.00","","",
="035663","世紀鋼法興28購01","0.99","＋","9958","世紀鋼","109.50","＋","認購","歐式","112年02月09日","112年08月08日","112年08月04日","112年08月08日","0.15","    120.00","","",
="035664","T50反1元富2B購02","0.24","－",="00632R","元大台灣50反1","4.94","－","認購","美式","112年02月09日","112年02月09日","112年11月06日","112年11月08日","1.00","    5.00","","",
="035665","元債2X元富28購01","0.12","＋",="00680L","元大美債20正2","10.96","＋","認購","美式","112年02月09日","112年02月09日","112年08月04日","112年08月08日","1.00","    14.00","","",
="035666","元債2X元富28購02","0.00","",="00680L","元大美債20正2","10.96","＋","認購","美式","112年02月09日","112年02月09日","112年08月04日","112年08月08日","1.00","    13.00","","",
="035667","元債2X元富28購03","0.54","＋",="00680L","元大美債20正2","10.96","＋","認購","美式","112年02月09日","112年02月09日","112年08月04日","112年08月08日","1.00","    12.00","","",
="035668","元債2X元富2B購01","0.00","",="00680L","元大美債20正2","10.96","＋","認購","美式","112年02月09日","112年02月09日","112年11月06日","112年11月08日","1.00","    15.00","","",
="035669","元債反元富28購01","0.41","",="00681R","元大美債20反1","18.75","－","認購","美式","112年02月09日","112年02月09日","112年08月04日","112年08月08日","1.00","    20.00","","",
="03566U","台積電台新29售01","0.00","","2330","台積電","568.00","＋","認售","歐式","112年01月12日","112年09月11日","112年09月07日","112年09月11日","0.181","    444.03","","",
="035670","元債反元富28購02","0.00","",="00681R","元大美債20反1","18.75","－","認購","美式","112年02月09日","112年02月09日","112年08月04日","112年08月08日","1.00","    19.00","","",
="035671","元債反元富28購03","0.00","",="00681R","元大美債20反1","18.75","－","認購","美式","112年02月09日","112年02月09日","112年08月04日","112年08月08日","1.00","    18.00","","",
="035672","元債反元富28購04","0.00","",="00681R","元大美債20反1","18.75","－","認購","美式","112年02月09日","112年02月09日","112年08月04日","112年08月08日","1.00","    17.00","","",
="035673","台積電元富2B購03","1.50","＋","2330","台積電","568.00","＋","認購","美式","112年02月09日","112年02月09日","112年11月06日","112年11月08日","0.03","    547.04","","",
="035674","祥碩元富29購01","1.74","","5269","祥碩","1,300.00","＋","認購","美式","112年02月09日","112年02月09日","112年09月06日","112年09月08日","0.006","    1,120.00","","",
="035675","祥碩元富29購02","3.01","＋","5269","祥碩","1,300.00","＋","認購","美式","112年02月09日","112年02月09日","112年09月06日","112年09月08日","0.02","    1,350.00","","",
="035676","裕隆麥證28購02","0.32","＋","2201","裕隆","82.80","＋","認購","歐式","112年02月09日","112年08月08日","112年08月04日","112年08月08日","0.25","    110.00","","",
="035677","南電麥證29購01","1.68","－","8046","南電","302.50","－","認購","歐式","112年02月09日","112年09月08日","112年09月06日","112年09月08日","0.08","    350.00","","",
="035678","台積電第一28購07","0.00","","2330","台積電","568.00","＋","認購","美式","112年02月10日","112年02月10日","112年08月07日","112年08月09日","0.055","    617.66","","",
="035679","晶豪科第一28購01","0.00","","3006","晶豪科","88.20","＋","認購","美式","112年02月10日","112年02月10日","112年08月07日","112年08月09日","0.065","    87.89","","",
="03567U","聯電元大27售05","0.31","－","2303","聯電","51.20","＋","認售","歐式","112年01月12日","112年07月11日","112年07月07日","112年07月11日","0.328","    45.00","","",
="035680","裕隆國票29購01","1.80","－","2201","裕隆","82.80","＋","認購","美式","112年02月10日","112年02月10日","112年09月07日","112年09月11日","1.00","    116.00","","",
="035681","義隆國票29購01","0.30","＋","2458","義隆","104.00","＋","認購","美式","112年02月10日","112年02月10日","112年09月07日","112年09月11日","0.155","    135.81","","",
="035682","合勤控國票29購02","1.74","＋","3704","合勤控","43.85","＋","認購","美式","112年02月10日","112年02月10日","112年09月07日","112年09月11日","0.638","    50.00","","",
="035683","台灣50凱基29購11","0.00","",="0050","元大台灣50","126.75","＋","認購","美式","112年02月10日","112年02月10日","112年09月07日","112年09月11日","0.30","    125.00","","",
="035684","台灣50凱基29購12","1.96","＋",="0050","元大台灣50","126.75","＋","認購","美式","112年02月10日","112年02月10日","112年09月07日","112年09月11日","0.20","    120.00","","",
="035685","台灣50凱基2C購02","0.00","",="0050","元大台灣50","126.75","＋","認購","美式","112年02月10日","112年02月10日","112年12月07日","112年12月11日","1.00","    152.00","","",
="035686","元日2X凱基2C購01","0.00","",="00706L","期元大S&P日圓正2(原名：元大S&P日圓正2)","8.72","－","認購","美式","112年02月10日","112年02月10日","112年12月07日","112年12月11日","1.00","    10.00","","",
="035687","台達化凱基29購01","0.00","","1309","台達化","19.90","－","認購","美式","112年02月10日","112年02月10日","112年09月07日","112年09月11日","0.70","    29.00","","",
="035688","華城凱基28購02","0.00","","1519","華城","141.00","＋","認購","美式","112年02月10日","112年02月10日","112年08月07日","112年08月09日","0.25","    70.00","","",
="035689","聯電凱基28購09","0.97","","2303","聯電","51.20","＋","認購","美式","112年02月10日","112年02月10日","112年08月07日","112年08月09日","0.60","    55.00","","",
="03568U","聯電元大27售06","0.00","","2303","聯電","51.20","＋","認售","歐式","112年01月12日","112年07月11日","112年07月07日","112年07月11日","0.25","    42.00","","",
="035690","聯電凱基29購01","1.66","＋","2303","聯電","51.20","＋","認購","美式","112年02月10日","112年02月10日","112年09月07日","112年09月11日","0.35","    50.00","","",
="035691","鴻海凱基2C購02","0.00","","2317","鴻海","105.50","＋","認購","美式","112年02月10日","112年02月10日","112年12月07日","112年12月11日","0.80","    150.00","","",
="035692","國巨凱基28購03","0.24","＋","2327","國巨","508.00","＋","認購","美式","112年02月10日","112年02月10日","112年08月07日","112年08月09日","0.08","    680.00","","",
="035693","台積電凱基2A購17","0.00","","2330","台積電","568.00","＋","認購","美式","112年02月10日","112年02月10日","112年10月05日","112年10月11日","0.05","    586.83","","",
="035694","台光電凱基28購01","1.02","＋","2383","台光電","204.50","＋","認購","美式","112年02月10日","112年02月10日","112年08月07日","112年08月09日","0.15","    240.00","","",
="035695","宏達電凱基28購08","0.00","","2498","宏達電","61.50","＋","認購","美式","112年02月10日","112年02月10日","112年08月07日","112年08月09日","0.20","    77.00","","",
="035696","長榮凱基28購04","0.00","","2603","長榮","157.00","＋","認購","美式","112年02月10日","112年02月10日","112年08月07日","112年08月09日","0.20","    195.00","","",
="035697","陽明凱基29購03","0.00","","2609","陽明","62.00","＋","認購","美式","112年02月10日","112年02月10日","112年09月07日","112年09月11日","0.40","    78.00","","",
="035698","華航凱基28購03","1.45","＋","2610","華航","21.65","＋","認購","美式","112年02月10日","112年02月10日","112年08月07日","112年08月09日","1.00","    22.00","","",
="035699","萬海凱基28購05","0.00","","2615","萬海","60.00","＋","認購","美式","112年02月10日","112年02月10日","112年08月07日","112年08月09日","0.22","    90.00","","",
="03569U","八方元大27售01","0.00","","2753","八方雲集","167.00","","認售","歐式","112年01月12日","112年07月11日","112年07月07日","112年07月11日","0.036","    193.38","","",
="035700","長榮航凱基28購06","0.00","","2618","長榮航","33.60","＋","認購","美式","112年02月10日","112年02月10日","112年08月07日","112年08月09日","0.40","    29.00","","",
="035701","漢翔凱基28購01","0.00","","2634","漢翔","55.80","＋","認購","美式","112年02月10日","112年02月10日","112年08月07日","112年08月09日","0.60","    39.00","","",
="035702","奇鋐凱基28購01","0.00","","3017","奇鋐","206.00","－","認購","美式","112年02月10日","112年02月10日","112年08月07日","112年08月09日","0.152","    138.39","","",
="035703","晶睿凱基29購02","0.00","","3454","晶睿","182.50","＋","認購","美式","112年02月10日","112年02月10日","112年09月07日","112年09月11日","0.04","    280.00","","",
="035704","晶睿凱基29購03","0.47","＋","3454","晶睿","182.50","＋","認購","美式","112年02月10日","112年02月10日","112年09月07日","112年09月11日","0.04","    245.00","","",
="035705","晶心科凱基2A購02","0.45","＋","6533","晶心科","511.00","＋","認購","美式","112年02月10日","112年02月10日","112年10月05日","112年10月11日","0.025","    730.00","","",
="035706","采鈺凱基28購03","0.00","","6789","采鈺","224.00","＋","認購","美式","112年02月10日","112年02月10日","112年08月07日","112年08月09日","0.06","    270.00","","",
="035707","南電凱基28購08","0.00","","8046","南電","302.50","－","認購","美式","112年02月10日","112年02月10日","112年08月07日","112年08月09日","0.05","    265.00","","",
="035708","聯電康和28購01","0.00","","2303","聯電","51.20","＋","認購","美式","112年02月10日","112年02月10日","112年08月07日","112年08月09日","0.40","    58.80","","",
="035709","T50反1永豐29購01","0.17","－",="00632R","元大台灣50反1","4.94","－","認購","美式","112年02月10日","112年02月10日","112年09月07日","112年09月11日","1.00","    5.03","","",
="03570U","聯詠元大27售14","0.00","","3034","聯詠","423.50","＋","認售","歐式","112年01月12日","112年07月11日","112年07月07日","112年07月11日","0.174","    243.50","","",
="035710","滬深2X永豐29購01","0.00","",="00637L","元大滬深300正2","13.77","－","認購","美式","112年02月10日","112年02月10日","112年09月07日","112年09月11日","1.00","    19.70","","",
="035711","裕隆永豐2B購01","1.11","＋","2201","裕隆","82.80","＋","認購","美式","112年02月10日","112年02月10日","112年11月07日","112年11月09日","0.105","    89.73","","",
="035712","智邦永豐29購01","2.54","＋","2345","智邦","357.50","＋","認購","美式","112年02月10日","112年02月10日","112年09月07日","112年09月11日","0.06","    356.20","","",
="035713","技嘉永豐28購02","3.87","－","2376","技嘉","186.00","＋","認購","美式","112年02月10日","112年02月10日","112年08月07日","112年08月09日","0.14","    164.72","","",
="035714","友達永豐29購01","0.00","","2409","友達","17.65","＋","認購","美式","112年02月10日","112年02月10日","112年09月07日","112年09月11日","1.00","    24.75","","",
="035715","威強電永豐29購01","1.55","","3022","威強電","91.20","＋","認購","美式","112年02月10日","112年02月10日","112年09月07日","112年09月11日","0.17","    99.54","","",
="035716","晶睿永豐2A購01","0.28","＋","3454","晶睿","182.50","＋","認購","美式","112年02月10日","112年02月10日","112年10月05日","112年10月11日","0.025","    273.18","","",
="035717","群創永豐29購02","0.47","","3481","群創","14.10","＋","認購","美式","112年02月10日","112年02月10日","112年09月07日","112年09月11日","1.00","    17.58","","",
="035718","力積電永豐29購01","0.00","","6770","力積電","30.85","＋","認購","美式","112年02月10日","112年02月10日","112年09月07日","112年09月11日","0.656","    43.28","","",
="035719","南電永豐29購01","0.00","","8046","南電","302.50","－","認購","美式","112年02月10日","112年02月10日","112年09月07日","112年09月11日","0.058","    316.55","","",
="03571U","聯詠元大27售15","0.00","","3034","聯詠","423.50","＋","認售","歐式","112年01月12日","112年07月11日","112年07月07日","112年07月11日","0.09","    282.00","","",
="035720","日友永豐29購01","0.00","","8341","日友","158.00","－","認購","美式","112年02月10日","112年02月10日","112年09月07日","112年09月11日","0.069","    235.58","","",
="035721","華新中信2C購01","0.61","＋","1605","華新","46.60","＋","認購","歐式","112年02月10日","112年12月11日","112年12月07日","112年12月11日","0.20","    62.00","","",
="035722","智邦中信2A購01","2.75","＋","2345","智邦","357.50","＋","認購","歐式","112年02月10日","112年10月11日","112年10月05日","112年10月11日","0.03","    286.00","","",
="035723","王品中信2A購01","3.01","","2727","王品","320.00","－","認購","歐式","112年02月10日","112年10月11日","112年10月05日","112年10月11日","0.035","    258.00","","",
="035724","晶睿中信28購01","0.04","－","3454","晶睿","182.50","＋","認購","歐式","112年02月10日","112年08月09日","112年08月07日","112年08月09日","0.055","    333.00","","",
="035725","立積中信2B購01","2.14","","4968","立積","170.00","＋","認購","歐式","112年02月10日","112年11月09日","112年11月07日","112年11月09日","0.06","    156.00","","",
="035726","T50反1國泰2A購03","0.00","",="00632R","元大台灣50反1","4.94","－","認購","美式","112年02月10日","112年02月10日","112年10月05日","112年10月11日","1.00","    5.40","","",
="035727","聯電國泰2A購03","0.75","＋","2303","聯電","51.20","＋","認購","美式","112年02月10日","112年02月10日","112年10月05日","112年10月11日","0.60","    65.00","","",
="035728","鴻海國泰2A購01","0.87","＋","2317","鴻海","105.50","＋","認購","美式","112年02月10日","112年02月10日","112年10月05日","112年10月11日","0.25","    116.87","","",
="035729","聯發科國泰2A購01","0.62","＋","2454","聯發科","738.00","＋","認購","美式","112年02月10日","112年02月10日","112年10月05日","112年10月11日","0.05","    1,007.78","","",
="03572P","華航元大28售01","0.00","","2610","華航","21.65","＋","認售","歐式","111年10月03日","112年08月02日","112年07月31日","112年08月02日","1.00","    11.20","","",
="03572U","聯詠元大27售16","0.00","","3034","聯詠","423.50","＋","認售","歐式","112年01月12日","112年07月11日","112年07月07日","112年07月11日","0.062","    303.00","","",
="035730","聯發科國泰2A購02","0.75","＋","2454","聯發科","738.00","＋","認購","美式","112年02月10日","112年02月10日","112年10月05日","112年10月11日","0.03","    910.73","","",
="035731","萬海國泰2A購01","0.11","","2615","萬海","60.00","＋","認購","美式","112年02月10日","112年02月10日","112年10月05日","112年10月11日","0.30","    102.17","","",
="035732","王品國泰2A購01","0.00","","2727","王品","320.00","－","認購","美式","112年02月10日","112年02月10日","112年10月05日","112年10月11日","0.08","    246.00","","",
="035733","欣興國泰2A購01","0.00","","3037","欣興","182.50","－","認購","美式","112年02月10日","112年02月10日","112年10月05日","112年10月11日","0.12","    165.00","","",
="035734","立積國泰2A購01","2.49","＋","4968","立積","170.00","＋","認購","美式","112年02月10日","112年02月10日","112年10月05日","112年10月11日","0.10","    174.00","","",
="035735","緯穎國泰2A購01","0.00","","6669","緯穎","1,205.00","＋","認購","美式","112年02月10日","112年02月10日","112年10月05日","112年10月11日","0.025","    1,093.12","","",
="035736","光罩富邦2A購01","0.00","","2338","光罩","81.80","＋","認購","美式","112年02月10日","112年02月10日","112年10月05日","112年10月11日","0.10","    115.00","","",
="035737","義隆富邦29購01","0.00","","2458","義隆","104.00","＋","認購","美式","112年02月10日","112年02月10日","112年09月07日","112年09月11日","0.103","    121.26","","",
="035738","晶睿富邦2A購01","0.00","","3454","晶睿","182.50","＋","認購","美式","112年02月10日","112年02月10日","112年10月05日","112年10月11日","0.025","    300.00","","",
="035739","台灣50元富32購01","4.36","＋",="0050","元大台灣50","126.75","＋","認購","美式","112年02月10日","112年02月10日","113年02月02日","113年02月15日","0.50","    126.00","","",
="03573U","欣興元大27售10","0.00","","3037","欣興","182.50","－","認售","歐式","112年01月12日","112年07月11日","112年07月07日","112年07月11日","0.14","    102.00","","",
="035740","力智元富28購02","0.00","","6719","力智","303.00","＋","認購","美式","112年02月10日","112年02月10日","112年08月07日","112年08月09日","0.03","    340.00","","",
="035741","寶齡兆豐2A購01","0.00","","1760","寶齡富錦","148.50","","認購","美式","112年02月10日","112年02月10日","112年10月05日","112年10月11日","0.032","    230.00","","",
="035742","華通兆豐29購01","0.48","＋","2313","華通","44.30","＋","認購","美式","112年02月10日","112年02月10日","112年09月07日","112年09月11日","0.297","    49.91","","",
="035743","晶睿兆豐2A購01","0.48","＋","3454","晶睿","182.50","＋","認購","美式","112年02月10日","112年02月10日","112年10月05日","112年10月11日","0.028","    228.00","","",
="035744","天鈺兆豐2A購01","0.00","","4961","天鈺","154.00","＋","認購","美式","112年02月10日","112年02月10日","112年10月05日","112年10月11日","0.055","    168.00","","",
="035745","啟碁兆豐2A購01","0.97","","6285","啟碁","87.50","＋","認購","美式","112年02月10日","112年02月10日","112年10月05日","112年10月11日","0.12","    93.00","","",
="035746","中興電統一2A購03","0.00","","1513","中興電","113.50","＋","認購","美式","112年02月10日","112年02月10日","112年10月05日","112年10月11日","0.10","    111.11","","",
="035747","上銀統一2A購01","0.00","","2049","上銀","235.50","＋","認購","美式","112年02月10日","112年02月10日","112年10月05日","112年10月11日","0.03","    300.40","","",
="035748","威盛統一2A購01","0.66","","2388","威盛","83.10","＋","認購","美式","112年02月10日","112年02月10日","112年10月05日","112年10月11日","0.10","    103.30","","",
="035749","長榮統一32購01","1.10","＋","2603","長榮","157.00","＋","認購","美式","112年02月10日","112年02月10日","113年02月02日","113年02月15日","0.038","    150.00","","",
="03574U","玉晶光元大27售02","0.00","","3406","玉晶光","400.00","＋","認售","歐式","112年01月12日","112年07月11日","112年07月07日","112年07月11日","0.104","    213.50","","",
="035750","萬海統一32購01","0.00","","2615","萬海","60.00","＋","認購","美式","112年02月10日","112年02月10日","113年02月02日","113年02月15日","0.08","    77.77","","",
="035751","敦泰統一31購01","0.87","","3545","敦泰","83.70","＋","認購","美式","112年02月10日","112年02月10日","113年01月05日","113年01月09日","0.055","    99.99","","",
="035752","國光生統一31購01","0.00","","4142","國光生","37.80","＋","認購","美式","112年02月10日","112年02月10日","113年01月05日","113年01月09日","0.08","    50.00","","",
="035753","矽創統一31購01","0.00","","8016","矽創","225.50","＋","認購","美式","112年02月10日","112年02月10日","113年01月05日","113年01月09日","0.013","    268.88","","",
="035754","FBNQ反群益2C購01","0.63","－",="00671R","富邦NASDAQ 反1","5.07","－","認購","美式","112年02月10日","112年02月10日","112年12月07日","112年12月11日","1.00","    5.25","","",
="035755","華新群益28購03","0.00","","1605","華新","46.60","＋","認購","美式","112年02月10日","112年02月10日","112年08月07日","112年08月09日","0.40","    60.00","","",
="035756","鴻海群益29購01","0.62","","2317","鴻海","105.50","＋","認購","美式","112年02月10日","112年02月10日","112年09月07日","112年09月11日","0.20","    117.50","","",
="035757","國巨群益28購05","0.00","","2327","國巨","508.00","＋","認購","美式","112年02月10日","112年02月10日","112年08月07日","112年08月09日","0.045","    750.00","","",
="035758","台積電群益28購11","1.72","－","2330","台積電","568.00","＋","認購","美式","112年02月10日","112年02月10日","112年08月07日","112年08月09日","0.03","    522.17","","",
="035759","台積電群益29購08","0.00","","2330","台積電","568.00","＋","認購","美式","112年02月10日","112年02月10日","112年09月07日","112年09月11日","0.06","    615.67","","",
="03575P","臺股指元大26售11","0.00","","IX0001","臺股指數","16,636.30","","認售","歐式","111年10月03日","112年06月02日","112年05月31日","112年06月02日","0.003","    11,200.00","","",
="03575U","群創元大27售04","0.00","","3481","群創","14.10","＋","認售","歐式","112年01月12日","112年07月11日","112年07月07日","112年07月11日","0.60","    11.50","","",
="035760","華邦電群益28購01","0.00","","2344","華邦電","26.90","＋","認購","美式","112年02月10日","112年02月10日","112年08月07日","112年08月09日","1.00","    25.60","","",
="035761","聯發科群益28購06","2.65","＋","2454","聯發科","738.00","＋","認購","美式","112年02月10日","112年02月10日","112年08月07日","112年08月09日","0.035","    723.00","","",
="035762","聯發科群益29購03","2.33","＋","2454","聯發科","738.00","＋","認購","美式","112年02月10日","112年02月10日","112年09月07日","112年09月11日","0.055","    831.00","","",
="035763","聯發科群益2B購01","1.60","＋","2454","聯發科","738.00","＋","認購","美式","112年02月10日","112年02月10日","112年11月07日","112年11月09日","0.06","    961.00","","",
="035764","晶華群益28購03","2.19","＋","2707","晶華","288.00","＋","認購","美式","112年02月10日","112年02月10日","112年08月07日","112年08月09日","0.10","    300.00","","",
="035765","大立光群益28購07","1.67","＋","3008","大立光","2,305.00","＋","認購","美式","112年02月10日","112年02月10日","112年08月07日","112年08月09日","0.016","    2,504.23","","",
="035766","景碩群益28購02","0.78","＋","3189","景碩","116.00","＋","認購","美式","112年02月10日","112年02月10日","112年08月07日","112年08月09日","0.09","    120.00","","",
="035767","世芯群益28購04","0.00","","3661","世芯-KY","1,660.00","＋","認購","美式","112年02月10日","112年02月10日","112年08月07日","112年08月09日","0.032","    1,268.00","","",
="035768","立積群益28購01","2.37","＋","4968","立積","170.00","＋","認購","美式","112年02月10日","112年02月10日","112年08月07日","112年08月09日","0.09","    158.00","","",
="035769","愛普群益2B購02","3.62","＋","6531","愛普*","328.50","＋","認購","美式","112年02月10日","112年02月10日","112年11月07日","112年11月09日","0.055","    300.00","","",
="03576P","台積電富邦27售02","0.00","","2330","台積電","568.00","＋","認售","歐式","111年10月03日","112年07月03日","112年06月29日","112年07月03日","0.102","    346.13","","",
="03576U","健策元大27售03","0.00","","3653","健策","616.00","＋","認售","歐式","112年01月12日","112年07月11日","112年07月07日","112年07月11日","0.043","    324.00","","",
="035770","南電群益28購06","5.40","－","8046","南電","302.50","－","認購","美式","112年02月10日","112年02月10日","112年08月07日","112年08月09日","0.15","    300.00","","",
="035771","元債2X元大28購01","0.12","",="00680L","元大美債20正2","10.96","＋","認購","美式","112年02月10日","112年02月10日","112年08月07日","112年08月09日","0.70","    14.00","","",
="035772","元債2X元大28購02","0.00","",="00680L","元大美債20正2","10.96","＋","認購","美式","112年02月10日","112年02月10日","112年08月07日","112年08月09日","0.70","    13.00","","",
="035773","元債2X元大2A購01","0.31","＋",="00680L","元大美債20正2","10.96","＋","認購","美式","112年02月10日","112年02月10日","112年10月05日","112年10月11日","0.60","    13.50","","",
="035774","元債2X元大2B購01","0.31","＋",="00680L","元大美債20正2","10.96","＋","認購","美式","112年02月10日","112年02月10日","112年11月07日","112年11月09日","0.80","    15.00","","",
="035775","道瓊銀元大29購01","0.00","",="00738U","期元大道瓊白銀(原名：元大道瓊白銀)","22.79","＋","認購","美式","112年02月10日","112年02月10日","112年09月07日","112年09月11日","0.40","    25.00","","",
="035776","寶齡元大29購03","0.00","","1760","寶齡富錦","148.50","","認購","美式","112年02月10日","112年02月10日","112年09月07日","112年09月11日","0.049","    240.00","","",
="035777","第一銅元大28購04","0.00","","2009","第一銅","32.10","＋","認購","美式","112年02月10日","112年02月10日","112年08月07日","112年08月09日","1.00","    53.10","","",
="035778","鴻海元大29購14","1.01","＋","2317","鴻海","105.50","＋","認購","美式","112年02月10日","112年02月10日","112年09月07日","112年09月11日","0.326","    120.50","","",
="035779","鴻海元大2A購16","0.00","","2317","鴻海","105.50","＋","認購","美式","112年02月10日","112年02月10日","112年10月05日","112年10月11日","0.518","    136.00","","",
="03577P","臺股指元富26售02","0.00","","IX0001","臺股指數","16,636.30","","認售","歐式","111年12月02日","112年06月01日","112年05月30日","112年06月01日","0.004","    13,200.00","","",
="03577U","世芯元大27售06","0.00","","3661","世芯-KY","1,660.00","＋","認售","歐式","112年01月12日","112年07月11日","112年07月07日","112年07月11日","0.017","    647.00","","",
="035780","智邦元大28購03","4.30","＋","2345","智邦","357.50","＋","認購","美式","112年02月10日","112年02月10日","112年08月07日","112年08月09日","0.126","    361.00","","",
="035781","順德元大28購01","0.46","＋","2351","順德","123.00","＋","認購","美式","112年02月10日","112年02月10日","112年08月07日","112年08月09日","0.08","    148.00","","",
="035782","順德元大2A購01","0.64","＋","2351","順德","123.00","＋","認購","美式","112年02月10日","112年02月10日","112年10月05日","112年10月11日","0.084","    160.00","","",
="035783","順德元大2B購01","0.00","","2351","順德","123.00","＋","認購","美式","112年02月10日","112年02月10日","112年11月07日","112年11月09日","0.106","    180.00","","",
="035784","宏達電元大29購03","0.00","","2498","宏達電","61.50","＋","認購","美式","112年02月10日","112年02月10日","112年09月07日","112年09月11日","0.416","    95.00","","",
="035785","長榮航元大29購07","0.00","","2618","長榮航","33.60","＋","認購","美式","112年02月10日","112年02月10日","112年09月07日","112年09月11日","0.823","    34.50","","",
="035786","長榮航元大2A購04","2.65","＋","2618","長榮航","33.60","＋","認購","美式","112年02月10日","112年02月10日","112年10月05日","112年10月11日","0.899","    36.90","","",
="035787","長榮航元大2B購01","1.90","＋","2618","長榮航","33.60","＋","認購","美式","112年02月10日","112年02月10日","112年11月07日","112年11月09日","1.00","    41.95","","",
="035788","晶華元大29購03","0.00","","2707","晶華","288.00","＋","認購","美式","112年02月10日","112年02月10日","112年09月07日","112年09月11日","0.152","    379.00","","",
="035789","王品元大28購01","0.00","","2727","王品","320.00","－","認購","美式","112年02月10日","112年02月10日","112年08月07日","112年08月09日","0.035","    217.00","","",
="03578U","嘉聯益元大27售02","0.00","","6153","嘉聯益","23.15","＋","認售","歐式","112年01月12日","112年07月11日","112年07月07日","112年07月11日","0.272","    22.00","","",
="035790","國泰金元大28購01","1.00","","2882","國泰金","44.75","＋","認購","美式","112年02月10日","112年02月10日","112年08月07日","112年08月09日","0.50","    47.50","","",
="035791","晶豪科元大28購03","1.02","＋","3006","晶豪科","88.20","＋","認購","美式","112年02月10日","112年02月10日","112年08月07日","112年08月09日","0.315","    108.50","","",
="035792","智原元大29購05","0.38","＋","3035","智原","173.50","＋","認購","美式","112年02月10日","112年02月10日","112年09月07日","112年09月11日","0.112","    275.50","","",
="035793","晶技元大28購03","0.89","＋","3042","晶技","89.40","＋","認購","美式","112年02月10日","112年02月10日","112年08月07日","112年08月09日","0.205","    97.10","","",
="035794","緯創元大28購02","0.00","","3231","緯創","68.00","＋","認購","美式","112年02月10日","112年02月10日","112年08月07日","112年08月09日","1.00","    40.00","","",
="035795","華擎元大28購02","0.00","","3515","華擎","154.00","＋","認購","美式","112年02月10日","112年02月10日","112年08月07日","112年08月09日","0.074","    189.00","","",
="035796","瑞鼎元大29購03","0.55","","3592","瑞鼎","348.00","＋","認購","美式","112年02月10日","112年02月10日","112年09月07日","112年09月11日","0.065","    531.00","","",
="035797","世芯元大29購08","8.00","＋","3661","世芯-KY","1,660.00","＋","認購","美式","112年02月10日","112年02月10日","112年09月07日","112年09月11日","0.017","    1,245.00","","",
="035798","新唐元大29購03","0.00","","4919","新唐","130.50","＋","認購","美式","112年02月10日","112年02月10日","112年09月07日","112年09月11日","0.107","    203.00","","",
="035799","全訊元大28購02","0.00","","5222","全訊","198.00","＋","認購","美式","112年02月10日","112年02月10日","112年08月07日","112年08月09日","0.063","    153.50","","",
="03579U","滬深2X群益28售02","1.94","",="00637L","元大滬深300正2","13.77","－","認售","歐式","112年01月12日","112年08月11日","112年08月09日","112年08月11日","1.00","    15.00","","",
="035800","嘉聯益元大28購01","0.00","","6153","嘉聯益","23.15","＋","認購","美式","112年02月10日","112年02月10日","112年08月07日","112年08月09日","0.265","    27.25","","",
="035801","康舒元大2A購02","0.75","＋","6282","康舒","44.05","＋","認購","美式","112年02月10日","112年02月10日","112年10月05日","112年10月11日","0.18","    55.00","","",
="035802","元晶元大29購02","0.17","","6443","元晶","36.20","＋","認購","美式","112年02月10日","112年02月10日","112年09月07日","112年09月11日","0.554","    56.60","","",
="035803","穎崴元大29購01","3.76","＋","6515","穎崴","830.00","－","認購","美式","112年02月10日","112年02月10日","112年09月07日","112年09月11日","0.012","    575.00","","",
="035804","愛普元大29購01","3.35","＋","6531","愛普*","328.50","＋","認購","美式","112年02月10日","112年02月10日","112年09月07日","112年09月11日","0.061","    338.50","","",
="035805","力智元大29購02","0.00","","6719","力智","303.00","＋","認購","美式","112年02月10日","112年02月10日","112年09月07日","112年09月11日","0.037","    450.00","","",
="035806","AES元大29購04","0.00","","6781","AES-KY","690.00","＋","認購","美式","112年02月10日","112年02月10日","112年09月07日","112年09月11日","0.017","    970.00","","",
="035807","矽創元大28購04","1.36","","8016","矽創","225.50","＋","認購","美式","112年02月10日","112年02月10日","112年08月07日","112年08月09日","0.064","    226.00","","",
="035808","日友元大28購01","0.00","","8341","日友","158.00","－","認購","美式","112年02月10日","112年02月10日","112年08月07日","112年08月09日","0.04","    176.00","","",
="035809","華新法興28購01","0.00","","1605","華新","46.60","＋","認購","歐式","112年02月10日","112年08月09日","112年08月07日","112年08月09日","0.20","    65.00","","",
="03580U","國企2X群益28售02","2.02","",="00665L","富邦恒生國企正2","7.02","－","認售","歐式","112年01月12日","112年08月11日","112年08月09日","112年08月11日","1.00","    8.50","","",
="035810","台積電法興28購01","0.00","","2330","台積電","568.00","＋","認購","歐式","112年02月10日","112年08月09日","112年08月07日","112年08月09日","0.08","    656.45","","",
="035811","友達法興28購01","0.00","","2409","友達","17.65","＋","認購","歐式","112年02月10日","112年08月09日","112年08月07日","112年08月09日","1.00","    17.50","","",
="035812","可成法興28購01","0.00","","2474","可成","189.00","＋","認購","歐式","112年02月10日","112年08月09日","112年08月07日","112年08月09日","0.40","    240.00","","",
="035813","陽明法興28購01","0.00","","2609","陽明","62.00","＋","認購","歐式","112年02月10日","112年08月09日","112年08月07日","112年08月09日","0.25","    75.00","","",
="035814","欣興法興28購01","0.00","","3037","欣興","182.50","－","認購","歐式","112年02月10日","112年08月09日","112年08月07日","112年08月09日","0.10","    150.00","","",
="035815","新唐法興28購02","0.00","","4919","新唐","130.50","＋","認購","歐式","112年02月10日","112年08月09日","112年08月07日","112年08月09日","0.08","    175.00","","",
="035816","力積電法興28購01","0.00","","6770","力積電","30.85","＋","認購","歐式","112年02月10日","112年08月09日","112年08月07日","112年08月09日","0.504","    39.65","","",
="035817","南電法興28購01","0.00","","8046","南電","302.50","－","認購","歐式","112年02月10日","112年08月09日","112年08月07日","112年08月09日","0.05","    280.00","","",
="035818","中興電第一2A購01","2.33","","1513","中興電","113.50","＋","認購","美式","112年02月13日","112年02月13日","112年10月06日","112年10月12日","0.078","    91.78","","",
="035819","宏達電第一28購01","0.00","","2498","宏達電","61.50","＋","認購","美式","112年02月13日","112年02月13日","112年08月10日","112年08月14日","0.094","    73.26","","",
="03581U","華夏群益27售02","0.00","","1305","華夏","23.85","－","認售","歐式","112年01月12日","112年07月11日","112年07月07日","112年07月11日","1.00","    18.80","","",
="035820","T50反1國票2A購03","0.00","",="00632R","元大台灣50反1","4.94","－","認購","美式","112年02月13日","112年02月13日","112年10月06日","112年10月12日","1.00","    5.20","","",
="035821","T50反1國票2A購04","0.24","－",="00632R","元大台灣50反1","4.94","－","認購","美式","112年02月13日","112年02月13日","112年10月06日","112年10月12日","1.00","    5.00","","",
="035822","T50反1國票2B購01","0.00","",="00632R","元大台灣50反1","4.94","－","認購","美式","112年02月13日","112年02月13日","112年11月09日","112年11月13日","1.00","    5.30","","",
="035823","T50反1國票2B購02","0.22","－",="00632R","元大台灣50反1","4.94","－","認購","美式","112年02月13日","112年02月13日","112年11月09日","112年11月13日","1.00","    5.10","","",
="035824","T50反1國票2C購01","0.00","",="00632R","元大台灣50反1","4.94","－","認購","美式","112年02月13日","112年02月13日","112年12月08日","112年12月12日","1.00","    5.40","","",
="035825","T50反1國票32購01","0.00","",="00632R","元大台灣50反1","4.94","－","認購","美式","112年02月13日","112年02月13日","113年02月02日","113年02月15日","1.00","    5.50","","",
="035826","S&P500國票28購02","1.28","",="00646","元大S&P500","40.02","＋","認購","美式","112年02月13日","112年02月13日","112年08月10日","112年08月14日","0.70","    40.00","","",
="035827","SGBR2X國票28購01","0.71","＋",="00715L","期街口布蘭特正2","12.73","＋","認購","美式","112年02月13日","112年02月13日","112年08月10日","112年08月14日","0.50","    14.50","","",
="035828","SGBR2X國票29購01","0.00","",="00715L","期街口布蘭特正2","12.73","＋","認購","美式","112年02月13日","112年02月13日","112年09月08日","112年09月12日","0.50","    17.50","","",
="035829","寶齡國票2A購02","0.00","","1760","寶齡富錦","148.50","","認購","美式","112年02月13日","112年02月13日","112年10月06日","112年10月12日","0.067","    240.00","","",
="03582P","臺股指中信26售07","0.00","","IX0001","臺股指數","16,636.30","","認售","歐式","111年10月04日","112年06月05日","112年06月01日","112年06月05日","0.001","    13,888.00","","",
="03582U","台積電群益29售03","0.00","","2330","台積電","568.00","＋","認售","歐式","112年01月12日","112年09月11日","112年09月07日","112年09月11日","1.005","    273.52","","",
="035830","第一銅國票29購01","0.00","","2009","第一銅","32.10","＋","認購","美式","112年02月13日","112年02月13日","112年09月08日","112年09月12日","1.00","    55.00","","",
="035831","上銀國票29購02","0.00","","2049","上銀","235.50","＋","認購","美式","112年02月13日","112年02月13日","112年09月08日","112年09月12日","0.10","    320.00","","",
="035832","裕隆國票29購02","1.65","＋","2201","裕隆","82.80","＋","認購","美式","112年02月13日","112年02月13日","112年09月08日","112年09月12日","1.00","    108.00","","",
="035833","台積電國票29購05","2.25","＋","2330","台積電","568.00","＋","認購","美式","112年02月13日","112年02月13日","112年09月08日","112年09月12日","0.04","    532.12","","",
="035834","台積電國票29購06","0.00","","2330","台積電","568.00","＋","認購","美式","112年02月13日","112年02月13日","112年09月08日","112年09月12日","0.09","    646.50","","",
="035835","台積電國票29購07","0.83","","2330","台積電","568.00","＋","認購","美式","112年02月13日","112年02月13日","112年09月08日","112年09月12日","0.151","    721.10","","",
="035836","智邦國票29購01","0.00","","2345","智邦","357.50","＋","認購","美式","112年02月13日","112年02月13日","112年09月08日","112年09月12日","0.10","    340.00","","",
="035837","順德國票29購01","0.46","","2351","順德","123.00","＋","認購","美式","112年02月13日","112年02月13日","112年09月08日","112年09月12日","0.07","    150.00","","",
="035838","宏達電國票2A購02","0.27","＋","2498","宏達電","61.50","＋","認購","美式","112年02月13日","112年02月13日","112年10月06日","112年10月12日","0.33","    88.00","","",
="035839","漢翔國票29購01","0.00","","2634","漢翔","55.80","＋","認購","美式","112年02月13日","112年02月13日","112年09月08日","112年09月12日","0.50","    40.00","","",
="03583P","臺股指國泰26售02","0.00","","IX0001","臺股指數","16,636.30","","認售","歐式","111年10月04日","112年06月05日","112年06月01日","112年06月05日","0.005","    11,500.00","","",
="03583U","台光電群益28售01","0.13","－","2383","台光電","204.50","＋","認售","歐式","112年01月12日","112年08月11日","112年08月09日","112年08月11日","0.05","    150.00","","",
="035840","慧洋國票28購01","0.59","＋","2637","慧洋-KY","60.30","＋","認購","美式","112年02月13日","112年02月13日","112年08月10日","112年08月14日","0.224","    57.99","","",
="035841","奇鋐國票29購01","0.00","","3017","奇鋐","206.00","－","認購","美式","112年02月13日","112年02月13日","112年09月08日","112年09月12日","0.051","    118.62","","",
="035842","欣興國票29購02","2.35","－","3037","欣興","182.50","－","認購","美式","112年02月13日","112年02月13日","112年09月08日","112年09月12日","0.06","    145.00","","",
="035843","華晶科國票29購01","0.00","","3059","華晶科","34.60","＋","認購","美式","112年02月13日","112年02月13日","112年09月08日","112年09月12日","0.60","    42.00","","",
="035844","日月光國票29購02","0.56","－","3711","日月光投控","109.00","－","認購","美式","112年02月13日","112年02月13日","112年09月08日","112年09月12日","0.07","    110.00","","",
="035845","智伸科國票29購01","0.00","","4551","智伸科","129.00","－","認購","美式","112年02月13日","112年02月13日","112年09月08日","112年09月12日","0.07","    180.00","","",
="035846","新唐國票29購02","0.10","＋","4919","新唐","130.50","＋","認購","美式","112年02月13日","112年02月13日","112年09月08日","112年09月12日","0.13","    230.00","","",
="035847","祥碩國票28購02","2.00","＋","5269","祥碩","1,300.00","＋","認購","美式","112年02月13日","112年02月13日","112年08月10日","112年08月14日","0.01","    1,200.00","","",
="035848","祥碩國票29購01","1.32","＋","5269","祥碩","1,300.00","＋","認購","美式","112年02月13日","112年02月13日","112年09月08日","112年09月12日","0.01","    1,400.00","","",
="035849","矽力國票29購01","0.08","＋","6415","矽力*-KY","394.50","＋","認購","美式","112年02月13日","112年02月13日","112年09月08日","112年09月12日","0.03","    792.98","","",
="03584B","臺股指元大31熊02","2.21","－","IX0001","臺股指數","16,636.30","","認售","歐式","112年02月01日","113年01月02日","112年12月28日","113年01月02日","0.001","    17,686.44","16,791.72","",
="03584P","台灣50凱基26售06","0.00","",="0050","元大台灣50","126.75","＋","認售","歐式","111年10月04日","112年06月05日","112年06月01日","112年06月05日","0.46","    89.97","","",
="03584U","聯發科群益27售13","0.00","","2454","聯發科","738.00","＋","認售","歐式","112年01月12日","112年07月11日","112年07月07日","112年07月11日","0.10","    535.00","","",
="035850","台灣50台新2A購02","0.00","",="0050","元大台灣50","126.75","＋","認購","歐式","112年02月13日","112年10月12日","112年10月06日","112年10月12日","1.00","    130.00","","",
="035851","中興電兆豐2C購01","0.00","","1513","中興電","113.50","＋","認購","美式","112年02月13日","112年02月13日","112年12月08日","112年12月12日","0.12","    88.00","","",
="035852","萬海兆豐2A購01","0.00","","2615","萬海","60.00","＋","認購","美式","112年02月13日","112年02月13日","112年10月06日","112年10月12日","0.15","    96.00","","",
="035853","漢翔兆豐2A購01","4.65","","2634","漢翔","55.80","＋","認購","美式","112年02月13日","112年02月13日","112年10月06日","112年10月12日","0.35","    45.00","","",
="035854","群創兆豐2B購01","0.00","","3481","群創","14.10","＋","認購","美式","112年02月13日","112年02月13日","112年11月09日","112年11月13日","0.60","    15.00","","",
="035855","世芯兆豐2C購01","0.00","","3661","世芯-KY","1,660.00","＋","認購","美式","112年02月13日","112年02月13日","112年12月08日","112年12月12日","0.007","    998.00","","",
="035856","新唐兆豐2C購01","0.40","＋","4919","新唐","130.50","＋","認購","美式","112年02月13日","112年02月13日","112年12月08日","112年12月12日","0.04","    158.00","","",
="035857","SGBR2X統一32購01","0.43","＋",="00715L","期街口布蘭特正2","12.73","＋","認購","美式","112年02月13日","112年02月13日","113年02月02日","113年02月15日","0.15","    17.80","","",
="035858","中興電統一2A購04","2.18","＋","1513","中興電","113.50","＋","認購","美式","112年02月13日","112年02月13日","112年10月06日","112年10月12日","0.10","    102.40","","",
="035859","裕隆統一2A購04","0.00","","2201","裕隆","82.80","＋","認購","美式","112年02月13日","112年02月13日","112年10月06日","112年10月12日","0.07","    91.90","","",
="03585B","臺股指凱基2B熊10","1.48","－","IX0001","臺股指數","16,636.30","","認售","歐式","112年02月02日","112年11月01日","112年10月30日","112年11月01日","0.001","    17,183.78","16,962.14","",
="03585P","台灣50凱基27售04","0.00","",="0050","元大台灣50","126.75","＋","認售","歐式","111年10月04日","112年07月03日","112年06月29日","112年07月03日","0.46","    88.02","","",
="03585U","聯發科群益27售14","0.21","－","2454","聯發科","738.00","＋","認售","歐式","112年01月12日","112年07月11日","112年07月07日","112年07月11日","0.05","    610.00","","",
="035860","為升統一2C購01","0.59","－","2231","為升","172.50","＋","認購","美式","112年02月13日","112年02月13日","112年12月08日","112年12月12日","0.025","    192.60","","",
="035861","瑞昱統一2C購01","0.57","＋","2379","瑞昱","388.00","＋","認購","美式","112年02月13日","112年02月13日","112年12月08日","112年12月12日","0.015","    431.10","","",
="035862","聯發科統一32購02","0.59","","2454","聯發科","738.00","＋","認購","美式","112年02月13日","112年02月13日","113年02月02日","113年02月15日","0.007","    856.10","","",
="035863","宏達電統一2A購03","0.38","","2498","宏達電","61.50","＋","認購","美式","112年02月13日","112年02月13日","112年10月06日","112年10月12日","0.10","    79.90","","",
="035864","威強電統一2A購01","0.92","","3022","威強電","91.20","＋","認購","美式","112年02月13日","112年02月13日","112年10月06日","112年10月12日","0.055","    86.10","","",
="035865","威強電統一2B購01","0.83","＋","3022","威強電","91.20","＋","認購","美式","112年02月13日","112年02月13日","112年11月09日","112年11月13日","0.055","    94.00","","",
="035866","聯詠統一2B購03","1.13","＋","3034","聯詠","423.50","＋","認購","美式","112年02月13日","112年02月13日","112年11月09日","112年11月13日","0.028","    450.00","","",
="035867","瑞鼎統一2C購01","0.00","","3592","瑞鼎","348.00","＋","認購","美式","112年02月13日","112年02月13日","112年12月08日","112年12月12日","0.01","    567.89","","",
="035868","世芯統一28購03","1.20","＋","3661","世芯-KY","1,660.00","＋","認購","美式","112年02月13日","112年02月13日","112年08月10日","112年08月14日","0.002","    1,288.88","","",
="035869","世芯統一2C購02","2.47","＋","3661","世芯-KY","1,660.00","＋","認購","美式","112年02月13日","112年02月13日","112年12月08日","112年12月12日","0.004","    1,189.80","","",
="03586B","臺股指元大2C熊02","2.04","－","IX0001","臺股指數","16,636.30","","認售","歐式","112年02月02日","112年12月01日","112年11月29日","112年12月01日","0.001","    17,644.06","16,962.14","",
="03586P","亞德客凱基26售02","0.00","","1590","亞德客-KY","1,040.00","＋","認售","歐式","111年10月04日","112年06月05日","112年06月01日","112年06月05日","0.03","    400.00","","",
="03586U","聯發科群益28售04","0.00","","2454","聯發科","738.00","＋","認售","歐式","112年01月12日","112年08月11日","112年08月09日","112年08月11日","0.03","    645.00","","",
="035870","世芯統一32購02","1.19","＋","3661","世芯-KY","1,660.00","＋","認購","美式","112年02月13日","112年02月13日","113年02月02日","113年02月15日","0.002","    1,456.78","","",
="035871","麗豐統一2C購01","0.58","＋","4137","麗豐-KY","216.00","＋","認購","美式","112年02月13日","112年02月13日","112年12月08日","112年12月12日","0.014","    288.88","","",
="035872","新唐統一31購02","0.33","","4919","新唐","130.50","＋","認購","美式","112年02月13日","112年02月13日","113年01月10日","113年01月12日","0.014","    208.88","","",
="035873","立積統一2C購01","0.77","＋","4968","立積","170.00","＋","認購","美式","112年02月13日","112年02月13日","112年12月08日","112年12月12日","0.025","    200.00","","",
="035874","中磊統一2C購01","1.01","＋","5388","中磊","93.30","＋","認購","美式","112年02月13日","112年02月13日","112年12月08日","112年12月12日","0.063","    88.94","","",
="035875","南電統一29購04","0.00","","8046","南電","302.50","－","認購","美式","112年02月13日","112年02月13日","112年09月08日","112年09月12日","0.03","    283.20","","",
="035876","東哥統一2C購02","1.41","－","8478","東哥遊艇","520.00","＋","認購","美式","112年02月13日","112年02月13日","112年12月08日","112年12月12日","0.008","    444.20","","",
="035877","技嘉中信28購01","0.00","","2376","技嘉","186.00","＋","認購","歐式","112年02月13日","112年08月14日","112年08月10日","112年08月14日","0.058","    138.00","","",
="035878","祥碩中信29購01","1.29","＋","5269","祥碩","1,300.00","＋","認購","歐式","112年02月13日","112年09月12日","112年09月08日","112年09月12日","0.006","    1,228.00","","",
="035879","矽力中信2C購01","0.09","＋","6415","矽力*-KY","394.50","＋","認購","歐式","112年02月13日","112年12月12日","112年12月08日","112年12月12日","0.006","    972.39","","",
="03587B","臺股指元大31熊04","2.49","－","IX0001","臺股指數","16,636.30","","認售","歐式","112年02月02日","113年01月02日","112年12月28日","113年01月02日","0.001","    17,950.92","17,270.55","",
="03587U","陽明群益28售01","0.00","","2609","陽明","62.00","＋","認售","歐式","112年01月12日","112年08月11日","112年08月09日","112年08月11日","0.50","    50.00","","",
="035880","愛普中信29購01","0.78","＋","6531","愛普*","328.50","＋","認購","歐式","112年02月13日","112年09月12日","112年09月08日","112年09月12日","0.026","    368.00","","",
="035881","AES中信28購03","0.06","","6781","AES-KY","690.00","＋","認購","歐式","112年02月13日","112年08月14日","112年08月10日","112年08月14日","0.008","    968.00","","",
="035882","AES中信29購02","0.10","","6781","AES-KY","690.00","＋","認購","歐式","112年02月13日","112年09月12日","112年09月08日","112年09月12日","0.008","    1,088.00","","",
="035883","滬深2X國泰2A購02","0.50","",="00637L","元大滬深300正2","13.77","－","認購","美式","112年02月13日","112年02月13日","112年10月06日","112年10月12日","1.00","    17.80","","",
="035884","智原國泰2A購02","0.36","＋","3035","智原","173.50","＋","認購","美式","112年02月13日","112年02月13日","112年10月06日","112年10月12日","0.09","    250.00","","",
="035885","天鈺國泰2A購01","0.00","","4961","天鈺","154.00","＋","認購","美式","112年02月13日","112年02月13日","112年10月06日","112年10月12日","0.10","    185.00","","",
="035886","穎崴國泰2A購01","5.30","－","6515","穎崴","830.00","－","認購","美式","112年02月13日","112年02月13日","112年10月06日","112年10月12日","0.025","    655.00","","",
="035887","台灣50富邦29購04","0.00","",="0050","元大台灣50","126.75","＋","認購","美式","112年02月13日","112年02月13日","112年09月08日","112年09月12日","0.20","    135.00","","",
="035888","智邦富邦28購01","1.90","","2345","智邦","357.50","＋","認購","美式","112年02月13日","112年02月13日","112年08月10日","112年08月14日","0.05","    354.00","","",
="035889","瑞昱富邦29購01","0.43","","2379","瑞昱","388.00","＋","認購","美式","112年02月13日","112年02月13日","112年09月08日","112年09月12日","0.04","    500.00","","",
="03588B","臺股指富邦2B熊03","1.97","－","IX0001","臺股指數","16,636.30","","認售","歐式","112年02月07日","112年11月06日","112年11月02日","112年11月06日","0.001","    17,512.45","16,932.10","",
="03588U","陽明群益28售02","0.00","","2609","陽明","62.00","＋","認售","歐式","112年01月12日","112年08月11日","112年08月09日","112年08月11日","0.50","    57.00","","",
="035890","聯詠富邦29購01","0.72","＋","3034","聯詠","423.50","＋","認購","美式","112年02月13日","112年02月13日","112年09月08日","112年09月12日","0.025","    460.00","","",
="035891","健策富邦29購01","0.00","","3653","健策","616.00","＋","認購","美式","112年02月13日","112年02月13日","112年09月08日","112年09月12日","0.015","    480.00","","",
="035892","力積電富邦29購01","0.00","","6770","力積電","30.85","＋","認購","美式","112年02月13日","112年02月13日","112年09月08日","112年09月12日","0.454","    44.61","","",
="035893","滬深反元大2C購01","0.00","",="00638R","元大滬深300反1","9.79","＋","認購","美式","112年02月13日","112年02月13日","112年12月08日","112年12月12日","0.60","    9.20","","",
="035894","中興電元大29購04","5.55","＋","1513","中興電","113.50","＋","認購","美式","112年02月13日","112年02月13日","112年09月08日","112年09月12日","0.334","    107.50","","",
="035895","華城元大28購01","0.00","","1519","華城","141.00","＋","認購","美式","112年02月13日","112年02月13日","112年08月10日","112年08月14日","0.316","    72.10","","",
="035896","華新元大29購08","0.28","＋","1605","華新","46.60","＋","認購","美式","112年02月13日","112年02月13日","112年09月08日","112年09月12日","0.738","    79.00","","",
="035897","華新元大2A購12","0.00","","1605","華新","46.60","＋","認購","美式","112年02月13日","112年02月13日","112年10月06日","112年10月12日","0.479","    74.30","","",
="035898","裕隆元大29購07","0.00","","2201","裕隆","82.80","＋","認購","美式","112年02月13日","112年02月13日","112年09月08日","112年09月12日","0.413","    110.00","","",
="035899","鴻海元大29購15","0.00","","2317","鴻海","105.50","＋","認購","美式","112年02月13日","112年02月13日","112年09月08日","112年09月12日","0.243","    114.00","","",
="03589B","臺股指元大2B熊24","2.24","－","IX0001","臺股指數","16,636.30","","認售","歐式","112年02月16日","112年11月15日","112年11月13日","112年11月15日","0.001","    17,875.24","16,976.18","",
="03589U","長榮航群益27售05","0.13","－","2618","長榮航","33.60","＋","認售","歐式","112年01月12日","112年07月11日","112年07月07日","112年07月11日","1.00","    26.00","","",
="035900","光罩元大28購05","0.00","","2338","光罩","81.80","＋","認購","美式","112年02月13日","112年02月13日","112年08月10日","112年08月14日","0.172","    106.50","","",
="035901","金像電元大28購02","0.00","","2368","金像電","121.50","","認購","美式","112年02月13日","112年02月13日","112年08月10日","112年08月14日","0.294","    96.20","","",
="035902","金像電元大2A購01","0.00","","2368","金像電","121.50","","認購","美式","112年02月13日","112年02月13日","112年10月06日","112年10月12日","0.237","    101.90","","",
="035903","金像電元大2B購01","5.40","－","2368","金像電","121.50","","認購","美式","112年02月13日","112年02月13日","112年11月09日","112年11月13日","0.238","    110.59","","",
="035904","瑞昱元大28購03","0.00","","2379","瑞昱","388.00","＋","認購","美式","112年02月13日","112年02月13日","112年08月10日","112年08月14日","0.207","    541.00","","",
="035905","宏達電元大29購04","0.00","","2498","宏達電","61.50","＋","認購","美式","112年02月13日","112年02月13日","112年09月08日","112年09月12日","0.444","    97.50","","",
="035906","長榮元大29購13","1.50","","2603","長榮","157.00","＋","認購","美式","112年02月13日","112年02月13日","112年09月08日","112年09月12日","0.121","    174.00","","",
="035907","陽明元大29購07","1.45","","2609","陽明","62.00","＋","認購","美式","112年02月13日","112年02月13日","112年09月08日","112年09月12日","0.215","    62.20","","",
="035908","長榮航元大29購08","2.60","＋","2618","長榮航","33.60","＋","認購","美式","112年02月13日","112年02月13日","112年09月08日","112年09月12日","0.633","    32.15","","",
="035909","智原元大29購06","0.27","＋","3035","智原","173.50","＋","認購","美式","112年02月13日","112年02月13日","112年09月08日","112年09月12日","0.12","    295.00","","",
="03590B","臺股指元大31熊06","2.42","－","IX0001","臺股指數","16,636.30","","認售","歐式","112年03月02日","113年01月02日","112年12月28日","113年01月02日","0.001","    17,883.81","17,158.34","",
="03590U","國泰金群益27售03","0.00","","2882","國泰金","44.75","＋","認售","歐式","112年01月12日","112年07月11日","112年07月07日","112年07月11日","1.00","    36.00","","",
="035910","欣興元大29購03","0.00","","3037","欣興","182.50","－","認購","美式","112年02月13日","112年02月13日","112年09月08日","112年09月12日","0.082","    130.00","","",
="035911","欣興元大2A購03","0.00","","3037","欣興","182.50","－","認購","美式","112年02月13日","112年02月13日","112年10月06日","112年10月12日","0.07","    133.00","","",
="035912","欣興元大2B購04","0.00","","3037","欣興","182.50","－","認購","美式","112年02月13日","112年02月13日","112年11月09日","112年11月13日","0.076","    150.50","","",
="035913","晶睿元大28購05","0.00","","3454","晶睿","182.50","＋","認購","美式","112年02月13日","112年02月13日","112年08月10日","112年08月14日","0.047","    275.00","","",
="035914","世芯元大29購09","5.40","＋","3661","世芯-KY","1,660.00","＋","認購","美式","112年02月13日","112年02月13日","112年09月08日","112年09月12日","0.015","    1,445.00","","",
="035915","世芯元大2A購02","5.20","＋","3661","世芯-KY","1,660.00","＋","認購","美式","112年02月13日","112年02月13日","112年10月06日","112年10月12日","0.015","    1,495.00","","",
="035916","貿聯元大2A購03","0.00","","3665","貿聯-KY","270.50","＋","認購","美式","112年02月13日","112年02月13日","112年10月06日","112年10月12日","0.07","    348.63","","",
="035917","新唐元大29購04","0.24","","4919","新唐","130.50","＋","認購","美式","112年02月13日","112年02月13日","112年09月08日","112年09月12日","0.083","    192.50","","",
="035918","立積元大28購03","1.03","","4968","立積","170.00","＋","認購","美式","112年02月13日","112年02月13日","112年08月10日","112年08月14日","0.029","    145.00","","",
="035919","元晶元大29購03","0.00","","6443","元晶","36.20","＋","認購","美式","112年02月13日","112年02月13日","112年09月08日","112年09月12日","0.485","    46.60","","",
="03591B","臺股指元大32熊02","2.85","－","IX0001","臺股指數","16,636.30","","認售","歐式","112年03月02日","113年02月01日","113年01月30日","113年02月01日","0.001","    18,194.83","17,470.31","",
="03591U","奇鋐群益27售02","0.00","","3017","奇鋐","206.00","－","認售","歐式","112年01月12日","112年07月11日","112年07月07日","112年07月11日","0.081","    98.85","","",
="035920","愛普元大28購08","0.00","","6531","愛普*","328.50","＋","認購","美式","112年02月13日","112年02月13日","112年08月10日","112年08月14日","0.04","    287.00","","",
="035921","愛普元大2A購01","2.83","","6531","愛普*","328.50","＋","認購","美式","112年02月13日","112年02月13日","112年10月06日","112年10月12日","0.052","    359.50","","",
="035922","采鈺元大28購01","0.00","","6789","采鈺","224.00","＋","認購","美式","112年02月13日","112年02月13日","112年08月10日","112年08月14日","0.043","    296.50","","",
="035923","南電元大29購04","3.26","＋","8046","南電","302.50","－","認購","美式","112年02月13日","112年02月13日","112年09月08日","112年09月12日","0.056","    282.50","","",
="035924","東哥元大29購01","0.00","","8478","東哥遊艇","520.00","＋","認購","美式","112年02月13日","112年02月13日","112年09月08日","112年09月12日","0.029","    437.50","","",
="035925","東哥元大2A購02","0.00","","8478","東哥遊艇","520.00","＋","認購","美式","112年02月13日","112年02月13日","112年10月06日","112年10月12日","0.026","    467.50","","",
="035926","東哥元大2B購02","0.00","","8478","東哥遊艇","520.00","＋","認購","美式","112年02月13日","112年02月13日","112年11月09日","112年11月13日","0.024","    498.00","","",
="035927","臺股指元大2A購54","1.84","＋","IX0001","臺股指數","16,636.30","","認購","歐式","112年02月13日","112年10月12日","112年10月06日","112年10月12日","0.01","    18,500.00","","",
="035928","臺股指元大2A購55","0.00","","IX0001","臺股指數","16,636.30","","認購","歐式","112年02月13日","112年10月12日","112年10月06日","112年10月12日","0.005","    17,200.00","","",
="035929","臺股指元大2A購56","2.40","＋","IX0001","臺股指數","16,636.30","","認購","歐式","112年02月13日","112年10月12日","112年10月06日","112年10月12日","0.004","    16,700.00","","",
="03592B","臺股指元大2C熊10","2.68","－","IX0001","臺股指數","16,636.30","","認售","歐式","112年03月09日","112年12月08日","112年12月06日","112年12月08日","0.001","    18,213.75","17,400.02","",
="03592P","裕隆麥證27售02","0.00","","2201","裕隆","82.80","＋","認售","歐式","111年12月02日","112年07月03日","112年06月29日","112年07月03日","0.172","    58.00","","",
="03592U","瑞鼎群益27售03","0.00","","3592","瑞鼎","348.00","＋","認售","歐式","112年01月12日","112年07月11日","112年07月07日","112年07月11日","0.08","    250.00","","",
="035930","臺股指元大2A購57","0.00","","IX0001","臺股指數","16,636.30","","認購","歐式","112年02月13日","112年10月12日","112年10月06日","112年10月12日","0.002","    15,800.00","","",
="035931","臺股指元大2B購20","0.00","","IX0001","臺股指數","16,636.30","","認購","歐式","112年02月13日","112年11月13日","112年11月09日","112年11月13日","0.008","    18,000.00","","",
="035932","臺股指元大2B購21","0.00","","IX0001","臺股指數","16,636.30","","認購","歐式","112年02月13日","112年11月13日","112年11月09日","112年11月13日","0.004","    16,900.00","","",
="035933","臺股指元大2B購22","2.11","＋","IX0001","臺股指數","16,636.30","","認購","歐式","112年02月13日","112年11月13日","112年11月09日","112年11月13日","0.002","    16,000.00","","",
="035934","香港反凱基2B購01","0.61","",="00651R","FH香港反1","8.90","－","認購","美式","112年02月13日","112年02月13日","112年11月09日","112年11月13日","0.66","    9.00","","",
="035935","FBNQ2X凱基2B購01","0.00","",="00670L","富邦NASDAQ正2","78.90","＋","認購","美式","112年02月13日","112年02月13日","112年11月09日","112年11月13日","0.20","    80.00","","",
="035936","FBNQ反凱基2A購03","0.15","",="00671R","富邦NASDAQ 反1","5.07","－","認購","美式","112年02月13日","112年02月13日","112年10月06日","112年10月12日","1.00","    6.30","","",
="035937","FBNQ反凱基2B購01","0.13","－",="00671R","富邦NASDAQ 反1","5.07","－","認購","美式","112年02月13日","112年02月13日","112年11月09日","112年11月13日","1.00","    6.70","","",
="035938","元債2X凱基2C購02","1.14","＋",="00680L","元大美債20正2","10.96","＋","認購","美式","112年02月13日","112年02月13日","112年12月08日","112年12月12日","1.00","    11.80","","",
="035939","美費半凱基2A購01","2.57","",="00830","國泰費城半導體","31.65","＋","認購","美式","112年02月13日","112年02月13日","112年10月06日","112年10月12日","0.60","    30.00","","",
="03593B","臺股指元大2B熊42","2.68","－","IX0001","臺股指數","16,636.30","","認售","歐式","112年03月27日","112年11月27日","112年11月23日","112年11月27日","0.001","    18,272.72","17,506.17","",
="03593U","日月光群益28售01","0.00","","3711","日月光投控","109.00","－","認售","歐式","112年01月12日","112年08月11日","112年08月09日","112年08月11日","0.08","    92.75","","",
="035940","美費半凱基2C購01","0.00","",="00830","國泰費城半導體","31.65","＋","認購","美式","112年02月13日","112年02月13日","112年12月08日","112年12月12日","0.50","    32.00","","",
="035941","FB台半凱基2C購01","0.64","＋",="00892","富邦台灣半導體","12.41","＋","認購","美式","112年02月13日","112年02月13日","112年12月08日","112年12月12日","1.00","    13.50","","",
="035942","中興電凱基29購02","5.00","＋","1513","中興電","113.50","＋","認購","美式","112年02月13日","112年02月13日","112年09月08日","112年09月12日","0.40","    115.00","","",
="035943","華城凱基2A購01","0.00","","1519","華城","141.00","＋","認購","美式","112年02月13日","112年02月13日","112年10月06日","112年10月12日","0.32","    80.00","","",
="035944","中鴻凱基28購01","0.00","","2014","中鴻","23.15","＋","認購","美式","112年02月13日","112年02月13日","112年08月10日","112年08月14日","1.00","    42.00","","",
="035945","智邦凱基2A購01","4.50","＋","2345","智邦","357.50","＋","認購","美式","112年02月13日","112年02月13日","112年10月06日","112年10月12日","0.15","    400.00","","",
="035946","順德凱基28購01","0.00","","2351","順德","123.00","＋","認購","美式","112年02月13日","112年02月13日","112年08月10日","112年08月14日","0.085","    150.00","","",
="035947","順德凱基2B購01","0.81","","2351","順德","123.00","＋","認購","美式","112年02月13日","112年02月13日","112年11月09日","112年11月13日","0.12","    180.00","","",
="035948","瑞昱凱基29購01","1.03","＋","2379","瑞昱","388.00","＋","認購","美式","112年02月13日","112年02月13日","112年09月08日","112年09月12日","0.15","    540.00","","",
="035949","王品凱基29購01","0.00","","2727","王品","320.00","－","認購","美式","112年02月13日","112年02月13日","112年09月08日","112年09月12日","0.06","    240.00","","",
="03594B","臺股指元大2C熊25","2.96","－","IX0001","臺股指數","16,636.30","","認售","歐式","112年03月27日","112年12月26日","112年12月22日","112年12月26日","0.001","    18,431.62","17,665.32","",
="03594P","長榮航凱基26售02","0.00","","2618","長榮航","33.60","＋","認售","歐式","111年10月04日","112年06月05日","112年06月01日","112年06月05日","1.00","    20.00","","",
="03594U","緯穎群益27售02","0.00","","6669","緯穎","1,205.00","＋","認售","歐式","112年01月12日","112年07月11日","112年07月07日","112年07月11日","0.03","    750.00","","",
="035950","聯詠凱基2A購05","0.00","","3034","聯詠","423.50","＋","認購","美式","112年02月13日","112年02月13日","112年10月06日","112年10月12日","0.14","    580.00","","",
="035951","智原凱基2A購02","0.00","","3035","智原","173.50","＋","認購","美式","112年02月13日","112年02月13日","112年10月06日","112年10月12日","0.07","    250.00","","",
="035952","玉晶光凱基2A購01","1.49","＋","3406","玉晶光","400.00","＋","認購","美式","112年02月13日","112年02月13日","112年10月06日","112年10月12日","0.05","    450.00","","",
="035953","華擎凱基2A購01","0.00","","3515","華擎","154.00","＋","認購","美式","112年02月13日","112年02月13日","112年10月06日","112年10月12日","0.13","    220.00","","",
="035954","貿聯凱基2A購01","0.00","","3665","貿聯-KY","270.50","＋","認購","美式","112年02月13日","112年02月13日","112年10月06日","112年10月12日","0.10","    398.43","","",
="035955","天鈺凱基29購02","1.15","＋","4961","天鈺","154.00","＋","認購","美式","112年02月13日","112年02月13日","112年09月08日","112年09月12日","0.07","    160.00","","",
="035956","中租凱基28購01","0.00","","5871","中租-KY","210.50","＋","認購","美式","112年02月13日","112年02月13日","112年08月10日","112年08月14日","0.14","    300.00","","",
="035957","矽力凱基29購01","0.00","","6415","矽力*-KY","394.50","＋","認購","美式","112年02月13日","112年02月13日","112年09月08日","112年09月12日","0.02","    941.66","","",
="035958","東哥凱基29購02","0.00","","8478","東哥遊艇","520.00","＋","認購","美式","112年02月13日","112年02月13日","112年09月08日","112年09月12日","0.022","    380.00","","",
="035959","世芯康和28購03","3.33","－","3661","世芯-KY","1,660.00","＋","認購","美式","112年02月13日","112年02月13日","112年08月10日","112年08月14日","0.008","    1,200.00","","",
="03595B","臺股指元大31熊20","2.58","－","IX0001","臺股指數","16,636.30","","認售","歐式","112年04月25日","113年01月24日","113年01月22日","113年01月24日","0.001","    17,957.17","17,189.56","",
="03595U","南電群益28售04","0.00","","8046","南電","302.50","－","認售","歐式","112年01月12日","112年08月11日","112年08月09日","112年08月11日","0.13","    180.00","","",
="035960","SGBR2X永豐28購01","0.00","",="00715L","期街口布蘭特正2","12.73","＋","認購","美式","112年02月13日","112年02月13日","112年08月10日","112年08月14日","0.31","    15.29","","",
="035961","上銀永豐29購02","0.35","＋","2049","上銀","235.50","＋","認購","美式","112年02月13日","112年02月13日","112年09月08日","112年09月12日","0.061","    301.88","","",
="035962","聯電永豐29購02","0.00","","2303","聯電","51.20","＋","認購","美式","112年02月13日","112年02月13日","112年09月08日","112年09月12日","0.44","    63.31","","",
="035963","燿華永豐29購01","0.00","","2367","燿華","18.05","＋","認購","美式","112年02月13日","112年02月13日","112年09月08日","112年09月12日","0.88","    24.84","","",
="035964","瑞昱永豐29購01","0.79","＋","2379","瑞昱","388.00","＋","認購","美式","112年02月13日","112年02月13日","112年09月08日","112年09月12日","0.07","    495.77","","",
="035965","凌陽永豐28購01","0.00","","2401","凌陽","24.90","＋","認購","美式","112年02月13日","112年02月13日","112年08月10日","112年08月14日","0.52","    31.11","","",
="035966","聯詠永豐28購01","1.01","＋","3034","聯詠","423.50","＋","認購","美式","112年02月13日","112年02月13日","112年08月10日","112年08月14日","0.06","    462.83","","",
="035967","京鼎永豐28購01","0.23","","3413","京鼎","193.00","＋","認購","美式","112年02月13日","112年02月13日","112年08月10日","112年08月14日","0.057","    238.00","","",
="035968","敦泰永豐2A購01","1.56","＋","3545","敦泰","83.70","＋","認購","美式","112年02月13日","112年02月13日","112年10月06日","112年10月12日","0.19","    94.50","","",
="035969","祥碩永豐29購01","1.21","＋","5269","祥碩","1,300.00","＋","認購","美式","112年02月13日","112年02月13日","112年09月08日","112年09月12日","0.006","    1,262.30","","",
="03596B","臺股指元大31熊31","0.00","","IX0001","臺股指數","16,636.30","","認售","歐式","112年05月15日","113年01月15日","113年01月11日","113年01月15日","0.001","    17,834.78","17,052.60","",
="03596P","裕隆凱基26售02","0.00","","2201","裕隆","82.80","＋","認售","歐式","111年12月02日","112年06月01日","112年05月30日","112年06月01日","0.20","    55.00","","",
="03596U","T50反1國泰31售01","0.00","",="00632R","元大台灣50反1","4.94","－","認售","歐式","112年01月12日","113年01月11日","113年01月09日","113年01月11日","1.00","    5.50","","",
="035970","啟碁永豐2A購01","0.87","","6285","啟碁","87.50","＋","認購","美式","112年02月13日","112年02月13日","112年10月06日","112年10月12日","0.346","    117.95","","",
="035971","矽力永豐29購01","0.00","","6415","矽力*-KY","394.50","＋","認購","美式","112年02月13日","112年02月13日","112年09月08日","112年09月12日","0.011","    793.60","","",
="035972","愛普永豐29購02","1.40","＋","6531","愛普*","328.50","＋","認購","美式","112年02月13日","112年02月13日","112年09月08日","112年09月12日","0.05","    369.03","","",
="035973","AES永豐28購01","0.00","","6781","AES-KY","690.00","＋","認購","美式","112年02月13日","112年02月13日","112年08月10日","112年08月14日","0.009","    923.40","","",
="035974","采鈺永豐2A購01","0.00","","6789","采鈺","224.00","＋","認購","美式","112年02月13日","112年02月13日","112年10月06日","112年10月12日","0.043","    315.94","","",
="035975","矽創永豐29購01","0.00","","8016","矽創","225.50","＋","認購","美式","112年02月13日","112年02月13日","112年09月08日","112年09月12日","0.086","    299.25","","",
="035976","致新永豐28購01","0.00","","8081","致新","191.50","＋","認購","美式","112年02月13日","112年02月13日","112年08月10日","112年08月14日","0.066","    210.74","","",
="035977","裕隆元富2B購01","0.00","","2201","裕隆","82.80","＋","認購","美式","112年02月13日","112年02月13日","112年11月09日","112年11月13日","0.17","    110.00","","",
="035978","台積電元富28購09","0.79","＋","2330","台積電","568.00","＋","認購","美式","112年02月13日","112年02月13日","112年08月10日","112年08月14日","0.015","    527.15","","",
="035979","台積電元富28購10","0.00","","2330","台積電","568.00","＋","認購","美式","112年02月13日","112年02月13日","112年08月10日","112年08月14日","0.01","    477.42","","",
="03597B","臺股指凱基33熊01","3.34","－","IX0001","臺股指數","16,636.30","","認售","歐式","112年05月17日","113年03月18日","113年03月14日","113年03月18日","0.001","    18,222.14","17,868.25","",
="03597P","AES凱基26售02","0.00","","6781","AES-KY","690.00","＋","認售","歐式","111年12月02日","112年06月01日","112年05月30日","112年06月01日","0.03","    500.00","","",
="03597U","國巨元富27售06","1.02","","2327","國巨","508.00","＋","認售","歐式","112年01月12日","112年07月11日","112年07月07日","112年07月11日","0.03","    500.00","","",
="035980","瑞昱元富28購01","2.12","＋","2379","瑞昱","388.00","＋","認購","美式","112年02月13日","112年02月13日","112年08月10日","112年08月14日","0.10","    420.00","","",
="035981","智原元富2A購02","0.24","＋","3035","智原","173.50","＋","認購","美式","112年02月13日","112年02月13日","112年10月06日","112年10月12日","0.085","    290.00","","",
="035982","玉晶光元富32購01","1.31","＋","3406","玉晶光","400.00","＋","認購","美式","112年02月13日","112年02月13日","113年02月02日","113年02月15日","0.05","    550.00","","",
="035983","世芯元富28購02","4.82","＋","3661","世芯-KY","1,660.00","＋","認購","美式","112年02月13日","112年02月13日","112年08月10日","112年08月14日","0.017","    1,487.25","","",
="035984","東哥元富31購01","2.47","","8478","東哥遊艇","520.00","＋","認購","美式","112年02月13日","112年02月13日","113年01月10日","113年01月12日","0.013","    400.00","","",
="035985","東哥麥證28購01","0.00","","8478","東哥遊艇","520.00","＋","認購","歐式","112年02月13日","112年08月14日","112年08月10日","112年08月14日","0.02","    500.00","","",
="035986","東哥麥證2A購01","0.00","","8478","東哥遊艇","520.00","＋","認購","歐式","112年02月13日","112年10月12日","112年10月06日","112年10月12日","0.02","    388.00","","",
="035987","臺股指麥證31購03","0.00","","IX0001","臺股指數","16,636.30","","認購","歐式","112年02月13日","113年01月12日","113年01月10日","113年01月12日","0.01","    18,000.00","","",
="035988","大成鋼法興28購01","0.00","","2027","大成鋼","45.25","＋","認購","歐式","112年02月13日","112年08月14日","112年08月10日","112年08月14日","0.40","    52.00","","",
="035989","上銀法興28購01","0.93","＋","2049","上銀","235.50","＋","認購","歐式","112年02月13日","112年08月14日","112年08月10日","112年08月14日","0.08","    260.00","","",
="03598B","臺股指凱基35熊01","2.72","－","IX0001","臺股指數","16,636.30","","認售","歐式","112年05月17日","113年05月16日","113年05月14日","113年05月16日","0.001","    17,443.41","17,241.29","",
="03598P","臺股指凱基26售52","0.00","","IX0001","臺股指數","16,636.30","","認售","歐式","111年12月02日","112年06月01日","112年05月30日","112年06月01日","0.005","    11,500.00","","",
="03598U","台積電元富2A售04","0.12","－","2330","台積電","568.00","＋","認售","歐式","112年01月12日","112年10月11日","112年10月05日","112年10月11日","0.09","    397.85","","",
="035990","旺宏法興28購01","0.00","","2337","旺宏","33.40","＋","認購","歐式","112年02月13日","112年08月14日","112年08月10日","112年08月14日","0.50","    42.00","","",
="035991","華航法興28購01","1.20","＋","2610","華航","21.65","＋","認購","歐式","112年02月13日","112年08月14日","112年08月10日","112年08月14日","1.00","    23.00","","",
="035992","富邦金法興28購01","0.00","","2881","富邦金","61.10","＋","認購","歐式","112年02月13日","112年08月14日","112年08月10日","112年08月14日","0.50","    66.00","","",
="035993","晶豪科法興28購02","0.00","","3006","晶豪科","88.20","＋","認購","歐式","112年02月13日","112年08月14日","112年08月10日","112年08月14日","0.15","    85.00","","",
="035994","智原法興28購01","0.66","＋","3035","智原","173.50","＋","認購","歐式","112年02月13日","112年08月14日","112年08月10日","112年08月14日","0.08","    220.00","","",
="035995","景碩法興28購01","1.11","＋","3189","景碩","116.00","＋","認購","歐式","112年02月13日","112年08月14日","112年08月10日","112年08月14日","0.10","    120.00","","",
="035996","台勝科法興28購01","0.54","＋","3532","台勝科","157.00","＋","認購","歐式","112年02月13日","112年08月14日","112年08月10日","112年08月14日","0.06","    180.00","","",
="035997","元債2X群益28購01","0.00","",="00680L","元大美債20正2","10.96","＋","認購","美式","112年02月13日","112年02月13日","112年08月10日","112年08月14日","1.00","    12.80","","",
="035998","元債2X群益29購01","0.33","",="00680L","元大美債20正2","10.96","＋","認購","美式","112年02月13日","112年02月13日","112年09月08日","112年09月12日","1.00","    13.80","","",
="035999","元債2X群益2A購01","0.00","",="00680L","元大美債20正2","10.96","＋","認購","美式","112年02月13日","112年02月13日","112年10月06日","112年10月12日","1.00","    14.80","","",
="03599B","臺股指凱基2B熊37","2.15","－","IX0001","臺股指數","16,636.30","","認售","歐式","112年05月24日","112年11月23日","112年11月21日","112年11月23日","0.0008","    18,126.60","17,806.83","",
="03599P","臺股指凱基2A售08","0.00","","IX0001","臺股指數","16,636.30","","認售","歐式","111年12月02日","112年10月02日","112年09月27日","112年10月02日","0.004","    8,800.00","","",
="03599U","台積電元富31售02","0.14","－","2330","台積電","568.00","＋","認售","歐式","112年01月12日","113年01月11日","113年01月09日","113年01月11日","0.121","    348.12","","",
="036000","元債反群益2A購01","0.00","",="00681R","元大美債20反1","18.75","－","認購","美式","112年02月13日","112年02月13日","112年10月06日","112年10月12日","1.00","    17.80","","",
="036001","永續半群益2A購01","0.00","",="00891","中信關鍵半導體","13.44","＋","認購","美式","112年02月13日","112年02月13日","112年10月06日","112年10月12日","1.02","    13.74","","",
="036002","儲能群益28購01","0.00","",="00902","中信電池及儲能","11.71","－","認購","美式","112年02月13日","112年02月13日","112年08月10日","112年08月14日","1.00","    13.50","","",
="036003","順德群益28購01","0.83","","2351","順德","123.00","＋","認購","美式","112年02月13日","112年02月13日","112年08月10日","112年08月14日","0.10","    140.00","","",
="036004","王品群益29購02","0.00","","2727","王品","320.00","－","認購","美式","112年02月13日","112年02月13日","112年09月08日","112年09月12日","0.06","    243.80","","",
="036005","大立光群益28購08","1.40","＋","3008","大立光","2,305.00","＋","認購","美式","112年02月13日","112年02月13日","112年08月10日","112年08月14日","0.007","    2,242.54","","",
="036006","晶睿群益28購03","0.24","＋","3454","晶睿","182.50","＋","認購","美式","112年02月13日","112年02月13日","112年08月10日","112年08月14日","0.077","    336.75","","",
="036007","瑞鼎群益28購02","0.00","","3592","瑞鼎","348.00","＋","認購","美式","112年02月13日","112年02月13日","112年08月10日","112年08月14日","0.122","    577.50","","",
="036008","力智群益28購02","0.00","","6719","力智","303.00","＋","認購","美式","112年02月13日","112年02月13日","112年08月10日","112年08月14日","0.06","    400.00","","",
="036009","東哥群益28購01","0.00","","8478","東哥遊艇","520.00","＋","認購","美式","112年02月13日","112年02月13日","112年08月10日","112年08月14日","0.059","    478.00","","",
="03600B","臺股指元大31熊53","3.25","－","IX0001","臺股指數","16,636.30","","認售","歐式","112年05月25日","113年01月24日","113年01月22日","113年01月24日","0.001","    18,599.73","17,775.25","",
="03600P","臺股指凱基2A售09","0.00","","IX0001","臺股指數","16,636.30","","認售","歐式","111年12月02日","112年10月02日","112年09月27日","112年10月02日","0.004","    9,800.00","","",
="03600U","聯發科元富27售07","0.09","","2454","聯發科","738.00","＋","認售","歐式","112年01月12日","112年07月11日","112年07月07日","112年07月11日","0.05","    600.00","","",
="036010","臺指反國票2B購01","0.00","",="00664R","國泰臺灣加權反1","5.58","－","認購","美式","112年02月14日","112年02月14日","112年11月09日","112年11月13日","1.00","    6.00","","",
="036011","中興電國票29購02","7.60","＋","1513","中興電","113.50","＋","認購","美式","112年02月14日","112年02月14日","112年09月11日","112年09月13日","1.00","    123.00","","",
="036012","光罩國票29購03","0.71","＋","2338","光罩","81.80","＋","認購","美式","112年02月14日","112年02月14日","112年09月11日","112年09月13日","0.487","    120.00","","",
="036013","宏達電國票29購03","0.00","","2498","宏達電","61.50","＋","認購","美式","112年02月14日","112年02月14日","112年09月11日","112年09月13日","0.20","    80.00","","",
="036014","元晶國票2A購01","0.00","","6443","元晶","36.20","＋","認購","美式","112年02月14日","112年02月14日","112年10月11日","112年10月13日","0.214","    42.00","","",
="036015","友達康和29購02","0.46","＋","2409","友達","17.65","＋","認購","美式","112年02月14日","112年02月14日","112年09月11日","112年09月13日","1.00","    22.00","","",
="036016","聯詠康和29購02","0.00","","3034","聯詠","423.50","＋","認購","美式","112年02月14日","112年02月14日","112年09月11日","112年09月13日","0.08","    550.00","","",
="036017","華新永豐28購02","0.00","","1605","華新","46.60","＋","認購","美式","112年02月14日","112年02月14日","112年08月10日","112年08月14日","0.186","    58.36","","",
="036018","裕隆永豐29購02","0.00","","2201","裕隆","82.80","＋","認購","美式","112年02月14日","112年02月14日","112年09月11日","112年09月13日","0.066","    78.25","","",
="036019","金像電永豐28購01","4.21","＋","2368","金像電","121.50","","認購","美式","112年02月14日","112年02月14日","112年08月10日","112年08月14日","0.217","    107.73","","",
="03601B","臺股指元大33熊14","3.98","－","IX0001","臺股指數","16,636.30","","認售","歐式","112年05月25日","113年03月25日","113年03月21日","113年03月25日","0.001","    19,084.94","18,260.03","",
="03601U","新唐元富27售01","0.00","","4919","新唐","130.50","＋","認售","歐式","112年01月12日","112年07月11日","112年07月07日","112年07月11日","0.15","    95.00","","",
="036020","正崴永豐28購01","0.00","","2392","正崴","40.30","＋","認購","美式","112年02月14日","112年02月14日","112年08月10日","112年08月14日","0.60","    49.17","","",
="036021","榮運永豐28購01","0.54","","2607","榮運","27.35","＋","認購","美式","112年02月14日","112年02月14日","112年08月10日","112年08月14日","0.54","    34.04","","",
="036022","富邦金永豐28購01","0.00","","2881","富邦金","61.10","＋","認購","美式","112年02月14日","112年02月14日","112年08月10日","112年08月14日","0.36","    66.90","","",
="036023","瑞鼎永豐29購01","0.00","","3592","瑞鼎","348.00","＋","認購","美式","112年02月14日","112年02月14日","112年09月11日","112年09月13日","0.026","    452.32","","",
="036024","新唐永豐29購01","0.00","","4919","新唐","130.50","＋","認購","美式","112年02月14日","112年02月14日","112年09月11日","112年09月13日","0.051","    193.23","","",
="036025","晶碩永豐28購01","0.00","","6491","晶碩","366.50","＋","認購","美式","112年02月14日","112年02月14日","112年08月10日","112年08月14日","0.034","    610.54","","",
="036026","穎崴永豐29購01","4.69","－","6515","穎崴","830.00","－","認購","美式","112年02月14日","112年02月14日","112年09月11日","112年09月13日","0.04","    792.68","","",
="036027","帝寶永豐28購01","2.42","","6605","帝寶","99.80","＋","認購","美式","112年02月14日","112年02月14日","112年08月10日","112年08月14日","0.186","    95.58","","",
="036028","力智永豐2A購01","0.00","","6719","力智","303.00","＋","認購","美式","112年02月14日","112年02月14日","112年10月11日","112年10月13日","0.027","    412.09","","",
="036029","富鼎永豐29購01","0.44","＋","8261","富鼎","106.50","＋","認購","美式","112年02月14日","112年02月14日","112年09月11日","112年09月13日","0.058","    122.38","","",
="03602B","臺股指凱基32熊12","3.11","","IX0001","臺股指數","16,636.30","","認售","歐式","112年05月26日","113年02月26日","113年02月22日","113年02月26日","0.0008","    19,146.28","18,735.80","",
="03602U","和碩元富27售01","0.00","","4938","和碩","74.70","＋","認售","歐式","112年01月12日","112年07月11日","112年07月07日","112年07月11日","1.00","    52.00","","",
="036030","FB台半群益28購01","0.59","＋",="00892","富邦台灣半導體","12.41","＋","認購","美式","112年02月14日","112年02月14日","112年08月10日","112年08月14日","1.00","    13.00","","",
="036031","華新群益28購04","0.00","","1605","華新","46.60","＋","認購","美式","112年02月14日","112年02月14日","112年08月10日","112年08月14日","0.20","    58.00","","",
="036032","華新群益28購05","0.00","","1605","華新","46.60","＋","認購","美式","112年02月14日","112年02月14日","112年08月10日","112年08月14日","0.60","    75.00","","",
="036033","中華群益28購01","0.00","","2204","中華","91.60","－","認購","美式","112年02月14日","112年02月14日","112年08月10日","112年08月14日","0.30","    66.00","","",
="036034","為升群益28購01","0.56","","2231","為升","172.50","＋","認購","美式","112年02月14日","112年02月14日","112年08月10日","112年08月14日","0.18","    230.80","","",
="036035","聯電群益28購05","0.19","","2303","聯電","51.20","＋","認購","美式","112年02月14日","112年02月14日","112年08月10日","112年08月14日","1.00","    66.00","","",
="036036","台達電群益28購03","3.25","－","2308","台達電","315.50","－","認購","美式","112年02月14日","112年02月14日","112年08月10日","112年08月14日","0.125","    308.80","","",
="036037","華邦電群益28購02","1.22","＋","2344","華邦電","26.90","＋","認購","美式","112年02月14日","112年02月14日","112年08月10日","112年08月14日","1.00","    29.00","","",
="036038","智邦群益28購01","4.40","＋","2345","智邦","357.50","＋","認購","美式","112年02月14日","112年02月14日","112年08月10日","112年08月14日","0.14","    368.00","","",
="036039","榮運群益28購01","0.40","","2607","榮運","27.35","＋","認購","美式","112年02月14日","112年02月14日","112年08月10日","112年08月14日","0.40","    35.00","","",
="03603U","康舒元富27售02","0.00","","6282","康舒","44.05","＋","認售","歐式","112年01月12日","112年07月11日","112年07月07日","112年07月11日","1.00","    25.00","","",
="036040","晶華群益28購04","2.15","＋","2707","晶華","288.00","＋","認購","美式","112年02月14日","112年02月14日","112年08月10日","112年08月14日","0.142","    317.00","","",
="036041","晶豪科群益28購03","2.92","＋","3006","晶豪科","88.20","＋","認購","美式","112年02月14日","112年02月14日","112年08月10日","112年08月14日","0.80","    119.00","","",
="036042","聯詠群益28購03","1.26","＋","3034","聯詠","423.50","＋","認購","美式","112年02月14日","112年02月14日","112年08月10日","112年08月14日","0.035","    415.00","","",
="036043","致伸群益29購01","0.78","－","4915","致伸","64.40","＋","認購","美式","112年02月14日","112年02月14日","112年09月11日","112年09月13日","0.75","    85.88","","",
="036044","天鈺群益29購01","0.00","","4961","天鈺","154.00","＋","認購","美式","112年02月14日","112年02月14日","112年09月11日","112年09月13日","0.08","    188.80","","",
="036045","中租群益28購01","0.21","","5871","中租-KY","210.50","＋","認購","美式","112年02月14日","112年02月14日","112年08月10日","112年08月14日","0.048","    258.80","","",
="036046","台表科群益28購01","0.00","","6278","台表科","100.50","＋","認購","美式","112年02月14日","112年02月14日","112年08月10日","112年08月14日","0.20","    105.00","","",
="036047","啟碁群益28購02","0.00","","6285","啟碁","87.50","＋","認購","美式","112年02月14日","112年02月14日","112年08月10日","112年08月14日","0.388","    100.00","","",
="036048","力積電群益2A購01","0.00","","6770","力積電","30.85","＋","認購","美式","112年02月14日","112年02月14日","112年10月11日","112年10月13日","1.009","    47.58","","",
="036049","東哥群益28購02","0.00","","8478","東哥遊艇","520.00","＋","認購","美式","112年02月14日","112年02月14日","112年08月10日","112年08月14日","0.03","    400.00","","",
="03604U","矽力元富27售01","0.00","","6415","矽力*-KY","394.50","＋","認售","歐式","112年01月12日","112年07月11日","112年07月07日","112年07月11日","0.02","    446.05","","",
="036050","裕隆兆豐29購03","0.88","＋","2201","裕隆","82.80","＋","認購","美式","112年02月14日","112年02月14日","112年09月11日","112年09月13日","0.10","    85.00","","",
="036051","鴻海兆豐2A購03","0.67","＋","2317","鴻海","105.50","＋","認購","美式","112年02月14日","112年02月14日","112年10月11日","112年10月13日","0.12","    108.00","","",
="036052","強茂兆豐2A購01","0.58","＋","2481","強茂","70.20","＋","認購","美式","112年02月14日","112年02月14日","112年10月11日","112年10月13日","0.09","    72.00","","",
="036053","AES兆豐28購01","0.00","","6781","AES-KY","690.00","＋","認購","美式","112年02月14日","112年02月14日","112年08月10日","112年08月14日","0.01","    1,000.00","","",
="036054","上銀台新28購01","0.54","＋","2049","上銀","235.50","＋","認購","歐式","112年02月14日","112年08月14日","112年08月10日","112年08月14日","0.04","    251.21","","",
="036055","中興電統一2A購05","1.56","＋","1513","中興電","113.50","＋","認購","美式","112年02月14日","112年02月14日","112年10月11日","112年10月13日","0.07","    98.90","","",
="036056","華城統一2A購02","0.00","","1519","華城","141.00","＋","認購","美式","112年02月14日","112年02月14日","112年10月11日","112年10月13日","0.10","    61.80","","",
="036057","上銀統一2C購03","0.39","","2049","上銀","235.50","＋","認購","美式","112年02月14日","112年02月14日","112年12月11日","112年12月13日","0.02","    300.00","","",
="036058","聯電統一32購02","0.00","","2303","聯電","51.20","＋","認購","美式","112年02月14日","112年02月14日","113年02月02日","113年02月15日","0.10","    60.30","","",
="036059","國巨統一2A購01","0.87","＋","2327","國巨","508.00","＋","認購","美式","112年02月14日","112年02月14日","112年10月11日","112年10月13日","0.015","    510.00","","",
="03605U","威鋒電元富27售02","0.00","","6756","威鋒電子","223.00","＋","認售","歐式","112年01月12日","112年07月11日","112年07月07日","112年07月11日","0.052","    164.58","","",
="036060","順德統一2C購01","0.52","＋","2351","順德","123.00","＋","認購","美式","112年02月14日","112年02月14日","112年12月11日","112年12月13日","0.03","    145.50","","",
="036061","燿華統一2B購01","0.47","","2367","燿華","18.05","＋","認購","美式","112年02月14日","112年02月14日","112年11月09日","112年11月13日","0.24","    20.80","","",
="036062","威盛統一2A購02","0.74","","2388","威盛","83.10","＋","認購","美式","112年02月14日","112年02月14日","112年10月11日","112年10月13日","0.07","    99.99","","",
="036063","友達統一32購01","0.56","＋","2409","友達","17.65","＋","認購","美式","112年02月14日","112年02月14日","113年02月02日","113年02月15日","0.30","    20.20","","",
="036064","宏達電統一2B購01","0.46","","2498","宏達電","61.50","＋","認購","美式","112年02月14日","112年02月14日","112年11月09日","112年11月13日","0.06","    77.77","","",
="036065","漢翔統一2B購01","0.00","","2634","漢翔","55.80","＋","認購","美式","112年02月14日","112年02月14日","112年11月09日","112年11月13日","0.15","    43.80","","",
="036066","聯詠統一2C購01","0.00","","3034","聯詠","423.50","＋","認購","美式","112年02月14日","112年02月14日","112年12月11日","112年12月13日","0.013","    458.40","","",
="036067","群創統一32購01","0.60","＋","3481","群創","14.10","＋","認購","美式","112年02月14日","112年02月14日","113年02月02日","113年02月15日","0.30","    14.20","","",
="036068","世芯統一32購03","1.75","＋","3661","世芯-KY","1,660.00","＋","認購","美式","112年02月14日","112年02月14日","113年02月02日","113年02月15日","0.003","    1,325.00","","",
="036069","康舒統一2A購01","0.55","＋","6282","康舒","44.05","＋","認購","美式","112年02月14日","112年02月14日","112年10月11日","112年10月13日","0.111","    50.00","","",
="03606U","采鈺元富27售05","0.88","－","6789","采鈺","224.00","＋","認售","歐式","112年01月12日","112年07月11日","112年07月07日","112年07月11日","0.07","    200.00","","",
="036070","愛普統一2C購03","1.04","＋","6531","愛普*","328.50","＋","認購","美式","112年02月14日","112年02月14日","112年12月11日","112年12月13日","0.012","    289.60","","",
="036071","愛普統一32購01","0.93","＋","6531","愛普*","328.50","＋","認購","美式","112年02月14日","112年02月14日","113年02月02日","113年02月15日","0.013","    392.00","","",
="036072","AES統一2B購01","0.00","","6781","AES-KY","690.00","＋","認購","美式","112年02月14日","112年02月14日","112年11月09日","112年11月13日","0.004","    1,000.00","","",
="036073","矽創統一2B購01","0.60","","8016","矽創","225.50","＋","認購","美式","112年02月14日","112年02月14日","112年11月09日","112年11月13日","0.016","    248.90","","",
="036074","矽創統一2C購01","0.00","","8016","矽創","225.50","＋","認購","美式","112年02月14日","112年02月14日","112年12月11日","112年12月13日","0.015","    253.20","","",
="036075","正崴中信28購01","0.00","","2392","正崴","40.30","＋","認購","歐式","112年02月14日","112年08月14日","112年08月10日","112年08月14日","0.90","    60.00","","",
="036076","華航中信28購02","0.50","＋","2610","華航","21.65","＋","認購","歐式","112年02月14日","112年08月14日","112年08月10日","112年08月14日","1.00","    25.00","","",
="036077","聯詠中信2C購01","1.30","＋","3034","聯詠","423.50","＋","認購","歐式","112年02月14日","112年12月13日","112年12月11日","112年12月13日","0.025","    460.00","","",
="036078","欣興中信2A購01","2.54","－","3037","欣興","182.50","－","認購","歐式","112年02月14日","112年10月13日","112年10月11日","112年10月13日","0.06","    152.00","","",
="036079","欣興中信31購01","4.51","－","3037","欣興","182.50","－","認購","歐式","112年02月14日","113年01月15日","113年01月11日","113年01月15日","0.10","    162.00","","",
="03607U","鈺齊元富27售01","0.00","","9802","鈺齊-KY","124.00","－","認售","歐式","112年01月12日","112年07月11日","112年07月07日","112年07月11日","0.101","    118.89","","",
="036080","力智中信28購01","0.16","＋","6719","力智","303.00","＋","認購","歐式","112年02月14日","112年08月14日","112年08月10日","112年08月14日","0.022","    408.00","","",
="036081","T50反1國泰2A購04","0.00","",="00632R","元大台灣50反1","4.94","－","認購","美式","112年02月14日","112年02月14日","112年10月11日","112年10月13日","1.00","    5.25","","",
="036082","華新國泰2A購02","0.00","","1605","華新","46.60","＋","認購","美式","112年02月14日","112年02月14日","112年10月11日","112年10月13日","0.50","    71.00","","",
="036083","鴻海國泰2A購02","0.80","＋","2317","鴻海","105.50","＋","認購","美式","112年02月14日","112年02月14日","112年10月11日","112年10月13日","0.45","    124.54","","",
="036084","台積電國泰2A購06","2.57","＋","2330","台積電","568.00","＋","認購","美式","112年02月14日","112年02月14日","112年10月11日","112年10月13日","0.151","    666.39","","",
="036085","聯詠國泰2A購01","1.60","＋","3034","聯詠","423.50","＋","認購","美式","112年02月14日","112年02月14日","112年10月11日","112年10月13日","0.08","    485.14","","",
="036086","愛普國泰2A購02","3.19","","6531","愛普*","328.50","＋","認購","美式","112年02月14日","112年02月14日","112年10月11日","112年10月13日","0.07","    333.88","","",
="036087","臺指反富邦2B購02","0.00","",="00664R","國泰臺灣加權反1","5.58","－","認購","美式","112年02月14日","112年02月14日","112年11月09日","112年11月13日","1.00","    6.10","","",
="036088","道瓊銀富邦2C購01","0.00","",="00738U","期元大道瓊白銀(原名：元大道瓊白銀)","22.79","＋","認購","美式","112年02月14日","112年02月14日","112年12月11日","112年12月13日","0.20","    21.00","","",
="036089","華新富邦28購02","0.00","","1605","華新","46.60","＋","認購","美式","112年02月14日","112年02月14日","112年08月10日","112年08月14日","0.08","    57.00","","",
="03608U","台灣50永豐27售05","0.00","",="0050","元大台灣50","126.75","＋","認售","歐式","112年01月13日","112年07月12日","112年07月10日","112年07月12日","0.378","    107.87","","",
="036090","台積電富邦29購07","0.77","","2330","台積電","568.00","＋","認購","美式","112年02月14日","112年02月14日","112年09月11日","112年09月13日","0.025","    596.77","","",
="036091","漢翔富邦2A購01","0.00","","2634","漢翔","55.80","＋","認購","美式","112年02月14日","112年02月14日","112年10月11日","112年10月13日","0.25","    45.00","","",
="036092","美食富邦2C購01","0.56","－","2723","美食-KY","152.50","－","認購","美式","112年02月14日","112年02月14日","112年12月11日","112年12月13日","0.10","    220.00","","",
="036093","新唐富邦28購03","0.05","","4919","新唐","130.50","＋","認購","美式","112年02月14日","112年02月14日","112年08月10日","112年08月14日","0.055","    205.00","","",
="036094","天鈺富邦2A購01","0.66","－","4961","天鈺","154.00","＋","認購","美式","112年02月14日","112年02月14日","112年10月11日","112年10月13日","0.04","    168.00","","",
="036095","智能車凱基2B購01","3.10","＋",="00893","國泰智能電動車","15.74","＋","認購","美式","112年02月14日","112年02月14日","112年11月09日","112年11月13日","1.00","    14.00","","",
="036096","裕隆凱基28購07","0.96","＋","2201","裕隆","82.80","＋","認購","美式","112年02月14日","112年02月14日","112年08月10日","112年08月14日","0.30","    98.00","","",
="036097","燿華凱基29購01","0.00","","2367","燿華","18.05","＋","認購","美式","112年02月14日","112年02月14日","112年09月11日","112年09月13日","1.00","    26.00","","",
="036098","金像電凱基29購02","0.00","","2368","金像電","121.50","","認購","美式","112年02月14日","112年02月14日","112年09月11日","112年09月13日","0.186","    96.59","","",
="036099","威盛凱基29購03","1.89","＋","2388","威盛","83.10","＋","認購","美式","112年02月14日","112年02月14日","112年09月11日","112年09月13日","0.16","    85.00","","",
="03609P","臺股指凱基2A售10","0.10","－","IX0001","臺股指數","16,636.30","","認售","歐式","111年12月02日","112年10月02日","112年09月27日","112年10月02日","0.002","    12,000.00","","",
="03609U","台積電永豐27售07","0.00","","2330","台積電","568.00","＋","認售","歐式","112年01月13日","112年07月12日","112年07月10日","112年07月12日","0.058","    434.60","","",
="036100","友達凱基2A購02","0.00","","2409","友達","17.65","＋","認購","美式","112年02月14日","112年02月14日","112年10月11日","112年10月13日","1.00","    24.00","","",
="036101","聯發科凱基28購10","0.22","＋","2454","聯發科","738.00","＋","認購","美式","112年02月14日","112年02月14日","112年08月10日","112年08月14日","0.20","    1,100.00","","",
="036102","全新凱基28購02","2.51","－","2455","全新","100.00","","認購","美式","112年02月14日","112年02月14日","112年08月10日","112年08月14日","0.25","    100.00","","",
="036103","宏達電凱基29購01","0.00","","2498","宏達電","61.50","＋","認購","美式","112年02月14日","112年02月14日","112年09月11日","112年09月13日","0.50","    99.00","","",
="036104","裕民凱基28購02","0.82","＋","2606","裕民","49.75","＋","認購","美式","112年02月14日","112年02月14日","112年08月10日","112年08月14日","0.25","    55.00","","",
="036105","聯詠凱基29購02","1.58","","3034","聯詠","423.50","＋","認購","美式","112年02月14日","112年02月14日","112年09月11日","112年09月13日","0.10","    510.00","","",
="036106","玉晶光凱基28購02","0.56","＋","3406","玉晶光","400.00","＋","認購","美式","112年02月14日","112年02月14日","112年08月10日","112年08月14日","0.12","    550.00","","",
="036107","群創凱基29購03","0.55","＋","3481","群創","14.10","＋","認購","美式","112年02月14日","112年02月14日","112年09月11日","112年09月13日","1.00","    17.00","","",
="036108","健策凱基29購01","6.10","＋","3653","健策","616.00","＋","認購","美式","112年02月14日","112年02月14日","112年09月11日","112年09月13日","0.035","    450.00","","",
="036109","世芯凱基2A購02","5.00","＋","3661","世芯-KY","1,660.00","＋","認購","美式","112年02月14日","112年02月14日","112年10月11日","112年10月13日","0.015","    1,500.00","","",
="03610P","華新元大26售03","0.00","","1605","華新","46.60","＋","認售","歐式","111年12月02日","112年06月01日","112年05月30日","112年06月01日","0.264","    40.75","","",
="03610U","技嘉永豐27售02","0.00","","2376","技嘉","186.00","＋","認售","歐式","112年01月13日","112年07月12日","112年07月10日","112年07月12日","0.115","    95.97","","",
="036110","天鈺凱基28購03","0.00","","4961","天鈺","154.00","＋","認購","美式","112年02月14日","112年02月14日","112年08月10日","112年08月14日","0.05","    140.00","","",
="036111","康舒凱基29購02","1.54","＋","6282","康舒","44.05","＋","認購","美式","112年02月14日","112年02月14日","112年09月11日","112年09月13日","0.20","    40.00","","",
="036112","力智凱基29購02","0.37","","6719","力智","303.00","＋","認購","美式","112年02月14日","112年02月14日","112年09月11日","112年09月13日","0.06","    480.00","","",
="036113","力積電凱基28購03","0.26","","6770","力積電","30.85","＋","認購","美式","112年02月14日","112年02月14日","112年08月10日","112年08月14日","1.009","    38.66","","",
="036114","AES凱基2A購01","0.00","","6781","AES-KY","690.00","＋","認購","美式","112年02月14日","112年02月14日","112年10月11日","112年10月13日","0.017","    1,250.00","","",
="036115","采鈺凱基2A購01","0.28","","6789","采鈺","224.00","＋","認購","美式","112年02月14日","112年02月14日","112年10月11日","112年10月13日","0.10","    380.00","","",
="036116","致新凱基28購01","1.25","＋","8081","致新","191.50","＋","認購","美式","112年02月14日","112年02月14日","112年08月10日","112年08月14日","0.08","    200.00","","",
="036117","S&P正2元大2A購01","1.74","＋",="00647L","元大S&P500正2","57.80","＋","認購","美式","112年02月14日","112年02月14日","112年10月11日","112年10月13日","0.25","    60.00","","",
="036118","華城元大28購02","0.00","","1519","華城","141.00","＋","認購","美式","112年02月14日","112年02月14日","112年08月10日","112年08月14日","0.179","    60.50","","",
="036119","華新元大29購09","0.00","","1605","華新","46.60","＋","認購","美式","112年02月14日","112年02月14日","112年09月11日","112年09月13日","0.617","    75.50","","",
="03611P","台積電元大26售20","0.00","","2330","台積電","568.00","＋","認售","歐式","111年12月02日","112年06月01日","112年05月30日","112年06月01日","0.102","    357.99","","",
="03611U","聯發科永豐28售02","0.44","－","2454","聯發科","738.00","＋","認售","歐式","112年01月13日","112年08月14日","112年08月10日","112年08月14日","0.027","    639.90","","",
="036120","第一銅元大28購05","0.00","","2009","第一銅","32.10","＋","認購","美式","112年02月14日","112年02月14日","112年08月10日","112年08月14日","0.362","    48.50","","",
="036121","上銀元大28購04","0.57","＋","2049","上銀","235.50","＋","認購","美式","112年02月14日","112年02月14日","112年08月10日","112年08月14日","0.071","    284.00","","",
="036122","上銀元大2A購02","0.00","","2049","上銀","235.50","＋","認購","美式","112年02月14日","112年02月14日","112年10月11日","112年10月13日","0.141","    369.00","","",
="036123","鴻海元大29購16","0.93","＋","2317","鴻海","105.50","＋","認購","美式","112年02月14日","112年02月14日","112年09月11日","112年09月13日","0.555","    132.00","","",
="036124","宏達電元大29購05","0.00","","2498","宏達電","61.50","＋","認購","美式","112年02月14日","112年02月14日","112年09月11日","112年09月13日","0.199","    74.80","","",
="036125","長榮航元大29購09","2.04","＋","2618","長榮航","33.60","＋","認購","美式","112年02月14日","112年02月14日","112年09月11日","112年09月13日","1.00","    37.90","","",
="036126","漢翔元大29購02","0.00","","2634","漢翔","55.80","＋","認購","美式","112年02月14日","112年02月14日","112年09月11日","112年09月13日","0.41","    41.35","","",
="036127","臺企銀元大28購02","0.00","","2834","臺企銀","14.10","＋","認購","美式","112年02月14日","112年02月14日","112年08月10日","112年08月14日","0.606","    13.45","","",
="036128","富邦金元大28購01","1.22","＋","2881","富邦金","61.10","＋","認購","美式","112年02月14日","112年02月14日","112年08月10日","112年08月14日","0.24","    59.10","","",
="036129","國泰金元大28購02","1.66","＋","2882","國泰金","44.75","＋","認購","美式","112年02月14日","112年02月14日","112年08月10日","112年08月14日","0.624","    45.70","","",
="03612P","瑞昱元大26售02","0.00","","2379","瑞昱","388.00","＋","認售","歐式","111年12月02日","112年06月01日","112年05月30日","112年06月01日","0.448","    189.00","","",
="03612U","天鈺永豐28售01","0.29","","4961","天鈺","154.00","＋","認售","歐式","112年01月13日","112年08月14日","112年08月10日","112年08月14日","0.075","    118.36","","",
="036130","晶豪科元大28購04","1.48","＋","3006","晶豪科","88.20","＋","認購","美式","112年02月14日","112年02月14日","112年08月10日","112年08月14日","0.199","    93.70","","",
="036131","華擎元大28購03","0.82","＋","3515","華擎","154.00","＋","認購","美式","112年02月14日","112年02月14日","112年08月10日","112年08月14日","0.055","    167.50","","",
="036132","嘉澤元大29購03","0.00","","3533","嘉澤","909.00","－","認購","美式","112年02月14日","112年02月14日","112年09月11日","112年09月13日","0.015","    835.91","","",
="036133","嘉澤元大2A購02","0.00","","3533","嘉澤","909.00","－","認購","美式","112年02月14日","112年02月14日","112年10月11日","112年10月13日","0.024","    1,005.09","","",
="036134","嘉澤元大2B購02","0.00","","3533","嘉澤","909.00","－","認購","美式","112年02月14日","112年02月14日","112年11月09日","112年11月13日","0.027","    1,089.67","","",
="036135","智易元大28購02","0.78","－","3596","智易","115.00","＋","認購","美式","112年02月14日","112年02月14日","112年08月10日","112年08月14日","0.073","    114.50","","",
="036136","世芯元大29購10","6.85","＋","3661","世芯-KY","1,660.00","＋","認購","美式","112年02月14日","112年02月14日","112年09月11日","112年09月13日","0.018","    1,415.00","","",
="036137","貿聯元大29購01","1.21","","3665","貿聯-KY","270.50","＋","認購","美式","112年02月14日","112年02月14日","112年09月11日","112年09月13日","0.072","    305.80","","",
="036138","新唐元大29購05","0.00","","4919","新唐","130.50","＋","認購","美式","112年02月14日","112年02月14日","112年09月11日","112年09月13日","0.091","    197.50","","",
="036139","新唐元大2A購01","0.00","","4919","新唐","130.50","＋","認購","美式","112年02月14日","112年02月14日","112年10月11日","112年10月13日","0.101","    213.00","","",
="03613U","臺股指永豐29售01","0.00","","IX0001","臺股指數","16,636.30","","認售","歐式","112年01月13日","112年09月12日","112年09月08日","112年09月12日","0.002","    14,000.00","","",
="036140","天鈺元大28購07","0.00","","4961","天鈺","154.00","＋","認購","美式","112年02月14日","112年02月14日","112年08月10日","112年08月14日","0.117","    203.50","","",
="036141","盛群元大28購01","0.00","","6202","盛群","69.70","＋","認購","美式","112年02月14日","112年02月14日","112年08月10日","112年08月14日","0.257","    91.70","","",
="036142","盛群元大2A購01","0.47","＋","6202","盛群","69.70","＋","認購","美式","112年02月14日","112年02月14日","112年10月11日","112年10月13日","0.253","    99.40","","",
="036143","愛普元大29購02","0.00","","6531","愛普*","328.50","＋","認購","美式","112年02月14日","112年02月14日","112年09月11日","112年09月13日","0.071","    393.00","","",
="036144","采鈺元大28購02","0.00","","6789","采鈺","224.00","＋","認購","美式","112年02月14日","112年02月14日","112年08月10日","112年08月14日","0.074","    352.00","","",
="036145","采鈺元大2A購02","0.00","","6789","采鈺","224.00","＋","認購","美式","112年02月14日","112年02月14日","112年10月11日","112年10月13日","0.063","    384.00","","",
="036146","南電元大29購05","3.39","＋","8046","南電","302.50","－","認購","美式","112年02月14日","112年02月14日","112年09月11日","112年09月13日","0.056","    277.50","","",
="036147","東哥元大29購02","0.00","","8478","東哥遊艇","520.00","＋","認購","美式","112年02月14日","112年02月14日","112年09月11日","112年09月13日","0.02","    345.00","","",
="036148","東哥元大2A購03","0.00","","8478","東哥遊艇","520.00","＋","認購","美式","112年02月14日","112年02月14日","112年10月11日","112年10月13日","0.022","    414.00","","",
="036149","東哥元大2B購03","3.15","＋","8478","東哥遊艇","520.00","＋","認購","美式","112年02月14日","112年02月14日","112年11月09日","112年11月13日","0.025","    507.00","","",
="03614U","國巨統一27售02","0.30","","2327","國巨","508.00","＋","認售","歐式","112年01月13日","112年07月12日","112年07月10日","112年07月12日","0.02","    445.40","","",
="036150","聯電法興28購01","0.00","","2303","聯電","51.20","＋","認購","歐式","112年02月14日","112年08月14日","112年08月10日","112年08月14日","0.40","    58.00","","",
="036151","華通法興28購01","0.56","－","2313","華通","44.30","＋","認購","歐式","112年02月14日","112年08月14日","112年08月10日","112年08月14日","0.531","    51.80","","",
="036152","聯詠法興28購01","1.03","＋","3034","聯詠","423.50","＋","認購","歐式","112年02月14日","112年08月14日","112年08月10日","112年08月14日","0.04","    450.00","","",
="036153","聯詠法興28購02","0.81","＋","3034","聯詠","423.50","＋","認購","歐式","112年02月14日","112年08月14日","112年08月10日","112年08月14日","0.05","    480.00","","",
="036154","嘉澤法興28購01","0.00","","3533","嘉澤","909.00","－","認購","歐式","112年02月14日","112年08月14日","112年08月10日","112年08月14日","0.02","    955.33","","",
="036155","日月光法興28購01","0.66","－","3711","日月光投控","109.00","－","認購","歐式","112年02月14日","112年08月14日","112年08月10日","112年08月14日","0.30","    130.00","","",
="036156","同欣電法興28購01","0.00","","6271","同欣電","179.50","＋","認購","歐式","112年02月14日","112年08月14日","112年08月10日","112年08月14日","0.06","    275.00","","",
="036157","愛普法興28購01","0.00","","6531","愛普*","328.50","＋","認購","歐式","112年02月14日","112年08月14日","112年08月10日","112年08月14日","0.05","    320.00","","",
="036158","T50反1元富28購01","0.24","－",="00632R","元大台灣50反1","4.94","－","認購","美式","112年02月14日","112年02月14日","112年08月10日","112年08月14日","1.00","    4.90","","",
="036159","上銀元富2B購01","0.55","＋","2049","上銀","235.50","＋","認購","美式","112年02月14日","112年02月14日","112年11月09日","112年11月13日","0.05","    300.00","","",
="03615U","聯詠統一29售03","0.17","－","3034","聯詠","423.50","＋","認售","歐式","112年01月13日","112年09月12日","112年09月08日","112年09月12日","0.025","    320.00","","",
="036160","鴻海元富28購04","0.44","＋","2317","鴻海","105.50","＋","認購","美式","112年02月14日","112年02月14日","112年08月10日","112年08月14日","0.40","    120.00","","",
="036161","台積電元富28購11","0.00","","2330","台積電","568.00","＋","認購","美式","112年02月14日","112年02月14日","112年08月10日","112年08月14日","0.04","    596.77","","",
="036162","台積電元富28購12","0.00","","2330","台積電","568.00","＋","認購","美式","112年02月14日","112年02月14日","112年08月10日","112年08月14日","0.02","    497.31","","",
="036163","順德元富2B購02","0.58","","2351","順德","123.00","＋","認購","美式","112年02月14日","112年02月14日","112年11月09日","112年11月13日","0.07","    165.00","","",
="036164","新唐元富28購02","0.00","","4919","新唐","130.50","＋","認購","美式","112年02月14日","112年02月14日","112年08月10日","112年08月14日","0.08","    190.00","","",
="036165","愛普元富2A購01","1.41","＋","6531","愛普*","328.50","＋","認購","美式","112年02月14日","112年02月14日","112年10月11日","112年10月13日","0.041","    390.00","","",
="036166","致新元富28購01","0.00","","8081","致新","191.50","＋","認購","美式","112年02月14日","112年02月14日","112年08月10日","112年08月14日","0.10","    200.00","","",
="036167","順德麥證29購01","0.00","","2351","順德","123.00","＋","認購","歐式","112年02月14日","112年09月13日","112年09月11日","112年09月13日","0.08","    168.00","","",
="036168","智伸科麥證28購01","0.00","","4551","智伸科","129.00","－","認購","歐式","112年02月14日","112年08月14日","112年08月10日","112年08月14日","0.15","    220.00","","",
="036169","創意康和2A購02","0.00","","3443","創意","1,515.00","＋","認購","美式","112年02月15日","112年02月15日","112年10月12日","112年10月16日","0.007","    850.00","","",
="03616U","滬深2X群益28售03","0.00","",="00637L","元大滬深300正2","13.77","－","認售","歐式","112年01月13日","112年08月14日","112年08月10日","112年08月14日","1.00","    15.50","","",
="036170","寶齡永豐28購02","0.19","－","1760","寶齡富錦","148.50","","認購","美式","112年02月15日","112年02月15日","112年08月10日","112年08月14日","0.04","    199.72","","",
="036171","八方永豐2B購01","0.00","","2753","八方雲集","167.00","","認購","美式","112年02月15日","112年02月15日","112年11月10日","112年11月14日","0.056","    315.56","","",
="036172","玉晶光永豐28購03","0.73","＋","3406","玉晶光","400.00","＋","認購","美式","112年02月15日","112年02月15日","112年08月10日","112年08月14日","0.02","    402.01","","",
="036173","天鈺永豐29購02","0.85","","4961","天鈺","154.00","＋","認購","美式","112年02月15日","112年02月15日","112年09月12日","112年09月14日","0.048","    159.88","","",
="036174","樺漢永豐28購02","2.03","＋","6414","樺漢","281.00","＋","認購","美式","112年02月15日","112年02月15日","112年08月10日","112年08月14日","0.04","    236.39","","",
="036175","東哥永豐28購01","0.00","","8478","東哥遊艇","520.00","＋","認購","美式","112年02月15日","112年02月15日","112年08月10日","112年08月14日","0.025","    410.00","","",
="036176","百和永豐29購01","0.00","","9938","百和","55.00","＋","認購","美式","112年02月15日","112年02月15日","112年09月12日","112年09月14日","0.40","    78.81","","",
="036177","陽明統一32購01","0.00","","2609","陽明","62.00","＋","認購","美式","112年02月15日","112年02月15日","113年02月02日","113年02月15日","0.088","    60.00","","",
="036178","八方統一2B購01","0.00","","2753","八方雲集","167.00","","認購","美式","112年02月15日","112年02月15日","112年11月10日","112年11月14日","0.015","    280.50","","",
="036179","聯詠統一29購05","0.93","＋","3034","聯詠","423.50","＋","認購","美式","112年02月15日","112年02月15日","112年09月12日","112年09月14日","0.016","    401.10","","",
="03617U","光罩群益27售01","0.00","","2338","光罩","81.80","＋","認售","歐式","112年01月13日","112年07月12日","112年07月10日","112年07月12日","0.222","    72.50","","",
="036180","瑞鼎統一2B購04","0.33","＋","3592","瑞鼎","348.00","＋","認購","美式","112年02月15日","112年02月15日","112年11月10日","112年11月14日","0.012","    426.30","","",
="036181","合勤控統一2A購01","1.01","＋","3704","合勤控","43.85","＋","認購","美式","112年02月15日","112年02月15日","112年10月12日","112年10月16日","0.16","    43.40","","",
="036182","矽力統一29購01","0.00","","6415","矽力*-KY","394.50","＋","認購","美式","112年02月15日","112年02月15日","112年09月12日","112年09月14日","0.009","    681.37","","",
="036183","世芯第一2A購01","0.00","","3661","世芯-KY","1,660.00","＋","認購","美式","112年02月15日","112年02月15日","112年10月12日","112年10月16日","0.004","    1,029.05","","",
="036184","滬深2X國票2C購01","0.17","－",="00637L","元大滬深300正2","13.77","－","認購","美式","112年02月15日","112年02月15日","112年12月12日","112年12月14日","1.00","    24.00","","",
="036185","A50正2國票29購01","0.00","",="00655L","國泰中國A50正2","24.65","－","認購","美式","112年02月15日","112年02月15日","112年09月12日","112年09月14日","0.53","    32.00","","",
="036186","美指2X國票2B購01","1.00","－",="00683L","期元大美元指正2(原名：元大美元指數正2)","21.98","－","認購","美式","112年02月15日","112年02月15日","112年11月10日","112年11月14日","0.501","    21.50","","",
="036187","華城國票29購01","0.00","","1519","華城","141.00","＋","認購","美式","112年02月15日","112年02月15日","112年09月12日","112年09月14日","0.928","    81.00","","",
="036188","大亞國票29購01","3.82","＋","1609","大亞","31.00","＋","認購","美式","112年02月15日","112年02月15日","112年09月12日","112年09月14日","1.00","    30.00","","",
="036189","為升國票29購02","0.95","－","2231","為升","172.50","＋","認購","美式","112年02月15日","112年02月15日","112年09月12日","112年09月14日","0.06","    180.00","","",
="03618U","全新群益27售03","0.00","","2455","全新","100.00","","認售","歐式","112年01月13日","112年07月12日","112年07月10日","112年07月12日","0.555","    55.55","","",
="036190","台達電國票28購01","1.45","－","2308","台達電","315.50","－","認購","美式","112年02月15日","112年02月15日","112年08月10日","112年08月14日","0.05","    300.00","","",
="036191","廣宇國票29購01","0.00","","2328","廣宇","39.40","＋","認購","美式","112年02月15日","112年02月15日","112年09月12日","112年09月14日","1.00","    50.00","","",
="036192","台積電國票2A購01","1.28","＋","2330","台積電","568.00","＋","認購","美式","112年02月15日","112年02月15日","112年10月12日","112年10月16日","0.03","    566.93","","",
="036193","金像電國票29購02","9.85","－","2368","金像電","121.50","","認購","美式","112年02月15日","112年02月15日","112年09月12日","112年09月14日","0.621","    115.90","","",
="036194","正崴國票28購01","0.00","","2392","正崴","40.30","＋","認購","美式","112年02月15日","112年02月15日","112年08月10日","112年08月14日","0.50","    45.00","","",
="036195","友達國票28購03","0.72","＋","2409","友達","17.65","＋","認購","美式","112年02月15日","112年02月15日","112年08月10日","112年08月14日","0.65","    18.00","","",
="036196","長榮國票29購02","0.00","","2603","長榮","157.00","＋","認購","美式","112年02月15日","112年02月15日","112年09月12日","112年09月14日","0.04","    150.00","","",
="036197","萬海國票29購03","0.00","","2615","萬海","60.00","＋","認購","美式","112年02月15日","112年02月15日","112年09月12日","112年09月14日","0.30","    85.00","","",
="036198","長榮航國票28購02","2.30","＋","2618","長榮航","33.60","＋","認購","美式","112年02月15日","112年02月15日","112年08月10日","112年08月14日","0.75","    32.50","","",
="036199","長榮航國票29購01","2.46","＋","2618","長榮航","33.60","＋","認購","美式","112年02月15日","112年02月15日","112年09月12日","112年09月14日","0.50","    30.00","","",
="03619U","華擎群益28售01","0.00","","3515","華擎","154.00","＋","認售","歐式","112年01月13日","112年08月14日","112年08月10日","112年08月14日","0.163","    126.00","","",
="036200","聯陽國票29購01","5.55","","3014","聯陽","113.50","＋","認購","美式","112年02月15日","112年02月15日","112年09月12日","112年09月14日","0.30","    100.00","","",
="036201","群創國票28購02","1.11","＋","3481","群創","14.10","＋","認購","美式","112年02月15日","112年02月15日","112年08月10日","112年08月14日","0.65","    13.00","","",
="036202","嘉澤國票29購03","0.99","－","3533","嘉澤","909.00","－","認購","美式","112年02月15日","112年02月15日","112年09月12日","112年09月14日","0.05","    1,194.16","","",
="036203","世芯國票29購03","0.00","","3661","世芯-KY","1,660.00","＋","認購","美式","112年02月15日","112年02月15日","112年09月12日","112年09月14日","0.01","    1,100.00","","",
="036204","上緯控國票29購01","0.47","＋","3708","上緯投控","96.50","－","認購","美式","112年02月15日","112年02月15日","112年09月12日","112年09月14日","0.07","    110.00","","",
="036205","天鈺國票2A購01","1.03","＋","4961","天鈺","154.00","＋","認購","美式","112年02月15日","112年02月15日","112年10月12日","112年10月16日","0.08","    175.00","","",
="036206","愛普國票2A購01","3.22","＋","6531","愛普*","328.50","＋","認購","美式","112年02月15日","112年02月15日","112年10月12日","112年10月16日","0.065","    325.00","","",
="036207","帝寶國票29購01","0.00","","6605","帝寶","99.80","＋","認購","美式","112年02月15日","112年02月15日","112年09月12日","112年09月14日","0.20","    90.00","","",
="036208","緯穎國票29購03","7.80","＋","6669","緯穎","1,205.00","＋","認購","美式","112年02月15日","112年02月15日","112年09月12日","112年09月14日","0.04","    1,100.00","","",
="036209","中砂法興28購01","0.53","－","1560","中砂","114.50","－","認購","歐式","112年02月15日","112年08月14日","112年08月10日","112年08月14日","0.12","    135.00","","",
="03620U","天鈺群益28售01","0.00","","4961","天鈺","154.00","＋","認售","歐式","112年01月13日","112年08月14日","112年08月10日","112年08月14日","0.12","    98.00","","",
="036210","SGBR2X國泰2A購01","0.00","",="00715L","期街口布蘭特正2","12.73","＋","認購","美式","112年02月15日","112年02月15日","112年10月12日","112年10月16日","0.40","    18.00","","",
="036211","漢翔國泰2A購01","6.40","","2634","漢翔","55.80","＋","認購","美式","112年02月15日","112年02月15日","112年10月12日","112年10月16日","0.50","    45.15","","",
="036212","美食國泰2A購01","0.00","","2723","美食-KY","152.50","－","認購","美式","112年02月15日","112年02月15日","112年10月12日","112年10月16日","0.12","    187.00","","",
="036213","欣興國泰2A購02","0.00","","3037","欣興","182.50","－","認購","美式","112年02月15日","112年02月15日","112年10月12日","112年10月16日","0.10","    185.00","","",
="036214","創意國泰2A購05","0.00","","3443","創意","1,515.00","＋","認購","美式","112年02月15日","112年02月15日","112年10月12日","112年10月16日","0.02","    1,230.00","","",
="036215","台光電富邦29購01","0.72","＋","2383","台光電","204.50","＋","認購","美式","112年02月15日","112年02月15日","112年09月12日","112年09月14日","0.038","    220.00","","",
="036216","正崴富邦29購01","0.00","","2392","正崴","40.30","＋","認購","美式","112年02月15日","112年02月15日","112年09月12日","112年09月14日","0.40","    50.00","","",
="036217","采鈺富邦29購01","0.25","＋","6789","采鈺","224.00","＋","認購","美式","112年02月15日","112年02月15日","112年09月12日","112年09月14日","0.03","    300.00","","",
="036218","為升元富2B購02","0.85","","2231","為升","172.50","＋","認購","美式","112年02月15日","112年02月15日","112年11月10日","112年11月14日","0.06","    210.00","","",
="036219","瑞昱兆豐28購01","0.87","","2379","瑞昱","388.00","＋","認購","美式","112年02月15日","112年02月15日","112年08月10日","112年08月14日","0.04","    420.00","","",
="03621U","金像電元大27售04","0.00","","2368","金像電","121.50","","認售","歐式","112年01月13日","112年07月12日","112年07月10日","112年07月12日","0.358","    63.07","","",
="036220","聯發科兆豐28購02","0.63","＋","2454","聯發科","738.00","＋","認購","美式","112年02月15日","112年02月15日","112年08月10日","112年08月14日","0.01","    725.00","","",
="036221","聯發科兆豐29購02","0.97","＋","2454","聯發科","738.00","＋","認購","美式","112年02月15日","112年02月15日","112年09月12日","112年09月14日","0.015","    750.00","","",
="036222","大立光兆豐28購01","0.98","","3008","大立光","2,305.00","＋","認購","美式","112年02月15日","112年02月15日","112年08月10日","112年08月14日","0.005","    2,254.30","","",
="036223","矽力兆豐29購01","0.06","","6415","矽力*-KY","394.50","＋","認購","美式","112年02月15日","112年02月15日","112年09月12日","112年09月14日","0.008","    693.86","","",
="036224","力智兆豐2B購01","0.34","＋","6719","力智","303.00","＋","認購","美式","112年02月15日","112年02月15日","112年11月10日","112年11月14日","0.013","    350.00","","",
="036225","大亞凱基29購01","9.50","","1609","大亞","31.00","＋","認購","美式","112年02月15日","112年02月15日","112年09月12日","112年09月14日","0.50","    24.00","","",
="036226","上銀凱基2A購03","0.57","","2049","上銀","235.50","＋","認購","美式","112年02月15日","112年02月15日","112年10月12日","112年10月16日","0.20","    350.00","","",
="036227","裕隆凱基28購08","0.00","","2201","裕隆","82.80","＋","認購","美式","112年02月15日","112年02月15日","112年08月10日","112年08月14日","0.16","    85.00","","",
="036228","為升凱基29購02","1.15","＋","2231","為升","172.50","＋","認購","美式","112年02月15日","112年02月15日","112年09月12日","112年09月14日","0.12","    200.00","","",
="036229","聯電凱基2B購02","0.00","","2303","聯電","51.20","＋","認購","美式","112年02月15日","112年02月15日","112年11月10日","112年11月14日","1.00","    66.00","","",
="03622U","富邦金元大27售02","0.00","","2881","富邦金","61.10","＋","認售","歐式","112年01月13日","112年07月12日","112年07月10日","112年07月12日","1.00","    41.20","","",
="036230","國巨凱基28購04","0.20","＋","2327","國巨","508.00","＋","認購","美式","112年02月15日","112年02月15日","112年08月10日","112年08月14日","0.12","    760.00","","",
="036231","台積電凱基28購19","1.07","＋","2330","台積電","568.00","＋","認購","美式","112年02月15日","112年02月15日","112年08月10日","112年08月14日","0.05","    596.77","","",
="036232","台積電凱基3C購03","3.16","＋","2330","台積電","568.00","＋","認購","美式","112年02月15日","112年02月15日","113年12月12日","113年12月16日","0.03","    626.61","","",
="036233","漢翔凱基2A購03","0.00","","2634","漢翔","55.80","＋","認購","美式","112年02月15日","112年02月15日","112年10月12日","112年10月16日","0.60","    48.00","","",
="036234","漢翔凱基2A購04","7.00","","2634","漢翔","55.80","＋","認購","美式","112年02月15日","112年02月15日","112年10月12日","112年10月16日","1.00","    56.00","","",
="036235","美食凱基29購01","0.31","－","2723","美食-KY","152.50","－","認購","美式","112年02月15日","112年02月15日","112年09月12日","112年09月14日","0.10","    220.00","","",
="036236","臺企銀凱基28購01","0.90","＋","2834","臺企銀","14.10","＋","認購","美式","112年02月15日","112年02月15日","112年08月10日","112年08月14日","1.00","    14.00","","",
="036237","欣興凱基2A購02","3.92","－","3037","欣興","182.50","－","認購","美式","112年02月15日","112年02月15日","112年10月12日","112年10月16日","0.12","    165.00","","",
="036238","創意凱基29購02","7.35","＋","3443","創意","1,515.00","＋","認購","美式","112年02月15日","112年02月15日","112年09月12日","112年09月14日","0.022","    1,350.00","","",
="036239","創意凱基29購03","0.00","","3443","創意","1,515.00","＋","認購","美式","112年02月15日","112年02月15日","112年09月12日","112年09月14日","0.018","    1,200.00","","",
="03623U","聯詠元大27售17","0.00","","3034","聯詠","423.50","＋","認售","歐式","112年01月13日","112年07月12日","112年07月10日","112年07月12日","0.132","    257.50","","",
="036240","嘉澤凱基28購04","0.75","－","3533","嘉澤","909.00","－","認購","美式","112年02月15日","112年02月15日","112年08月10日","112年08月14日","0.045","    1,144.41","","",
="036241","嘉澤凱基29購01","1.79","－","3533","嘉澤","909.00","－","認購","美式","112年02月15日","112年02月15日","112年09月12日","112年09月14日","0.025","    945.38","","",
="036242","世芯凱基29購05","0.00","","3661","世芯-KY","1,660.00","＋","認購","美式","112年02月15日","112年02月15日","112年09月12日","112年09月14日","0.01","    1,050.00","","",
="036243","上品凱基28購01","0.00","","4770","上品","297.00","＋","認購","美式","112年02月15日","112年02月15日","112年08月10日","112年08月14日","0.042","    384.31","","",
="036244","盛群凱基28購01","0.00","","6202","盛群","69.70","＋","認購","美式","112年02月15日","112年02月15日","112年08月10日","112年08月14日","0.28","    90.00","","",
="036245","穎崴凱基29購02","5.90","－","6515","穎崴","830.00","－","認購","美式","112年02月15日","112年02月15日","112年09月12日","112年09月14日","0.04","    800.00","","",
="036246","南電凱基29購04","0.00","","8046","南電","302.50","－","認購","美式","112年02月15日","112年02月15日","112年09月12日","112年09月14日","0.055","    275.00","","",
="036247","東哥凱基28購05","2.53","＋","8478","東哥遊艇","520.00","＋","認購","美式","112年02月15日","112年02月15日","112年08月10日","112年08月14日","0.03","    490.00","","",
="036248","宏全凱基28購01","2.10","","9939","宏全","106.50","＋","認購","美式","112年02月15日","112年02月15日","112年08月10日","112年08月14日","0.20","    104.00","","",
="036249","滬深2X元大28購05","0.14","",="00637L","元大滬深300正2","13.77","－","認購","美式","112年02月15日","112年02月15日","112年08月10日","112年08月14日","0.70","    18.00","","",
="03624U","景碩元大27售07","0.00","","3189","景碩","116.00","＋","認售","歐式","112年01月13日","112年07月12日","112年07月10日","112年07月12日","0.072","    107.00","","",
="036250","滬深2X元大29購05","0.00","",="00637L","元大滬深300正2","13.77","－","認購","美式","112年02月15日","112年02月15日","112年09月12日","112年09月14日","0.70","    19.00","","",
="036251","SGBR2X元大28購04","0.39","",="00715L","期街口布蘭特正2","12.73","＋","認購","美式","112年02月15日","112年02月15日","112年08月10日","112年08月14日","0.30","    16.00","","",
="036252","道瓊銀元大2A購01","1.10","＋",="00738U","期元大道瓊白銀(原名：元大道瓊白銀)","22.79","＋","認購","美式","112年02月15日","112年02月15日","112年10月12日","112年10月16日","0.50","    23.00","","",
="036253","華新元大29購10","0.00","","1605","華新","46.60","＋","認購","美式","112年02月15日","112年02月15日","112年09月12日","112年09月14日","0.686","    77.80","","",
="036254","大亞元大28購01","3.99","＋","1609","大亞","31.00","＋","認購","美式","112年02月15日","112年02月15日","112年08月10日","112年08月14日","0.80","    28.15","","",
="036255","上銀元大28購05","0.00","","2049","上銀","235.50","＋","認購","美式","112年02月15日","112年02月15日","112年08月10日","112年08月14日","0.061","    257.50","","",
="036256","鴻海元大29購17","1.34","＋","2317","鴻海","105.50","＋","認購","美式","112年02月15日","112年02月15日","112年09月12日","112年09月14日","0.133","    102.00","","",
="036257","鴻海元大2A購17","0.00","","2317","鴻海","105.50","＋","認購","美式","112年02月15日","112年02月15日","112年10月12日","112年10月16日","0.966","    151.50","","",
="036258","國巨元大28購02","0.00","","2327","國巨","508.00","＋","認購","美式","112年02月15日","112年02月15日","112年08月10日","112年08月14日","0.041","    594.00","","",
="036259","國巨元大2A購02","0.00","","2327","國巨","508.00","＋","認購","美式","112年02月15日","112年02月15日","112年10月12日","112年10月16日","0.048","    661.00","","",
="03625U","健策元大27售05","0.00","","3653","健策","616.00","＋","認售","歐式","112年01月13日","112年07月12日","112年07月10日","112年07月12日","0.091","    272.00","","",
="036260","國巨元大2B購01","0.87","－","2327","國巨","508.00","＋","認購","美式","112年02月15日","112年02月15日","112年11月10日","112年11月14日","0.057","    745.00","","",
="036261","台積電元大28購44","0.00","","2330","台積電","568.00","＋","認購","美式","112年02月15日","112年02月15日","112年08月10日","112年08月14日","0.223","    779.78","","",
="036262","台積電元大28購45","0.00","","2330","台積電","568.00","＋","認購","美式","112年02月15日","112年02月15日","112年08月10日","112年08月14日","0.201","    734.03","","",
="036263","台積電元大28購46","2.27","＋","2330","台積電","568.00","＋","認購","美式","112年02月15日","112年02月15日","112年08月10日","112年08月14日","0.05","    572.90","","",
="036264","智邦元大28購04","4.18","＋","2345","智邦","357.50","＋","認購","美式","112年02月15日","112年02月15日","112年08月10日","112年08月14日","0.071","    315.00","","",
="036265","瑞昱元大28購04","1.83","＋","2379","瑞昱","388.00","＋","認購","美式","112年02月15日","112年02月15日","112年08月10日","112年08月14日","0.048","    389.50","","",
="036266","瑞昱元大2A購01","1.86","＋","2379","瑞昱","388.00","＋","認購","美式","112年02月15日","112年02月15日","112年10月12日","112年10月16日","0.068","    473.00","","",
="036267","正崴元大28購01","0.00","","2392","正崴","40.30","＋","認購","美式","112年02月15日","112年02月15日","112年08月10日","112年08月14日","0.618","    45.86","","",
="036268","長榮元大29購14","2.12","＋","2603","長榮","157.00","＋","認購","美式","112年02月15日","112年02月15日","112年09月12日","112年09月14日","0.088","    147.00","","",
="036269","華航元大29購03","1.77","＋","2610","華航","21.65","＋","認購","美式","112年02月15日","112年02月15日","112年09月12日","112年09月14日","0.733","    20.90","","",
="03626U","健策元大27售06","0.00","","3653","健策","616.00","＋","認售","歐式","112年01月13日","112年07月12日","112年07月10日","112年07月12日","0.041","    342.50","","",
="036270","長榮航元大29購10","0.00","","2618","長榮航","33.60","＋","認購","美式","112年02月15日","112年02月15日","112年09月12日","112年09月14日","0.54","    28.90","","",
="036271","漢翔元大29購03","0.00","","2634","漢翔","55.80","＋","認購","美式","112年02月15日","112年02月15日","112年09月12日","112年09月14日","0.617","    45.85","","",
="036272","漢翔元大2A購04","7.75","＋","2634","漢翔","55.80","＋","認購","美式","112年02月15日","112年02月15日","112年10月12日","112年10月16日","0.673","    49.70","","",
="036273","漢翔元大2B購04","0.00","","2634","漢翔","55.80","＋","認購","美式","112年02月15日","112年02月15日","112年11月10日","112年11月14日","0.952","    56.90","","",
="036274","聯陽元大28購01","4.35","＋","3014","聯陽","113.50","＋","認購","美式","112年02月15日","112年02月15日","112年08月10日","112年08月14日","0.208","    96.77","","",
="036275","創意元大29購04","9.85","＋","3443","創意","1,515.00","＋","認購","美式","112年02月15日","112年02月15日","112年09月12日","112年09月14日","0.025","    1,265.00","","",
="036276","華擎元大28購04","0.00","","3515","華擎","154.00","＋","認購","美式","112年02月15日","112年02月15日","112年08月10日","112年08月14日","0.106","    211.50","","",
="036277","嘉澤元大29購04","0.00","","3533","嘉澤","909.00","－","認購","美式","112年02月15日","112年02月15日","112年09月12日","112年09月14日","0.015","    860.79","","",
="036278","嘉澤元大2A購03","1.82","－","3533","嘉澤","909.00","－","認購","美式","112年02月15日","112年02月15日","112年10月12日","112年10月16日","0.02","    972.25","","",
="036279","嘉澤元大2B購03","2.23","－","3533","嘉澤","909.00","－","認購","美式","112年02月15日","112年02月15日","112年11月10日","112年11月14日","0.026","    1,109.58","","",
="03627P","富邦金元大26售01","0.00","","2881","富邦金","61.10","＋","認售","歐式","111年10月04日","112年06月05日","112年06月01日","112年06月05日","1.00","    35.00","","",
="03627U","日月光元大27售02","0.00","","3711","日月光投控","109.00","－","認售","歐式","112年01月13日","112年07月12日","112年07月10日","112年07月12日","0.212","    76.70","","",
="036280","台耀元大28購01","2.51","","4746","台耀","84.00","＋","認購","美式","112年02月15日","112年02月15日","112年08月10日","112年08月14日","0.23","    83.70","","",
="036281","新唐元大29購06","0.30","＋","4919","新唐","130.50","＋","認購","美式","112年02月15日","112年02月15日","112年09月12日","112年09月14日","0.087","    188.00","","",
="036282","天鈺元大28購08","0.67","＋","4961","天鈺","154.00","＋","認購","美式","112年02月15日","112年02月15日","112年08月10日","112年08月14日","0.10","    191.00","","",
="036283","同欣電元大28購04","0.00","","6271","同欣電","179.50","＋","認購","美式","112年02月15日","112年02月15日","112年08月10日","112年08月14日","0.084","    291.50","","",
="036284","緯穎元大29購04","5.20","＋","6669","緯穎","1,205.00","＋","認購","美式","112年02月15日","112年02月15日","112年09月12日","112年09月14日","0.017","    974.00","","",
="036285","富邦媒元大28購01","0.86","","8454","富邦媒","703.00","＋","認購","美式","112年02月15日","112年02月15日","112年08月10日","112年08月14日","0.013","    766.00","","",
="036286","東哥元大29購03","0.00","","8478","東哥遊艇","520.00","＋","認購","美式","112年02月15日","112年02月15日","112年09月12日","112年09月14日","0.027","    407.00","","",
="036287","東哥元大2A購04","0.00","","8478","東哥遊艇","520.00","＋","認購","美式","112年02月15日","112年02月15日","112年10月12日","112年10月16日","0.029","    493.50","","",
="036288","東哥元大2B購04","0.00","","8478","東哥遊艇","520.00","＋","認購","美式","112年02月15日","112年02月15日","112年11月10日","112年11月14日","0.024","    489.00","","",
="036289","滬深2X群益28購08","0.31","",="00637L","元大滬深300正2","13.77","－","認購","美式","112年02月15日","112年02月15日","112年08月10日","112年08月14日","0.70","    16.50","","",
="03628U","矽力元大27售04","0.92","－","6415","矽力*-KY","394.50","＋","認售","歐式","112年01月13日","112年07月12日","112年07月10日","112年07月12日","0.02","    379.14","","",
="036290","中興電群益28購02","0.00","","1513","中興電","113.50","＋","認購","美式","112年02月15日","112年02月15日","112年08月10日","112年08月14日","0.20","    95.00","","",
="036291","中砂群益28購03","0.00","","1560","中砂","114.50","－","認購","美式","112年02月15日","112年02月15日","112年08月10日","112年08月14日","0.128","    174.68","","",
="036292","美律群益28購01","0.00","","2439","美律","88.60","＋","認購","美式","112年02月15日","112年02月15日","112年08月10日","112年08月14日","0.40","    105.80","","",
="036293","八方群益29購02","0.00","","2753","八方雲集","167.00","","認購","美式","112年02月15日","112年02月15日","112年09月12日","112年09月14日","0.111","    360.00","","",
="036294","聯陽群益29購01","3.34","＋","3014","聯陽","113.50","＋","認購","美式","112年02月15日","112年02月15日","112年09月12日","112年09月14日","0.50","    127.50","","",
="036295","嘉晶群益28購01","0.00","","3016","嘉晶","65.10","＋","認購","美式","112年02月15日","112年02月15日","112年08月10日","112年08月14日","0.20","    96.80","","",
="036296","建漢群益28購01","0.38","","3062","建漢","22.45","＋","認購","美式","112年02月15日","112年02月15日","112年08月10日","112年08月14日","0.58","    28.80","","",
="036297","京鼎群益28購01","0.00","","3413","京鼎","193.00","＋","認購","美式","112年02月15日","112年02月15日","112年08月10日","112年08月14日","0.09","    236.00","","",
="036298","創意群益28購06","0.00","","3443","創意","1,515.00","＋","認購","美式","112年02月15日","112年02月15日","112年08月10日","112年08月14日","0.02","    1,066.00","","",
="036299","新唐群益29購02","0.00","","4919","新唐","130.50","＋","認購","美式","112年02月15日","112年02月15日","112年09月12日","112年09月14日","0.10","    186.00","","",
="03629U","晶碩元大27售02","0.00","","6491","晶碩","366.50","＋","認售","歐式","112年01月13日","112年07月12日","112年07月10日","112年07月12日","0.04","    330.00","","",
="036300","立積群益29購01","2.52","＋","4968","立積","170.00","＋","認購","美式","112年02月15日","112年02月15日","112年09月12日","112年09月14日","0.10","    170.00","","",
="036301","全訊群益28購01","3.63","＋","5222","全訊","198.00","＋","認購","美式","112年02月15日","112年02月15日","112年08月10日","112年08月14日","0.102","    172.99","","",
="036302","同欣電群益28購02","0.11","＋","6271","同欣電","179.50","＋","認購","美式","112年02月15日","112年02月15日","112年08月10日","112年08月14日","0.08","    255.00","","",
="036303","緯穎群益28購01","9.05","＋","6669","緯穎","1,205.00","＋","認購","美式","112年02月15日","112年02月15日","112年08月10日","112年08月14日","0.07","    1,261.50","","",
="036304","南電群益28購07","3.31","－","8046","南電","302.50","－","認購","美式","112年02月15日","112年02月15日","112年08月10日","112年08月14日","0.08","    288.00","","",
="036305","臺股指群益2B購08","0.00","","IX0001","臺股指數","16,636.30","","認購","歐式","112年02月15日","112年11月14日","112年11月10日","112年11月14日","0.004","    15,600.00","","",
="036306","臺股指群益2B購09","0.00","","IX0001","臺股指數","16,636.30","","認購","歐式","112年02月15日","112年11月14日","112年11月10日","112年11月14日","0.004","    16,100.00","","",
="036307","臺股指群益2B購10","0.00","","IX0001","臺股指數","16,636.30","","認購","歐式","112年02月15日","112年11月14日","112年11月10日","112年11月14日","0.005","    16,400.00","","",
="036308","臺股指群益2B購11","0.00","","IX0001","臺股指數","16,636.30","","認購","歐式","112年02月15日","112年11月14日","112年11月10日","112年11月14日","0.02","    19,000.00","","",
="036309","電子類群益2B購01","0.00","","IX0027","電子類","797.58","","認購","歐式","112年02月15日","112年11月14日","112年11月10日","112年11月14日","0.10","    760.00","","",
="03630U","愛普元大27售02","0.00","","6531","愛普*","328.50","＋","認售","歐式","112年01月13日","112年07月12日","112年07月10日","112年07月12日","0.166","    131.00","","",
="036310","美指2X國票2C購01","0.53","",="00683L","期元大美元指正2(原名：元大美元指數正2)","21.98","－","認購","美式","112年02月16日","112年02月16日","112年12月13日","112年12月15日","0.387","    23.50","","",
="036311","中砂國票29購03","0.00","","1560","中砂","114.50","－","認購","美式","112年02月16日","112年02月16日","112年09月13日","112年09月15日","0.112","    140.00","","",
="036312","台積電國票2A購02","0.00","","2330","台積電","568.00","＋","認購","美式","112年02月16日","112年02月16日","112年10月12日","112年10月16日","0.101","    696.23","","",
="036313","技嘉國票29購01","4.94","＋","2376","技嘉","186.00","＋","認購","美式","112年02月16日","112年02月16日","112年09月13日","112年09月15日","0.12","    150.00","","",
="036314","宏達電國票28購05","0.14","＋","2498","宏達電","61.50","＋","認購","美式","112年02月16日","112年02月16日","112年08月11日","112年08月15日","0.472","    94.00","","",
="036315","漢翔國票29購02","5.45","＋","2634","漢翔","55.80","＋","認購","美式","112年02月16日","112年02月16日","112年09月13日","112年09月15日","1.00","    56.00","","",
="036316","世芯國票2A購01","6.65","＋","3661","世芯-KY","1,660.00","＋","認購","美式","112年02月16日","112年02月16日","112年10月12日","112年10月16日","0.015","    1,350.00","","",
="036317","樺漢國票29購02","0.00","","6414","樺漢","281.00","＋","認購","美式","112年02月16日","112年02月16日","112年09月13日","112年09月15日","0.061","    260.00","","",
="036318","富鼎國票29購02","0.00","","8261","富鼎","106.50","＋","認購","美式","112年02月16日","112年02月16日","112年09月13日","112年09月15日","0.123","    150.00","","",
="036319","王品兆豐28購01","0.00","","2727","王品","320.00","－","認購","美式","112年02月16日","112年02月16日","112年08月11日","112年08月15日","0.04","    230.00","","",
="03631U","力積電元大27售07","0.00","","6770","力積電","30.85","＋","認售","歐式","112年01月13日","112年07月12日","112年07月10日","112年07月12日","0.624","    29.59","","",
="036320","第一銅統一2C購01","0.00","","2009","第一銅","32.10","＋","認購","美式","112年02月16日","112年02月16日","112年12月13日","112年12月15日","0.133","    45.67","","",
="036321","裕隆統一2B購01","0.65","","2201","裕隆","82.80","＋","認購","美式","112年02月16日","112年02月16日","112年11月13日","112年11月15日","0.06","    100.80","","",
="036322","美食統一2B購01","0.00","","2723","美食-KY","152.50","－","認購","美式","112年02月16日","112年02月16日","112年11月13日","112年11月15日","0.02","    182.80","","",
="036323","王品統一2B購01","1.37","－","2727","王品","320.00","－","認購","美式","112年02月16日","112年02月16日","112年11月13日","112年11月15日","0.015","    250.30","","",
="036324","世芯統一2C購03","0.00","","3661","世芯-KY","1,660.00","＋","認購","美式","112年02月16日","112年02月16日","112年12月13日","112年12月15日","0.003","    1,100.00","","",
="036325","天鈺統一2A購03","0.59","＋","4961","天鈺","154.00","＋","認購","美式","112年02月16日","112年02月16日","112年10月12日","112年10月16日","0.045","    180.00","","",
="036326","穎崴統一2B購01","0.00","","6515","穎崴","830.00","－","認購","美式","112年02月16日","112年02月16日","112年11月13日","112年11月15日","0.01","    620.60","","",
="036327","台積電康和29購01","0.00","","2330","台積電","568.00","＋","認購","美式","112年02月16日","112年02月16日","112年09月13日","112年09月15日","0.03","    547.04","","",
="036328","長榮康和28購02","1.13","＋","2603","長榮","157.00","＋","認購","美式","112年02月16日","112年02月16日","112年08月11日","112年08月15日","0.07","    150.00","","",
="036329","元日2X永豐2B購01","0.19","－",="00706L","期元大S&P日圓正2(原名：元大S&P日圓正2)","8.72","－","認購","美式","112年02月16日","112年02月16日","112年11月13日","112年11月15日","0.817","    10.38","","",
="03632U","世紀鋼元大27售01","0.00","","9958","世紀鋼","109.50","＋","認售","歐式","112年01月13日","112年07月12日","112年07月10日","112年07月12日","0.227","    65.20","","",
="036330","中興電永豐28購03","2.55","＋","1513","中興電","113.50","＋","認購","美式","112年02月16日","112年02月16日","112年08月11日","112年08月15日","0.152","    102.36","","",
="036331","聯發科永豐29購02","0.54","","2454","聯發科","738.00","＋","認購","美式","112年02月16日","112年02月16日","112年09月13日","112年09月15日","0.038","    954.00","","",
="036332","拓凱永豐28購01","0.53","","4536","拓凱","196.50","＋","認購","美式","112年02月16日","112年02月16日","112年08月11日","112年08月15日","0.057","    239.88","","",
="036333","香港2X中信2A購01","0.13","",="00650L","FH香港正2","11.60","＋","認購","歐式","112年02月16日","112年10月16日","112年10月12日","112年10月16日","0.50","    20.00","","",
="036334","台玻中信28購01","0.00","","1802","台玻","18.50","＋","認購","歐式","112年02月16日","112年08月15日","112年08月11日","112年08月15日","1.00","    32.00","","",
="036335","長榮中信29購03","1.26","＋","2603","長榮","157.00","＋","認購","歐式","112年02月16日","112年09月15日","112年09月13日","112年09月15日","0.05","    150.00","","",
="036336","滬深2X國泰2A購03","0.00","",="00637L","元大滬深300正2","13.77","－","認購","美式","112年02月16日","112年02月16日","112年10月12日","112年10月16日","1.00","    17.00","","",
="036337","AES國泰2A購01","0.35","＋","6781","AES-KY","690.00","＋","認購","美式","112年02月16日","112年02月16日","112年10月12日","112年10月16日","0.02","    1,096.16","","",
="036338","S&P反1富邦2A購01","0.00","",="00648R","元大S&P500反1","6.93","－","認購","美式","112年02月16日","112年02月16日","112年10月12日","112年10月16日","1.00","    6.50","","",
="036339","元金2X富邦2C購01","0.89","",="00708L","期元大S&P黃金正2(原名：元大S&P黃金正2)","26.72","－","認購","美式","112年02月16日","112年02月16日","112年12月13日","112年12月15日","0.30","    28.00","","",
="03633P","健策元大26售01","0.00","","3653","健策","616.00","＋","認售","歐式","111年12月02日","112年06月01日","112年05月30日","112年06月01日","0.07","    260.00","","",
="03633U","臺股指元大2A售41","0.00","","IX0001","臺股指數","16,636.30","","認售","歐式","112年01月13日","112年10月12日","112年10月06日","112年10月12日","0.002","    12,800.00","","",
="036340","臺股指富邦2B購05","0.00","","IX0001","臺股指數","16,636.30","","認購","歐式","112年02月16日","112年11月15日","112年11月13日","112年11月15日","0.001","    15,500.00","","",
="036341","台積電元富32購03","0.89","","2330","台積電","568.00","＋","認購","美式","112年02月16日","112年02月16日","113年02月02日","113年02月15日","0.05","    696.23","","",
="036342","王品元富2B購01","0.00","","2727","王品","320.00","－","認購","美式","112年02月16日","112年02月16日","112年11月13日","112年11月15日","0.075","    240.00","","",
="036343","世芯元富28購05","0.00","","3661","世芯-KY","1,660.00","＋","認購","美式","112年02月16日","112年02月16日","112年08月11日","112年08月15日","0.007","    1,050.00","","",
="036344","力積電元富2B購01","1.19","","6770","力積電","30.85","＋","認購","美式","112年02月16日","112年02月16日","112年11月13日","112年11月15日","1.009","    39.65","","",
="036345","臺股指元富29購05","0.00","","IX0001","臺股指數","16,636.30","","認購","歐式","112年02月16日","112年09月15日","112年09月13日","112年09月15日","0.004","    15,700.00","","",
="036346","正崴麥證28購01","0.00","","2392","正崴","40.30","＋","認購","歐式","112年02月16日","112年08月15日","112年08月11日","112年08月15日","0.80","    48.88","","",
="036347","S&P正2凱基2C購01","1.48","＋",="00647L","元大S&P500正2","57.80","＋","認購","美式","112年02月16日","112年02月16日","112年12月13日","112年12月15日","0.20","    65.00","","",
="036348","香港2X凱基2B購02","0.27","＋",="00650L","FH香港正2","11.60","＋","認購","美式","112年02月16日","112年02月16日","112年11月13日","112年11月15日","0.40","    16.00","","",
="036349","亞力凱基29購01","0.00","","1514","亞力","51.60","＋","認購","美式","112年02月16日","112年02月16日","112年09月13日","112年09月15日","0.65","    40.00","","",
="03634U","臺股指元大2A售42","0.00","","IX0001","臺股指數","16,636.30","","認售","歐式","112年01月13日","112年10月12日","112年10月06日","112年10月12日","0.002","    13,600.00","","",
="036350","第一銅凱基28購02","0.00","","2009","第一銅","32.10","＋","認購","美式","112年02月16日","112年02月16日","112年08月11日","112年08月15日","0.50","    45.00","","",
="036351","中華凱基28購01","0.00","","2204","中華","91.60","－","認購","美式","112年02月16日","112年02月16日","112年08月11日","112年08月15日","0.35","    65.00","","",
="036352","鴻海凱基29購05","0.68","","2317","鴻海","105.50","＋","認購","美式","112年02月16日","112年02月16日","112年09月13日","112年09月15日","0.20","    114.00","","",
="036353","英業達凱基28購01","8.00","＋","2356","英業達","37.50","＋","認購","美式","112年02月16日","112年02月16日","112年08月11日","112年08月15日","1.00","    30.00","","",
="036354","華碩凱基28購01","2.24","－","2357","華碩","303.50","－","認購","美式","112年02月16日","112年02月16日","112年08月11日","112年08月15日","0.10","    300.00","","",
="036355","瑞昱凱基29購02","1.41","＋","2379","瑞昱","388.00","＋","認購","美式","112年02月16日","112年02月16日","112年09月13日","112年09月15日","0.10","    500.00","","",
="036356","正崴凱基28購01","0.00","","2392","正崴","40.30","＋","認購","美式","112年02月16日","112年02月16日","112年08月11日","112年08月15日","1.00","    50.00","","",
="036357","聯發科凱基29購07","0.00","","2454","聯發科","738.00","＋","認購","美式","112年02月16日","112年02月16日","112年09月13日","112年09月15日","0.07","    980.00","","",
="036358","全新凱基28購03","0.00","","2455","全新","100.00","","認購","美式","112年02月16日","112年02月16日","112年08月11日","112年08月15日","0.14","    88.00","","",
="036359","義隆凱基28購04","0.44","＋","2458","義隆","104.00","＋","認購","美式","112年02月16日","112年02月16日","112年08月11日","112年08月15日","0.103","    116.41","","",
="03635U","臺股指元大2A售43","0.21","－","IX0001","臺股指數","16,636.30","","認售","歐式","112年01月13日","112年10月12日","112年10月06日","112年10月12日","0.001","    14,000.00","","",
="036360","萬海凱基29購03","0.14","","2615","萬海","60.00","＋","認購","美式","112年02月16日","112年02月16日","112年09月13日","112年09月15日","0.30","    85.00","","",
="036361","長榮航凱基28購08","3.27","＋","2618","長榮航","33.60","＋","認購","美式","112年02月16日","112年02月16日","112年08月11日","112年08月15日","1.00","    32.00","","",
="036362","美食凱基28購02","0.00","","2723","美食-KY","152.50","－","認購","美式","112年02月16日","112年02月16日","112年08月11日","112年08月15日","0.05","    150.00","","",
="036363","大立光凱基2A購02","1.37","＋","3008","大立光","2,305.00","＋","認購","美式","112年02月16日","112年02月16日","112年10月12日","112年10月16日","0.01","    2,646.35","","",
="036364","玉晶光凱基29購03","2.43","","3406","玉晶光","400.00","＋","認購","美式","112年02月16日","112年02月16日","112年09月13日","112年09月15日","0.04","    370.00","","",
="036365","世芯凱基28購02","4.00","＋","3661","世芯-KY","1,660.00","＋","認購","美式","112年02月16日","112年02月16日","112年08月11日","112年08月15日","0.012","    1,430.00","","",
="036366","麗豐凱基29購01","0.00","","4137","麗豐-KY","216.00","＋","認購","美式","112年02月16日","112年02月16日","112年09月13日","112年09月15日","0.07","    260.00","","",
="036367","同欣電凱基28購01","0.00","","6271","同欣電","179.50","＋","認購","美式","112年02月16日","112年02月16日","112年08月11日","112年08月15日","0.20","    350.00","","",
="036368","同欣電凱基28購02","0.00","","6271","同欣電","179.50","＋","認購","美式","112年02月16日","112年02月16日","112年08月11日","112年08月15日","0.12","    310.00","","",
="036369","力積電凱基28購04","0.00","","6770","力積電","30.85","＋","認購","美式","112年02月16日","112年02月16日","112年08月11日","112年08月15日","1.009","    42.63","","",
="03636P","新光金康和26售01","0.00","","2888","新光金","8.63","＋","認售","歐式","111年10月04日","112年06月05日","112年06月01日","112年06月05日","1.00","    7.20","","",
="03636U","臺股指元大2B售18","0.00","","IX0001","臺股指數","16,636.30","","認售","歐式","112年01月13日","112年11月13日","112年11月09日","112年11月13日","0.002","    13,400.00","","",
="036370","鈺齊凱基28購01","0.00","","9802","鈺齊-KY","124.00","－","認購","美式","112年02月16日","112年02月16日","112年08月11日","112年08月15日","0.101","    158.53","","",
="036371","臺股指凱基2A購23","3.92","","IX0001","臺股指數","16,636.30","","認購","歐式","112年02月16日","112年10月16日","112年10月12日","112年10月16日","0.004","    15,800.00","","",
="036372","臺股指凱基2B購13","0.00","","IX0001","臺股指數","16,636.30","","認購","歐式","112年02月16日","112年11月15日","112年11月13日","112年11月15日","0.002","    15,600.00","","",
="036373","臺股指凱基2B購14","2.79","","IX0001","臺股指數","16,636.30","","認購","歐式","112年02月16日","112年11月15日","112年11月13日","112年11月15日","0.005","    16,700.00","","",
="036374","臺股指凱基2B購15","0.00","","IX0001","臺股指數","16,636.30","","認購","歐式","112年02月16日","112年11月15日","112年11月13日","112年11月15日","0.008","    17,700.00","","",
="036375","T50反1元大2C購02","0.40","＋",="00632R","元大台灣50反1","4.94","－","認購","美式","112年02月16日","112年02月16日","112年12月13日","112年12月15日","1.00","    5.10","","",
="036376","T50反1元大2C購03","0.00","",="00632R","元大台灣50反1","4.94","－","認購","美式","112年02月16日","112年02月16日","112年12月13日","112年12月15日","1.00","    5.20","","",
="036377","智能車元大28購01","2.12","＋",="00893","國泰智能電動車","15.74","＋","認購","美式","112年02月16日","112年02月16日","112年08月11日","112年08月15日","1.00","    14.50","","",
="036378","未來車元大28購01","2.10","＋",="00895","富邦未來車","17.15","＋","認購","美式","112年02月16日","112年02月16日","112年08月11日","112年08月15日","1.00","    16.00","","",
="036379","儲能元大28購01","0.09","",="00902","中信電池及儲能","11.71","－","認購","美式","112年02月16日","112年02月16日","112年08月11日","112年08月15日","1.00","    15.00","","",
="03637U","臺股指元大2B售19","0.26","－","IX0001","臺股指數","16,636.30","","認售","歐式","112年01月13日","112年11月13日","112年11月09日","112年11月13日","0.001","    13,800.00","","",
="036380","華新元大29購11","0.69","","1605","華新","46.60","＋","認購","美式","112年02月16日","112年02月16日","112年09月13日","112年09月15日","0.289","    58.20","","",
="036381","第一銅元大28購06","0.00","","2009","第一銅","32.10","＋","認購","美式","112年02月16日","112年02月16日","112年08月11日","112年08月15日","0.504","    41.95","","",
="036382","裕隆元大29購08","0.00","","2201","裕隆","82.80","＋","認購","美式","112年02月16日","112年02月16日","112年09月13日","112年09月15日","0.297","    101.50","","",
="036383","聯電元大29購05","0.00","","2303","聯電","51.20","＋","認購","美式","112年02月16日","112年02月16日","112年09月13日","112年09月15日","0.753","    63.20","","",
="036384","台達電元大28購02","0.82","－","2308","台達電","315.50","－","認購","美式","112年02月16日","112年02月16日","112年08月11日","112年08月15日","0.15","    375.00","","",
="036385","國巨元大29購03","0.99","－","2327","國巨","508.00","＋","認購","美式","112年02月16日","112年02月16日","112年09月13日","112年09月15日","0.043","    611.00","","",
="036386","國巨元大2A購03","0.89","＋","2327","國巨","508.00","＋","認購","美式","112年02月16日","112年02月16日","112年10月12日","112年10月16日","0.04","    643.00","","",
="036387","智邦元大28購05","4.62","＋","2345","智邦","357.50","＋","認購","美式","112年02月16日","112年02月16日","112年08月11日","112年08月15日","0.067","    304.00","","",
="036388","技嘉元大28購04","0.00","","2376","技嘉","186.00","＋","認購","美式","112年02月16日","112年02月16日","112年08月11日","112年08月15日","0.068","    126.00","","",
="036389","友達元大29購04","1.22","＋","2409","友達","17.65","＋","認購","美式","112年02月16日","112年02月16日","112年09月13日","112年09月15日","0.674","    18.05","","",
="03638U","S&P正2國票2A售01","0.48","－",="00647L","元大S&P500正2","57.80","＋","認售","歐式","112年01月13日","112年10月12日","112年10月06日","112年10月12日","0.12","    50.00","","",
="036390","友達元大2A購01","0.00","","2409","友達","17.65","＋","認購","美式","112年02月16日","112年02月16日","112年10月12日","112年10月16日","1.00","    23.25","","",
="036391","王品元大29購03","0.00","","2727","王品","320.00","－","認購","美式","112年02月16日","112年02月16日","112年09月13日","112年09月15日","0.084","    265.00","","",
="036392","富邦金元大28購02","0.00","","2881","富邦金","61.10","＋","認購","美式","112年02月16日","112年02月16日","112年08月11日","112年08月15日","0.30","    63.20","","",
="036393","國泰金元大28購03","0.25","","2882","國泰金","44.75","＋","認購","美式","112年02月16日","112年02月16日","112年08月11日","112年08月15日","1.00","    57.50","","",
="036394","中信金元大28購01","0.00","","2891","中信金","24.40","＋","認購","美式","112年02月16日","112年02月16日","112年08月11日","112年08月15日","0.708","    24.75","","",
="036395","亞光元大28購01","0.00","","3019","亞光","65.20","＋","認購","美式","112年02月16日","112年02月16日","112年08月11日","112年08月15日","0.242","    74.46","","",
="036396","華擎元大28購05","0.53","","3515","華擎","154.00","＋","認購","美式","112年02月16日","112年02月16日","112年08月11日","112年08月15日","0.105","    216.00","","",
="036397","嘉澤元大29購05","0.00","","3533","嘉澤","909.00","－","認購","美式","112年02月16日","112年02月16日","112年09月13日","112年09月15日","0.019","    893.63","","",
="036398","嘉澤元大2A購04","1.96","－","3533","嘉澤","909.00","－","認購","美式","112年02月16日","112年02月16日","112年10月12日","112年10月16日","0.017","    910.55","","",
="036399","嘉澤元大2B購04","0.00","","3533","嘉澤","909.00","－","認購","美式","112年02月16日","112年02月16日","112年11月13日","112年11月15日","0.022","    1,029.97","","",
="03639U","SP黃豆國票2A售01","0.00","",="00693U","期街口S&P黃豆","24.41","＋","認售","歐式","112年01月13日","112年10月12日","112年10月06日","112年10月12日","0.20","    26.00","","",
="036400","世芯元大29購11","0.00","","3661","世芯-KY","1,660.00","＋","認購","美式","112年02月16日","112年02月16日","112年09月13日","112年09月15日","0.011","    1,150.00","","",
="036401","麗豐元大28購01","0.76","＋","4137","麗豐-KY","216.00","＋","認購","美式","112年02月16日","112年02月16日","112年08月11日","112年08月15日","0.077","    265.50","","",
="036402","上品元大28購02","0.00","","4770","上品","297.00","＋","認購","美式","112年02月16日","112年02月16日","112年08月11日","112年08月15日","0.049","    423.23","","",
="036403","上品元大2A購01","0.52","＋","4770","上品","297.00","＋","認購","美式","112年02月16日","112年02月16日","112年10月12日","112年10月16日","0.05","    477.99","","",
="036404","新唐元大29購07","0.46","＋","4919","新唐","130.50","＋","認購","美式","112年02月16日","112年02月16日","112年09月13日","112年09月15日","0.065","    164.00","","",
="036405","新唐元大2A購02","0.00","","4919","新唐","130.50","＋","認購","美式","112年02月16日","112年02月16日","112年10月12日","112年10月16日","0.115","    218.00","","",
="036406","天鈺元大29購01","1.10","","4961","天鈺","154.00","＋","認購","美式","112年02月16日","112年02月16日","112年09月13日","112年09月15日","0.079","    176.50","","",
="036407","矽力元大28購02","0.00","","6415","矽力*-KY","394.50","＋","認購","美式","112年02月16日","112年02月16日","112年08月11日","112年08月15日","0.015","    661.15","","",
="036408","愛普元大29購03","0.00","","6531","愛普*","328.50","＋","認購","美式","112年02月16日","112年02月16日","112年09月13日","112年09月15日","0.035","    273.50","","",
="036409","力智元大29購03","0.32","＋","6719","力智","303.00","＋","認購","美式","112年02月16日","112年02月16日","112年09月13日","112年09月15日","0.022","    428.50","","",
="03640U","寶齡國票28售01","0.00","","1760","寶齡富錦","148.50","","認售","歐式","112年01月13日","112年08月14日","112年08月10日","112年08月14日","0.03","    165.00","","",
="036410","矽創元大28購05","1.18","＋","8016","矽創","225.50","＋","認購","美式","112年02月16日","112年02月16日","112年08月11日","112年08月15日","0.083","    246.50","","",
="036411","富邦媒元大29購05","0.00","","8454","富邦媒","703.00","＋","認購","美式","112年02月16日","112年02月16日","112年09月13日","112年09月15日","0.014","    828.00","","",
="036412","技嘉法興28購01","0.00","","2376","技嘉","186.00","＋","認購","歐式","112年02月16日","112年08月15日","112年08月11日","112年08月15日","0.15","    135.00","","",
="036413","S&P反1群益2B購02","0.00","",="00648R","元大S&P500反1","6.93","－","認購","美式","112年02月16日","112年02月16日","112年11月13日","112年11月15日","1.00","    6.60","","",
="036414","華新群益28購06","0.00","","1605","華新","46.60","＋","認購","美式","112年02月16日","112年02月16日","112年08月11日","112年08月15日","0.50","    70.00","","",
="036415","聯電群益28購06","0.30","＋","2303","聯電","51.20","＋","認購","美式","112年02月16日","112年02月16日","112年08月11日","112年08月15日","0.80","    62.00","","",
="036416","台積電群益28購12","0.00","","2330","台積電","568.00","＋","認購","美式","112年02月16日","112年02月16日","112年08月11日","112年08月15日","0.101","    649.49","","",
="036417","台積電群益29購09","2.10","＋","2330","台積電","568.00","＋","認購","美式","112年02月16日","112年02月16日","112年09月13日","112年09月15日","0.503","    805.64","","",
="036418","台積電群益2A購04","0.00","","2330","台積電","568.00","＋","認購","美式","112年02月16日","112年02月16日","112年10月12日","112年10月16日","0.05","    584.84","","",
="036419","正崴群益29購01","0.86","＋","2392","正崴","40.30","＋","認購","美式","112年02月16日","112年02月16日","112年09月13日","112年09月15日","1.00","    48.00","","",
="03641U","天鈺國票27售02","0.00","","4961","天鈺","154.00","＋","認售","歐式","112年01月13日","112年07月12日","112年07月10日","112年07月12日","0.065","    130.00","","",
="036420","友達群益28購03","0.88","＋","2409","友達","17.65","＋","認購","美式","112年02月16日","112年02月16日","112年08月11日","112年08月15日","1.00","    19.00","","",
="036421","聯詠群益28購04","1.71","＋","3034","聯詠","423.50","＋","認購","美式","112年02月16日","112年02月16日","112年08月11日","112年08月15日","0.10","    486.00","","",
="036422","嘉澤群益28購04","1.21","－","3533","嘉澤","909.00","－","認購","美式","112年02月16日","112年02月16日","112年08月11日","112年08月15日","0.043","    1,105.60","","",
="036423","全訊群益28購02","1.71","＋","5222","全訊","198.00","＋","認購","美式","112年02月16日","112年02月16日","112年08月11日","112年08月15日","0.112","    211.56","","",
="036424","愛普群益2B購03","0.00","","6531","愛普*","328.50","＋","認購","美式","112年02月16日","112年02月16日","112年11月13日","112年11月15日","0.05","    255.00","","",
="036425","力積電群益28購03","0.00","","6770","力積電","30.85","＋","認購","美式","112年02月16日","112年02月16日","112年08月11日","112年08月15日","1.009","    40.64","","",
="036426","東哥群益28購03","0.00","","8478","東哥遊艇","520.00","＋","認購","美式","112年02月16日","112年02月16日","112年08月11日","112年08月15日","0.025","    388.00","","",
="036427","上銀國票29購03","0.00","","2049","上銀","235.50","＋","認購","美式","112年02月17日","112年02月17日","112年09月14日","112年09月18日","0.20","    360.00","","",
="036428","順德國票29購02","0.00","","2351","順德","123.00","＋","認購","美式","112年02月17日","112年02月17日","112年09月14日","112年09月18日","0.10","    170.00","","",
="036429","陽明國票28購03","1.17","＋","2609","陽明","62.00","＋","認購","美式","112年02月17日","112年02月17日","112年08月14日","112年08月16日","0.25","    62.50","","",
="03642U","台灣50凱基29售10","0.27","－",="0050","元大台灣50","126.75","＋","認售","歐式","112年01月13日","112年09月12日","112年09月08日","112年09月12日","0.205","    111.49","","",
="036430","陽明國票28購04","0.14","＋","2609","陽明","62.00","＋","認購","美式","112年02月17日","112年02月17日","112年08月14日","112年08月16日","1.00","    90.00","","",
="036431","拓凱國票29購01","0.77","＋","4536","拓凱","196.50","＋","認購","美式","112年02月17日","112年02月17日","112年09月14日","112年09月18日","0.07","    230.00","","",
="036432","全訊國票29購01","0.00","","5222","全訊","198.00","＋","認購","美式","112年02月17日","112年02月17日","112年09月14日","112年09月18日","0.071","    177.12","","",
="036433","訊芯國票29購01","1.02","","6451","訊芯-KY","88.60","＋","認購","美式","112年02月17日","112年02月17日","112年09月14日","112年09月18日","0.15","    100.00","","",
="036434","電子類國票28購05","1.80","＋","IX0027","電子類","797.58","","認購","歐式","112年02月17日","112年08月16日","112年08月14日","112年08月16日","0.05","    775.00","","",
="036435","電子類國票28購06","0.87","＋","IX0027","電子類","797.58","","認購","歐式","112年02月17日","112年08月16日","112年08月14日","112年08月16日","0.20","    900.00","","",
="036436","金融類國票28購01","0.00","","IX0039","金融類","1,620.43","","認購","歐式","112年02月17日","112年08月16日","112年08月14日","112年08月16日","0.05","    1,600.00","","",
="036437","金融類國票28購02","2.20","","IX0039","金融類","1,620.43","","認購","歐式","112年02月17日","112年08月16日","112年08月14日","112年08月16日","0.10","    1,700.00","","",
="036438","長榮航兆豐2A購02","1.46","＋","2618","長榮航","33.60","＋","認購","美式","112年02月17日","112年02月17日","112年10月12日","112年10月16日","0.45","    35.00","","",
="036439","宏達電統一2C購01","0.41","","2498","宏達電","61.50","＋","認購","美式","112年02月17日","112年02月17日","112年12月14日","112年12月18日","0.05","    78.00","","",
="03643P","臺股指元大2A售16","0.00","","IX0001","臺股指數","16,636.30","","認售","歐式","111年12月02日","112年10月02日","112年09月27日","112年10月02日","0.004","    9,700.00","","",
="03643U","聯電凱基27售09","0.00","","2303","聯電","51.20","＋","認售","歐式","112年01月13日","112年07月12日","112年07月10日","112年07月12日","0.50","    42.00","","",
="036440","長榮統一2A購08","0.00","","2603","長榮","157.00","＋","認購","美式","112年02月17日","112年02月17日","112年10月12日","112年10月16日","0.04","    154.60","","",
="036441","長榮統一2A購09","0.00","","2603","長榮","157.00","＋","認購","美式","112年02月17日","112年02月17日","112年10月12日","112年10月16日","0.06","    157.50","","",
="036442","玉晶光統一32購02","0.84","","3406","玉晶光","400.00","＋","認購","美式","112年02月17日","112年02月17日","113年02月05日","113年02月16日","0.018","    508.00","","",
="036443","穎崴統一31購01","1.62","－","6515","穎崴","830.00","－","認購","美式","112年02月17日","112年02月17日","113年01月12日","113年01月16日","0.006","    666.66","","",
="036444","寶齡康和28購01","0.00","","1760","寶齡富錦","148.50","","認購","美式","112年02月17日","112年02月17日","112年08月14日","112年08月16日","0.10","    240.00","","",
="036445","S&P反1永豐2A購01","0.00","",="00648R","元大S&P500反1","6.93","－","認購","美式","112年02月17日","112年02月17日","112年10月12日","112年10月16日","0.608","    6.60","","",
="036446","全新永豐28購02","1.44","＋","2455","全新","100.00","","認購","美式","112年02月17日","112年02月17日","112年08月14日","112年08月16日","0.105","    94.92","","",
="036447","陽明永豐29購01","0.80","＋","2609","陽明","62.00","＋","認購","美式","112年02月17日","112年02月17日","112年09月14日","112年09月18日","0.11","    60.15","","",
="036448","欣興永豐29購01","0.00","","3037","欣興","182.50","－","認購","美式","112年02月17日","112年02月17日","112年09月14日","112年09月18日","0.08","    158.70","","",
="036449","鈺齊永豐29購01","0.00","","9802","鈺齊-KY","124.00","－","認購","美式","112年02月17日","112年02月17日","112年09月14日","112年09月18日","0.091","    182.58","","",
="03644P","臺股指元大2A售17","0.00","","IX0001","臺股指數","16,636.30","","認售","歐式","111年12月02日","112年10月02日","112年09月27日","112年10月02日","0.004","    10,100.00","","",
="03644U","國巨凱基27售04","0.00","","2327","國巨","508.00","＋","認售","歐式","112年01月13日","112年07月12日","112年07月10日","112年07月12日","0.06","    400.00","","",
="036450","寶成永豐28購01","0.00","","9904","寶成","32.05","－","認購","美式","112年02月17日","112年02月17日","112年08月14日","112年08月16日","0.58","    42.31","","",
="036451","臺股指永豐28購03","0.72","＋","IX0001","臺股指數","16,636.30","","認購","歐式","112年02月17日","112年08月16日","112年08月14日","112年08月16日","0.004","    17,500.00","","",
="036452","T50反1凱基32購01","0.00","",="00632R","元大台灣50反1","4.94","－","認購","美式","112年02月17日","112年02月17日","113年02月05日","113年02月16日","1.00","    5.60","","",
="036453","T50反1凱基32購02","0.00","",="00632R","元大台灣50反1","4.94","－","認購","美式","112年02月17日","112年02月17日","113年02月05日","113年02月16日","1.00","    5.90","","",
="036454","中興電凱基29購03","0.00","","1513","中興電","113.50","＋","認購","美式","112年02月17日","112年02月17日","112年09月14日","112年09月18日","0.35","    105.00","","",
="036455","中鴻凱基28購02","0.00","","2014","中鴻","23.15","＋","認購","美式","112年02月17日","112年02月17日","112年08月14日","112年08月16日","0.60","    32.00","","",
="036456","裕隆凱基2C購01","0.00","","2201","裕隆","82.80","＋","認購","美式","112年02月17日","112年02月17日","112年12月14日","112年12月18日","0.16","    92.00","","",
="036457","仁寶凱基28購01","2.91","＋","2324","仁寶","28.15","＋","認購","美式","112年02月17日","112年02月17日","112年08月14日","112年08月16日","1.049","    26.69","","",
="036458","國巨凱基28購05","0.05","","2327","國巨","508.00","＋","認購","美式","112年02月17日","112年02月17日","112年08月14日","112年08月16日","0.10","    800.00","","",
="036459","台積電凱基29購11","0.00","","2330","台積電","568.00","＋","認購","美式","112年02月17日","112年02月17日","112年09月14日","112年09月18日","0.055","    636.56","","",
="03645U","光罩凱基27售05","0.00","","2338","光罩","81.80","＋","認售","歐式","112年01月13日","112年07月12日","112年07月10日","112年07月12日","0.05","    90.00","","",
="036460","順德凱基2A購01","0.00","","2351","順德","123.00","＋","認購","美式","112年02月17日","112年02月17日","112年10月12日","112年10月16日","0.085","    165.00","","",
="036461","金像電凱基2B購01","5.60","－","2368","金像電","121.50","","認購","美式","112年02月17日","112年02月17日","112年11月14日","112年11月16日","0.259","    111.07","","",
="036462","威盛凱基28購02","1.79","＋","2388","威盛","83.10","＋","認購","美式","112年02月17日","112年02月17日","112年08月14日","112年08月16日","0.15","    77.00","","",
="036463","漢唐凱基28購01","0.78","＋","2404","漢唐","227.50","＋","認購","美式","112年02月17日","112年02月17日","112年08月14日","112年08月16日","0.14","    265.00","","",
="036464","華新科凱基2A購01","0.00","","2492","華新科","101.00","＋","認購","美式","112年02月17日","112年02月17日","112年10月12日","112年10月16日","0.38","    142.00","","",
="036465","長榮凱基29購05","0.25","","2603","長榮","157.00","＋","認購","美式","112年02月17日","112年02月17日","112年09月14日","112年09月18日","0.20","    220.00","","",
="036466","美食凱基2C購01","0.00","","2723","美食-KY","152.50","－","認購","美式","112年02月17日","112年02月17日","112年12月14日","112年12月18日","0.086","    250.00","","",
="036467","晶豪科凱基28購03","0.00","","3006","晶豪科","88.20","＋","認購","美式","112年02月17日","112年02月17日","112年08月14日","112年08月16日","0.30","    100.00","","",
="036468","景碩凱基28購04","0.97","＋","3189","景碩","116.00","＋","認購","美式","112年02月17日","112年02月17日","112年08月14日","112年08月16日","0.08","    115.00","","",
="036469","京鼎凱基28購01","0.00","","3413","京鼎","193.00","＋","認購","美式","112年02月17日","112年02月17日","112年08月14日","112年08月16日","0.10","    240.00","","",
="03646P","聯電康和27售01","0.00","","2303","聯電","51.20","＋","認售","歐式","111年12月05日","112年07月04日","112年06月30日","112年07月04日","0.50","    36.00","","",
="03646U","南亞科凱基27售03","0.00","","2408","南亞科","71.20","－","認售","歐式","112年01月13日","112年07月12日","112年07月10日","112年07月12日","0.30","    52.00","","",
="036470","嘉澤凱基29購02","0.00","","3533","嘉澤","909.00","－","認購","美式","112年02月17日","112年02月17日","112年09月14日","112年09月18日","0.015","    845.87","","",
="036471","健策凱基2B購01","4.70","＋","3653","健策","616.00","＋","認購","美式","112年02月17日","112年02月17日","112年11月14日","112年11月16日","0.035","    550.00","","",
="036472","合勤控凱基28購01","1.81","＋","3704","合勤控","43.85","＋","認購","美式","112年02月17日","112年02月17日","112年08月14日","112年08月16日","0.35","    42.00","","",
="036473","訊芯凱基29購01","0.00","","6451","訊芯-KY","88.60","＋","認購","美式","112年02月17日","112年02月17日","112年09月14日","112年09月18日","0.18","    100.00","","",
="036474","愛普凱基28購03","2.40","＋","6531","愛普*","328.50","＋","認購","美式","112年02月17日","112年02月17日","112年08月14日","112年08月16日","0.12","    365.00","","",
="036475","AES凱基28購03","0.00","","6781","AES-KY","690.00","＋","認購","美式","112年02月17日","112年02月17日","112年08月14日","112年08月16日","0.035","    1,200.00","","",
="036476","致新凱基28購02","1.50","＋","8081","致新","191.50","＋","認購","美式","112年02月17日","112年02月17日","112年08月14日","112年08月16日","0.07","    185.00","","",
="036477","東哥凱基2A購02","0.00","","8478","東哥遊艇","520.00","＋","認購","美式","112年02月17日","112年02月17日","112年10月12日","112年10月16日","0.025","    460.00","","",
="036478","百和凱基29購01","0.00","","9938","百和","55.00","＋","認購","美式","112年02月17日","112年02月17日","112年09月14日","112年09月18日","0.35","    75.00","","",
="036479","電子類凱基2B購02","2.08","","IX0027","電子類","797.58","","認購","歐式","112年02月17日","112年11月16日","112年11月14日","112年11月16日","0.05","    780.00","","",
="03647U","聯發科凱基27售11","0.00","","2454","聯發科","738.00","＋","認售","歐式","112年01月13日","112年07月12日","112年07月10日","112年07月12日","0.027","    660.00","","",
="036480","金融類凱基2A購06","1.44","＋","IX0039","金融類","1,620.43","","認購","歐式","112年02月17日","112年10月16日","112年10月12日","112年10月16日","0.035","    1,680.00","","",
="036481","上証2X群益28購03","0.00","",="00633L","富邦上証正2","35.01","－","認購","美式","112年02月17日","112年02月17日","112年08月14日","112年08月16日","0.50","    50.00","","",
="036482","FBNQ2X群益29購04","2.55","＋",="00670L","富邦NASDAQ正2","78.90","＋","認購","美式","112年02月17日","112年02月17日","112年09月14日","112年09月18日","0.15","    68.00","","",
="036483","鴻海群益28購04","0.99","＋","2317","鴻海","105.50","＋","認購","美式","112年02月17日","112年02月17日","112年08月14日","112年08月16日","0.18","    107.00","","",
="036484","鴻海群益28購05","0.40","","2317","鴻海","105.50","＋","認購","美式","112年02月17日","112年02月17日","112年08月14日","112年08月16日","0.35","    125.00","","",
="036485","萬海群益28購04","0.00","","2615","萬海","60.00","＋","認購","美式","112年02月17日","112年02月17日","112年08月14日","112年08月16日","0.22","    90.00","","",
="036486","華擎群益28購02","0.00","","3515","華擎","154.00","＋","認購","美式","112年02月17日","112年02月17日","112年08月14日","112年08月16日","0.14","    222.00","","",
="036487","世芯群益28購06","9.20","","3661","世芯-KY","1,660.00","＋","認購","美式","112年02月17日","112年02月17日","112年08月14日","112年08月16日","0.024","    1,368.00","","",
="036488","力積電群益28購04","0.00","","6770","力積電","30.85","＋","認購","美式","112年02月17日","112年02月17日","112年08月14日","112年08月16日","0.504","    36.68","","",
="036489","AES群益28購02","0.45","","6781","AES-KY","690.00","＋","認購","美式","112年02月17日","112年02月17日","112年08月14日","112年08月16日","0.05","    1,090.00","","",
="03648U","長榮凱基27售16","0.00","","2603","長榮","157.00","＋","認售","歐式","112年01月13日","112年07月12日","112年07月10日","112年07月12日","0.16","    130.00","","",
="036490","臺股指群益28購06","3.82","","IX0001","臺股指數","16,636.30","","認購","歐式","112年02月17日","112年08月16日","112年08月14日","112年08月16日","0.003","    15,100.00","","",
="036491","臺股指群益28購07","0.00","","IX0001","臺股指數","16,636.30","","認購","歐式","112年02月17日","112年08月16日","112年08月14日","112年08月16日","0.004","    15,350.00","","",
="036492","臺股指群益28購08","0.00","","IX0001","臺股指數","16,636.30","","認購","歐式","112年02月17日","112年08月16日","112年08月14日","112年08月16日","0.005","    15,688.00","","",
="036493","臺股指群益28購09","3.87","＋","IX0001","臺股指數","16,636.30","","認購","歐式","112年02月17日","112年08月16日","112年08月14日","112年08月16日","0.005","    15,800.00","","",
="036494","元債2X元富28購04","0.99","＋",="00680L","元大美債20正2","10.96","＋","認購","美式","112年02月17日","112年02月17日","112年08月14日","112年08月16日","1.00","    11.00","","",
="036495","元債2X元富2B購02","0.00","",="00680L","元大美債20正2","10.96","＋","認購","美式","112年02月17日","112年02月17日","112年11月14日","112年11月16日","1.00","    12.50","","",
="036496","元債2X元富32購01","0.85","＋",="00680L","元大美債20正2","10.96","＋","認購","美式","112年02月17日","112年02月17日","113年02月05日","113年02月16日","1.00","    13.50","","",
="036497","裕隆元富28購05","0.00","","2201","裕隆","82.80","＋","認購","美式","112年02月17日","112年02月17日","112年08月14日","112年08月16日","0.089","    80.00","","",
="036498","聯電元富29購01","1.13","＋","2303","聯電","51.20","＋","認購","美式","112年02月17日","112年02月17日","112年09月14日","112年09月18日","0.50","    57.00","","",
="036499","台積電元富28購15","0.00","","2330","台積電","568.00","＋","認購","美式","112年02月17日","112年02月17日","112年08月14日","112年08月16日","0.03","    596.77","","",
="03649P","欣興康和27售02","0.00","","3037","欣興","182.50","－","認售","歐式","111年12月05日","112年07月04日","112年06月30日","112年07月04日","0.08","    119.00","","",
="03649U","大立光凱基27售12","0.17","－","3008","大立光","2,305.00","＋","認售","歐式","112年01月13日","112年07月12日","112年07月10日","112年07月12日","0.012","    1,862.25","","",
="036500","京鼎元富28購01","0.00","","3413","京鼎","193.00","＋","認購","美式","112年02月17日","112年02月17日","112年08月14日","112年08月16日","0.10","    230.00","","",
="036501","嘉澤元富29購01","2.36","－","3533","嘉澤","909.00","－","認購","美式","112年02月17日","112年02月17日","112年09月14日","112年09月18日","0.023","    895.62","","",
="036502","晶碩元富28購01","0.00","","6491","晶碩","366.50","＋","認購","美式","112年02月17日","112年02月17日","112年08月14日","112年08月16日","0.029","    500.00","","",
="036503","鴻海麥證2A購02","0.40","＋","2317","鴻海","105.50","＋","認購","歐式","112年02月17日","112年10月16日","112年10月12日","112年10月16日","1.00","    150.00","","",
="036504","國巨麥證28購01","0.00","","2327","國巨","508.00","＋","認購","歐式","112年02月17日","112年08月16日","112年08月14日","112年08月16日","0.015","    535.00","","",
="036505","康舒麥證29購01","0.65","＋","6282","康舒","44.05","＋","認購","歐式","112年02月17日","112年09月18日","112年09月14日","112年09月18日","0.101","    45.00","","",
="036506","順德中信2A購01","0.00","","2351","順德","123.00","＋","認購","歐式","112年02月17日","112年10月16日","112年10月12日","112年10月16日","0.05","    170.00","","",
="036507","奇鋐中信2A購01","0.00","","3017","奇鋐","206.00","－","認購","歐式","112年02月17日","112年10月16日","112年10月12日","112年10月16日","0.101","    134.44","","",
="036508","景碩中信29購01","0.66","＋","3189","景碩","116.00","＋","認購","歐式","112年02月17日","112年09月18日","112年09月14日","112年09月18日","0.05","    122.00","","",
="036509","新唐中信2B購01","0.00","","4919","新唐","130.50","＋","認購","歐式","112年02月17日","112年11月16日","112年11月14日","112年11月16日","0.05","    182.00","","",
="03650U","臺股指凱基29售29","0.30","－","IX0001","臺股指數","16,636.30","","認售","歐式","112年01月13日","112年09月12日","112年09月08日","112年09月12日","0.001","    14,800.00","","",
="036510","第一銅國泰2A購02","0.00","","2009","第一銅","32.10","＋","認購","美式","112年02月17日","112年02月17日","112年10月12日","112年10月16日","0.40","    45.00","","",
="036511","順德富邦2B購01","0.00","","2351","順德","123.00","＋","認購","美式","112年02月17日","112年02月17日","112年11月14日","112年11月16日","0.05","    150.00","","",
="036512","臺股指法興28購01","3.92","＋","IX0001","臺股指數","16,636.30","","認購","歐式","112年02月17日","112年08月16日","112年08月14日","112年08月16日","0.006","    16,000.00","","",
="036513","臺股指法興28購02","0.00","","IX0001","臺股指數","16,636.30","","認購","歐式","112年02月17日","112年08月16日","112年08月14日","112年08月16日","0.006","    16,600.00","","",
="036514","臺股指法興28購03","1.57","＋","IX0001","臺股指數","16,636.30","","認購","歐式","112年02月17日","112年08月16日","112年08月14日","112年08月16日","0.006","    16,800.00","","",
="036515","臺股指法興28購04","2.82","＋","IX0001","臺股指數","16,636.30","","認購","歐式","112年02月17日","112年08月16日","112年08月14日","112年08月16日","0.012","    17,000.00","","",
="036516","臺股指法興28購05","0.00","","IX0001","臺股指數","16,636.30","","認購","歐式","112年02月17日","112年08月16日","112年08月14日","112年08月16日","0.015","    17,200.00","","",
="036517","台灣50元大28購11","0.00","",="0050","元大台灣50","126.75","＋","認購","美式","112年02月17日","112年02月17日","112年08月14日","112年08月16日","0.30","    127.00","","",
="036518","台灣50元大28購12","0.00","",="0050","元大台灣50","126.75","＋","認購","美式","112年02月17日","112年02月17日","112年08月14日","112年08月16日","0.20","    122.00","","",
="036519","台灣50元大29購09","1.34","＋",="0050","元大台灣50","126.75","＋","認購","美式","112年02月17日","112年02月17日","112年09月14日","112年09月18日","0.65","    138.00","","",
="03651P","裕隆凱基28售01","0.00","","2201","裕隆","82.80","＋","認售","歐式","111年12月05日","112年08月04日","112年08月02日","112年08月04日","0.60","    35.00","","",
="03651U","台灣50元富27售06","0.00","",="0050","元大台灣50","126.75","＋","認售","歐式","112年01月13日","112年07月12日","112年07月10日","112年07月12日","0.511","    103.67","","",
="036520","台灣50元大29購10","0.00","",="0050","元大台灣50","126.75","＋","認購","美式","112年02月17日","112年02月17日","112年09月14日","112年09月18日","0.50","    135.00","","",
="036521","台灣50元大29購11","0.00","",="0050","元大台灣50","126.75","＋","認購","美式","112年02月17日","112年02月17日","112年09月14日","112年09月18日","0.20","    124.00","","",
="036522","香港2X元大28購03","0.07","",="00650L","FH香港正2","11.60","＋","認購","美式","112年02月17日","112年02月17日","112年08月14日","112年08月16日","0.50","    18.00","","",
="036523","台達化元大28購01","0.00","","1309","台達化","19.90","－","認購","美式","112年02月17日","112年02月17日","112年08月14日","112年08月16日","0.50","    25.76","","",
="036524","華新元大29購12","0.00","","1605","華新","46.60","＋","認購","美式","112年02月17日","112年02月17日","112年09月14日","112年09月18日","0.738","    78.40","","",
="036525","聯電元大29購06","1.08","＋","2303","聯電","51.20","＋","認購","美式","112年02月17日","112年02月17日","112年09月14日","112年09月18日","0.482","    60.00","","",
="036526","台達電元大29購03","1.83","－","2308","台達電","315.50","－","認購","美式","112年02月17日","112年02月17日","112年09月14日","112年09月18日","0.065","    315.50","","",
="036527","國巨元大29購04","0.00","","2327","國巨","508.00","＋","認購","美式","112年02月17日","112年02月17日","112年09月14日","112年09月18日","0.086","    810.00","","",
="036528","智邦元大28購06","0.00","","2345","智邦","357.50","＋","認購","美式","112年02月17日","112年02月17日","112年08月14日","112年08月16日","0.051","    281.50","","",
="036529","華碩元大28購02","0.00","","2357","華碩","303.50","－","認購","美式","112年02月17日","112年02月17日","112年08月14日","112年08月16日","0.116","    332.50","","",
="03652P","華邦電凱基26售01","0.00","","2344","華邦電","26.90","＋","認售","歐式","111年12月05日","112年06月05日","112年06月01日","112年06月05日","1.00","    17.00","","",
="03652U","宏達電元富2A售01","0.00","","2498","宏達電","61.50","＋","認售","歐式","112年01月13日","112年10月12日","112年10月06日","112年10月12日","0.30","    45.00","","",
="036530","燿華元大28購01","0.00","","2367","燿華","18.05","＋","認購","美式","112年02月17日","112年02月17日","112年08月14日","112年08月16日","0.719","    20.20","","",
="036531","金像電元大29購01","0.00","","2368","金像電","121.50","","認購","美式","112年02月17日","112年02月17日","112年09月14日","112年09月18日","0.189","    84.03","","",
="036532","金像電元大2A購02","6.55","－","2368","金像電","121.50","","認購","美式","112年02月17日","112年02月17日","112年10月12日","112年10月16日","0.198","    92.43","","",
="036533","金像電元大2B購02","0.00","","2368","金像電","121.50","","認購","美式","112年02月17日","112年02月17日","112年11月14日","112年11月16日","0.231","    106.24","","",
="036534","友達元大29購05","0.00","","2409","友達","17.65","＋","認購","美式","112年02月17日","112年02月17日","112年09月14日","112年09月18日","0.736","    19.50","","",
="036535","全新元大29購01","2.12","＋","2455","全新","100.00","","認購","美式","112年02月17日","112年02月17日","112年09月14日","112年09月18日","0.182","    108.50","","",
="036536","長榮航元大29購11","2.90","＋","2618","長榮航","33.60","＋","認購","美式","112年02月17日","112年02月17日","112年09月14日","112年09月18日","0.843","    33.85","","",
="036537","王品元大29購04","3.13","－","2727","王品","320.00","－","認購","美式","112年02月17日","112年02月17日","112年09月14日","112年09月18日","0.074","    316.00","","",
="036538","臺企銀元大28購03","0.00","","2834","臺企銀","14.10","＋","認購","美式","112年02月17日","112年02月17日","112年08月14日","112年08月16日","0.65","    14.50","","",
="036539","奇鋐元大29購01","0.00","","3017","奇鋐","206.00","－","認購","美式","112年02月17日","112年02月17日","112年09月14日","112年09月18日","0.069","    129.50","","",
="03653U","大立光元富27售04","0.43","－","3008","大立光","2,305.00","＋","認售","歐式","112年01月13日","112年07月12日","112年07月10日","112年07月12日","0.006","    2,156.29","","",
="036540","奇鋐元大2A購01","0.00","","3017","奇鋐","206.00","－","認購","美式","112年02月17日","112年02月17日","112年10月12日","112年10月16日","0.071","    132.96","","",
="036541","奇鋐元大2B購01","5.65","＋","3017","奇鋐","206.00","－","認購","美式","112年02月17日","112年02月17日","112年11月14日","112年11月16日","0.089","    153.22","","",
="036542","京鼎元大28購02","0.00","","3413","京鼎","193.00","＋","認購","美式","112年02月17日","112年02月17日","112年08月14日","112年08月16日","0.059","    219.00","","",
="036543","京鼎元大2A購01","0.52","","3413","京鼎","193.00","＋","認購","美式","112年02月17日","112年02月17日","112年10月12日","112年10月16日","0.064","    243.00","","",
="036544","台勝科元大28購02","0.55","","3532","台勝科","157.00","＋","認購","美式","112年02月17日","112年02月17日","112年08月14日","112年08月16日","0.097","    200.00","","",
="036545","健策元大29購02","0.00","","3653","健策","616.00","＋","認購","美式","112年02月17日","112年02月17日","112年09月14日","112年09月18日","0.03","    462.50","","",
="036546","麗豐元大28購02","0.00","","4137","麗豐-KY","216.00","＋","認購","美式","112年02月17日","112年02月17日","112年08月14日","112年08月16日","0.064","    247.00","","",
="036547","帝寶元大28購01","0.00","","6605","帝寶","99.80","＋","認購","美式","112年02月17日","112年02月17日","112年08月14日","112年08月16日","0.121","    90.72","","",
="036548","帝寶元大2A購01","1.80","＋","6605","帝寶","99.80","＋","認購","美式","112年02月17日","112年02月17日","112年10月12日","112年10月16日","0.12","    99.36","","",
="036549","致新元大28購03","0.00","","8081","致新","191.50","＋","認購","美式","112年02月17日","112年02月17日","112年08月14日","112年08月16日","0.099","    214.00","","",
="03654P","T50反1元富27售02","0.00","",="00632R","元大台灣50反1","4.94","－","認售","歐式","111年10月04日","112年07月03日","112年06月29日","112年07月03日","1.00","    6.40","","",
="03654U","南電元富27售02","0.14","＋","8046","南電","302.50","－","認售","歐式","112年01月13日","112年07月12日","112年07月10日","112年07月12日","0.05","    230.00","","",
="036550","東哥元大29購04","3.45","","8478","東哥遊艇","520.00","＋","認購","美式","112年02月17日","112年02月17日","112年09月14日","112年09月18日","0.025","    446.50","","",
="036551","鈺齊元大28購01","0.00","","9802","鈺齊-KY","124.00","－","認購","美式","112年02月17日","112年02月17日","112年08月14日","112年08月16日","0.099","    171.90","","",
="036552","元油反國票2A購01","0.74","－",="00673R","期元大S&P原油反1(原名：元大S&P原油反1)","9.03","－","認購","美式","112年02月20日","112年02月20日","112年10月17日","112年10月19日","1.00","    9.75","","",
="036553","大亞國票29購02","2.41","＋","1609","大亞","31.00","＋","認購","美式","112年02月20日","112年02月20日","112年09月15日","112年09月19日","1.00","    34.00","","",
="036554","大成鋼國票29購02","1.69","＋","2027","大成鋼","45.25","＋","認購","美式","112年02月20日","112年02月20日","112年09月15日","112年09月19日","0.60","    48.00","","",
="036555","華新科國票29購02","0.00","","2492","華新科","101.00","＋","認購","美式","112年02月20日","112年02月20日","112年09月15日","112年09月19日","0.40","    120.00","","",
="036556","陽明國票29購01","1.11","＋","2609","陽明","62.00","＋","認購","美式","112年02月20日","112年02月20日","112年09月15日","112年09月19日","0.25","    65.00","","",
="036557","國泰金國票29購01","1.49","＋","2882","國泰金","44.75","＋","認購","美式","112年02月20日","112年02月20日","112年09月15日","112年09月19日","0.70","    48.00","","",
="036558","潤泰全國票29購01","0.30","","2915","潤泰全","56.40","＋","認購","美式","112年02月20日","112年02月20日","112年09月15日","112年09月19日","0.20","    75.00","","",
="036559","欣興國票29購03","2.35","－","3037","欣興","182.50","－","認購","美式","112年02月20日","112年02月20日","112年09月15日","112年09月19日","0.07","    155.00","","",
="03655U","台灣50國泰29售02","0.00","",="0050","元大台灣50","126.75","＋","認售","歐式","112年01月13日","112年09月12日","112年09月08日","112年09月12日","0.256","    108.56","","",
="036560","景碩國票29購03","0.62","＋","3189","景碩","116.00","＋","認購","美式","112年02月20日","112年02月20日","112年09月15日","112年09月19日","0.06","    125.00","","",
="036561","創意國票29購03","17.00","＋","3443","創意","1,515.00","＋","認購","美式","112年02月20日","112年02月20日","112年09月15日","112年09月19日","0.06","    1,380.00","","",
="036562","群創國票29購01","1.40","＋","3481","群創","14.10","＋","認購","美式","112年02月20日","112年02月20日","112年09月15日","112年09月19日","1.00","    14.00","","",
="036563","瑞鼎國票29購02","0.00","","3592","瑞鼎","348.00","＋","認購","美式","112年02月20日","112年02月20日","112年09月15日","112年09月19日","0.035","    440.00","","",
="036564","碩天國票29購01","0.00","","3617","碩天","191.00","－","認購","美式","112年02月20日","112年02月20日","112年09月15日","112年09月19日","0.14","    180.00","","",
="036565","健策國票29購03","13.10","＋","3653","健策","616.00","＋","認購","美式","112年02月20日","112年02月20日","112年09月15日","112年09月19日","0.12","    540.00","","",
="036566","同欣電國票29購02","0.16","＋","6271","同欣電","179.50","＋","認購","美式","112年02月20日","112年02月20日","112年09月15日","112年09月19日","0.04","    240.00","","",
="036567","帝寶國票29購02","0.00","","6605","帝寶","99.80","＋","認購","美式","112年02月20日","112年02月20日","112年09月15日","112年09月19日","0.30","    110.00","","",
="036568","致新國票29購01","1.28","＋","8081","致新","191.50","＋","認購","美式","112年02月20日","112年02月20日","112年09月15日","112年09月19日","0.07","    200.00","","",
="036569","東哥國票29購03","0.00","","8478","東哥遊艇","520.00","＋","認購","美式","112年02月20日","112年02月20日","112年09月15日","112年09月19日","0.02","    375.00","","",
="03656P","國巨元富27售03","0.00","","2327","國巨","508.00","＋","認售","歐式","111年10月04日","112年07月03日","112年06月29日","112年07月03日","0.048","    249.37","","",
="03656U","台灣50國泰2A售01","0.25","－",="0050","元大台灣50","126.75","＋","認售","歐式","112年01月13日","112年10月12日","112年10月06日","112年10月12日","1.023","    90.95","","",
="036570","台灣50凱基29購14","0.00","",="0050","元大台灣50","126.75","＋","認購","美式","112年02月20日","112年02月20日","112年09月15日","112年09月19日","0.25","    123.00","","",
="036571","台灣50凱基2A購08","0.00","",="0050","元大台灣50","126.75","＋","認購","美式","112年02月20日","112年02月20日","112年10月17日","112年10月19日","0.40","    130.00","","",
="036572","台灣50凱基2B購03","0.00","",="0050","元大台灣50","126.75","＋","認購","美式","112年02月20日","112年02月20日","112年11月16日","112年11月20日","0.50","    134.00","","",
="036573","大成鋼凱基29購01","1.16","＋","2027","大成鋼","45.25","＋","認購","美式","112年02月20日","112年02月20日","112年09月15日","112年09月19日","1.00","    54.00","","",
="036574","裕隆凱基2C購02","0.00","","2201","裕隆","82.80","＋","認購","美式","112年02月20日","112年02月20日","112年12月15日","112年12月19日","0.12","    82.00","","",
="036575","國巨凱基2B購01","0.63","－","2327","國巨","508.00","＋","認購","美式","112年02月20日","112年02月20日","112年11月16日","112年11月20日","0.06","    720.00","","",
="036576","南亞科凱基28購03","2.48","－","2408","南亞科","71.20","－","認購","美式","112年02月20日","112年02月20日","112年08月17日","112年08月21日","0.40","    70.00","","",
="036577","聯發科凱基2B購03","1.73","＋","2454","聯發科","738.00","＋","認購","美式","112年02月20日","112年02月20日","112年11月16日","112年11月20日","0.06","    960.00","","",
="036578","鉅祥凱基28購01","1.08","","2476","鉅祥","50.40","＋","認購","美式","112年02月20日","112年02月20日","112年08月17日","112年08月21日","0.32","    60.00","","",
="036579","華新科凱基28購03","0.00","","2492","華新科","101.00","＋","認購","美式","112年02月20日","112年02月20日","112年08月17日","112年08月21日","0.27","    110.00","","",
="03657P","創意凱基27售04","0.00","","3443","創意","1,515.00","＋","認售","歐式","111年12月05日","112年07月04日","112年06月30日","112年07月04日","0.03","    450.00","","",
="03657U","台灣50國泰2B售02","0.41","－",="0050","元大台灣50","126.75","＋","認售","歐式","112年01月13日","112年11月13日","112年11月09日","112年11月13日","0.511","    101.71","","",
="036580","長榮凱基29購06","1.55","＋","2603","長榮","157.00","＋","認購","美式","112年02月20日","112年02月20日","112年09月15日","112年09月19日","0.085","    150.00","","",
="036581","華航凱基28購04","2.05","＋","2610","華航","21.65","＋","認購","美式","112年02月20日","112年02月20日","112年08月17日","112年08月21日","1.00","    21.00","","",
="036582","萬海凱基2A購01","0.00","","2615","萬海","60.00","＋","認購","美式","112年02月20日","112年02月20日","112年10月17日","112年10月19日","0.30","    105.00","","",
="036583","漢翔凱基2B購03","0.00","","2634","漢翔","55.80","＋","認購","美式","112年02月20日","112年02月20日","112年11月16日","112年11月20日","0.50","    44.00","","",
="036584","華南金凱基29購01","0.00","","2880","華南金","22.20","－","認購","美式","112年02月20日","112年02月20日","112年09月15日","112年09月19日","1.00","    28.00","","",
="036585","大立光凱基2A購03","1.41","＋","3008","大立光","2,305.00","＋","認購","美式","112年02月20日","112年02月20日","112年10月17日","112年10月19日","0.02","    3,038.40","","",
="036586","聯詠凱基28購05","1.51","＋","3034","聯詠","423.50","＋","認購","美式","112年02月20日","112年02月20日","112年08月17日","112年08月21日","0.045","    420.00","","",
="036587","欣興凱基2A購03","0.00","","3037","欣興","182.50","－","認購","美式","112年02月20日","112年02月20日","112年10月17日","112年10月19日","0.09","    155.00","","",
="036588","創意凱基28購07","4.12","＋","3443","創意","1,515.00","＋","認購","美式","112年02月20日","112年02月20日","112年08月17日","112年08月21日","0.01","    1,150.00","","",
="036589","群創凱基2A購01","0.49","","3481","群創","14.10","＋","認購","美式","112年02月20日","112年02月20日","112年10月17日","112年10月19日","1.00","    19.00","","",
="03658U","富鼎國票28售02","0.00","","8261","富鼎","106.50","＋","認售","歐式","112年01月16日","112年08月15日","112年08月11日","112年08月15日","0.30","    70.00","","",
="036590","健策凱基2A購01","5.60","＋","3653","健策","616.00","＋","認購","美式","112年02月20日","112年02月20日","112年10月17日","112年10月19日","0.035","    470.00","","",
="036591","材料凱基29購02","5.50","","4763","材料-KY","550.00","－","認購","美式","112年02月20日","112年02月20日","112年09月15日","112年09月19日","0.03","    400.00","","",
="036592","新唐凱基28購04","0.31","","4919","新唐","130.50","＋","認購","美式","112年02月20日","112年02月20日","112年08月17日","112年08月21日","0.12","    170.00","","",
="036593","力積電凱基2A購01","0.00","","6770","力積電","30.85","＋","認購","美式","112年02月20日","112年02月20日","112年10月17日","112年10月19日","1.009","    46.59","","",
="036594","東哥凱基28購07","0.00","","8478","東哥遊艇","520.00","＋","認購","美式","112年02月20日","112年02月20日","112年08月17日","112年08月21日","0.03","    410.00","","",
="036595","金像電康和28購01","0.00","","2368","金像電","121.50","","認購","美式","112年02月20日","112年02月20日","112年08月17日","112年08月21日","0.104","    86.93","","",
="036596","漢翔康和28購01","0.00","","2634","漢翔","55.80","＋","認購","美式","112年02月20日","112年02月20日","112年08月17日","112年08月21日","0.30","    45.00","","",
="036597","智原康和28購01","0.26","","3035","智原","173.50","＋","認購","美式","112年02月20日","112年02月20日","112年08月17日","112年08月21日","0.04","    228.00","","",
="036598","S&P正2永豐28購01","0.00","",="00647L","元大S&P500正2","57.80","＋","認購","美式","112年02月20日","112年02月20日","112年08月17日","112年08月21日","0.20","    64.37","","",
="036599","香港2X永豐29購01","0.00","",="00650L","FH香港正2","11.60","＋","認購","美式","112年02月20日","112年02月20日","112年09月15日","112年09月19日","0.70","    17.26","","",
="03659P","國巨元富27售04","0.00","","2327","國巨","508.00","＋","認售","歐式","111年10月04日","112年07月03日","112年06月29日","112年07月03日","0.024","    299.24","","",
="03659U","台積電統一29售05","0.08","－","2330","台積電","568.00","＋","認售","歐式","112年01月16日","112年09月15日","112年09月13日","112年09月15日","0.036","    397.85","","",
="036600","鴻海永豐2A購02","0.56","＋","2317","鴻海","105.50","＋","認購","美式","112年02月20日","112年02月20日","112年10月17日","112年10月19日","0.115","    112.00","","",
="036601","金像電永豐28購02","0.00","","2368","金像電","121.50","","認購","美式","112年02月20日","112年02月20日","112年08月17日","112年08月21日","0.114","    84.90","","",
="036602","長榮永豐29購01","0.90","＋","2603","長榮","157.00","＋","認購","美式","112年02月20日","112年02月20日","112年09月15日","112年09月19日","0.045","    147.00","","",
="036603","美食永豐2B購01","0.33","","2723","美食-KY","152.50","－","認購","美式","112年02月20日","112年02月20日","112年11月16日","112年11月20日","0.031","    198.34","","",
="036604","智原永豐2A購02","0.35","","3035","智原","173.50","＋","認購","美式","112年02月20日","112年02月20日","112年10月17日","112年10月19日","0.05","    250.11","","",
="036605","景碩永豐2A購02","0.51","＋","3189","景碩","116.00","＋","認購","美式","112年02月20日","112年02月20日","112年10月17日","112年10月19日","0.082","    150.00","","",
="036606","材料永豐2B購01","3.90","－","4763","材料-KY","550.00","－","認購","美式","112年02月20日","112年02月20日","112年11月16日","112年11月20日","0.022","    409.73","","",
="036607","中磊永豐28購02","1.47","＋","5388","中磊","93.30","＋","認購","美式","112年02月20日","112年02月20日","112年08月17日","112年08月21日","0.179","    95.23","","",
="036608","穎崴永豐2A購01","4.24","","6515","穎崴","830.00","－","認購","美式","112年02月20日","112年02月20日","112年10月17日","112年10月19日","0.023","    715.00","","",
="036609","帝寶永豐29購01","1.16","＋","6605","帝寶","99.80","＋","認購","美式","112年02月20日","112年02月20日","112年09月15日","112年09月19日","0.135","    112.00","","",
="03660P","台積電元富27售01","0.00","","2330","台積電","568.00","＋","認售","歐式","111年10月04日","112年07月03日","112年06月29日","112年07月03日","0.03","    375.80","","",
="03660U","A50正2元大27售03","0.00","",="00655L","國泰中國A50正2","24.65","－","認售","歐式","112年01月16日","112年07月17日","112年07月13日","112年07月17日","0.40","    29.00","","",
="036610","國巨中信2C購01","0.59","","2327","國巨","508.00","＋","認購","歐式","112年02月20日","112年12月19日","112年12月15日","112年12月19日","0.012","    610.00","","",
="036611","友達中信29購04","0.59","","2409","友達","17.65","＋","認購","歐式","112年02月20日","112年09月19日","112年09月15日","112年09月19日","0.40","    19.88","","",
="036612","友達中信2C購01","0.72","","2409","友達","17.65","＋","認購","歐式","112年02月20日","112年12月19日","112年12月15日","112年12月19日","0.50","    24.00","","",
="036613","王品中信2A購02","1.71","－","2727","王品","320.00","－","認購","歐式","112年02月20日","112年10月19日","112年10月17日","112年10月19日","0.039","    338.00","","",
="036614","智原中信2C購01","0.69","＋","3035","智原","173.50","＋","認購","歐式","112年02月20日","112年12月19日","112年12月15日","112年12月19日","0.035","    220.00","","",
="036615","群創中信28購03","0.32","＋","3481","群創","14.10","＋","認購","歐式","112年02月20日","112年08月21日","112年08月17日","112年08月21日","1.00","    17.00","","",
="036616","材料中信2A購01","2.80","＋","4763","材料-KY","550.00","－","認購","歐式","112年02月20日","112年10月19日","112年10月17日","112年10月19日","0.015","    450.00","","",
="036617","T50反1國泰2A購05","0.00","",="00632R","元大台灣50反1","4.94","－","認購","美式","112年02月20日","112年02月20日","112年10月17日","112年10月19日","1.00","    6.20","","",
="036618","材料富邦2A購01","3.69","－","4763","材料-KY","550.00","－","認購","美式","112年02月20日","112年02月20日","112年10月17日","112年10月19日","0.02","    400.00","","",
="036619","台積電兆豐2A購06","0.00","","2330","台積電","568.00","＋","認購","美式","112年02月20日","112年02月20日","112年10月17日","112年10月19日","0.025","    542.07","","",
="03661P","台積電元富27售02","0.00","","2330","台積電","568.00","＋","認售","歐式","111年10月04日","112年07月03日","112年06月29日","112年07月03日","0.04","    346.13","","",
="03661U","聯電元大27售07","0.00","","2303","聯電","51.20","＋","認售","歐式","112年01月16日","112年07月17日","112年07月13日","112年07月17日","0.755","    37.25","","",
="036620","創意兆豐2C購01","0.00","","3443","創意","1,515.00","＋","認購","美式","112年02月20日","112年02月20日","112年12月15日","112年12月19日","0.008","    998.00","","",
="036621","材料兆豐28購01","5.75","","4763","材料-KY","550.00","－","認購","美式","112年02月20日","112年02月20日","112年08月17日","112年08月21日","0.03","    380.00","","",
="036622","香港2X群益2A購01","0.00","",="00650L","FH香港正2","11.60","＋","認購","美式","112年02月20日","112年02月20日","112年10月17日","112年10月19日","0.60","    17.80","","",
="036623","元油反群益2A購01","0.00","",="00673R","期元大S&P原油反1(原名：元大S&P原油反1)","9.03","－","認購","美式","112年02月20日","112年02月20日","112年10月17日","112年10月19日","1.00","    10.80","","",
="036624","中鴻群益28購01","0.00","","2014","中鴻","23.15","＋","認購","美式","112年02月20日","112年02月20日","112年08月17日","112年08月21日","0.20","    30.00","","",
="036625","華通群益28購02","0.00","","2313","華通","44.30","＋","認購","美式","112年02月20日","112年02月20日","112年08月17日","112年08月21日","1.062","    61.21","","",
="036626","宏達電群益2B購01","2.06","＋","2498","宏達電","61.50","＋","認購","美式","112年02月20日","112年02月20日","112年11月16日","112年11月20日","0.498","    83.00","","",
="036627","聯詠群益28購05","1.11","＋","3034","聯詠","423.50","＋","認購","美式","112年02月20日","112年02月20日","112年08月17日","112年08月21日","0.04","    430.00","","",
="036628","聯詠群益28購06","0.00","","3034","聯詠","423.50","＋","認購","美式","112年02月20日","112年02月20日","112年08月17日","112年08月21日","0.058","    450.00","","",
="036629","欣興群益28購03","2.32","－","3037","欣興","182.50","－","認購","美式","112年02月20日","112年02月20日","112年08月17日","112年08月21日","0.12","    190.00","","",
="03662P","台積電元富27售03","0.00","","2330","台積電","568.00","＋","認售","歐式","111年10月04日","112年07月03日","112年06月29日","112年07月03日","0.07","    316.46","","",
="03662U","聯電元大27售08","0.00","","2303","聯電","51.20","＋","認售","歐式","112年01月16日","112年07月17日","112年07月13日","112年07月17日","0.384","    43.50","","",
="036630","創意群益28購07","7.80","＋","3443","創意","1,515.00","＋","認購","美式","112年02月20日","112年02月20日","112年08月17日","112年08月21日","0.02","    1,200.00","","",
="036631","創意群益28購08","9.10","","3443","創意","1,515.00","＋","認購","美式","112年02月20日","112年02月20日","112年08月17日","112年08月21日","0.028","    1,288.00","","",
="036632","創意群益28購09","0.00","","3443","創意","1,515.00","＋","認購","美式","112年02月20日","112年02月20日","112年08月17日","112年08月21日","0.04","    1,368.00","","",
="036633","嘉澤群益28購06","0.00","","3533","嘉澤","909.00","－","認購","美式","112年02月20日","112年02月20日","112年08月17日","112年08月21日","0.039","    1,243.92","","",
="036634","碩天群益28購02","2.96","－","3617","碩天","191.00","－","認購","美式","112年02月20日","112年02月20日","112年08月17日","112年08月21日","0.10","    180.00","","",
="036635","健策群益28購03","0.00","","3653","健策","616.00","＋","認購","美式","112年02月20日","112年02月20日","112年08月17日","112年08月21日","0.04","    400.00","","",
="036636","世芯群益28購07","0.00","","3661","世芯-KY","1,660.00","＋","認購","美式","112年02月20日","112年02月20日","112年08月17日","112年08月21日","0.012","    1,050.00","","",
="036637","材料群益28購01","11.50","－","4763","材料-KY","550.00","－","認購","美式","112年02月20日","112年02月20日","112年08月17日","112年08月21日","0.08","    465.00","","",
="036638","致伸群益28購01","0.95","＋","4915","致伸","64.40","＋","認購","美式","112年02月20日","112年02月20日","112年08月17日","112年08月21日","0.15","    62.00","","",
="036639","欣興台新2A購01","2.51","－","3037","欣興","182.50","－","認購","歐式","112年02月20日","112年10月19日","112年10月17日","112年10月19日","0.06","    153.72","","",
="03663U","國巨元大27售02","1.19","","2327","國巨","508.00","＋","認售","歐式","112年01月16日","112年07月17日","112年07月13日","112年07月17日","0.021","    527.00","","",
="036640","滬深2X統一28購02","0.00","",="00637L","元大滬深300正2","13.77","－","認購","美式","112年02月20日","112年02月20日","112年08月17日","112年08月21日","0.80","    20.00","","",
="036641","滬深2X統一2C購02","0.00","",="00637L","元大滬深300正2","13.77","－","認購","美式","112年02月20日","112年02月20日","112年12月15日","112年12月19日","0.70","    22.90","","",
="036642","聯電統一2A購05","0.70","＋","2303","聯電","51.20","＋","認購","美式","112年02月20日","112年02月20日","112年10月17日","112年10月19日","0.20","    56.50","","",
="036643","國巨統一2A購02","0.00","","2327","國巨","508.00","＋","認購","美式","112年02月20日","112年02月20日","112年10月17日","112年10月19日","0.013","    600.00","","",
="036644","智原統一2A購02","0.00","","3035","智原","173.50","＋","認購","美式","112年02月20日","112年02月20日","112年10月17日","112年10月19日","0.03","    230.20","","",
="036645","健策統一2A購02","2.57","＋","3653","健策","616.00","＋","認購","美式","112年02月20日","112年02月20日","112年10月17日","112年10月19日","0.012","    415.00","","",
="036646","華新科元富29購01","1.50","＋","2492","華新科","101.00","＋","認購","美式","112年02月20日","112年02月20日","112年09月15日","112年09月19日","0.15","    103.00","","",
="036647","景碩元富2B購01","1.75","＋","3189","景碩","116.00","＋","認購","美式","112年02月20日","112年02月20日","112年11月16日","112年11月20日","0.20","    145.00","","",
="036648","東哥元富28購03","0.00","","8478","東哥遊艇","520.00","＋","認購","美式","112年02月20日","112年02月20日","112年08月17日","112年08月21日","0.017","    340.00","","",
="036649","華新科麥證28購02","1.01","＋","2492","華新科","101.00","＋","認購","歐式","112年02月20日","112年08月21日","112年08月17日","112年08月21日","0.12","    105.00","","",
="03664P","陽明元富27售03","0.10","－","2609","陽明","62.00","＋","認售","歐式","111年10月04日","112年07月03日","112年06月29日","112年07月03日","0.09","    50.00","","",
="03664U","晶華元大27售05","0.00","","2707","晶華","288.00","＋","認售","歐式","112年01月16日","112年07月17日","112年07月13日","112年07月17日","0.057","    208.00","","",
="036650","智原麥證28購01","0.00","","3035","智原","173.50","＋","認購","歐式","112年02月20日","112年08月21日","112年08月17日","112年08月21日","0.038","    200.00","","",
="036651","材料麥證28購01","0.00","","4763","材料-KY","550.00","－","認購","歐式","112年02月20日","112年08月21日","112年08月17日","112年08月21日","0.03","    400.00","","",
="036652","臺股指麥證28購05","3.26","","IX0001","臺股指數","16,636.30","","認購","歐式","112年02月20日","112年08月21日","112年08月17日","112年08月21日","0.011","    16,888.00","","",
="036653","滬深2X元大28購06","0.00","",="00637L","元大滬深300正2","13.77","－","認購","美式","112年02月20日","112年02月20日","112年08月17日","112年08月21日","1.00","    20.00","","",
="036654","滬深2X元大2B購02","0.34","＋",="00637L","元大滬深300正2","13.77","－","認購","美式","112年02月20日","112年02月20日","112年11月16日","112年11月20日","0.40","    17.00","","",
="036655","中502X元大29購01","0.00","",="00753L","中信中國50正2","8.81","","認購","美式","112年02月20日","112年02月20日","112年09月15日","112年09月19日","0.40","    14.00","","",
="036656","中興電元大29購05","1.86","＋","1513","中興電","113.50","＋","認購","美式","112年02月20日","112年02月20日","112年09月15日","112年09月19日","0.217","    129.00","","",
="036657","華新元大29購13","0.00","","1605","華新","46.60","＋","認購","美式","112年02月20日","112年02月20日","112年09月15日","112年09月19日","0.329","    62.80","","",
="036658","寶齡元大29購04","0.53","－","1760","寶齡富錦","148.50","","認購","美式","112年02月20日","112年02月20日","112年09月15日","112年09月19日","0.033","    170.00","","",
="036659","第一銅元大28購07","0.23","＋","2009","第一銅","32.10","＋","認購","美式","112年02月20日","112年02月20日","112年08月17日","112年08月21日","0.095","    36.50","","",
="03665P","陽明元富27售04","0.00","","2609","陽明","62.00","＋","認售","歐式","111年10月04日","112年07月03日","112年06月29日","112年07月03日","0.12","    45.00","","",
="03665U","富邦金元大27售03","0.00","","2881","富邦金","61.10","＋","認售","歐式","112年01月16日","112年07月17日","112年07月13日","112年07月17日","0.90","    46.50","","",
="036660","裕隆元大29購09","0.00","","2201","裕隆","82.80","＋","認購","美式","112年02月20日","112年02月20日","112年09月15日","112年09月19日","0.217","    107.50","","",
="036661","台達電元大28購03","1.83","－","2308","台達電","315.50","－","認購","美式","112年02月20日","112年02月20日","112年08月17日","112年08月21日","0.06","    302.00","","",
="036662","華通元大28購01","1.56","","2313","華通","44.30","＋","認購","美式","112年02月20日","112年02月20日","112年08月17日","112年08月21日","0.389","    43.93","","",
="036663","鴻海元大29購18","1.13","＋","2317","鴻海","105.50","＋","認購","美式","112年02月20日","112年02月20日","112年09月15日","112年09月19日","0.207","    112.50","","",
="036664","順德元大28購02","0.00","","2351","順德","123.00","＋","認購","美式","112年02月20日","112年02月20日","112年08月17日","112年08月21日","0.075","    143.50","","",
="036665","順德元大2A購02","0.84","＋","2351","順德","123.00","＋","認購","美式","112年02月20日","112年02月20日","112年10月17日","112年10月19日","0.062","    139.00","","",
="036666","金像電元大29購02","0.00","","2368","金像電","121.50","","認購","美式","112年02月20日","112年02月20日","112年09月15日","112年09月19日","0.178","    86.25","","",
="036667","金像電元大2A購03","5.90","－","2368","金像電","121.50","","認購","美式","112年02月20日","112年02月20日","112年10月17日","112年10月19日","0.207","    99.00","","",
="036668","正崴元大28購02","0.00","","2392","正崴","40.30","＋","認購","美式","112年02月20日","112年02月20日","112年08月17日","112年08月21日","0.34","    40.00","","",
="036669","漢翔元大29購04","0.00","","2634","漢翔","55.80","＋","認購","美式","112年02月20日","112年02月20日","112年09月15日","112年09月19日","0.504","    42.70","","",
="03666U","聯詠元大27售18","0.00","","3034","聯詠","423.50","＋","認售","歐式","112年01月16日","112年07月17日","112年07月13日","112年07月17日","0.124","    264.50","","",
="036670","新光金元大29購01","0.39","＋","2888","新光金","8.63","＋","認購","美式","112年02月20日","112年02月20日","112年09月15日","112年09月19日","1.00","    9.50","","",
="036671","威強電元大28購01","0.00","","3022","威強電","91.20","＋","認購","美式","112年02月20日","112年02月20日","112年08月17日","112年08月21日","0.176","    94.70","","",
="036672","智原元大29購07","0.75","＋","3035","智原","173.50","＋","認購","美式","112年02月20日","112年02月20日","112年09月15日","112年09月19日","0.063","    215.50","","",
="036673","智原元大2A購03","0.73","＋","3035","智原","173.50","＋","認購","美式","112年02月20日","112年02月20日","112年10月17日","112年10月19日","0.061","    227.00","","",
="036674","京鼎元大28購03","0.00","","3413","京鼎","193.00","＋","認購","美式","112年02月20日","112年02月20日","112年08月17日","112年08月21日","0.076","    231.00","","",
="036675","創意元大29購05","5.60","＋","3443","創意","1,515.00","＋","認購","美式","112年02月20日","112年02月20日","112年09月15日","112年09月19日","0.016","    1,350.00","","",
="036676","健策元大28購01","0.00","","3653","健策","616.00","＋","認購","美式","112年02月20日","112年02月20日","112年08月17日","112年08月21日","0.035","    425.50","","",
="036677","健策元大2A購03","0.00","","3653","健策","616.00","＋","認購","美式","112年02月20日","112年02月20日","112年10月17日","112年10月19日","0.028","    433.50","","",
="036678","健策元大2B購02","7.50","＋","3653","健策","616.00","＋","認購","美式","112年02月20日","112年02月20日","112年11月16日","112年11月20日","0.057","    555.00","","",
="036679","世芯元大29購12","0.00","","3661","世芯-KY","1,660.00","＋","認購","美式","112年02月20日","112年02月20日","112年09月15日","112年09月19日","0.012","    1,100.00","","",
="03667U","聯詠元大27售19","0.00","","3034","聯詠","423.50","＋","認售","歐式","112年01月16日","112年07月17日","112年07月13日","112年07月17日","0.049","    325.50","","",
="036680","材料元大29購01","0.00","","4763","材料-KY","550.00","－","認購","美式","112年02月20日","112年02月20日","112年09月15日","112年09月19日","0.025","    320.00","","",
="036681","材料元大2A購01","6.80","－","4763","材料-KY","550.00","－","認購","美式","112年02月20日","112年02月20日","112年10月17日","112年10月19日","0.042","    465.00","","",
="036682","材料元大2B購01","0.00","","4763","材料-KY","550.00","－","認購","美式","112年02月20日","112年02月20日","112年11月16日","112年11月20日","0.015","    340.00","","",
="036683","材料元大2C購01","0.00","","4763","材料-KY","550.00","－","認購","美式","112年02月20日","112年02月20日","112年12月15日","112年12月19日","0.02","    360.00","","",
="036684","材料元大31購01","5.70","＋","4763","材料-KY","550.00","－","認購","美式","112年02月20日","112年02月20日","113年01月17日","113年01月19日","0.023","    400.00","","",
="036685","天鈺元大28購09","0.58","＋","4961","天鈺","154.00","＋","認購","美式","112年02月20日","112年02月20日","112年08月17日","112年08月21日","0.041","    165.00","","",
="036686","立積元大28購04","1.86","＋","4968","立積","170.00","＋","認購","美式","112年02月20日","112年02月20日","112年08月17日","112年08月21日","0.081","    180.00","","",
="036687","元晶元大28購03","0.49","＋","6443","元晶","36.20","＋","認購","美式","112年02月20日","112年02月20日","112年08月17日","112年08月21日","0.146","    37.00","","",
="036688","力智元大28購03","1.34","＋","6719","力智","303.00","＋","認購","美式","112年02月20日","112年02月20日","112年08月17日","112年08月21日","0.037","    315.00","","",
="036689","東哥元大2B購05","3.32","＋","8478","東哥遊艇","520.00","＋","認購","美式","112年02月20日","112年02月20日","112年11月16日","112年11月20日","0.024","    484.50","","",
="03668P","晶睿凱基27售02","0.00","","3454","晶睿","182.50","＋","認售","歐式","111年12月05日","112年07月04日","112年06月30日","112年07月04日","0.03","    160.00","","",
="03668U","智原元大27售04","0.00","","3035","智原","173.50","＋","認售","歐式","112年01月16日","112年07月17日","112年07月13日","112年07月17日","0.309","    80.50","","",
="036690","香港2X國票2A購01","0.31","＋",="00650L","FH香港正2","11.60","＋","認購","美式","112年02月21日","112年02月21日","112年10月18日","112年10月20日","1.00","    17.00","","",
="036691","智原兆豐2A購03","0.00","","3035","智原","173.50","＋","認購","美式","112年02月21日","112年02月21日","112年10月18日","112年10月20日","0.04","    218.00","","",
="036692","穎崴兆豐2A購01","4.48","－","6515","穎崴","830.00","－","認購","美式","112年02月21日","112年02月21日","112年10月18日","112年10月20日","0.018","    608.00","","",
="036693","上銀統一29購02","0.00","","2049","上銀","235.50","＋","認購","美式","112年02月21日","112年02月21日","112年09月18日","112年09月20日","0.035","    276.90","","",
="036694","國巨統一2A購03","0.21","","2327","國巨","508.00","＋","認購","美式","112年02月21日","112年02月21日","112年10月18日","112年10月20日","0.01","    681.68","","",
="036695","國巨統一32購02","0.00","","2327","國巨","508.00","＋","認購","美式","112年02月21日","112年02月21日","113年02月16日","113年02月20日","0.008","    858.00","","",
="036696","國巨統一32購03","0.48","＋","2327","國巨","508.00","＋","認購","美式","112年02月21日","112年02月21日","113年02月16日","113年02月20日","0.007","    666.66","","",
="036697","台積電統一2C購02","0.00","","2330","台積電","568.00","＋","認購","美式","112年02月21日","112年02月21日","112年12月18日","112年12月20日","0.018","    533.12","","",
="036698","聯發科統一28購01","1.04","＋","2454","聯發科","738.00","＋","認購","美式","112年02月21日","112年02月21日","112年08月17日","112年08月21日","0.02","    750.00","","",
="036699","飛宏統一32購01","2.15","＋","2457","飛宏","76.40","＋","認購","美式","112年02月21日","112年02月21日","113年02月16日","113年02月20日","0.075","    56.66","","",
="03669U","欣興元大27售11","0.07","","3037","欣興","182.50","－","認售","歐式","112年01月16日","112年07月17日","112年07月13日","112年07月17日","0.085","    119.00","","",
="036700","華新科統一2C購02","0.64","＋","2492","華新科","101.00","＋","認購","美式","112年02月21日","112年02月21日","112年12月18日","112年12月20日","0.035","    101.68","","",
="036701","長榮航統一2A購05","0.73","＋","2618","長榮航","33.60","＋","認購","美式","112年02月21日","112年02月21日","112年10月18日","112年10月20日","0.268","    38.88","","",
="036702","長榮航統一2A購06","0.93","＋","2618","長榮航","33.60","＋","認購","美式","112年02月21日","112年02月21日","112年10月18日","112年10月20日","0.20","    33.33","","",
="036703","創意統一2A購03","2.85","＋","3443","創意","1,515.00","＋","認購","美式","112年02月21日","112年02月21日","112年10月18日","112年10月20日","0.006","    1,150.00","","",
="036704","帝寶統一28購01","0.00","","6605","帝寶","99.80","＋","認購","美式","112年02月21日","112年02月21日","112年08月17日","112年08月21日","0.10","    100.00","","",
="036705","鴻海康和32購01","0.69","＋","2317","鴻海","105.50","＋","認購","美式","112年02月21日","112年02月21日","113年02月16日","113年02月20日","0.25","    140.00","","",
="036706","台積電康和28購03","1.08","","2330","台積電","568.00","＋","認購","美式","112年02月21日","112年02月21日","112年08月17日","112年08月21日","0.08","    616.66","","",
="036707","健策康和29購01","0.00","","3653","健策","616.00","＋","認購","美式","112年02月21日","112年02月21日","112年09月18日","112年09月20日","0.03","    450.00","","",
="036708","華新永豐29購01","0.00","","1605","華新","46.60","＋","認購","美式","112年02月21日","112年02月21日","112年09月18日","112年09月20日","0.35","    80.00","","",
="036709","國巨永豐29購01","0.15","＋","2327","國巨","508.00","＋","認購","美式","112年02月21日","112年02月21日","112年09月18日","112年09月20日","0.026","    720.00","","",
="03670P","中信金元富27售01","0.00","","2891","中信金","24.40","＋","認售","歐式","111年10月04日","112年07月03日","112年06月29日","112年07月03日","1.00","    16.00","","",
="03670U","健策元大27售08","0.00","","3653","健策","616.00","＋","認售","歐式","112年01月16日","112年07月17日","112年07月13日","112年07月17日","0.066","    289.00","","",
="036710","華泰永豐29購01","0.92","＋","2329","華泰","20.55","＋","認購","美式","112年02月21日","112年02月21日","112年09月18日","112年09月20日","0.90","    25.00","","",
="036711","台積電永豐28購04","0.85","＋","2330","台積電","568.00","＋","認購","美式","112年02月21日","112年02月21日","112年08月17日","112年08月21日","0.04","    595.78","","",
="036712","飛宏永豐29購01","0.00","","2457","飛宏","76.40","＋","認購","美式","112年02月21日","112年02月21日","112年09月18日","112年09月20日","0.34","    55.00","","",
="036713","強茂永豐29購01","0.69","","2481","強茂","70.20","＋","認購","美式","112年02月21日","112年02月21日","112年09月18日","112年09月20日","0.33","    94.08","","",
="036714","華新科永豐2A購01","0.00","","2492","華新科","101.00","＋","認購","美式","112年02月21日","112年02月21日","112年10月18日","112年10月20日","0.145","    135.00","","",
="036715","華航永豐2A購01","0.59","＋","2610","華航","21.65","＋","認購","美式","112年02月21日","112年02月21日","112年10月18日","112年10月20日","0.90","    28.00","","",
="036716","長榮航永豐28購03","1.07","＋","2618","長榮航","33.60","＋","認購","美式","112年02月21日","112年02月21日","112年08月17日","112年08月21日","0.27","    31.00","","",
="036717","漢翔永豐29購01","0.00","","2634","漢翔","55.80","＋","認購","美式","112年02月21日","112年02月21日","112年09月18日","112年09月20日","0.54","    44.45","","",
="036718","中信金永豐29購01","0.85","＋","2891","中信金","24.40","＋","認購","美式","112年02月21日","112年02月21日","112年09月18日","112年09月20日","0.56","    25.14","","",
="036719","宏全永豐28購01","0.61","＋","9939","宏全","106.50","＋","認購","美式","112年02月21日","112年02月21日","112年08月17日","112年08月21日","0.186","    130.00","","",
="03671P","大立光元富27售01","0.00","","3008","大立光","2,305.00","＋","認售","歐式","111年10月04日","112年07月03日","112年06月29日","112年07月03日","0.01","    1,617.21","","",
="03671U","世芯元大27售07","0.00","","3661","世芯-KY","1,660.00","＋","認售","歐式","112年01月16日","112年07月17日","112年07月13日","112年07月17日","0.022","    582.00","","",
="036720","臺股指永豐29購03","1.68","＋","IX0001","臺股指數","16,636.30","","認購","歐式","112年02月21日","112年09月20日","112年09月18日","112年09月20日","0.003","    16,500.00","","",
="036721","台灣50凱基29購15","0.00","",="0050","元大台灣50","126.75","＋","認購","美式","112年02月21日","112年02月21日","112年09月18日","112年09月20日","0.20","    115.00","","",
="036722","華新凱基28購09","0.00","","1605","華新","46.60","＋","認購","美式","112年02月21日","112年02月21日","112年08月17日","112年08月21日","0.50","    68.00","","",
="036723","大亞凱基29購02","2.03","＋","1609","大亞","31.00","＋","認購","美式","112年02月21日","112年02月21日","112年09月18日","112年09月20日","1.00","    35.00","","",
="036724","葡萄王凱基2A購01","0.00","","1707","葡萄王","175.00","＋","認購","美式","112年02月21日","112年02月21日","112年10月18日","112年10月20日","0.15","    230.00","","",
="036725","為升凱基2B購01","1.89","","2231","為升","172.50","＋","認購","美式","112年02月21日","112年02月21日","112年11月16日","112年11月20日","0.10","    190.00","","",
="036726","鴻海凱基2C購03","0.83","＋","2317","鴻海","105.50","＋","認購","美式","112年02月21日","112年02月21日","112年12月18日","112年12月20日","0.20","    125.00","","",
="036727","國巨凱基29購03","0.00","","2327","國巨","508.00","＋","認購","美式","112年02月21日","112年02月21日","112年09月18日","112年09月20日","0.10","    850.00","","",
="036728","金像電凱基29購03","7.30","－","2368","金像電","121.50","","認購","美式","112年02月21日","112年02月21日","112年09月18日","112年09月20日","0.466","    115.90","","",
="036729","正崴凱基28購02","1.27","＋","2392","正崴","40.30","＋","認購","美式","112年02月21日","112年02月21日","112年08月17日","112年08月21日","0.40","    40.00","","",
="03672P","嘉晶元富27售01","0.00","","3016","嘉晶","65.10","＋","認售","歐式","111年10月04日","112年07月03日","112年06月29日","112年07月03日","0.15","    55.00","","",
="03672U","天鈺元大27售06","0.00","","4961","天鈺","154.00","＋","認售","歐式","112年01月16日","112年07月17日","112年07月13日","112年07月17日","0.092","    116.50","","",
="036730","友達凱基29購02","1.00","＋","2409","友達","17.65","＋","認購","美式","112年02月21日","112年02月21日","112年09月18日","112年09月20日","0.85","    19.00","","",
="036731","華新科凱基2A購02","0.00","","2492","華新科","101.00","＋","認購","美式","112年02月21日","112年02月21日","112年10月18日","112年10月20日","0.20","    150.00","","",
="036732","華航凱基2A購01","1.22","＋","2610","華航","21.65","＋","認購","美式","112年02月21日","112年02月21日","112年10月18日","112年10月20日","1.00","    24.50","","",
="036733","華航凱基32購01","1.33","＋","2610","華航","21.65","＋","認購","美式","112年02月21日","112年02月21日","113年02月16日","113年02月20日","1.00","    31.00","","",
="036734","長榮航凱基2B購02","1.59","＋","2618","長榮航","33.60","＋","認購","美式","112年02月21日","112年02月21日","112年11月16日","112年11月20日","1.00","    42.00","","",
="036735","王品凱基29購03","5.35","","2727","王品","320.00","－","認購","美式","112年02月21日","112年02月21日","112年09月18日","112年09月20日","0.14","    320.00","","",
="036736","新光金凱基29購01","0.00","","2888","新光金","8.63","＋","認購","美式","112年02月21日","112年02月21日","112年09月18日","112年09月20日","1.00","    9.50","","",
="036737","威強電凱基28購01","1.31","＋","3022","威強電","91.20","＋","認購","美式","112年02月21日","112年02月21日","112年08月17日","112年08月21日","0.17","    95.00","","",
="036738","智原凱基28購04","0.41","＋","3035","智原","173.50","＋","認購","美式","112年02月21日","112年02月21日","112年08月17日","112年08月21日","0.10","    230.00","","",
="036739","欣興凱基28購05","2.29","－","3037","欣興","182.50","－","認購","美式","112年02月21日","112年02月21日","112年08月17日","112年08月21日","0.20","    200.00","","",
="03673U","力積電元大27售08","0.00","","6770","力積電","30.85","＋","認售","歐式","112年01月16日","112年07月17日","112年07月13日","112年07月17日","1.009","    24.14","","",
="036740","創意凱基29購05","3.37","＋","3443","創意","1,515.00","＋","認購","美式","112年02月21日","112年02月21日","112年09月18日","112年09月20日","0.012","    1,430.00","","",
="036741","群創凱基29購04","1.11","＋","3481","群創","14.10","＋","認購","美式","112年02月21日","112年02月21日","112年09月18日","112年09月20日","0.85","    14.00","","",
="036742","嘉澤凱基2B購01","1.80","－","3533","嘉澤","909.00","－","認購","美式","112年02月21日","112年02月21日","112年11月16日","112年11月20日","0.032","    1,094.65","","",
="036743","上緯控凱基29購02","0.52","－","3708","上緯投控","96.50","－","認購","美式","112年02月21日","112年02月21日","112年09月18日","112年09月20日","0.08","    110.00","","",
="036744","致伸凱基28購02","1.39","＋","4915","致伸","64.40","＋","認購","美式","112年02月21日","112年02月21日","112年08月17日","112年08月21日","0.25","    63.00","","",
="036745","矽力凱基29購02","0.09","","6415","矽力*-KY","394.50","＋","認購","美式","112年02月21日","112年02月21日","112年09月18日","112年09月20日","0.03","    792.98","","",
="036746","愛普凱基28購04","3.43","＋","6531","愛普*","328.50","＋","認購","美式","112年02月21日","112年02月21日","112年08月17日","112年08月21日","0.055","    280.00","","",
="036747","帝寶凱基2A購01","0.00","","6605","帝寶","99.80","＋","認購","美式","112年02月21日","112年02月21日","112年10月18日","112年10月20日","0.30","    120.00","","",
="036748","力智凱基28購03","1.36","＋","6719","力智","303.00","＋","認購","美式","112年02月21日","112年02月21日","112年08月17日","112年08月21日","0.06","    330.00","","",
="036749","南電凱基2A購03","2.77","－","8046","南電","302.50","－","認購","美式","112年02月21日","112年02月21日","112年10月18日","112年10月20日","0.15","    370.00","","",
="03674P","晶心科凱基26售02","0.00","","6533","晶心科","511.00","＋","認售","歐式","111年12月05日","112年06月05日","112年06月01日","112年06月05日","0.02","    450.00","","",
="03674U","台光電永豐27售01","0.00","","2383","台光電","204.50","＋","認售","歐式","112年01月16日","112年07月17日","112年07月13日","112年07月17日","0.09","    151.06","","",
="036750","世紀鋼凱基28購02","0.85","＋","9958","世紀鋼","109.50","＋","認購","美式","112年02月21日","112年02月21日","112年08月17日","112年08月21日","0.14","    120.00","","",
="036751","世紀鋼凱基2A購01","0.82","＋","9958","世紀鋼","109.50","＋","認購","美式","112年02月21日","112年02月21日","112年10月18日","112年10月20日","0.20","    140.00","","",
="036752","滬深2X群益2A購01","0.23","",="00637L","元大滬深300正2","13.77","－","認購","美式","112年02月21日","112年02月21日","112年10月18日","112年10月20日","0.80","    20.50","","",
="036753","香港2X群益29購01","0.00","",="00650L","FH香港正2","11.60","＋","認購","美式","112年02月21日","112年02月21日","112年09月18日","112年09月20日","0.50","    19.80","","",
="036754","FBNQ2X群益29購05","0.00","",="00670L","富邦NASDAQ正2","78.90","＋","認購","美式","112年02月21日","112年02月21日","112年09月18日","112年09月20日","0.15","    88.00","","",
="036755","台達化群益28購01","0.00","","1309","台達化","19.90","－","認購","美式","112年02月21日","112年02月21日","112年08月17日","112年08月21日","0.80","    26.00","","",
="036756","華新科群益29購02","0.38","＋","2492","華新科","101.00","＋","認購","美式","112年02月21日","112年02月21日","112年09月18日","112年09月20日","0.12","    128.80","","",
="036757","王品群益29購03","2.89","－","2727","王品","320.00","－","認購","美式","112年02月21日","112年02月21日","112年09月18日","112年09月20日","0.05","    288.80","","",
="036758","智原群益28購07","0.00","","3035","智原","173.50","＋","認購","美式","112年02月21日","112年02月21日","112年08月17日","112年08月21日","0.05","    210.00","","",
="036759","嘉澤群益28購07","0.00","","3533","嘉澤","909.00","－","認購","美式","112年02月21日","112年02月21日","112年08月17日","112年08月21日","0.026","    961.30","","",
="03675P","景碩元富27售01","0.00","","3189","景碩","116.00","＋","認售","歐式","111年10月04日","112年07月03日","112年06月29日","112年07月03日","0.10","    70.00","","",
="03675U","南亞科永豐27售02","0.00","","2408","南亞科","71.20","－","認售","歐式","112年01月16日","112年07月17日","112年07月13日","112年07月17日","0.31","    50.49","","",
="036760","拓凱群益29購01","0.00","","4536","拓凱","196.50","＋","認購","美式","112年02月21日","112年02月21日","112年09月18日","112年09月20日","0.05","    248.80","","",
="036761","GIS群益29購01","0.00","","6456","GIS-KY","75.40","＋","認購","美式","112年02月21日","112年02月21日","112年09月18日","112年09月20日","0.126","    103.75","","",
="036762","帝寶群益29購01","0.00","","6605","帝寶","99.80","＋","認購","美式","112年02月21日","112年02月21日","112年09月18日","112年09月20日","0.12","    108.80","","",
="036763","南電群益28購08","0.00","","8046","南電","302.50","－","認購","美式","112年02月21日","112年02月21日","112年08月17日","112年08月21日","0.04","    250.00","","",
="036764","臺股指群益29購12","4.67","","IX0001","臺股指數","16,636.30","","認購","歐式","112年02月21日","112年09月20日","112年09月18日","112年09月20日","0.003","    14,800.00","","",
="036765","臺股指群益29購13","0.00","","IX0001","臺股指數","16,636.30","","認購","歐式","112年02月21日","112年09月20日","112年09月18日","112年09月20日","0.005","    16,500.00","","",
="036766","臺股指群益2C購01","1.69","＋","IX0001","臺股指數","16,636.30","","認購","歐式","112年02月21日","112年12月20日","112年12月18日","112年12月20日","0.10","    23,000.00","","",
="036767","國企2X元大28購01","0.00","",="00665L","富邦恒生國企正2","7.02","－","認購","美式","112年02月21日","112年02月21日","112年08月17日","112年08月21日","0.50","    10.00","","",
="036768","國企2X元大29購01","0.00","",="00665L","富邦恒生國企正2","7.02","－","認購","美式","112年02月21日","112年02月21日","112年09月18日","112年09月20日","0.60","    11.00","","",
="036769","FBNQ2X元大2A購02","0.00","",="00670L","富邦NASDAQ正2","78.90","＋","認購","美式","112年02月21日","112年02月21日","112年10月18日","112年10月20日","0.10","    72.00","","",
="03676P","貿聯元富26售01","0.00","","3665","貿聯-KY","270.50","＋","認售","歐式","111年12月05日","112年06月05日","112年06月01日","112年06月05日","0.05","    219.14","","",
="03676U","宏達電永豐27售03","0.00","","2498","宏達電","61.50","＋","認售","歐式","112年01月16日","112年07月17日","112年07月13日","112年07月17日","0.206","    49.64","","",
="036770","FBNQ2X元大2A購03","1.81","＋",="00670L","富邦NASDAQ正2","78.90","＋","認購","美式","112年02月21日","112年02月21日","112年10月18日","112年10月20日","0.10","    69.00","","",
="036771","FBNQ反元大29購03","0.19","－",="00671R","富邦NASDAQ 反1","5.07","－","認購","美式","112年02月21日","112年02月21日","112年09月18日","112年09月20日","1.00","    6.00","","",
="036772","元日2X元大32購01","0.18","－",="00706L","期元大S&P日圓正2(原名：元大S&P日圓正2)","8.72","－","認購","美式","112年02月21日","112年02月21日","113年02月16日","113年02月20日","0.50","    11.00","","",
="036773","華新元大29購14","0.00","","1605","華新","46.60","＋","認購","美式","112年02月21日","112年02月21日","112年09月18日","112年09月20日","0.489","    73.20","","",
="036774","大亞元大28購02","0.00","","1609","大亞","31.00","＋","認購","美式","112年02月21日","112年02月21日","112年08月17日","112年08月21日","0.532","    25.85","","",
="036775","大亞元大2A購02","3.19","＋","1609","大亞","31.00","＋","認購","美式","112年02月21日","112年02月21日","112年10月18日","112年10月20日","0.784","    31.95","","",
="036776","上銀元大28購08","1.15","＋","2049","上銀","235.50","＋","認購","美式","112年02月21日","112年02月21日","112年08月17日","112年08月21日","0.048","    236.50","","",
="036777","鴻海元大29購19","0.00","","2317","鴻海","105.50","＋","認購","美式","112年02月21日","112年02月21日","112年09月18日","112年09月20日","0.345","    124.00","","",
="036778","鴻海元大2A購18","0.68","＋","2317","鴻海","105.50","＋","認購","美式","112年02月21日","112年02月21日","112年10月18日","112年10月20日","0.559","    140.50","","",
="036779","鴻海元大2B購09","0.72","＋","2317","鴻海","105.50","＋","認購","美式","112年02月21日","112年02月21日","112年11月16日","112年11月20日","0.597","    148.50","","",
="03677U","裕隆凱基28售04","0.00","","2201","裕隆","82.80","＋","認售","歐式","112年01月16日","112年08月15日","112年08月11日","112年08月15日","0.40","    50.00","","",
="036780","順德元大28購03","0.00","","2351","順德","123.00","＋","認購","美式","112年02月21日","112年02月21日","112年08月17日","112年08月21日","0.055","    124.50","","",
="036781","順德元大2A購03","0.00","","2351","順德","123.00","＋","認購","美式","112年02月21日","112年02月21日","112年10月18日","112年10月20日","0.087","    170.00","","",
="036782","金像電元大29購03","0.00","","2368","金像電","121.50","","認購","美式","112年02月21日","112年02月21日","112年09月18日","112年09月20日","0.229","    94.36","","",
="036783","漢唐元大28購02","0.00","","2404","漢唐","227.50","＋","認購","美式","112年02月21日","112年02月21日","112年08月17日","112年08月21日","0.084","    250.50","","",
="036784","聯發科元大29購04","2.07","＋","2454","聯發科","738.00","＋","認購","美式","112年02月21日","112年02月21日","112年09月18日","112年09月20日","0.035","    799.00","","",
="036785","聯發科元大2A購05","1.61","＋","2454","聯發科","738.00","＋","認購","美式","112年02月21日","112年02月21日","112年10月18日","112年10月20日","0.032","    855.00","","",
="036786","聯發科元大2B購02","1.61","＋","2454","聯發科","738.00","＋","認購","美式","112年02月21日","112年02月21日","112年11月16日","112年11月20日","0.02","    794.00","","",
="036787","宏達電元大29購06","0.00","","2498","宏達電","61.50","＋","認購","美式","112年02月21日","112年02月21日","112年09月18日","112年09月20日","0.202","    85.60","","",
="036788","榮運元大28購01","0.75","","2607","榮運","27.35","＋","認購","美式","112年02月21日","112年02月21日","112年08月17日","112年08月21日","0.517","    32.70","","",
="036789","玉晶光元大29購04","0.00","","3406","玉晶光","400.00","＋","認購","美式","112年02月21日","112年02月21日","112年09月18日","112年09月20日","0.061","    510.00","","",
="03678P","臺股指元富29售01","0.17","－","IX0001","臺股指數","16,636.30","","認售","歐式","111年12月05日","112年09月04日","112年08月31日","112年09月04日","0.003","    12,700.00","","",
="03678U","八方凱基28售01","0.00","","2753","八方雲集","167.00","","認售","歐式","112年01月16日","112年08月15日","112年08月11日","112年08月15日","0.09","    170.00","","",
="036790","健策元大28購02","0.00","","3653","健策","616.00","＋","認購","美式","112年02月21日","112年02月21日","112年08月17日","112年08月21日","0.027","    372.00","","",
="036791","健策元大2A購04","0.00","","3653","健策","616.00","＋","認購","美式","112年02月21日","112年02月21日","112年10月18日","112年10月20日","0.04","    474.00","","",
="036792","世芯元大29購13","0.00","","3661","世芯-KY","1,660.00","＋","認購","美式","112年02月21日","112年02月21日","112年09月18日","112年09月20日","0.013","    1,125.00","","",
="036793","全訊元大28購03","2.63","＋","5222","全訊","198.00","＋","認購","美式","112年02月21日","112年02月21日","112年08月17日","112年08月21日","0.158","    211.56","","",
="036794","康舒元大28購01","0.91","＋","6282","康舒","44.05","＋","認購","美式","112年02月21日","112年02月21日","112年08月17日","112年08月21日","0.106","    37.50","","",
="036795","樺漢元大28購02","0.00","","6414","樺漢","281.00","＋","認購","美式","112年02月21日","112年02月21日","112年08月17日","112年08月21日","0.043","    251.00","","",
="036796","元晶元大29購04","0.00","","6443","元晶","36.20","＋","認購","美式","112年02月21日","112年02月21日","112年09月18日","112年09月20日","0.303","    45.30","","",
="036797","帝寶元大28購02","1.78","－","6605","帝寶","99.80","＋","認購","美式","112年02月21日","112年02月21日","112年08月17日","112年08月21日","0.138","    95.60","","",
="036798","致新元大28購04","0.00","","8081","致新","191.50","＋","認購","美式","112年02月21日","112年02月21日","112年08月17日","112年08月21日","0.056","    183.00","","",
="036799","東哥元大29購05","3.39","＋","8478","東哥遊艇","520.00","＋","認購","美式","112年02月21日","112年02月21日","112年09月18日","112年09月20日","0.035","    534.00","","",
="03679P","富邦金麥證26售01","0.00","","2881","富邦金","61.10","＋","認售","歐式","111年12月05日","112年06月05日","112年06月01日","112年06月05日","1.00","    55.00","","",
="03679U","聯詠凱基27售08","0.00","","3034","聯詠","423.50","＋","認售","歐式","112年01月16日","112年07月17日","112年07月13日","112年07月17日","0.40","    210.00","","",
="036800","臺股指元大2A購60","1.95","＋","IX0001","臺股指數","16,636.30","","認購","歐式","112年02月21日","112年10月20日","112年10月18日","112年10月20日","0.004","    17,100.00","","",
="036801","臺股指元大2A購61","0.00","","IX0001","臺股指數","16,636.30","","認購","歐式","112年02月21日","112年10月20日","112年10月18日","112年10月20日","0.003","    16,600.00","","",
="036802","臺股指元大2B購25","0.00","","IX0001","臺股指數","16,636.30","","認購","歐式","112年02月21日","112年11月20日","112年11月16日","112年11月20日","0.004","    17,300.00","","",
="036803","臺股指元大2B購26","2.03","＋","IX0001","臺股指數","16,636.30","","認購","歐式","112年02月21日","112年11月20日","112年11月16日","112年11月20日","0.003","    16,800.00","","",
="036804","臺股指元大2B購27","3.25","＋","IX0001","臺股指數","16,636.30","","認購","歐式","112年02月21日","112年11月20日","112年11月16日","112年11月20日","0.002","    15,100.00","","",
="036805","滬深2X元富32購01","0.00","",="00637L","元大滬深300正2","13.77","－","認購","美式","112年02月21日","112年02月21日","113年02月16日","113年02月20日","1.00","    19.00","","",
="036806","元金2X元富28購01","0.70","－",="00708L","期元大S&P黃金正2(原名：元大S&P黃金正2)","26.72","－","認購","美式","112年02月21日","112年02月21日","112年08月17日","112年08月21日","0.749","    30.00","","",
="036807","國巨元富28購03","0.00","","2327","國巨","508.00","＋","認購","美式","112年02月21日","112年02月21日","112年08月17日","112年08月21日","0.04","    620.00","","",
="036808","國巨元富2B購01","0.00","","2327","國巨","508.00","＋","認購","美式","112年02月21日","112年02月21日","112年11月16日","112年11月20日","0.05","    750.00","","",
="036809","台積電元富28購17","1.06","＋","2330","台積電","568.00","＋","認購","美式","112年02月21日","112年02月21日","112年08月17日","112年08月21日","0.02","    547.04","","",
="03680P","致伸元富27售01","0.00","","4915","致伸","64.40","＋","認售","歐式","111年10月04日","112年07月03日","112年06月29日","112年07月03日","0.12","    50.00","","",
="03680U","景碩凱基27售05","0.38","－","3189","景碩","116.00","＋","認售","歐式","112年01月16日","112年07月17日","112年07月13日","112年07月17日","0.08","    105.00","","",
="036810","友達元富2B購01","1.28","＋","2409","友達","17.65","＋","認購","美式","112年02月21日","112年02月21日","112年11月16日","112年11月20日","0.80","    19.00","","",
="036811","華新科元富29購02","0.00","","2492","華新科","101.00","＋","認購","美式","112年02月21日","112年02月21日","112年09月18日","112年09月20日","0.20","    125.00","","",
="036812","華新科元富29購03","0.00","","2492","華新科","101.00","＋","認購","美式","112年02月21日","112年02月21日","112年09月18日","112年09月20日","0.15","    113.00","","",
="036813","聯詠元富2B購01","1.71","","3034","聯詠","423.50","＋","認購","美式","112年02月21日","112年02月21日","112年11月16日","112年11月20日","0.05","    470.00","","",
="036814","GIS元富28購02","0.69","＋","6456","GIS-KY","75.40","＋","認購","美式","112年02月21日","112年02月21日","112年08月17日","112年08月21日","0.105","    74.38","","",
="036815","穎崴元富28購01","0.00","","6515","穎崴","830.00","－","認購","美式","112年02月21日","112年02月21日","112年08月17日","112年08月21日","0.03","    580.00","","",
="036816","AES元富29購01","0.00","","6781","AES-KY","690.00","＋","認購","美式","112年02月21日","112年02月21日","112年09月18日","112年09月20日","0.025","    1,000.00","","",
="036817","東哥元富2B購02","0.00","","8478","東哥遊艇","520.00","＋","認購","美式","112年02月21日","112年02月21日","112年11月16日","112年11月20日","0.019","    470.00","","",
="036818","創意麥證31購01","8.20","＋","3443","創意","1,515.00","＋","認購","歐式","112年02月21日","113年01月22日","113年01月18日","113年01月22日","0.02","    1,430.00","","",
="036819","T50反1中信2C購02","0.00","",="00632R","元大台灣50反1","4.94","－","認購","歐式","112年02月21日","112年12月20日","112年12月18日","112年12月20日","1.00","    5.00","","",
="03681U","晶碩凱基27售03","0.57","","6491","晶碩","366.50","＋","認售","歐式","112年01月16日","112年07月17日","112年07月13日","112年07月17日","0.04","    320.00","","",
="036820","滬深反中信2B購01","0.00","",="00638R","元大滬深300反1","9.79","＋","認購","歐式","112年02月21日","112年11月20日","112年11月16日","112年11月20日","1.00","    9.88","","",
="036821","元油反中信2A購01","0.00","",="00673R","期元大S&P原油反1(原名：元大S&P原油反1)","9.03","－","認購","歐式","112年02月21日","112年10月20日","112年10月18日","112年10月20日","1.00","    10.00","","",
="036822","大亞中信29購01","1.08","＋","1609","大亞","31.00","＋","認購","歐式","112年02月21日","112年09月20日","112年09月18日","112年09月20日","0.22","    28.80","","",
="036823","陽明國泰2A購01","1.26","＋","2609","陽明","62.00","＋","認購","美式","112年02月21日","112年02月21日","112年10月18日","112年10月20日","0.30","    70.00","","",
="036824","長榮航國泰2A購01","1.24","＋","2618","長榮航","33.60","＋","認購","美式","112年02月21日","112年02月21日","112年10月18日","112年10月20日","0.60","    38.00","","",
="036825","碩天國泰2A購01","4.43","","3617","碩天","191.00","－","認購","美式","112年02月21日","112年02月21日","112年10月18日","112年10月20日","0.10","    164.48","","",
="036826","友達富邦2A購01","0.58","＋","2409","友達","17.65","＋","認購","美式","112年02月21日","112年02月21日","112年10月18日","112年10月20日","0.50","    20.00","","",
="036827","華航富邦2C購01","0.00","","2610","華航","21.65","＋","認購","美式","112年02月21日","112年02月21日","112年12月18日","112年12月20日","0.80","    31.50","","",
="036828","長榮航富邦2A購01","0.98","＋","2618","長榮航","33.60","＋","認購","美式","112年02月21日","112年02月21日","112年10月18日","112年10月20日","0.35","    36.00","","",
="036829","王品富邦2B購01","0.00","","2727","王品","320.00","－","認購","美式","112年02月21日","112年02月21日","112年11月16日","112年11月20日","0.03","    268.00","","",
="03682P","帆宣元富27售01","0.00","","6196","帆宣","131.50","","認售","歐式","111年10月04日","112年07月03日","112年06月29日","112年07月03日","0.10","    80.00","","",
="03682U","南電凱基27售06","0.00","","8046","南電","302.50","－","認售","歐式","112年01月16日","112年07月17日","112年07月13日","112年07月17日","0.20","    140.00","","",
="036830","臺股指富邦29購05","0.00","","IX0001","臺股指數","16,636.30","","認購","歐式","112年02月21日","112年09月20日","112年09月18日","112年09月20日","0.005","    16,750.00","","",
="036831","華邦電國票29購02","1.22","＋","2344","華邦電","26.90","＋","認購","美式","112年02月22日","112年02月22日","112年09月19日","112年09月21日","1.00","    32.00","","",
="036832","飛宏國票28購01","0.00","","2457","飛宏","76.40","＋","認購","美式","112年02月22日","112年02月22日","112年08月17日","112年08月21日","0.50","    53.00","","",
="036833","鉅祥國票28購01","0.00","","2476","鉅祥","50.40","＋","認購","美式","112年02月22日","112年02月22日","112年08月17日","112年08月21日","0.25","    55.00","","",
="036834","王品國票29購02","3.70","－","2727","王品","320.00","－","認購","美式","112年02月22日","112年02月22日","112年09月19日","112年09月21日","0.12","    330.00","","",
="036835","威強電國票28購01","0.00","","3022","威強電","91.20","＋","認購","美式","112年02月22日","112年02月22日","112年08月17日","112年08月21日","0.12","    100.00","","",
="036836","天鈺國票2A購02","0.00","","4961","天鈺","154.00","＋","認購","美式","112年02月22日","112年02月22日","112年10月19日","112年10月23日","0.12","    230.00","","",
="036837","晶心科國票29購04","0.43","＋","6533","晶心科","511.00","＋","認購","美式","112年02月22日","112年02月22日","112年09月19日","112年09月21日","0.03","    750.00","","",
="036838","康舒第一2A購01","0.85","＋","6282","康舒","44.05","＋","認購","美式","112年02月22日","112年02月22日","112年10月19日","112年10月23日","0.115","    43.64","","",
="036839","川湖永豐28購01","1.06","＋","2059","川湖","436.00","＋","認購","美式","112年02月22日","112年02月22日","112年08月17日","112年08月21日","0.031","    462.30","","",
="03683U","富邦媒凱基27售06","0.78","－","8454","富邦媒","703.00","＋","認售","歐式","112年01月16日","112年07月17日","112年07月13日","112年07月17日","0.015","    650.00","","",
="036840","裕隆永豐2C購01","0.00","","2201","裕隆","82.80","＋","認購","美式","112年02月22日","112年02月22日","112年12月19日","112年12月21日","0.31","    120.00","","",
="036841","友達永豐28購02","0.27","","2409","友達","17.65","＋","認購","美式","112年02月22日","112年02月22日","112年08月17日","112年08月21日","0.58","    22.00","","",
="036842","美食永豐29購01","0.00","","2723","美食-KY","152.50","－","認購","美式","112年02月22日","112年02月22日","112年09月19日","112年09月21日","0.168","    235.00","","",
="036843","群創永豐28購01","0.38","＋","3481","群創","14.10","＋","認購","美式","112年02月22日","112年02月22日","112年08月17日","112年08月21日","0.58","    16.00","","",
="036844","臻鼎永豐29購01","0.45","＋","4958","臻鼎-KY","114.50","＋","認購","美式","112年02月22日","112年02月22日","112年09月19日","112年09月21日","0.045","    114.75","","",
="036845","天鈺永豐2A購01","0.00","","4961","天鈺","154.00","＋","認購","美式","112年02月22日","112年02月22日","112年10月19日","112年10月23日","0.065","    220.00","","",
="036846","國巨康和29購01","0.00","","2327","國巨","508.00","＋","認購","美式","112年02月22日","112年02月22日","112年09月19日","112年09月21日","0.05","    800.00","","",
="036847","友達康和2A購01","0.00","","2409","友達","17.65","＋","認購","美式","112年02月22日","112年02月22日","112年10月19日","112年10月23日","1.00","    25.00","","",
="036848","長榮航康和28購01","1.52","＋","2618","長榮航","33.60","＋","認購","美式","112年02月22日","112年02月22日","112年08月17日","112年08月21日","0.35","    30.00","","",
="036849","創意中信2C購01","3.30","＋","3443","創意","1,515.00","＋","認購","歐式","112年02月22日","112年12月21日","112年12月19日","112年12月21日","0.006","    1,100.00","","",
="03684U","東哥凱基28售02","0.00","","8478","東哥遊艇","520.00","＋","認售","歐式","112年01月16日","112年08月15日","112年08月11日","112年08月15日","0.04","    200.00","","",
="036850","群創中信28購04","0.00","","3481","群創","14.10","＋","認購","歐式","112年02月22日","112年08月21日","112年08月17日","112年08月21日","1.00","    20.00","","",
="036851","愛普中信2B購01","0.65","＋","6531","愛普*","328.50","＋","認購","歐式","112年02月22日","112年11月21日","112年11月17日","112年11月21日","0.012","    382.00","","",
="036852","華新國泰2A購03","0.00","","1605","華新","46.60","＋","認購","美式","112年02月22日","112年02月22日","112年10月19日","112年10月23日","0.40","    74.00","","",
="036853","長榮國泰2A購03","0.94","＋","2603","長榮","157.00","＋","認購","美式","112年02月22日","112年02月22日","112年10月19日","112年10月23日","0.15","    196.30","","",
="036854","華航國泰2A購01","0.93","＋","2610","華航","21.65","＋","認購","美式","112年02月22日","112年02月22日","112年10月19日","112年10月23日","1.00","    26.31","","",
="036855","矽力國泰2A購01","0.00","","6415","矽力*-KY","394.50","＋","認購","美式","112年02月22日","112年02月22日","112年10月19日","112年10月23日","0.025","    839.84","","",
="036856","景碩富邦29購01","0.57","＋","3189","景碩","116.00","＋","認購","美式","112年02月22日","112年02月22日","112年09月19日","112年09月21日","0.07","    135.00","","",
="036857","裕隆元富2A購01","0.00","","2201","裕隆","82.80","＋","認購","美式","112年02月22日","112年02月22日","112年10月19日","112年10月23日","0.075","    90.00","","",
="036858","宏達電元富2B購02","0.50","","2498","宏達電","61.50","＋","認購","美式","112年02月22日","112年02月22日","112年11月17日","112年11月21日","0.055","    65.00","","",
="036859","華航元富28購02","0.82","","2610","華航","21.65","＋","認購","美式","112年02月22日","112年02月22日","112年08月17日","112年08月21日","0.70","    23.00","","",
="03685P","長榮富邦28售01","0.09","","2603","長榮","157.00","＋","認售","歐式","111年10月04日","112年08月03日","112年08月01日","112年08月03日","0.05","    105.00","","",
="03685U","創意國泰29售02","0.06","－","3443","創意","1,515.00","＋","認售","歐式","112年01月16日","112年09月15日","112年09月13日","112年09月15日","0.025","    500.00","","",
="036860","華航元富2B購01","0.73","＋","2610","華航","21.65","＋","認購","美式","112年02月22日","112年02月22日","112年11月17日","112年11月21日","0.50","    25.00","","",
="036861","奇鋐元富29購01","0.00","","3017","奇鋐","206.00","－","認購","美式","112年02月22日","112年02月22日","112年09月19日","112年09月21日","0.12","    150.00","","",
="036862","晶心科元富28購01","0.00","","6533","晶心科","511.00","＋","認購","美式","112年02月22日","112年02月22日","112年08月17日","112年08月21日","0.02","    630.00","","",
="036863","裕隆群益29購03","1.84","＋","2201","裕隆","82.80","＋","認購","美式","112年02月22日","112年02月22日","112年09月19日","112年09月21日","0.20","    86.00","","",
="036864","漢翔群益28購01","0.00","","2634","漢翔","55.80","＋","認購","美式","112年02月22日","112年02月22日","112年08月17日","112年08月21日","1.00","    50.00","","",
="036865","奇鋐群益28購03","6.60","＋","3017","奇鋐","206.00","－","認購","美式","112年02月22日","112年02月22日","112年08月17日","112年08月21日","0.14","    171.75","","",
="036866","威強電群益29購01","0.70","＋","3022","威強電","91.20","＋","認購","美式","112年02月22日","112年02月22日","112年09月19日","112年09月21日","0.10","    108.80","","",
="036867","力智群益28購03","0.57","","6719","力智","303.00","＋","認購","美式","112年02月22日","112年02月22日","112年08月17日","112年08月21日","0.022","    321.00","","",
="036868","臺股指群益32購01","0.00","","IX0001","臺股指數","16,636.30","","認購","歐式","112年02月22日","113年02月21日","113年02月19日","113年02月21日","0.005","    17,500.00","","",
="036869","滬深2X凱基2A購10","0.00","",="00637L","元大滬深300正2","13.77","－","認購","美式","112年02月22日","112年02月22日","112年10月19日","112年10月23日","0.70","    17.80","","",
="03686P","創意富邦27售01","0.00","","3443","創意","1,515.00","＋","認售","歐式","111年10月04日","112年07月03日","112年06月29日","112年07月03日","0.004","    560.00","","",
="03686U","樺漢麥證27售01","0.00","","6414","樺漢","281.00","＋","認售","歐式","112年01月16日","112年07月17日","112年07月13日","112年07月17日","0.10","    180.00","","",
="036870","滬深2X凱基2B購03","0.32","－",="00637L","元大滬深300正2","13.77","－","認購","美式","112年02月22日","112年02月22日","112年11月17日","112年11月21日","1.00","    20.50","","",
="036871","國企2X凱基2A購01","0.41","",="00665L","富邦恒生國企正2","7.02","－","認購","美式","112年02月22日","112年02月22日","112年10月19日","112年10月23日","0.70","    10.80","","",
="036872","元油反凱基2B購03","0.99","",="00673R","期元大S&P原油反1(原名：元大S&P原油反1)","9.03","－","認購","美式","112年02月22日","112年02月22日","112年11月17日","112年11月21日","1.00","    10.00","","",
="036873","華新凱基29購06","0.00","","1605","華新","46.60","＋","認購","美式","112年02月22日","112年02月22日","112年09月19日","112年09月21日","0.70","    78.00","","",
="036874","聯電凱基28購10","0.00","","2303","聯電","51.20","＋","認購","美式","112年02月22日","112年02月22日","112年08月17日","112年08月21日","1.00","    65.00","","",
="036875","鴻海凱基28購09","0.30","","2317","鴻海","105.50","＋","認購","美式","112年02月22日","112年02月22日","112年08月17日","112年08月21日","0.50","    126.00","","",
="036876","鴻海凱基2A購06","0.38","＋","2317","鴻海","105.50","＋","認購","美式","112年02月22日","112年02月22日","112年10月19日","112年10月23日","1.00","    154.00","","",
="036877","華邦電凱基28購02","3.25","＋","2344","華邦電","26.90","＋","認購","美式","112年02月22日","112年02月22日","112年08月17日","112年08月21日","1.00","    25.00","","",
="036878","智邦凱基28購01","0.00","","2345","智邦","357.50","＋","認購","美式","112年02月22日","112年02月22日","112年08月17日","112年08月21日","0.12","    360.00","","",
="036879","南亞科凱基28購05","3.16","","2408","南亞科","71.20","－","認購","美式","112年02月22日","112年02月22日","112年08月17日","112年08月21日","0.30","    63.00","","",
="03687U","富邦媒元富27售04","0.00","","8454","富邦媒","703.00","＋","認售","歐式","112年01月16日","112年07月17日","112年07月13日","112年07月17日","0.01","    720.00","","",
="036880","友達凱基28購04","0.40","","2409","友達","17.65","＋","認購","美式","112年02月22日","112年02月22日","112年08月17日","112年08月21日","1.00","    21.00","","",
="036881","飛宏凱基28購01","0.00","","2457","飛宏","76.40","＋","認購","美式","112年02月22日","112年02月22日","112年08月17日","112年08月21日","0.50","    50.00","","",
="036882","怡利電凱基29購01","0.00","","2497","怡利電","71.30","＋","認購","美式","112年02月22日","112年02月22日","112年09月19日","112年09月21日","0.26","    100.00","","",
="036883","長榮航凱基2A購02","2.25","＋","2618","長榮航","33.60","＋","認購","美式","112年02月22日","112年02月22日","112年10月19日","112年10月23日","1.00","    37.00","","",
="036884","晶豪科凱基28購04","1.06","＋","3006","晶豪科","88.20","＋","認購","美式","112年02月22日","112年02月22日","112年08月17日","112年08月21日","0.40","    110.00","","",
="036885","群創凱基2A購02","0.24","＋","3481","群創","14.10","＋","認購","美式","112年02月22日","112年02月22日","112年10月19日","112年10月23日","1.00","    20.00","","",
="036886","台勝科凱基29購01","0.70","＋","3532","台勝科","157.00","＋","認購","美式","112年02月22日","112年02月22日","112年09月19日","112年09月21日","0.15","    220.00","","",
="036887","嘉澤凱基29購04","3.00","＋","3533","嘉澤","909.00","－","認購","美式","112年02月22日","112年02月22日","112年09月19日","112年09月21日","0.025","    895.62","","",
="036888","碩天凱基29購02","3.56","","3617","碩天","191.00","－","認購","美式","112年02月22日","112年02月22日","112年09月19日","112年09月21日","0.12","    185.00","","",
="036889","貿聯凱基28購02","0.00","","3665","貿聯-KY","270.50","＋","認購","美式","112年02月22日","112年02月22日","112年08月17日","112年08月21日","0.07","    328.71","","",
="03688U","臺股指元富29售02","0.00","","IX0001","臺股指數","16,636.30","","認售","歐式","112年01月16日","112年09月15日","112年09月13日","112年09月15日","0.004","    13,400.00","","",
="036890","拓凱凱基29購01","0.57","＋","4536","拓凱","196.50","＋","認購","美式","112年02月22日","112年02月22日","112年09月19日","112年09月21日","0.06","    250.00","","",
="036891","中磊凱基2B購01","2.53","＋","5388","中磊","93.30","＋","認購","美式","112年02月22日","112年02月22日","112年11月17日","112年11月21日","0.21","    95.23","","",
="036892","台表科凱基28購02","0.00","","6278","台表科","100.50","＋","認購","美式","112年02月22日","112年02月22日","112年08月17日","112年08月21日","0.25","    105.00","","",
="036893","晶心科凱基28購06","0.81","＋","6533","晶心科","511.00","＋","認購","美式","112年02月22日","112年02月22日","112年08月17日","112年08月21日","0.02","    560.00","","",
="036894","矽創凱基28購03","1.31","＋","8016","矽創","225.50","＋","認購","美式","112年02月22日","112年02月22日","112年08月17日","112年08月21日","0.07","    230.00","","",
="036895","矽創凱基2B購01","1.39","＋","8016","矽創","225.50","＋","認購","美式","112年02月22日","112年02月22日","112年11月17日","112年11月21日","0.10","    280.00","","",
="036896","T50反1元大31購03","0.00","",="00632R","元大台灣50反1","4.94","－","認購","美式","112年02月22日","112年02月22日","113年01月18日","113年01月22日","1.00","    5.35","","",
="036897","T50反1元大31購04","0.33","",="00632R","元大台灣50反1","4.94","－","認購","美式","112年02月22日","112年02月22日","113年01月18日","113年01月22日","1.00","    5.25","","",
="036898","大亞元大28購03","3.67","＋","1609","大亞","31.00","＋","認購","美式","112年02月22日","112年02月22日","112年08月17日","112年08月21日","0.915","    30.05","","",
="036899","寶齡元大28購06","0.43","－","1760","寶齡富錦","148.50","","認購","美式","112年02月22日","112年02月22日","112年08月17日","112年08月21日","0.049","    185.00","","",
="03689U","臺股指元富29售03","0.75","","IX0001","臺股指數","16,636.30","","認售","歐式","112年01月16日","112年09月15日","112年09月13日","112年09月15日","0.003","    14,500.00","","",
="036900","上銀元大28購09","0.00","","2049","上銀","235.50","＋","認購","美式","112年02月22日","112年02月22日","112年08月17日","112年08月21日","0.078","    276.50","","",
="036901","台亞元大28購01","0.00","","2340","台亞","36.30","＋","認購","美式","112年02月22日","112年02月22日","112年08月17日","112年08月21日","0.601","    45.00","","",
="036902","華邦電元大28購02","2.19","＋","2344","華邦電","26.90","＋","認購","美式","112年02月22日","112年02月22日","112年08月17日","112年08月21日","0.496","    23.55","","",
="036903","華邦電元大2A購01","1.46","＋","2344","華邦電","26.90","＋","認購","美式","112年02月22日","112年02月22日","112年10月19日","112年10月23日","1.00","    32.95","","",
="036904","華邦電元大2B購01","1.42","＋","2344","華邦電","26.90","＋","認購","美式","112年02月22日","112年02月22日","112年11月17日","112年11月21日","1.00","    34.70","","",
="036905","技嘉元大28購05","4.09","－","2376","技嘉","186.00","＋","認購","美式","112年02月22日","112年02月22日","112年08月17日","112年08月21日","0.152","    166.00","","",
="036906","聯發科元大29購05","1.47","","2454","聯發科","738.00","＋","認購","美式","112年02月22日","112年02月22日","112年09月19日","112年09月21日","0.053","    934.00","","",
="036907","飛宏元大28購01","0.00","","2457","飛宏","76.40","＋","認購","美式","112年02月22日","112年02月22日","112年08月17日","112年08月21日","0.417","    51.50","","",
="036908","漢翔元大29購05","0.00","","2634","漢翔","55.80","＋","認購","美式","112年02月22日","112年02月22日","112年09月19日","112年09月21日","0.662","    47.10","","",
="036909","玉晶光元大29購05","1.12","","3406","玉晶光","400.00","＋","認購","美式","112年02月22日","112年02月22日","112年09月19日","112年09月21日","0.05","    475.00","","",
="03690P","台灣50永豐26售01","0.00","",="0050","元大台灣50","126.75","＋","認售","歐式","111年10月05日","112年06月05日","112年06月01日","112年06月05日","0.327","    78.24","","",
="03690U","美食群益27售04","0.17","","2723","美食-KY","152.50","－","認售","歐式","112年01月16日","112年07月17日","112年07月13日","112年07月17日","0.18","    101.00","","",
="036910","群創元大28購02","0.60","","3481","群創","14.10","＋","認購","美式","112年02月22日","112年02月22日","112年08月17日","112年08月21日","0.70","    15.20","","",
="036911","健策元大29購03","0.00","","3653","健策","616.00","＋","認購","美式","112年02月22日","112年02月22日","112年09月19日","112年09月21日","0.034","    451.50","","",
="036912","健策元大2A購05","6.65","＋","3653","健策","616.00","＋","認購","美式","112年02月22日","112年02月22日","112年10月19日","112年10月23日","0.048","    535.00","","",
="036913","世芯元大29購14","0.00","","3661","世芯-KY","1,660.00","＋","認購","美式","112年02月22日","112年02月22日","112年09月19日","112年09月21日","0.009","    925.00","","",
="036914","貿聯元大29購02","1.02","","3665","貿聯-KY","270.50","＋","認購","美式","112年02月22日","112年02月22日","112年09月19日","112年09月21日","0.049","    293.84","","",
="036915","合勤控元大28購03","0.85","＋","3704","合勤控","43.85","＋","認購","美式","112年02月22日","112年02月22日","112年08月17日","112年08月21日","0.331","    50.50","","",
="036916","乙盛元大28購01","0.00","","5243","乙盛-KY","83.70","＋","認購","美式","112年02月22日","112年02月22日","112年08月17日","112年08月21日","0.202","    61.20","","",
="036917","台表科元大28購04","0.00","","6278","台表科","100.50","＋","認購","美式","112年02月22日","112年02月22日","112年08月17日","112年08月21日","0.133","    85.60","","",
="036918","晶碩元大28購05","0.00","","6491","晶碩","366.50","＋","認購","美式","112年02月22日","112年02月22日","112年08月17日","112年08月21日","0.041","    531.00","","",
="036919","穎崴元大28購06","4.21","","6515","穎崴","830.00","－","認購","美式","112年02月22日","112年02月22日","112年08月17日","112年08月21日","0.027","    750.00","","",
="03691U","大立光群益27售02","0.00","","3008","大立光","2,305.00","＋","認售","歐式","112年01月16日","112年07月17日","112年07月13日","112年07月17日","0.02","    1,682.88","","",
="036920","帝寶元大28購03","0.00","","6605","帝寶","99.80","＋","認購","美式","112年02月22日","112年02月22日","112年08月17日","112年08月21日","0.264","    112.50","","",
="036921","百和元大28購01","0.29","","9938","百和","55.00","＋","認購","美式","112年02月22日","112年02月22日","112年08月17日","112年08月21日","0.40","    72.90","","",
="036922","宏全元大28購01","1.47","＋","9939","宏全","106.50","＋","認購","美式","112年02月22日","112年02月22日","112年08月17日","112年08月21日","0.20","    111.38","","",
="036923","華新兆豐29購03","0.00","","1605","華新","46.60","＋","認購","美式","112年02月22日","112年02月22日","112年09月19日","112年09月21日","0.18","    72.00","","",
="036924","華新兆豐2A購02","0.00","","1605","華新","46.60","＋","認購","美式","112年02月22日","112年02月22日","112年10月19日","112年10月23日","0.12","    60.00","","",
="036925","國巨兆豐29購02","0.00","","2327","國巨","508.00","＋","認購","美式","112年02月22日","112年02月22日","112年09月19日","112年09月21日","0.02","    640.00","","",
="036926","國巨兆豐2A購01","0.29","","2327","國巨","508.00","＋","認購","美式","112年02月22日","112年02月22日","112年10月19日","112年10月23日","0.022","    680.00","","",
="036927","友達兆豐2A購01","0.00","","2409","友達","17.65","＋","認購","美式","112年02月22日","112年02月22日","112年10月19日","112年10月23日","0.43","    21.00","","",
="036928","友達兆豐2B購02","0.64","","2409","友達","17.65","＋","認購","美式","112年02月22日","112年02月22日","112年11月17日","112年11月21日","0.42","    19.50","","",
="036929","威強電台新28購01","1.24","","3022","威強電","91.20","＋","認購","歐式","112年02月22日","112年08月21日","112年08月17日","112年08月21日","0.18","    100.00","","",
="03692U","世芯群益27售01","0.00","","3661","世芯-KY","1,660.00","＋","認售","歐式","112年01月16日","112年07月17日","112年07月13日","112年07月17日","0.025","    666.00","","",
="036930","國巨統一2C購01","0.28","－","2327","國巨","508.00","＋","認購","美式","112年02月22日","112年02月22日","112年12月19日","112年12月21日","0.008","    672.60","","",
="036931","國巨統一32購04","0.00","","2327","國巨","508.00","＋","認購","美式","112年02月22日","112年02月22日","113年02月19日","113年02月21日","0.008","    688.88","","",
="036932","台積電統一2C購03","0.00","","2330","台積電","568.00","＋","認購","美式","112年02月22日","112年02月22日","112年12月19日","112年12月21日","0.025","    578.87","","",
="036933","台亞統一2C購01","0.00","","2340","台亞","36.30","＋","認購","美式","112年02月22日","112年02月22日","112年12月19日","112年12月21日","0.105","    45.67","","",
="036934","全新統一2A購01","1.00","＋","2455","全新","100.00","","認購","美式","112年02月22日","112年02月22日","112年10月19日","112年10月23日","0.065","    100.40","","",
="036935","華新科統一32購02","0.52","","2492","華新科","101.00","＋","認購","美式","112年02月22日","112年02月22日","113年02月19日","113年02月21日","0.029","    108.88","","",
="036936","華航統一2C購01","0.61","","2610","華航","21.65","＋","認購","美式","112年02月22日","112年02月22日","112年12月19日","112年12月21日","0.35","    28.88","","",
="036937","華航統一2C購02","0.55","＋","2610","華航","21.65","＋","認購","美式","112年02月22日","112年02月22日","112年12月19日","112年12月21日","0.20","    25.20","","",
="036938","長榮航統一2A購07","1.42","＋","2618","長榮航","33.60","＋","認購","美式","112年02月22日","112年02月22日","112年10月19日","112年10月23日","0.25","    31.50","","",
="036939","長榮航統一2A購08","1.13","＋","2618","長榮航","33.60","＋","認購","美式","112年02月22日","112年02月22日","112年10月19日","112年10月23日","0.22","    35.00","","",
="03693U","采鈺群益29售01","0.00","","6789","采鈺","224.00","＋","認售","歐式","112年01月16日","112年09月15日","112年09月13日","112年09月15日","0.08","    168.00","","",
="036940","長榮航統一2C購02","1.09","＋","2618","長榮航","33.60","＋","認購","美式","112年02月22日","112年02月22日","112年12月19日","112年12月21日","0.20","    35.10","","",
="036941","長榮航統一31購01","1.33","＋","2618","長榮航","33.60","＋","認購","美式","112年02月22日","112年02月22日","113年01月18日","113年01月22日","0.168","    30.00","","",
="036942","長榮航統一32購01","0.95","＋","2618","長榮航","33.60","＋","認購","美式","112年02月22日","112年02月22日","113年02月19日","113年02月21日","0.168","    39.99","","",
="036943","漢翔統一2A購01","0.00","","2634","漢翔","55.80","＋","認購","美式","112年02月22日","112年02月22日","112年10月19日","112年10月23日","0.18","    44.60","","",
="036944","晶豪科統一2A購02","0.76","","3006","晶豪科","88.20","＋","認購","美式","112年02月22日","112年02月22日","112年10月19日","112年10月23日","0.06","    93.40","","",
="036945","康舒統一2A購02","0.65","＋","6282","康舒","44.05","＋","認購","美式","112年02月22日","112年02月22日","112年10月19日","112年10月23日","0.16","    51.68","","",
="036946","帝寶統一2A購01","1.14","","6605","帝寶","99.80","＋","認購","美式","112年02月22日","112年02月22日","112年10月19日","112年10月23日","0.07","    96.30","","",
="036947","矽創統一2A購02","0.50","","8016","矽創","225.50","＋","認購","美式","112年02月22日","112年02月22日","112年10月19日","112年10月23日","0.03","    274.30","","",
="036948","東哥統一2B購04","0.00","","8478","東哥遊艇","520.00","＋","認購","美式","112年02月22日","112年02月22日","112年11月17日","112年11月21日","0.01","    400.00","","",
="036949","國巨麥證2A購01","0.00","","2327","國巨","508.00","＋","認購","歐式","112年02月22日","112年10月23日","112年10月19日","112年10月23日","0.025","    750.00","","",
="03694U","晶華國票28售03","0.00","","2707","晶華","288.00","＋","認售","歐式","112年01月17日","112年08月16日","112年08月14日","112年08月16日","0.06","    220.00","","",
="036950","金像電麥證29購01","0.00","","2368","金像電","121.50","","認購","歐式","112年02月22日","112年09月21日","112年09月19日","112年09月21日","1.035","    124.48","","",
="036951","華新科麥證29購01","0.63","＋","2492","華新科","101.00","＋","認購","歐式","112年02月22日","112年09月21日","112年09月19日","112年09月21日","0.17","    125.00","","",
="036952","健策麥證29購01","0.00","","3653","健策","616.00","＋","認購","歐式","112年02月22日","112年09月21日","112年09月19日","112年09月21日","0.05","    454.56","","",
="036953","道瓊反中信2B購01","0.00","",="00669R","國泰美國道瓊反1","8.06","－","認購","歐式","112年02月23日","112年11月22日","112年11月20日","112年11月22日","1.00","    8.00","","",
="036954","聯電中信28購03","0.00","","2303","聯電","51.20","＋","認購","歐式","112年02月23日","112年08月22日","112年08月18日","112年08月22日","0.13","    55.00","","",
="036955","飛宏中信29購01","3.17","＋","2457","飛宏","76.40","＋","認購","歐式","112年02月23日","112年09月22日","112年09月20日","112年09月22日","0.18","    62.80","","",
="036956","華航中信28購03","0.24","＋","2610","華航","21.65","＋","認購","歐式","112年02月23日","112年08月22日","112年08月18日","112年08月22日","1.00","    31.88","","",
="036957","世紀鋼中信28購01","0.65","＋","9958","世紀鋼","109.50","＋","認購","歐式","112年02月23日","112年08月22日","112年08月18日","112年08月22日","0.10","    126.00","","",
="036958","漢翔第一2A購01","1.88","＋","2634","漢翔","55.80","＋","認購","美式","112年02月23日","112年02月23日","112年10月19日","112年10月23日","0.12","    42.51","","",
="036959","裕隆麥證2A購01","0.00","","2201","裕隆","82.80","＋","認購","歐式","112年02月23日","112年10月23日","112年10月19日","112年10月23日","0.30","    120.00","","",
="03695U","台達電永豐27售02","0.00","","2308","台達電","315.50","－","認售","歐式","112年01月17日","112年07月17日","112年07月13日","112年07月17日","0.08","    245.96","","",
="036960","晶華麥證28購02","0.00","","2707","晶華","288.00","＋","認購","歐式","112年02月23日","112年08月22日","112年08月18日","112年08月22日","0.07","    410.00","","",
="036961","飛宏康和28購01","0.00","","2457","飛宏","76.40","＋","認購","美式","112年02月23日","112年02月23日","112年08月18日","112年08月22日","0.30","    55.00","","",
="036962","群創康和2B購01","0.26","","3481","群創","14.10","＋","認購","美式","112年02月23日","112年02月23日","112年11月20日","112年11月22日","1.00","    20.00","","",
="036963","愛普康和28購02","1.28","＋","6531","愛普*","328.50","＋","認購","美式","112年02月23日","112年02月23日","112年08月18日","112年08月22日","0.03","    320.00","","",
="036964","道瓊反永豐28購01","0.00","",="00669R","國泰美國道瓊反1","8.06","－","認購","美式","112年02月23日","112年02月23日","112年08月18日","112年08月22日","1.00","    7.96","","",
="036965","華城永豐2A購02","0.00","","1519","華城","141.00","＋","認購","美式","112年02月23日","112年02月23日","112年10月19日","112年10月23日","0.086","    64.65","","",
="036966","中砂永豐2A購02","0.66","－","1560","中砂","114.50","－","認購","美式","112年02月23日","112年02月23日","112年10月19日","112年10月23日","0.066","    127.05","","",
="036967","大成鋼永豐28購01","0.00","","2027","大成鋼","45.25","＋","認購","美式","112年02月23日","112年02月23日","112年08月18日","112年08月22日","1.00","    57.62","","",
="036968","佳世達永豐29購01","5.00","＋","2352","佳世達","40.20","＋","認購","美式","112年02月23日","112年02月23日","112年09月20日","112年09月22日","1.00","    36.94","","",
="036969","飛宏永豐2A購01","0.00","","2457","飛宏","76.40","＋","認購","美式","112年02月23日","112年02月23日","112年10月19日","112年10月23日","0.32","    65.00","","",
="03696U","大立光永豐28售02","0.20","－","3008","大立光","2,305.00","＋","認售","歐式","112年01月17日","112年08月16日","112年08月14日","112年08月16日","0.008","    1,788.49","","",
="036970","晶華永豐29購01","0.66","＋","2707","晶華","288.00","＋","認購","美式","112年02月23日","112年02月23日","112年09月20日","112年09月22日","0.055","    365.63","","",
="036971","世紀鋼兆豐2C購02","0.88","＋","9958","世紀鋼","109.50","＋","認購","美式","112年02月23日","112年02月23日","112年12月20日","112年12月22日","0.07","    118.00","","",
="036972","國巨台新28購01","0.00","","2327","國巨","508.00","＋","認購","歐式","112年02月23日","112年08月22日","112年08月18日","112年08月22日","0.025","    605.55","","",
="036973","中興電國票29購03","4.56","＋","1513","中興電","113.50","＋","認購","美式","112年02月23日","112年02月23日","112年09月20日","112年09月22日","1.00","    138.00","","",
="036974","智原國票29購02","0.00","","3035","智原","173.50","＋","認購","美式","112年02月23日","112年02月23日","112年09月20日","112年09月22日","0.14","    290.00","","",
="036975","世芯國票29購04","0.00","","3661","世芯-KY","1,660.00","＋","認購","美式","112年02月23日","112年02月23日","112年09月20日","112年09月22日","0.014","    1,150.00","","",
="036976","拓凱國票29購02","0.00","","4536","拓凱","196.50","＋","認購","美式","112年02月23日","112年02月23日","112年09月20日","112年09月22日","0.14","    310.00","","",
="036977","三福化國票28購01","0.56","","4755","三福化","131.00","＋","認購","美式","112年02月23日","112年02月23日","112年08月18日","112年08月22日","0.075","    150.00","","",
="036978","康舒國票29購02","1.75","＋","6282","康舒","44.05","＋","認購","美式","112年02月23日","112年02月23日","112年09月20日","112年09月22日","0.988","    57.00","","",
="036979","樺漢國票29購03","0.00","","6414","樺漢","281.00","＋","認購","美式","112年02月23日","112年02月23日","112年09月20日","112年09月22日","0.05","    240.00","","",
="03697U","元石油元大28售02","0.94","－",="00642U","期元大S&P石油(原名：元大S&P石油)","15.46","＋","認售","歐式","112年01月17日","112年08月16日","112年08月14日","112年08月16日","0.50","    16.00","","",
="036980","嘉基國票29購01","0.00","","6715","嘉基","145.50","＋","認購","美式","112年02月23日","112年02月23日","112年09月20日","112年09月22日","0.08","    200.00","","",
="036981","威鋒電國票28購01","1.02","＋","6756","威鋒電子","223.00","＋","認購","美式","112年02月23日","112年02月23日","112年08月18日","112年08月22日","0.062","    242.03","","",
="036982","富邦媒國票29購01","0.00","","8454","富邦媒","703.00","＋","認購","美式","112年02月23日","112年02月23日","112年09月20日","112年09月22日","0.06","    1,200.00","","",
="036983","聯電富邦29購06","0.00","","2303","聯電","51.20","＋","認購","美式","112年02月23日","112年02月23日","112年09月20日","112年09月22日","0.40","    65.00","","",
="036984","華邦電富邦29購01","0.74","","2344","華邦電","26.90","＋","認購","美式","112年02月23日","112年02月23日","112年09月20日","112年09月22日","0.40","    30.00","","",
="036985","聯發科富邦29購04","0.00","","2454","聯發科","738.00","＋","認購","美式","112年02月23日","112年02月23日","112年09月20日","112年09月22日","0.015","    880.00","","",
="036986","晶華富邦2A購01","0.00","","2707","晶華","288.00","＋","認購","美式","112年02月23日","112年02月23日","112年10月19日","112年10月23日","0.03","    330.00","","",
="036987","群創富邦2B購01","0.52","＋","3481","群創","14.10","＋","認購","美式","112年02月23日","112年02月23日","112年11月20日","112年11月22日","0.80","    18.00","","",
="036988","華新統一2A購05","0.00","","1605","華新","46.60","＋","認購","美式","112年02月23日","112年02月23日","112年10月19日","112年10月23日","0.15","    70.00","","",
="036989","裕隆統一2B購02","0.77","","2201","裕隆","82.80","＋","認購","美式","112年02月23日","112年02月23日","112年11月20日","112年11月22日","0.06","    93.00","","",
="03698P","微星凱基27售01","0.00","","2377","微星","168.00","－","認售","歐式","111年10月05日","112年07月04日","112年06月30日","112年07月04日","0.28","    80.00","","",
="03698U","聯電元大27售09","0.00","","2303","聯電","51.20","＋","認售","歐式","112年01月17日","112年07月17日","112年07月13日","112年07月17日","0.50","    39.65","","",
="036990","宏達電統一29購03","0.50","","2498","宏達電","61.50","＋","認購","美式","112年02月23日","112年02月23日","112年09月20日","112年09月22日","0.125","    75.00","","",
="036991","華航統一32購01","0.46","＋","2610","華航","21.65","＋","認購","美式","112年02月23日","112年02月23日","113年02月20日","113年02月22日","0.168","    26.88","","",
="036992","長榮航統一2A購10","1.21","＋","2618","長榮航","33.60","＋","認購","美式","112年02月23日","112年02月23日","112年10月19日","112年10月23日","0.28","    35.00","","",
="036993","晶華統一2B購01","0.00","","2707","晶華","288.00","＋","認購","美式","112年02月23日","112年02月23日","112年11月20日","112年11月22日","0.012","    337.50","","",
="036994","威強電統一28購01","0.00","","3022","威強電","91.20","＋","認購","美式","112年02月23日","112年02月23日","112年08月18日","112年08月22日","0.06","    100.00","","",
="036995","群創統一2A購01","0.66","","3481","群創","14.10","＋","認購","美式","112年02月23日","112年02月23日","112年10月19日","112年10月23日","0.45","    15.50","","",
="036996","中鴻群益2A購01","0.00","","2014","中鴻","23.15","＋","認購","美式","112年02月23日","112年02月23日","112年10月19日","112年10月23日","1.00","    43.50","","",
="036997","裕隆群益2B購01","0.00","","2201","裕隆","82.80","＋","認購","美式","112年02月23日","112年02月23日","112年11月20日","112年11月22日","0.385","    120.00","","",
="036998","台積電群益28購13","1.94","","2330","台積電","568.00","＋","認購","美式","112年02月23日","112年02月23日","112年08月18日","112年08月22日","0.101","    628.60","","",
="036999","台積電群益32購02","1.40","＋","2330","台積電","568.00","＋","認購","美式","112年02月23日","112年02月23日","113年02月20日","113年02月22日","0.121","    768.84","","",
="03699U","國巨元大27售03","0.00","","2327","國巨","508.00","＋","認售","歐式","112年01月17日","112年07月17日","112年07月13日","112年07月17日","0.027","    493.00","","",
="037000","金像電群益28購01","0.00","","2368","金像電","121.50","","認購","美式","112年02月23日","112年02月23日","112年08月18日","112年08月22日","0.138","    95.62","","",
="037001","晶華群益29購01","0.00","","2707","晶華","288.00","＋","認購","美式","112年02月23日","112年02月23日","112年09月20日","112年09月22日","0.135","    408.00","","",
="037002","美食群益28購01","0.00","","2723","美食-KY","152.50","－","認購","美式","112年02月23日","112年02月23日","112年08月18日","112年08月22日","0.075","    170.00","","",
="037003","智原群益28購09","0.00","","3035","智原","173.50","＋","認購","美式","112年02月23日","112年02月23日","112年08月18日","112年08月22日","0.12","    250.00","","",
="037004","景碩群益28購03","0.89","","3189","景碩","116.00","＋","認購","美式","112年02月23日","112年02月23日","112年08月18日","112年08月22日","0.11","    130.00","","",
="037005","群創群益29購02","0.00","","3481","群創","14.10","＋","認購","美式","112年02月23日","112年02月23日","112年09月20日","112年09月22日","0.75","    18.60","","",
="037006","嘉澤群益28購09","0.00","","3533","嘉澤","909.00","－","認購","美式","112年02月23日","112年02月23日","112年08月18日","112年08月22日","0.017","    893.63","","",
="037007","天鈺群益29購02","0.00","","4961","天鈺","154.00","＋","認購","美式","112年02月23日","112年02月23日","112年09月20日","112年09月22日","0.065","    208.80","","",
="037008","彩晶群益29購02","0.20","＋","6116","彩晶","12.25","＋","認購","美式","112年02月23日","112年02月23日","112年09月20日","112年09月22日","0.75","    16.80","","",
="037009","富鼎群益28購02","0.29","","8261","富鼎","106.50","＋","認購","美式","112年02月23日","112年02月23日","112年08月18日","112年08月22日","0.196","    150.00","","",
="03700P","陽明凱基29售01","0.00","","2609","陽明","62.00","＋","認售","歐式","111年10月05日","112年09月04日","112年08月31日","112年09月04日","1.00","    30.00","","",
="03700U","義隆元大27售01","0.00","","2458","義隆","104.00","＋","認售","歐式","112年01月17日","112年07月17日","112年07月13日","112年07月17日","0.394","    63.64","","",
="037010","元金2X凱基2C購01","2.00","－",="00708L","期元大S&P黃金正2(原名：元大S&P黃金正2)","26.72","－","認購","美式","112年02月23日","112年02月23日","112年12月20日","112年12月22日","0.60","    27.00","","",
="037011","上銀凱基28購02","0.67","","2049","上銀","235.50","＋","認購","美式","112年02月23日","112年02月23日","112年08月18日","112年08月22日","0.10","    280.00","","",
="037012","國巨凱基2A購01","0.61","","2327","國巨","508.00","＋","認購","美式","112年02月23日","112年02月23日","112年10月19日","112年10月23日","0.04","    650.00","","",
="037013","微星凱基29購01","2.52","－","2377","微星","168.00","－","認購","美式","112年02月23日","112年02月23日","112年09月20日","112年09月22日","0.12","    160.00","","",
="037014","友達凱基2A購03","0.19","","2409","友達","17.65","＋","認購","美式","112年02月23日","112年02月23日","112年10月19日","112年10月23日","1.00","    28.00","","",
="037015","飛宏凱基29購01","0.00","","2457","飛宏","76.40","＋","認購","美式","112年02月23日","112年02月23日","112年09月20日","112年09月22日","0.50","    60.00","","",
="037016","可成凱基2B購01","0.84","＋","2474","可成","189.00","＋","認購","美式","112年02月23日","112年02月23日","112年11月20日","112年11月22日","0.20","    240.00","","",
="037017","長榮航凱基29購03","0.54","＋","2618","長榮航","33.60","＋","認購","美式","112年02月23日","112年02月23日","112年09月20日","112年09月22日","1.00","    44.00","","",
="037018","晶華凱基28購03","1.07","","2707","晶華","288.00","＋","認購","美式","112年02月23日","112年02月23日","112年08月18日","112年08月22日","0.06","    310.00","","",
="037019","晶華凱基2A購03","0.00","","2707","晶華","288.00","＋","認購","美式","112年02月23日","112年02月23日","112年10月19日","112年10月23日","0.06","    400.00","","",
="03701P","華航凱基27售04","0.00","","2610","華航","21.65","＋","認售","歐式","111年10月05日","112年07月04日","112年06月30日","112年07月04日","1.00","    16.00","","",
="03701U","欣興元大27售12","0.00","","3037","欣興","182.50","－","認售","歐式","112年01月17日","112年07月17日","112年07月13日","112年07月17日","0.108","    110.50","","",
="037020","晶華凱基2C購01","0.00","","2707","晶華","288.00","＋","認購","美式","112年02月23日","112年02月23日","112年12月20日","112年12月22日","0.05","    365.00","","",
="037021","富邦金凱基28購03","1.17","＋","2881","富邦金","61.10","＋","認購","美式","112年02月23日","112年02月23日","112年08月18日","112年08月22日","0.50","    65.00","","",
="037022","國泰金凱基28購01","0.42","＋","2882","國泰金","44.75","＋","認購","美式","112年02月23日","112年02月23日","112年08月18日","112年08月22日","1.00","    55.00","","",
="037023","威強電凱基29購01","1.11","＋","3022","威強電","91.20","＋","認購","美式","112年02月23日","112年02月23日","112年09月20日","112年09月22日","0.18","    105.00","","",
="037024","智原凱基28購05","0.00","","3035","智原","173.50","＋","認購","美式","112年02月23日","112年02月23日","112年08月18日","112年08月22日","0.08","    240.00","","",
="037025","群創凱基28購02","0.45","＋","3481","群創","14.10","＋","認購","美式","112年02月23日","112年02月23日","112年08月18日","112年08月22日","1.00","    16.00","","",
="037026","瑞鼎凱基28購01","0.00","","3592","瑞鼎","348.00","＋","認購","美式","112年02月23日","112年02月23日","112年08月18日","112年08月22日","0.08","    550.00","","",
="037027","世芯凱基28購03","0.00","","3661","世芯-KY","1,660.00","＋","認購","美式","112年02月23日","112年02月23日","112年08月18日","112年08月22日","0.012","    1,000.00","","",
="037028","合勤控凱基28購02","0.00","","3704","合勤控","43.85","＋","認購","美式","112年02月23日","112年02月23日","112年08月18日","112年08月22日","1.00","    57.00","","",
="037029","中租凱基28購03","0.45","＋","5871","中租-KY","210.50","＋","認購","美式","112年02月23日","112年02月23日","112年08月18日","112年08月22日","0.08","    250.00","","",
="03702U","揚明光元大27售03","0.43","－","3504","揚明光","81.70","＋","認售","歐式","112年01月17日","112年07月17日","112年07月13日","112年07月17日","0.068","    75.00","","",
="037030","彩晶凱基29購01","0.26","－","6116","彩晶","12.25","＋","認購","美式","112年02月23日","112年02月23日","112年09月20日","112年09月22日","1.00","    16.00","","",
="037031","嘉聯益凱基28購01","0.00","","6153","嘉聯益","23.15","＋","認購","美式","112年02月23日","112年02月23日","112年08月18日","112年08月22日","0.70","    29.00","","",
="037032","聯茂凱基2A購01","0.75","＋","6213","聯茂","72.30","＋","認購","美式","112年02月23日","112年02月23日","112年10月19日","112年10月23日","0.20","    100.00","","",
="037033","矽力凱基29購03","0.03","＋","6415","矽力*-KY","394.50","＋","認購","美式","112年02月23日","112年02月23日","112年09月20日","112年09月22日","0.025","    867.32","","",
="037034","采鈺凱基28購04","0.00","","6789","采鈺","224.00","＋","認購","美式","112年02月23日","112年02月23日","112年08月18日","112年08月22日","0.15","    340.00","","",
="037035","矽創凱基28購04","0.88","","8016","矽創","225.50","＋","認購","美式","112年02月23日","112年02月23日","112年08月18日","112年08月22日","0.08","    250.00","","",
="037036","富邦媒凱基29購01","0.00","","8454","富邦媒","703.00","＋","認購","美式","112年02月23日","112年02月23日","112年09月20日","112年09月22日","0.018","    1,000.00","","",
="037037","富邦媒凱基29購02","0.00","","8454","富邦媒","703.00","＋","認購","美式","112年02月23日","112年02月23日","112年09月20日","112年09月22日","0.035","    1,200.00","","",
="037038","臺股指凱基29購35","2.67","＋","IX0001","臺股指數","16,636.30","","認購","歐式","112年02月23日","112年09月22日","112年09月20日","112年09月22日","0.006","    16,800.00","","",
="037039","臺股指凱基29購36","0.00","","IX0001","臺股指數","16,636.30","","認購","歐式","112年02月23日","112年09月22日","112年09月20日","112年09月22日","0.005","    16,600.00","","",
="03703P","台積電國泰26售02","0.00","","2330","台積電","568.00","＋","認售","歐式","111年10月05日","112年06月05日","112年06月01日","112年06月05日","0.152","    356.01","","",
="03703U","華擎元大27售01","0.82","－","3515","華擎","154.00","＋","認售","歐式","112年01月17日","112年07月17日","112年07月13日","112年07月17日","0.057","    148.00","","",
="037040","臺股指凱基29購37","0.00","","IX0001","臺股指數","16,636.30","","認購","歐式","112年02月23日","112年09月22日","112年09月20日","112年09月22日","0.004","    16,300.00","","",
="037041","臺股指凱基2A購27","0.00","","IX0001","臺股指數","16,636.30","","認購","歐式","112年02月23日","112年10月23日","112年10月19日","112年10月23日","0.007","    17,300.00","","",
="037042","臺股指凱基32購01","2.03","＋","IX0001","臺股指數","16,636.30","","認購","歐式","112年02月23日","113年02月22日","113年02月20日","113年02月22日","0.01","    20,000.00","","",
="037043","T50反1元富2B購04","0.24","－",="00632R","元大台灣50反1","4.94","－","認購","美式","112年02月23日","112年02月23日","112年11月20日","112年11月22日","1.00","    5.00","","",
="037044","華新元富29購01","1.02","＋","1605","華新","46.60","＋","認購","美式","112年02月23日","112年02月23日","112年09月20日","112年09月22日","1.00","    63.00","","",
="037045","鴻海元富28購05","0.00","","2317","鴻海","105.50","＋","認購","美式","112年02月23日","112年02月23日","112年08月18日","112年08月22日","0.07","    100.00","","",
="037046","鴻海元富2B購01","0.00","","2317","鴻海","105.50","＋","認購","美式","112年02月23日","112年02月23日","112年11月20日","112年11月22日","0.10","    110.00","","",
="037047","台積電元富28購19","1.19","＋","2330","台積電","568.00","＋","認購","美式","112年02月23日","112年02月23日","112年08月18日","112年08月22日","0.015","    497.31","","",
="037048","長榮航元富29購03","3.96","＋","2618","長榮航","33.60","＋","認購","美式","112年02月23日","112年02月23日","112年09月20日","112年09月22日","1.00","    33.00","","",
="037049","長榮航元富2B購01","2.64","＋","2618","長榮航","33.60","＋","認購","美式","112年02月23日","112年02月23日","112年11月20日","112年11月22日","1.00","    38.00","","",
="03704P","富邦金國泰26售01","0.00","","2881","富邦金","61.10","＋","認售","歐式","111年10月05日","112年06月05日","112年06月01日","112年06月05日","0.50","    45.00","","",
="03704U","力積電元大27售09","0.00","","6770","力積電","30.85","＋","認售","歐式","112年01月17日","112年07月17日","112年07月13日","112年07月17日","0.884","    27.66","","",
="037050","晶華元富28購01","0.44","","2707","晶華","288.00","＋","認購","美式","112年02月23日","112年02月23日","112年08月18日","112年08月22日","0.089","    410.00","","",
="037051","群創元富28購02","0.18","＋","3481","群創","14.10","＋","認購","美式","112年02月23日","112年02月23日","112年08月18日","112年08月22日","0.80","    17.00","","",
="037052","華擎元富2B購01","1.11","","3515","華擎","154.00","＋","認購","美式","112年02月23日","112年02月23日","112年11月20日","112年11月22日","0.08","    200.00","","",
="037053","道瓊反元大2C購01","0.67","",="00669R","國泰美國道瓊反1","8.06","－","認購","美式","112年02月23日","112年02月23日","112年12月20日","112年12月22日","1.00","    8.10","","",
="037054","台泥元大28購02","0.19","－","1101","台泥","38.15","＋","認購","美式","112年02月23日","112年02月23日","112年08月18日","112年08月22日","1.00","    49.50","","",
="037055","亞力元大28購01","7.40","","1514","亞力","51.60","＋","認購","美式","112年02月23日","112年02月23日","112年08月18日","112年08月22日","0.658","    42.20","","",
="037056","第一銅元大29購01","0.00","","2009","第一銅","32.10","＋","認購","美式","112年02月23日","112年02月23日","112年09月20日","112年09月22日","0.343","    46.20","","",
="037057","上銀元大28購10","0.66","＋","2049","上銀","235.50","＋","認購","美式","112年02月23日","112年02月23日","112年08月18日","112年08月22日","0.112","    309.00","","",
="037058","鴻海元大29購20","1.10","＋","2317","鴻海","105.50","＋","認購","美式","112年02月23日","112年02月23日","112年09月20日","112年09月22日","0.184","    112.00","","",
="037059","鴻海元大2A購19","0.88","＋","2317","鴻海","105.50","＋","認購","美式","112年02月23日","112年02月23日","112年10月19日","112年10月23日","0.242","    123.00","","",
="03705P","玉晶光國泰26售01","0.00","","3406","玉晶光","400.00","＋","認售","歐式","111年10月05日","112年06月05日","112年06月01日","112年06月05日","0.05","    292.00","","",
="03705U","台灣50元富27售07","0.00","",="0050","元大台灣50","126.75","＋","認售","歐式","112年01月17日","112年07月17日","112年07月13日","112年07月17日","1.023","    100.73","","",
="037060","國巨元大29購05","0.31","","2327","國巨","508.00","＋","認購","美式","112年02月23日","112年02月23日","112年09月20日","112年09月22日","0.068","    791.00","","",
="037061","可成元大28購01","0.37","＋","2474","可成","189.00","＋","認購","美式","112年02月23日","112年02月23日","112年08月18日","112年08月22日","0.102","    218.50","","",
="037062","華新科元大28購04","0.00","","2492","華新科","101.00","＋","認購","美式","112年02月23日","112年02月23日","112年08月18日","112年08月22日","0.11","    131.50","","",
="037063","怡利電元大28購02","0.00","","2497","怡利電","71.30","＋","認購","美式","112年02月23日","112年02月23日","112年08月18日","112年08月22日","0.192","    93.50","","",
="037064","榮運元大28購02","1.15","","2607","榮運","27.35","＋","認購","美式","112年02月23日","112年02月23日","112年08月18日","112年08月22日","0.34","    27.30","","",
="037065","長榮航元大29購12","2.29","＋","2618","長榮航","33.60","＋","認購","美式","112年02月23日","112年02月23日","112年09月20日","112年09月22日","0.881","    36.10","","",
="037066","長榮航元大2A購05","1.26","＋","2618","長榮航","33.60","＋","認購","美式","112年02月23日","112年02月23日","112年10月19日","112年10月23日","1.00","    43.40","","",
="037067","富邦金元大28購03","0.14","","2881","富邦金","61.10","＋","認購","美式","112年02月23日","112年02月23日","112年08月18日","112年08月22日","1.00","    85.00","","",
="037068","威強電元大28購02","0.00","","3022","威強電","91.20","＋","認購","美式","112年02月23日","112年02月23日","112年08月18日","112年08月22日","0.117","    87.70","","",
="037069","威強電元大2A購01","1.30","＋","3022","威強電","91.20","＋","認購","美式","112年02月23日","112年02月23日","112年10月19日","112年10月23日","0.167","    111.50","","",
="03706U","FBNQ2X凱基29售02","0.00","",="00670L","富邦NASDAQ正2","78.90","＋","認售","歐式","112年01月17日","112年09月18日","112年09月14日","112年09月18日","0.25","    40.00","","",
="037070","威強電元大2B購01","0.00","","3022","威強電","91.20","＋","認購","美式","112年02月23日","112年02月23日","112年11月20日","112年11月22日","0.207","    125.00","","",
="037071","群創元大28購03","0.00","","3481","群創","14.10","＋","認購","美式","112年02月23日","112年02月23日","112年08月18日","112年08月22日","1.00","    18.45","","",
="037072","群創元大29購03","0.54","＋","3481","群創","14.10","＋","認購","美式","112年02月23日","112年02月23日","112年09月20日","112年09月22日","0.853","    16.95","","",
="037073","群創元大2A購01","0.00","","3481","群創","14.10","＋","認購","美式","112年02月23日","112年02月23日","112年10月19日","112年10月23日","1.00","    20.60","","",
="037074","碩天元大29購01","0.00","","3617","碩天","191.00","－","認購","美式","112年02月23日","112年02月23日","112年09月20日","112年09月22日","0.065","    146.00","","",
="037075","碩天元大2A購01","3.41","－","3617","碩天","191.00","－","認購","美式","112年02月23日","112年02月23日","112年10月19日","112年10月23日","0.11","    190.00","","",
="037076","健策元大29購04","0.00","","3653","健策","616.00","＋","認購","美式","112年02月23日","112年02月23日","112年09月20日","112年09月22日","0.039","    468.50","","",
="037077","健策元大2A購06","0.00","","3653","健策","616.00","＋","認購","美式","112年02月23日","112年02月23日","112年10月19日","112年10月23日","0.042","    515.00","","",
="037078","健策元大2B購03","6.10","＋","3653","健策","616.00","＋","認購","美式","112年02月23日","112年02月23日","112年11月20日","112年11月22日","0.053","    595.00","","",
="037079","拓凱元大28購01","0.00","","4536","拓凱","196.50","＋","認購","美式","112年02月23日","112年02月23日","112年08月18日","112年08月22日","0.174","    306.00","","",
="03707U","美費半凱基28售01","0.12","－",="00830","國泰費城半導體","31.65","＋","認售","歐式","112年01月17日","112年08月16日","112年08月14日","112年08月16日","0.402","    22.89","","",
="037080","康普元大28購01","0.00","","4739","康普","88.80","＋","認購","美式","112年02月23日","112年02月23日","112年08月18日","112年08月22日","0.074","    118.00","","",
="037081","台表科元大28購05","0.00","","6278","台表科","100.50","＋","認購","美式","112年02月23日","112年02月23日","112年08月18日","112年08月22日","0.172","    94.10","","",
="037082","穎崴元大29購02","3.21","－","6515","穎崴","830.00","－","認購","美式","112年02月23日","112年02月23日","112年09月20日","112年09月22日","0.021","    804.00","","",
="037083","晶心科元大28購06","0.47","＋","6533","晶心科","511.00","＋","認購","美式","112年02月23日","112年02月23日","112年08月18日","112年08月22日","0.012","    600.00","","",
="037084","緯穎元大29購05","0.00","","6669","緯穎","1,205.00","＋","認購","美式","112年02月23日","112年02月23日","112年09月20日","112年09月22日","0.015","    886.00","","",
="037085","采鈺元大28購03","0.71","","6789","采鈺","224.00","＋","認購","美式","112年02月23日","112年02月23日","112年08月18日","112年08月22日","0.049","    261.50","","",
="037086","采鈺元大2A購03","0.81","＋","6789","采鈺","224.00","＋","認購","美式","112年02月23日","112年02月23日","112年10月19日","112年10月23日","0.046","    284.50","","",
="037087","采鈺元大2B購01","0.75","＋","6789","采鈺","224.00","＋","認購","美式","112年02月23日","112年02月23日","112年11月20日","112年11月22日","0.047","    308.50","","",
="037088","東哥元大29購06","0.00","","8478","東哥遊艇","520.00","＋","認購","美式","112年02月23日","112年02月23日","112年09月20日","112年09月22日","0.033","    525.00","","",
="037089","宏全元大28購02","1.69","＋","9939","宏全","106.50","＋","認購","美式","112年02月23日","112年02月23日","112年08月18日","112年08月22日","0.113","    97.20","","",
="03708U","美費半凱基29售03","0.00","",="00830","國泰費城半導體","31.65","＋","認售","歐式","112年01月17日","112年09月18日","112年09月14日","112年09月18日","0.703","    19.90","","",
="037090","世紀鋼元大28購03","0.36","＋","9958","世紀鋼","109.50","＋","認購","美式","112年02月23日","112年02月23日","112年08月18日","112年08月22日","0.18","    150.00","","",
="037091","上銀法興28購02","0.00","","2049","上銀","235.50","＋","認購","歐式","112年02月23日","112年08月22日","112年08月18日","112年08月22日","0.10","    280.00","","",
="037092","鴻海法興28購02","0.54","","2317","鴻海","105.50","＋","認購","歐式","112年02月23日","112年08月22日","112年08月18日","112年08月22日","1.00","    130.00","","",
="037093","國巨法興28購01","0.00","","2327","國巨","508.00","＋","認購","歐式","112年02月23日","112年08月22日","112年08月18日","112年08月22日","0.035","    650.00","","",
="037094","台積電法興28購02","0.00","","2330","台積電","568.00","＋","認購","歐式","112年02月23日","112年08月22日","112年08月18日","112年08月22日","0.04","    547.04","","",
="037095","友達法興28購02","0.74","＋","2409","友達","17.65","＋","認購","歐式","112年02月23日","112年08月22日","112年08月18日","112年08月22日","1.00","    20.00","","",
="037096","陽明法興28購02","0.00","","2609","陽明","62.00","＋","認購","歐式","112年02月23日","112年08月22日","112年08月18日","112年08月22日","0.25","    65.00","","",
="037097","華航法興28購02","1.17","＋","2610","華航","21.65","＋","認購","歐式","112年02月23日","112年08月22日","112年08月18日","112年08月22日","1.00","    24.00","","",
="037098","長榮航法興28購02","1.62","＋","2618","長榮航","33.60","＋","認購","歐式","112年02月23日","112年08月22日","112年08月18日","112年08月22日","0.70","    36.00","","",
="037099","智原法興2A購01","0.73","","3035","智原","173.50","＋","認購","歐式","112年02月23日","112年10月23日","112年10月19日","112年10月23日","0.06","    240.00","","",
="03709P","聯發科中信27售03","0.04","","2454","聯發科","738.00","＋","認售","歐式","111年12月05日","112年07月04日","112年06月30日","112年07月04日","0.018","    588.00","","",
="03709U","中興電凱基27售05","0.00","","1513","中興電","113.50","＋","認售","歐式","112年01月17日","112年07月17日","112年07月13日","112年07月17日","0.107","    60.00","","",
="037100","欣興法興28購02","0.00","","3037","欣興","182.50","－","認購","歐式","112年02月23日","112年08月22日","112年08月18日","112年08月22日","0.10","    160.00","","",
="037101","群創法興28購02","0.70","＋","3481","群創","14.10","＋","認購","歐式","112年02月23日","112年08月22日","112年08月18日","112年08月22日","1.00","    15.50","","",
="037102","台表科法興28購01","0.00","","6278","台表科","100.50","＋","認購","歐式","112年02月23日","112年08月22日","112年08月18日","112年08月22日","0.20","    95.00","","",
="037103","世紀鋼法興28購02","1.68","＋","9958","世紀鋼","109.50","＋","認購","歐式","112年02月23日","112年08月22日","112年08月18日","112年08月22日","0.15","    110.00","","",
="037104","威盛中信28購01","0.14","＋","2388","威盛","83.10","＋","認購","歐式","112年02月24日","112年08月23日","112年08月21日","112年08月23日","0.09","    120.00","","",
="037105","長榮中信2A購02","0.69","","2603","長榮","157.00","＋","認購","歐式","112年02月24日","112年10月23日","112年10月19日","112年10月23日","0.05","    180.00","","",
="037106","群創中信28購06","0.00","","3481","群創","14.10","＋","認購","歐式","112年02月24日","112年08月23日","112年08月21日","112年08月23日","1.00","    22.00","","",
="037107","拓凱中信28購01","0.16","＋","4536","拓凱","196.50","＋","認購","歐式","112年02月24日","112年08月23日","112年08月21日","112年08月23日","0.042","    258.00","","",
="037108","祥碩中信2A購01","0.90","＋","5269","祥碩","1,300.00","＋","認購","歐式","112年02月24日","112年10月23日","112年10月19日","112年10月23日","0.005","    1,468.00","","",
="037109","矽創中信29購01","0.00","","8016","矽創","225.50","＋","認購","歐式","112年02月24日","112年09月25日","112年09月21日","112年09月25日","0.026","    308.00","","",
="03710P","長榮航國泰28售02","0.11","－","2618","長榮航","33.60","＋","認售","歐式","111年12月05日","112年08月04日","112年08月02日","112年08月04日","0.80","    21.50","","",
="03710U","國巨凱基28售01","0.00","","2327","國巨","508.00","＋","認售","歐式","112年01月17日","112年08月16日","112年08月14日","112年08月16日","0.25","    270.00","","",
="037110","中砂康和28購01","0.00","","1560","中砂","114.50","－","認購","美式","112年02月24日","112年02月24日","112年08月21日","112年08月23日","0.08","    140.00","","",
="037111","萬海康和28購02","0.00","","2615","萬海","60.00","＋","認購","美式","112年02月24日","112年02月24日","112年08月21日","112年08月23日","0.25","    90.00","","",
="037112","華新永豐28購03","0.00","","1605","華新","46.60","＋","認購","美式","112年02月24日","112年02月24日","112年08月21日","112年08月23日","0.135","    65.00","","",
="037113","大亞永豐28購02","1.55","＋","1609","大亞","31.00","＋","認購","美式","112年02月24日","112年02月24日","112年08月21日","112年08月23日","0.76","    35.00","","",
="037114","台光電永豐28購01","0.76","＋","2383","台光電","204.50","＋","認購","美式","112年02月24日","112年02月24日","112年08月21日","112年08月23日","0.058","    227.86","","",
="037115","威盛永豐2A購01","0.00","","2388","威盛","83.10","＋","認購","美式","112年02月24日","112年02月24日","112年10月19日","112年10月23日","0.13","    108.00","","",
="037116","長榮永豐2B購01","0.84","＋","2603","長榮","157.00","＋","認購","美式","112年02月24日","112年02月24日","112年11月21日","112年11月23日","0.06","    170.78","","",
="037117","萬海永豐29購01","0.00","","2615","萬海","60.00","＋","認購","美式","112年02月24日","112年02月24日","112年09月21日","112年09月25日","0.15","    79.90","","",
="037118","聯詠永豐29購03","0.00","","3034","聯詠","423.50","＋","認購","美式","112年02月24日","112年02月24日","112年09月21日","112年09月25日","0.07","    511.25","","",
="037119","盛群永豐28購02","0.36","","6202","盛群","69.70","＋","認購","美式","112年02月24日","112年02月24日","112年08月21日","112年08月23日","0.123","    85.00","","",
="03711P","國泰金群益26售02","0.00","","2882","國泰金","44.75","＋","認售","歐式","111年12月05日","112年06月05日","112年06月01日","112年06月05日","0.559","    38.40","","",
="03711U","台積電凱基2B售06","0.00","","2330","台積電","568.00","＋","認售","歐式","112年01月17日","112年11月16日","112年11月14日","112年11月16日","0.151","    377.96","","",
="037120","同欣電永豐29購01","0.11","＋","6271","同欣電","179.50","＋","認購","美式","112年02月24日","112年02月24日","112年09月21日","112年09月25日","0.066","    300.00","","",
="037121","矽創永豐29購02","0.00","","8016","矽創","225.50","＋","認購","美式","112年02月24日","112年02月24日","112年09月21日","112年09月25日","0.058","    328.65","","",
="037122","南電永豐28購02","0.00","","8046","南電","302.50","－","認購","美式","112年02月24日","112年02月24日","112年08月21日","112年08月23日","0.028","    260.00","","",
="037123","滬深2X統一28購03","0.00","",="00637L","元大滬深300正2","13.77","－","認購","美式","112年02月24日","112年02月24日","112年08月21日","112年08月23日","0.55","    18.00","","",
="037124","台積電統一32購03","0.00","","2330","台積電","568.00","＋","認購","美式","112年02月24日","112年02月24日","113年02月21日","113年02月23日","0.01","    517.20","","",
="037125","威盛統一2C購02","0.65","＋","2388","威盛","83.10","＋","認購","美式","112年02月24日","112年02月24日","112年12月21日","112年12月25日","0.05","    93.60","","",
="037126","飛宏統一2B購01","2.35","","2457","飛宏","76.40","＋","認購","美式","112年02月24日","112年02月24日","112年11月21日","112年11月23日","0.09","    53.90","","",
="037127","飛宏統一31購01","1.50","＋","2457","飛宏","76.40","＋","認購","美式","112年02月24日","112年02月24日","113年01月19日","113年01月23日","0.066","    68.88","","",
="037128","聯詠統一2C購02","0.37","＋","3034","聯詠","423.50","＋","認購","美式","112年02月24日","112年02月24日","112年12月21日","112年12月25日","0.018","    600.00","","",
="037129","創意統一2C購03","1.43","＋","3443","創意","1,515.00","＋","認購","美式","112年02月24日","112年02月24日","112年12月21日","112年12月25日","0.004","    1,500.00","","",
="03712U","富邦金凱基27售02","0.00","","2881","富邦金","61.10","＋","認售","歐式","112年01月17日","112年07月17日","112年07月13日","112年07月17日","1.00","    48.00","","",
="037130","嘉澤統一2B購01","0.82","＋","3533","嘉澤","909.00","－","認購","美式","112年02月24日","112年02月24日","112年11月21日","112年11月23日","0.006","    948.07","","",
="037131","拓凱統一2B購01","0.30","","4536","拓凱","196.50","＋","認購","美式","112年02月24日","112年02月24日","112年11月21日","112年11月23日","0.019","    257.30","","",
="037132","拓凱統一2C購01","0.00","","4536","拓凱","196.50","＋","認購","美式","112年02月24日","112年02月24日","112年12月21日","112年12月25日","0.018","    286.40","","",
="037133","矽創統一31購02","0.00","","8016","矽創","225.50","＋","認購","美式","112年02月24日","112年02月24日","113年01月19日","113年01月23日","0.013","    345.67","","",
="037134","長榮航第一28購02","1.24","＋","2618","長榮航","33.60","＋","認購","美式","112年02月24日","112年02月24日","112年08月21日","112年08月23日","0.27","    31.38","","",
="037135","健策第一2B購01","0.00","","3653","健策","616.00","＋","認購","美式","112年02月24日","112年02月24日","112年11月21日","112年11月23日","0.012","    439.73","","",
="037136","台灣50凱基2A購11","0.00","",="0050","元大台灣50","126.75","＋","認購","美式","112年02月24日","112年02月24日","112年10月19日","112年10月23日","1.00","    140.00","","",
="037137","A50正2凱基2C購01","0.00","",="00655L","國泰中國A50正2","24.65","－","認購","美式","112年02月24日","112年02月24日","112年12月21日","112年12月25日","0.50","    35.00","","",
="037138","華夏凱基28購02","0.00","","1305","華夏","23.85","－","認購","美式","112年02月24日","112年02月24日","112年08月21日","112年08月23日","0.80","    33.00","","",
="037139","台達化凱基28購01","0.00","","1309","台達化","19.90","－","認購","美式","112年02月24日","112年02月24日","112年08月21日","112年08月23日","0.70","    25.00","","",
="03713P","玉晶光群益26售02","0.00","","3406","玉晶光","400.00","＋","認售","歐式","111年12月05日","112年06月05日","112年06月01日","112年06月05日","0.05","    315.00","","",
="03713U","聯詠凱基27售09","0.00","","3034","聯詠","423.50","＋","認售","歐式","112年01月17日","112年07月17日","112年07月13日","112年07月17日","0.60","    190.00","","",
="037140","中興電凱基29購05","1.41","＋","1513","中興電","113.50","＋","認購","美式","112年02月24日","112年02月24日","112年09月21日","112年09月25日","0.20","    130.00","","",
="037141","華城凱基2B購01","0.00","","1519","華城","141.00","＋","認購","美式","112年02月24日","112年02月24日","112年11月21日","112年11月23日","0.15","    95.00","","",
="037142","大亞凱基29購03","3.25","＋","1609","大亞","31.00","＋","認購","美式","112年02月24日","112年02月24日","112年09月21日","112年09月25日","0.80","    30.00","","",
="037143","佳世達凱基28購01","0.00","","2352","佳世達","40.20","＋","認購","美式","112年02月24日","112年02月24日","112年08月21日","112年08月23日","1.00","    33.00","","",
="037144","金像電凱基29購04","0.00","","2368","金像電","121.50","","認購","美式","112年02月24日","112年02月24日","112年09月21日","112年09月25日","0.155","    86.93","","",
="037145","瑞昱凱基2A購01","1.41","＋","2379","瑞昱","388.00","＋","認購","美式","112年02月24日","112年02月24日","112年10月19日","112年10月23日","0.07","    470.00","","",
="037146","威盛凱基2A購03","0.71","","2388","威盛","83.10","＋","認購","美式","112年02月24日","112年02月24日","112年10月19日","112年10月23日","0.18","    120.00","","",
="037147","長榮凱基28購06","1.04","＋","2603","長榮","157.00","＋","認購","美式","112年02月24日","112年02月24日","112年08月21日","112年08月23日","0.20","    180.00","","",
="037148","長榮凱基29購07","0.46","","2603","長榮","157.00","＋","認購","美式","112年02月24日","112年02月24日","112年09月21日","112年09月25日","0.30","    230.00","","",
="037149","陽明凱基28購02","1.00","","2609","陽明","62.00","＋","認購","美式","112年02月24日","112年02月24日","112年08月21日","112年08月23日","0.50","    72.00","","",
="03714P","創意群益26售02","0.00","","3443","創意","1,515.00","＋","認售","歐式","111年12月05日","112年06月05日","112年06月01日","112年06月05日","0.02","    555.00","","",
="03714U","智原凱基27售04","0.00","","3035","智原","173.50","＋","認售","歐式","112年01月17日","112年07月17日","112年07月13日","112年07月17日","0.08","    140.00","","",
="037150","萬海凱基28購06","0.00","","2615","萬海","60.00","＋","認購","美式","112年02月24日","112年02月24日","112年08月21日","112年08月23日","0.50","    97.00","","",
="037151","漢翔凱基28購02","0.00","","2634","漢翔","55.80","＋","認購","美式","112年02月24日","112年02月24日","112年08月21日","112年08月23日","0.60","    41.00","","",
="037152","大立光凱基28購07","0.00","","3008","大立光","2,305.00","＋","認購","美式","112年02月24日","112年02月24日","112年08月21日","112年08月23日","0.026","    3,234.43","","",
="037153","創意凱基28購09","3.02","＋","3443","創意","1,515.00","＋","認購","美式","112年02月24日","112年02月24日","112年08月21日","112年08月23日","0.015","    1,550.00","","",
="037154","嘉澤凱基2A購01","1.95","－","3533","嘉澤","909.00","－","認購","美式","112年02月24日","112年02月24日","112年10月19日","112年10月23日","0.035","    1,044.89","","",
="037155","瑞鼎凱基29購02","0.42","","3592","瑞鼎","348.00","＋","認購","美式","112年02月24日","112年02月24日","112年09月21日","112年09月25日","0.03","    450.00","","",
="037156","台耀凱基28購01","0.00","","4746","台耀","84.00","＋","認購","美式","112年02月24日","112年02月24日","112年08月21日","112年08月23日","0.20","    85.00","","",
="037157","天鈺凱基2A購01","0.00","","4961","天鈺","154.00","＋","認購","美式","112年02月24日","112年02月24日","112年10月19日","112年10月23日","0.08","    250.00","","",
="037158","祥碩凱基29購01","1.54","＋","5269","祥碩","1,300.00","＋","認購","美式","112年02月24日","112年02月24日","112年09月21日","112年09月25日","0.01","    1,400.00","","",
="037159","力成凱基28購01","3.22","＋","6239","力成","98.70","＋","認購","美式","112年02月24日","112年02月24日","112年08月21日","112年08月23日","0.50","    100.00","","",
="03715P","華新元大26售04","0.00","","1605","華新","46.60","＋","認售","歐式","111年12月05日","112年06月05日","112年06月01日","112年06月05日","0.247","    42.80","","",
="03715U","智原凱基27售05","0.00","","3035","智原","173.50","＋","認售","歐式","112年01月17日","112年07月17日","112年07月13日","112年07月17日","0.035","    160.00","","",
="037160","樺漢凱基28購01","2.30","＋","6414","樺漢","281.00","＋","認購","美式","112年02月24日","112年02月24日","112年08月21日","112年08月23日","0.08","    270.00","","",
="037161","矽力凱基28購03","0.00","","6415","矽力*-KY","394.50","＋","認購","美式","112年02月24日","112年02月24日","112年08月21日","112年08月23日","0.02","    674.03","","",
="037162","矽創凱基29購01","0.00","","8016","矽創","225.50","＋","認購","美式","112年02月24日","112年02月24日","112年09月21日","112年09月25日","0.12","    360.00","","",
="037163","富邦媒凱基29購03","0.64","","8454","富邦媒","703.00","＋","認購","美式","112年02月24日","112年02月24日","112年09月21日","112年09月25日","0.018","    900.00","","",
="037164","東哥凱基2C購01","0.00","","8478","東哥遊艇","520.00","＋","認購","美式","112年02月24日","112年02月24日","112年12月21日","112年12月25日","0.015","    600.00","","",
="037165","臺股指凱基2B購17","3.10","＋","IX0001","臺股指數","16,636.30","","認購","歐式","112年02月24日","112年11月23日","112年11月21日","112年11月23日","0.003","    15,888.00","","",
="037166","飛宏兆豐28購01","0.00","","2457","飛宏","76.40","＋","認購","美式","112年02月24日","112年02月24日","112年08月21日","112年08月23日","0.30","    60.00","","",
="037167","華航兆豐2A購01","1.07","＋","2610","華航","21.65","＋","認購","美式","112年02月24日","112年02月24日","112年10月19日","112年10月23日","0.50","    21.80","","",
="037168","嘉澤兆豐2A購01","1.01","－","3533","嘉澤","909.00","－","認購","美式","112年02月24日","112年02月24日","112年10月19日","112年10月23日","0.01","    945.38","","",
="037169","矽創兆豐2A購01","0.67","","8016","矽創","225.50","＋","認購","美式","112年02月24日","112年02月24日","112年10月19日","112年10月23日","0.038","    258.00","","",
="03716U","瑞鼎凱基27售03","0.73","－","3592","瑞鼎","348.00","＋","認售","歐式","112年01月17日","112年07月17日","112年07月13日","112年07月17日","0.05","    300.00","","",
="037170","富邦媒兆豐2C購01","0.70","＋","8454","富邦媒","703.00","＋","認購","美式","112年02月24日","112年02月24日","112年12月21日","112年12月25日","0.009","    828.00","","",
="037171","世紀鋼兆豐2C購03","0.73","＋","9958","世紀鋼","109.50","＋","認購","美式","112年02月24日","112年02月24日","112年12月21日","112年12月25日","0.08","    128.00","","",
="037172","第一銅群益28購02","0.00","","2009","第一銅","32.10","＋","認購","美式","112年02月24日","112年02月24日","112年08月21日","112年08月23日","0.20","    40.00","","",
="037173","上銀群益28購02","0.58","＋","2049","上銀","235.50","＋","認購","美式","112年02月24日","112年02月24日","112年08月21日","112年08月23日","0.15","    300.00","","",
="037174","台積電群益29購12","0.00","","2330","台積電","568.00","＋","認購","美式","112年02月24日","112年02月24日","112年09月21日","112年09月25日","0.101","    622.63","","",
="037175","台積電群益2A購06","0.00","","2330","台積電","568.00","＋","認購","美式","112年02月24日","112年02月24日","112年10月19日","112年10月23日","0.05","    535.10","","",
="037176","友訊群益29購01","2.29","＋","2332","友訊","19.95","＋","認購","美式","112年02月24日","112年02月24日","112年09月21日","112年09月25日","1.00","    20.00","","",
="037177","金像電群益28購02","0.00","","2368","金像電","121.50","","認購","美式","112年02月24日","112年02月24日","112年08月21日","112年08月23日","0.414","    107.21","","",
="037178","瑞昱群益28購02","1.52","＋","2379","瑞昱","388.00","＋","認購","美式","112年02月24日","112年02月24日","112年08月21日","112年08月23日","0.116","    480.00","","",
="037179","威盛群益2A購01","2.07","＋","2388","威盛","83.10","＋","認購","美式","112年02月24日","112年02月24日","112年10月19日","112年10月23日","0.50","    120.00","","",
="03717U","瑞鼎凱基29售01","0.00","","3592","瑞鼎","348.00","＋","認售","歐式","112年01月17日","112年09月18日","112年09月14日","112年09月18日","0.10","    200.00","","",
="037180","強茂群益29購01","0.95","＋","2481","強茂","70.20","＋","認購","美式","112年02月24日","112年02月24日","112年09月21日","112年09月25日","0.18","    75.80","","",
="037181","長榮群益29購01","0.95","＋","2603","長榮","157.00","＋","認購","美式","112年02月24日","112年02月24日","112年09月21日","112年09月25日","0.08","    164.00","","",
="037182","長榮群益29購02","0.33","＋","2603","長榮","157.00","＋","認購","美式","112年02月24日","112年02月24日","112年09月21日","112年09月25日","0.20","    219.00","","",
="037183","玉晶光群益28購03","0.00","","3406","玉晶光","400.00","＋","認購","美式","112年02月24日","112年02月24日","112年08月21日","112年08月23日","0.108","    591.00","","",
="037184","健策群益28購04","6.80","＋","3653","健策","616.00","＋","認購","美式","112年02月24日","112年02月24日","112年08月21日","112年08月23日","0.07","    595.00","","",
="037185","世芯群益29購01","0.00","","3661","世芯-KY","1,660.00","＋","認購","美式","112年02月24日","112年02月24日","112年09月21日","112年09月25日","0.008","    1,188.00","","",
="037186","上品群益28購02","1.15","＋","4770","上品","297.00","＋","認購","美式","112年02月24日","112年02月24日","112年08月21日","112年08月23日","0.052","    336.27","","",
="037187","天鈺群益29購03","0.00","","4961","天鈺","154.00","＋","認購","美式","112年02月24日","112年02月24日","112年09月21日","112年09月25日","0.10","    228.80","","",
="037188","乙盛群益28購03","0.00","","5243","乙盛-KY","83.70","＋","認購","美式","112年02月24日","112年02月24日","112年08月21日","112年08月23日","0.576","    61.80","","",
="037189","嘉基群益29購01","0.53","－","6715","嘉基","145.50","＋","認購","美式","112年02月24日","112年02月24日","112年09月21日","112年09月25日","0.065","    188.00","","",
="03718U","健策凱基27售04","0.00","","3653","健策","616.00","＋","認售","歐式","112年01月17日","112年07月17日","112年07月13日","112年07月17日","0.025","    350.00","","",
="037190","道瓊銅元富28購01","0.42","",="00763U","期街口道瓊銅","23.38","＋","認購","美式","112年02月24日","112年02月24日","112年08月21日","112年08月23日","0.70","    28.50","","",
="037191","聯電元富29購02","4.05","＋","2303","聯電","51.20","＋","認購","美式","112年02月24日","112年02月24日","112年09月21日","112年09月25日","1.00","    52.00","","",
="037192","台積電元富28購21","0.94","＋","2330","台積電","568.00","＋","認購","美式","112年02月24日","112年02月24日","112年08月21日","112年08月23日","0.05","    596.77","","",
="037193","台積電元富42購01","2.12","＋","2330","台積電","568.00","＋","認購","美式","112年02月24日","112年02月24日","114年02月20日","114年02月24日","0.04","    745.96","","",
="037194","友達元富29購01","0.74","","2409","友達","17.65","＋","認購","美式","112年02月24日","112年02月24日","112年09月21日","112年09月25日","1.00","    21.00","","",
="037195","飛宏元富28購01","9.15","","2457","飛宏","76.40","＋","認購","美式","112年02月24日","112年02月24日","112年08月21日","112年08月23日","0.67","    69.00","","",
="037196","華新科元富2C購01","0.00","","2492","華新科","101.00","＋","認購","美式","112年02月24日","112年02月24日","112年12月21日","112年12月25日","0.065","    115.00","","",
="037197","三商壽元富28購01","0.24","","2867","三商壽","5.22","＋","認購","美式","112年02月24日","112年02月24日","112年08月21日","112年08月23日","1.006","    5.47","","",
="037198","欣興元富29購01","0.00","","3037","欣興","182.50","－","認購","美式","112年02月24日","112年02月24日","112年09月21日","112年09月25日","0.40","    155.00","","",
="037199","創意元富2B購01","2.78","＋","3443","創意","1,515.00","＋","認購","美式","112年02月24日","112年02月24日","112年11月21日","112年11月23日","0.007","    1,300.00","","",
="03719U","力積電凱基27售03","0.00","","6770","力積電","30.85","＋","認售","歐式","112年01月17日","112年07月17日","112年07月13日","112年07月17日","0.353","    31.72","","",
="037200","帆宣元富28購01","0.42","＋","6196","帆宣","131.50","","認購","美式","112年02月24日","112年02月24日","112年08月21日","112年08月23日","0.12","    160.00","","",
="037201","矽創元富29購02","0.83","","8016","矽創","225.50","＋","認購","美式","112年02月24日","112年02月24日","112年09月21日","112年09月25日","0.10","    300.00","","",
="037202","國巨麥證28購02","0.56","","2327","國巨","508.00","＋","認購","歐式","112年02月24日","112年08月23日","112年08月21日","112年08月23日","0.03","    600.00","","",
="037203","台積電麥證2A購09","0.00","","2330","台積電","568.00","＋","認購","歐式","112年02月24日","112年10月23日","112年10月19日","112年10月23日","0.06","    522.17","","",
="037204","元日2X國票29購01","0.22","",="00706L","期元大S&P日圓正2(原名：元大S&P日圓正2)","8.72","－","認購","美式","112年02月24日","112年02月24日","112年09月21日","112年09月25日","1.00","    10.00","","",
="037205","聯電國票28購04","1.21","＋","2303","聯電","51.20","＋","認購","美式","112年02月24日","112年02月24日","112年08月21日","112年08月23日","0.40","    52.50","","",
="037206","飛宏國票29購01","7.90","＋","2457","飛宏","76.40","＋","認購","美式","112年02月24日","112年02月24日","112年09月21日","112年09月25日","0.50","    65.00","","",
="037207","長榮航國票29購02","2.05","＋","2618","長榮航","33.60","＋","認購","美式","112年02月24日","112年02月24日","112年09月21日","112年09月25日","0.80","    35.00","","",
="037208","全訊國票29購02","2.18","＋","5222","全訊","198.00","＋","認購","美式","112年02月24日","112年02月24日","112年09月21日","112年09月25日","0.122","    216.48","","",
="037209","矽創國票29購02","0.00","","8016","矽創","225.50","＋","認購","美式","112年02月24日","112年02月24日","112年09月21日","112年09月25日","0.18","    360.00","","",
="03720U","聯電統一29售01","0.00","","2303","聯電","51.20","＋","認售","歐式","112年01月17日","112年09月18日","112年09月14日","112年09月18日","0.20","    40.70","","",
="037210","宏達電國泰2A購03","0.00","","2498","宏達電","61.50","＋","認購","美式","112年02月24日","112年02月24日","112年10月19日","112年10月23日","0.60","    90.00","","",
="037211","長榮國泰2A購04","0.66","＋","2603","長榮","157.00","＋","認購","美式","112年02月24日","112年02月24日","112年10月19日","112年10月23日","0.10","    194.06","","",
="037212","創意國泰2A購08","7.95","＋","3443","創意","1,515.00","＋","認購","美式","112年02月24日","112年02月24日","112年10月19日","112年10月23日","0.025","    1,400.00","","",
="037213","滬深2X元大2A購05","0.00","",="00637L","元大滬深300正2","13.77","－","認購","美式","112年02月24日","112年02月24日","112年10月19日","112年10月23日","0.60","    20.00","","",
="037214","華夏元大28購01","0.00","","1305","華夏","23.85","－","認購","美式","112年02月24日","112年02月24日","112年08月21日","112年08月23日","0.427","    29.77","","",
="037215","華夏元大2A購01","0.47","","1305","華夏","23.85","－","認購","美式","112年02月24日","112年02月24日","112年10月19日","112年10月23日","0.397","    32.60","","",
="037216","華城元大29購01","0.00","","1519","華城","141.00","＋","認購","美式","112年02月24日","112年02月24日","112年09月21日","112年09月25日","0.162","    85.00","","",
="037217","華新元大29購15","0.20","","1605","華新","46.60","＋","認購","美式","112年02月24日","112年02月24日","112年09月21日","112年09月25日","0.692","    85.90","","",
="037218","華新元大2A購13","0.00","","1605","華新","46.60","＋","認購","美式","112年02月24日","112年02月24日","112年10月19日","112年10月23日","0.515","    84.30","","",
="037219","華新元大2B購07","0.00","","1605","華新","46.60","＋","認購","美式","112年02月24日","112年02月24日","112年11月21日","112年11月23日","0.475","    86.70","","",
="03721U","國巨統一29售01","0.00","","2327","國巨","508.00","＋","認售","歐式","112年01月17日","112年09月18日","112年09月14日","112年09月18日","0.011","    500.00","","",
="037220","裕隆元大29購10","0.74","","2201","裕隆","82.80","＋","認購","美式","112年02月24日","112年02月24日","112年09月21日","112年09月25日","0.297","    120.00","","",
="037221","華通元大28購02","1.31","＋","2313","華通","44.30","＋","認購","美式","112年02月24日","112年02月24日","112年08月21日","112年08月23日","0.50","    47.28","","",
="037222","鴻海元大29購21","1.33","＋","2317","鴻海","105.50","＋","認購","美式","112年02月24日","112年02月24日","112年09月21日","112年09月25日","0.175","    108.00","","",
="037223","鴻海元大2A購20","0.97","","2317","鴻海","105.50","＋","認購","美式","112年02月24日","112年02月24日","112年10月19日","112年10月23日","0.252","    121.50","","",
="037224","鴻海元大2B購10","0.00","","2317","鴻海","105.50","＋","認購","美式","112年02月24日","112年02月24日","112年11月21日","112年11月23日","0.524","    144.50","","",
="037225","華碩元大28購03","0.00","","2357","華碩","303.50","－","認購","美式","112年02月24日","112年02月24日","112年08月21日","112年08月23日","0.056","    278.50","","",
="037226","技嘉元大29購01","4.29","＋","2376","技嘉","186.00","＋","認購","美式","112年02月24日","112年02月24日","112年09月21日","112年09月25日","0.079","    135.50","","",
="037227","南亞科元大28購02","0.00","","2408","南亞科","71.20","－","認購","美式","112年02月24日","112年02月24日","112年08月21日","112年08月23日","0.301","    66.70","","",
="037228","友達元大29購06","0.73","","2409","友達","17.65","＋","認購","美式","112年02月24日","112年02月24日","112年09月21日","112年09月25日","0.635","    20.05","","",
="037229","友達元大2A購02","0.00","","2409","友達","17.65","＋","認購","美式","112年02月24日","112年02月24日","112年10月19日","112年10月23日","0.969","    24.25","","",
="03722U","友達統一29售01","0.00","","2409","友達","17.65","＋","認售","歐式","112年01月17日","112年09月18日","112年09月14日","112年09月18日","0.30","    16.00","","",
="037230","友達元大2B購01","0.00","","2409","友達","17.65","＋","認購","美式","112年02月24日","112年02月24日","112年11月21日","112年11月23日","0.932","    25.20","","",
="037231","可成元大28購02","0.00","","2474","可成","189.00","＋","認購","美式","112年02月24日","112年02月24日","112年08月21日","112年08月23日","0.118","    226.00","","",
="037232","華新科元大28購05","0.00","","2492","華新科","101.00","＋","認購","美式","112年02月24日","112年02月24日","112年08月21日","112年08月23日","0.126","    138.50","","",
="037233","長榮航元大29購13","0.00","","2618","長榮航","33.60","＋","認購","美式","112年02月24日","112年02月24日","112年09月21日","112年09月25日","0.508","    29.30","","",
="037234","長榮航元大2A購06","2.63","＋","2618","長榮航","33.60","＋","認購","美式","112年02月24日","112年02月24日","112年10月19日","112年10月23日","0.491","    30.05","","",
="037235","長榮航元大2B購02","2.46","＋","2618","長榮航","33.60","＋","認購","美式","112年02月24日","112年02月24日","112年11月21日","112年11月23日","0.414","    29.65","","",
="037236","漢翔元大29購06","0.00","","2634","漢翔","55.80","＋","認購","美式","112年02月24日","112年02月24日","112年09月21日","112年09月25日","0.588","    46.45","","",
="037237","美食元大29購02","0.44","","2723","美食-KY","152.50","－","認購","美式","112年02月24日","112年02月24日","112年09月21日","112年09月25日","0.11","    222.50","","",
="037238","八方元大28購02","0.00","","2753","八方雲集","167.00","","認購","美式","112年02月24日","112年02月24日","112年08月21日","112年08月23日","0.028","    300.00","","",
="037239","富邦金元大28購04","0.00","","2881","富邦金","61.10","＋","認購","美式","112年02月24日","112年02月24日","112年08月21日","112年08月23日","0.255","    61.20","","",
="03723U","聯發科統一29售03","0.34","－","2454","聯發科","738.00","＋","認售","歐式","112年01月17日","112年09月18日","112年09月14日","112年09月18日","0.008","    688.88","","",
="037240","聯陽元大28購02","0.00","","3014","聯陽","113.50","＋","認購","美式","112年02月24日","112年02月24日","112年08月21日","112年08月23日","0.15","    86.90","","",
="037241","玉晶光元大29購06","0.99","","3406","玉晶光","400.00","＋","認購","美式","112年02月24日","112年02月24日","112年09月21日","112年09月25日","0.04","    468.00","","",
="037242","創意元大29購07","6.35","＋","3443","創意","1,515.00","＋","認購","美式","112年02月24日","112年02月24日","112年09月21日","112年09月25日","0.022","    1,500.00","","",
="037243","群創元大29購04","0.00","","3481","群創","14.10","＋","認購","美式","112年02月24日","112年02月24日","112年09月21日","112年09月25日","0.822","    17.20","","",
="037244","群創元大2A購02","0.00","","3481","群創","14.10","＋","認購","美式","112年02月24日","112年02月24日","112年10月19日","112年10月23日","1.00","    21.40","","",
="037245","群創元大2B購01","0.24","＋","3481","群創","14.10","＋","認購","美式","112年02月24日","112年02月24日","112年11月21日","112年11月23日","1.00","    22.20","","",
="037246","瑞鼎元大28購02","0.00","","3592","瑞鼎","348.00","＋","認購","美式","112年02月24日","112年02月24日","112年08月21日","112年08月23日","0.039","    620.00","","",
="037247","世芯元大29購15","3.39","＋","3661","世芯-KY","1,660.00","＋","認購","美式","112年02月24日","112年02月24日","112年09月21日","112年09月25日","0.008","    1,260.00","","",
="037248","富采元大28購01","0.46","","3714","富采","49.90","＋","認購","美式","112年02月24日","112年02月24日","112年08月21日","112年08月23日","0.659","    65.30","","",
="037249","國光生元大28購01","0.00","","4142","國光生","37.80","＋","認購","美式","112年02月24日","112年02月24日","112年08月21日","112年08月23日","0.261","    47.80","","",
="03724U","聯詠統一27售02","0.00","","3034","聯詠","423.50","＋","認售","歐式","112年01月17日","112年07月17日","112年07月13日","112年07月17日","0.028","    310.00","","",
="037250","天鈺元大28購10","0.00","","4961","天鈺","154.00","＋","認購","美式","112年02月24日","112年02月24日","112年08月21日","112年08月23日","0.052","    236.00","","",
="037251","乙盛元大28購02","0.00","","5243","乙盛-KY","83.70","＋","認購","美式","112年02月24日","112年02月24日","112年08月21日","112年08月23日","0.231","    65.60","","",
="037252","康舒元大28購02","0.95","＋","6282","康舒","44.05","＋","認購","美式","112年02月24日","112年02月24日","112年08月21日","112年08月23日","0.253","    50.00","","",
="037253","穎崴元大28購07","2.46","－","6515","穎崴","830.00","－","認購","美式","112年02月24日","112年02月24日","112年08月21日","112年08月23日","0.013","    700.00","","",
="037254","愛普元大29購04","1.82","＋","6531","愛普*","328.50","＋","認購","美式","112年02月24日","112年02月24日","112年09月21日","112年09月25日","0.051","    420.00","","",
="037255","明基材元大28購01","0.67","＋","8215","明基材","35.30","＋","認購","美式","112年02月24日","112年02月24日","112年08月21日","112年08月23日","0.475","    42.46","","",
="037256","東哥元大29購07","0.00","","8478","東哥遊艇","520.00","＋","認購","美式","112年02月24日","112年02月24日","112年09月21日","112年09月25日","0.029","    550.00","","",
="037257","東哥元大2A購05","0.00","","8478","東哥遊艇","520.00","＋","認購","美式","112年02月24日","112年02月24日","112年10月19日","112年10月23日","0.024","    570.00","","",
="037258","東哥元大2B購06","2.49","＋","8478","東哥遊艇","520.00","＋","認購","美式","112年02月24日","112年02月24日","112年11月21日","112年11月23日","0.023","    600.00","","",
="037259","威盛統一2A購03","0.00","","2388","威盛","83.10","＋","認購","美式","112年03月01日","112年03月01日","112年09月27日","112年10月02日","0.066","    100.30","","",
="03725U","南電統一27售01","0.00","","8046","南電","302.50","－","認售","歐式","112年01月17日","112年07月17日","112年07月13日","112年07月17日","0.032","    200.00","","",
="037260","威盛統一2A購04","0.77","＋","2388","威盛","83.10","＋","認購","美式","112年03月01日","112年03月01日","112年10月27日","112年10月31日","0.06","    90.00","","",
="037261","飛宏統一28購02","3.50","","2457","飛宏","76.40","＋","認購","美式","112年03月01日","112年03月01日","112年08月29日","112年08月31日","0.13","    52.00","","",
="037262","陽明統一32購02","0.00","","2609","陽明","62.00","＋","認購","美式","112年03月01日","112年03月01日","113年02月26日","113年02月29日","0.10","    77.30","","",
="037263","晶睿統一2A購02","0.17","","3454","晶睿","182.50","＋","認購","美式","112年03月01日","112年03月01日","112年10月27日","112年10月31日","0.02","    333.33","","",
="037264","矽創統一2A購03","0.59","","8016","矽創","225.50","＋","認購","美式","112年03月01日","112年03月01日","112年10月27日","112年10月31日","0.02","    267.00","","",
="037265","台積電台新28購02","0.00","","2330","台積電","568.00","＋","認購","歐式","112年03月01日","112年08月31日","112年08月29日","112年08月31日","0.03","    537.32","","",
="037266","華新中信2A購01","0.00","","1605","華新","46.60","＋","認購","歐式","112年03月01日","112年10月31日","112年10月27日","112年10月31日","0.15","    70.00","","",
="037267","光罩中信28購01","0.00","","2338","光罩","81.80","＋","認購","歐式","112年03月01日","112年08月31日","112年08月29日","112年08月31日","0.076","    95.00","","",
="037268","晶華中信2A購01","0.43","","2707","晶華","288.00","＋","認購","歐式","112年03月01日","112年10月02日","112年09月27日","112年10月02日","0.016","    325.00","","",
="037269","京鼎中信28購01","0.00","","3413","京鼎","193.00","＋","認購","歐式","112年03月01日","112年08月31日","112年08月29日","112年08月31日","0.048","    238.00","","",
="03726U","富邦媒統一28售01","0.00","","8454","富邦媒","703.00","＋","認售","歐式","112年01月17日","112年08月16日","112年08月14日","112年08月16日","0.007","    625.20","","",
="037270","臺股指中信2A購11","0.00","","IX0001","臺股指數","16,636.30","","認購","歐式","112年03月01日","112年10月02日","112年09月27日","112年10月02日","0.001","    15,888.00","","",
="037271","台積電麥證28購12","4.02","","2330","台積電","568.00","＋","認購","歐式","112年03月01日","112年08月31日","112年08月29日","112年08月31日","0.05","    497.31","","",
="037272","A50正2永豐2A購01","0.09","",="00655L","國泰中國A50正2","24.65","－","認購","美式","112年03月01日","112年03月01日","112年09月27日","112年10月02日","0.70","    40.00","","",
="037273","華城永豐2A購03","5.70","","1519","華城","141.00","＋","認購","美式","112年03月01日","112年03月01日","112年10月27日","112年10月31日","0.085","    75.00","","",
="037274","台積電永豐28購05","0.00","","2330","台積電","568.00","＋","認購","美式","112年03月01日","112年03月01日","112年08月29日","112年08月31日","0.035","    512.23","","",
="037275","裕民永豐2A購01","0.00","","2606","裕民","49.75","＋","認購","美式","112年03月01日","112年03月01日","112年09月27日","112年10月02日","0.37","    70.00","","",
="037276","晶睿永豐2B購01","0.00","","3454","晶睿","182.50","＋","認購","美式","112年03月01日","112年03月01日","112年11月28日","112年11月30日","0.055","    319.82","","",
="037277","群創永豐2A購01","0.32","","3481","群創","14.10","＋","認購","美式","112年03月01日","112年03月01日","112年10月27日","112年10月31日","0.72","    20.00","","",
="037278","健策永豐2A購01","0.00","","3653","健策","616.00","＋","認購","美式","112年03月01日","112年03月01日","112年09月27日","112年10月02日","0.035","    475.24","","",
="037279","世芯永豐2B購01","0.00","","3661","世芯-KY","1,660.00","＋","認購","美式","112年03月01日","112年03月01日","112年11月28日","112年11月30日","0.004","    951.00","","",
="03727U","臺股指法興27售03","0.10","－","IX0001","臺股指數","16,636.30","","認售","歐式","112年01月17日","112年07月17日","112年07月13日","112年07月17日","0.003","    14,400.00","","",
="037280","拓凱永豐2A購01","0.00","","4536","拓凱","196.50","＋","認購","美式","112年03月01日","112年03月01日","112年09月27日","112年10月02日","0.069","    304.83","","",
="037281","元晶永豐2B購01","0.49","＋","6443","元晶","36.20","＋","認購","美式","112年03月01日","112年03月01日","112年11月28日","112年11月30日","0.092","    37.43","","",
="037282","中興電元富31購01","1.47","＋","1513","中興電","113.50","＋","認購","美式","112年03月01日","112年03月01日","112年12月28日","113年01月02日","0.11","    120.00","","",
="037283","台積電元富28購22","1.62","＋","2330","台積電","568.00","＋","認購","美式","112年03月01日","112年03月01日","112年08月29日","112年08月31日","0.02","    497.31","","",
="037284","台積電元富2B購04","1.78","＋","2330","台積電","568.00","＋","認購","美式","112年03月01日","112年03月01日","112年11月28日","112年11月30日","0.02","    497.31","","",
="037285","聯詠元富2B購02","0.00","","3034","聯詠","423.50","＋","認購","美式","112年03月01日","112年03月01日","112年11月28日","112年11月30日","0.07","    550.00","","",
="037286","晶睿元富2B購01","0.64","＋","3454","晶睿","182.50","＋","認購","美式","112年03月01日","112年03月01日","112年11月28日","112年11月30日","0.05","    280.00","","",
="037287","啟碁元富2B購01","2.09","＋","6285","啟碁","87.50","＋","認購","美式","112年03月01日","112年03月01日","112年11月28日","112年11月30日","0.30","    100.00","","",
="037288","樺漢元富28購01","0.00","","6414","樺漢","281.00","＋","認購","美式","112年03月01日","112年03月01日","112年08月29日","112年08月31日","0.029","    250.00","","",
="037289","南電元富2B購01","3.67","","8046","南電","302.50","－","認購","美式","112年03月01日","112年03月01日","112年11月28日","112年11月30日","0.06","    270.00","","",
="03728U","臺股指法興27售04","0.12","","IX0001","臺股指數","16,636.30","","認售","歐式","112年01月17日","112年07月17日","112年07月13日","112年07月17日","0.002","    14,900.00","","",
="037290","群創兆豐2B購02","0.58","＋","3481","群創","14.10","＋","認購","美式","112年03月01日","112年03月01日","112年11月28日","112年11月30日","0.60","    16.80","","",
="037291","華新群益28購07","0.00","","1605","華新","46.60","＋","認購","美式","112年03月01日","112年03月01日","112年08月29日","112年08月31日","0.20","    61.00","","",
="037292","華新群益28購08","0.00","","1605","華新","46.60","＋","認購","美式","112年03月01日","112年03月01日","112年08月29日","112年08月31日","0.36","    65.00","","",
="037293","聯電群益28購08","1.80","＋","2303","聯電","51.20","＋","認購","美式","112年03月01日","112年03月01日","112年08月29日","112年08月31日","0.50","    52.00","","",
="037294","可成群益28購02","0.61","＋","2474","可成","189.00","＋","認購","美式","112年03月01日","112年03月01日","112年08月29日","112年08月31日","0.30","    238.00","","",
="037295","大立光群益28購11","1.75","＋","3008","大立光","2,305.00","＋","認購","美式","112年03月01日","112年03月01日","112年08月29日","112年08月31日","0.011","    2,401.32","","",
="037296","貿聯群益28購02","0.60","＋","3665","貿聯-KY","270.50","＋","認購","美式","112年03月01日","112年03月01日","112年08月29日","112年08月31日","0.141","    366.56","","",
="037297","承業醫群益28購01","1.12","－","4164","承業醫","64.10","","認購","美式","112年03月01日","112年03月01日","112年08月29日","112年08月31日","0.18","    72.00","","",
="037298","元債2X國泰2A購01","0.71","",="00680L","元大美債20正2","10.96","＋","認購","美式","112年03月01日","112年03月01日","112年10月27日","112年10月31日","1.00","    12.56","","",
="037299","威強電國泰2A購01","0.00","","3022","威強電","91.20","＋","認購","美式","112年03月01日","112年03月01日","112年10月27日","112年10月31日","0.15","    103.50","","",
="03729U","華新群益27售07","0.00","","1605","華新","46.60","＋","認售","歐式","112年01月17日","112年07月17日","112年07月13日","112年07月17日","0.38","    41.00","","",
="037300","康舒國泰2A購02","1.80","＋","6282","康舒","44.05","＋","認購","美式","112年03月01日","112年03月01日","112年10月27日","112年10月31日","0.45","    50.00","","",
="037301","台塑國票28購01","1.16","＋","1301","台塑","93.30","－","認購","美式","112年03月01日","112年03月01日","112年08月29日","112年08月31日","0.35","    100.00","","",
="037302","華新國票2A購02","0.00","","1605","華新","46.60","＋","認購","美式","112年03月01日","112年03月01日","112年09月27日","112年10月02日","0.20","    62.50","","",
="037303","寶齡國票28購02","0.76","－","1760","寶齡富錦","148.50","","認購","美式","112年03月01日","112年03月01日","112年08月29日","112年08月31日","0.05","    160.00","","",
="037304","聯電國票2A購03","0.00","","2303","聯電","51.20","＋","認購","美式","112年03月01日","112年03月01日","112年09月27日","112年10月02日","0.60","    57.50","","",
="037305","台積電國票28購09","0.00","","2330","台積電","568.00","＋","認購","美式","112年03月01日","112年03月01日","112年08月29日","112年08月31日","0.038","    497.31","","",
="037306","金像電國票2A購01","10.50","","2368","金像電","121.50","","認購","美式","112年03月01日","112年03月01日","112年09月27日","112年10月02日","0.828","    125.56","","",
="037307","長榮航國票28購03","0.93","＋","2618","長榮航","33.60","＋","認購","美式","112年03月01日","112年03月01日","112年08月29日","112年08月31日","1.00","    40.00","","",
="037308","台驊控國票28購01","1.51","－","2636","台驊投控","71.70","","認購","美式","112年03月01日","112年03月01日","112年08月29日","112年08月31日","0.214","    71.96","","",
="037309","中信金國票28購01","0.00","","2891","中信金","24.40","＋","認購","美式","112年03月01日","112年03月01日","112年08月29日","112年08月31日","0.80","    25.00","","",
="03730U","聯電群益27售06","0.00","","2303","聯電","51.20","＋","認售","歐式","112年01月17日","112年07月17日","112年07月13日","112年07月17日","0.80","    38.00","","",
="037310","聯詠國票28購02","1.19","＋","3034","聯詠","423.50","＋","認購","美式","112年03月01日","112年03月01日","112年08月29日","112年08月31日","0.05","    450.00","","",
="037311","聯詠國票28購03","0.00","","3034","聯詠","423.50","＋","認購","美式","112年03月01日","112年03月01日","112年08月29日","112年08月31日","0.15","    550.00","","",
="037312","景碩國票2A購01","0.42","＋","3189","景碩","116.00","＋","認購","美式","112年03月01日","112年03月01日","112年09月27日","112年10月02日","0.16","    160.00","","",
="037313","晶睿國票2A購01","0.00","","3454","晶睿","182.50","＋","認購","美式","112年03月01日","112年03月01日","112年09月27日","112年10月02日","0.06","    300.00","","",
="037314","祥碩國票2A購01","2.92","＋","5269","祥碩","1,300.00","＋","認購","美式","112年03月01日","112年03月01日","112年09月27日","112年10月02日","0.01","    1,100.00","","",
="037315","彩晶國票2A購01","0.00","","6116","彩晶","12.25","＋","認購","美式","112年03月01日","112年03月01日","112年09月27日","112年10月02日","1.00","    15.50","","",
="037316","GIS國票28購01","0.00","","6456","GIS-KY","75.40","＋","認購","美式","112年03月01日","112年03月01日","112年08月29日","112年08月31日","0.126","    85.82","","",
="037317","上証2X元大28購04","0.18","",="00633L","富邦上証正2","35.01","－","認購","美式","112年03月01日","112年03月01日","112年08月29日","112年08月31日","0.25","    47.00","","",
="037318","元石油元大2A購02","0.00","",="00642U","期元大S&P石油(原名：元大S&P石油)","15.46","＋","認購","美式","112年03月01日","112年03月01日","112年09月27日","112年10月02日","0.50","    17.00","","",
="037319","元油反元大2A購02","0.57","－",="00673R","期元大S&P原油反1(原名：元大S&P原油反1)","9.03","－","認購","美式","112年03月01日","112年03月01日","112年09月27日","112年10月02日","0.80","    10.50","","",
="03731U","聯電群益29售01","0.00","","2303","聯電","51.20","＋","認售","歐式","112年01月17日","112年09月18日","112年09月14日","112年09月18日","1.00","    34.00","","",
="037320","元油反元大2A購03","0.00","",="00673R","期元大S&P原油反1(原名：元大S&P原油反1)","9.03","－","認購","美式","112年03月01日","112年03月01日","112年09月27日","112年10月02日","0.70","    9.30","","",
="037321","元日2X元大2A購01","0.21","－",="00706L","期元大S&P日圓正2(原名：元大S&P日圓正2)","8.72","－","認購","美式","112年03月01日","112年03月01日","112年10月27日","112年10月31日","0.90","    10.50","","",
="037322","中興電元大28購02","1.60","＋","1513","中興電","113.50","＋","認購","美式","112年03月01日","112年03月01日","112年08月29日","112年08月31日","0.117","    111.50","","",
="037323","大亞元大28購04","2.18","＋","1609","大亞","31.00","＋","認購","美式","112年03月01日","112年03月01日","112年08月29日","112年08月31日","1.00","    34.60","","",
="037324","大亞元大2A購03","2.48","＋","1609","大亞","31.00","＋","認購","美式","112年03月01日","112年03月01日","112年10月27日","112年10月31日","1.00","    37.20","","",
="037325","聯電元大2A購04","1.50","＋","2303","聯電","51.20","＋","認購","美式","112年03月01日","112年03月01日","112年10月27日","112年10月31日","0.481","    58.70","","",
="037326","聯電元大2A購05","1.70","＋","2303","聯電","51.20","＋","認購","美式","112年03月01日","112年03月01日","112年09月27日","112年10月02日","0.389","    53.20","","",
="037327","聯電元大2B購03","1.55","＋","2303","聯電","51.20","＋","認購","美式","112年03月01日","112年03月01日","112年11月28日","112年11月30日","0.355","    56.60","","",
="037328","鴻海元大2A購21","1.10","＋","2317","鴻海","105.50","＋","認購","美式","112年03月01日","112年03月01日","112年10月27日","112年10月31日","0.275","    122.50","","",
="037329","鴻海元大2A購22","1.48","＋","2317","鴻海","105.50","＋","認購","美式","112年03月01日","112年03月01日","112年09月27日","112年10月02日","0.162","    105.00","","",
="03732U","可成群益27售01","0.00","","2474","可成","189.00","＋","認售","歐式","112年01月17日","112年07月17日","112年07月13日","112年07月17日","0.25","    138.00","","",
="037330","鴻海元大2B購11","1.20","＋","2317","鴻海","105.50","＋","認購","美式","112年03月01日","112年03月01日","112年11月28日","112年11月30日","0.175","    116.00","","",
="037331","國巨元大2A購04","0.00","","2327","國巨","508.00","＋","認購","美式","112年03月01日","112年03月01日","112年10月27日","112年10月31日","0.032","    621.00","","",
="037332","國巨元大2A購05","1.16","＋","2327","國巨","508.00","＋","認購","美式","112年03月01日","112年03月01日","112年09月27日","112年10月02日","0.025","    540.00","","",
="037333","國巨元大2B購02","0.78","","2327","國巨","508.00","＋","認購","美式","112年03月01日","112年03月01日","112年11月28日","112年11月30日","0.046","    732.00","","",
="037334","友訊元大28購01","1.77","＋","2332","友訊","19.95","＋","認購","美式","112年03月01日","112年03月01日","112年08月29日","112年08月31日","0.785","    19.55","","",
="037335","順德元大28購04","0.00","","2351","順德","123.00","＋","認購","美式","112年03月01日","112年03月01日","112年08月29日","112年08月31日","0.087","    154.00","","",
="037336","金像電元大2A購04","0.00","","2368","金像電","121.50","","認購","美式","112年03月01日","112年03月01日","112年10月27日","112年10月31日","0.364","    108.66","","",
="037337","金像電元大2A購05","0.00","","2368","金像電","121.50","","認購","美式","112年03月01日","112年03月01日","112年09月27日","112年10月02日","0.252","    90.50","","",
="037338","金像電元大2B購03","7.65","－","2368","金像電","121.50","","認購","美式","112年03月01日","112年03月01日","112年11月28日","112年11月30日","0.359","    115.90","","",
="037339","技嘉元大2A購01","0.00","","2376","技嘉","186.00","＋","認購","美式","112年03月01日","112年03月01日","112年09月27日","112年10月02日","0.078","    133.00","","",
="03733U","晶豪科群益28售02","0.30","","3006","晶豪科","88.20","＋","認售","歐式","112年01月17日","112年08月16日","112年08月14日","112年08月16日","0.315","    60.00","","",
="037340","友達元大2A購03","0.58","","2409","友達","17.65","＋","認購","美式","112年03月01日","112年03月01日","112年09月27日","112年10月02日","0.858","    21.95","","",
="037341","友達元大2A購04","0.00","","2409","友達","17.65","＋","認購","美式","112年03月01日","112年03月01日","112年10月27日","112年10月31日","0.778","    22.40","","",
="037342","飛宏元大28購02","11.10","＋","2457","飛宏","76.40","＋","認購","美式","112年03月01日","112年03月01日","112年08月29日","112年08月31日","0.82","    67.80","","",
="037343","義隆元大28購02","0.48","＋","2458","義隆","104.00","＋","認購","美式","112年03月01日","112年03月01日","112年08月29日","112年08月31日","0.076","    113.98","","",
="037344","長榮航元大2A購07","3.12","＋","2618","長榮航","33.60","＋","認購","美式","112年03月01日","112年03月01日","112年10月27日","112年10月31日","0.525","    29.85","","",
="037345","長榮航元大2A購08","0.00","","2618","長榮航","33.60","＋","認購","美式","112年03月01日","112年03月01日","112年09月27日","112年10月02日","0.514","    28.55","","",
="037346","長榮航元大2B購03","2.94","＋","2618","長榮航","33.60","＋","認購","美式","112年03月01日","112年03月01日","112年11月28日","112年11月30日","0.684","    34.15","","",
="037347","漢翔元大2A購05","0.00","","2634","漢翔","55.80","＋","認購","美式","112年03月01日","112年03月01日","112年09月27日","112年10月02日","0.53","    44.00","","",
="037348","八方元大28購03","0.00","","2753","八方雲集","167.00","","認購","美式","112年03月01日","112年03月01日","112年08月29日","112年08月31日","0.064","    330.50","","",
="037349","玉山金元大28購01","0.00","","2884","玉山金","25.80","＋","認購","美式","112年03月01日","112年03月01日","112年08月29日","112年08月31日","0.382","    24.49","","",
="03734U","大立光群益27售03","0.00","","3008","大立光","2,305.00","＋","認售","歐式","112年01月17日","112年07月17日","112年07月13日","112年07月17日","0.021","    1,470.19","","",
="037350","聯詠元大2A購03","1.14","＋","3034","聯詠","423.50","＋","認購","美式","112年03月01日","112年03月01日","112年09月27日","112年10月02日","0.158","    600.00","","",
="037351","晶睿元大28購06","0.54","－","3454","晶睿","182.50","＋","認購","美式","112年03月01日","112年03月01日","112年08月29日","112年08月31日","0.055","    260.00","","",
="037352","群創元大2A購03","0.63","＋","3481","群創","14.10","＋","認購","美式","112年03月01日","112年03月01日","112年10月27日","112年10月31日","0.727","    16.70","","",
="037353","群創元大2A購04","0.65","＋","3481","群創","14.10","＋","認購","美式","112年03月01日","112年03月01日","112年09月27日","112年10月02日","0.649","    15.70","","",
="037354","群創元大2B購02","0.00","","3481","群創","14.10","＋","認購","美式","112年03月01日","112年03月01日","112年11月28日","112年11月30日","0.873","    18.70","","",
="037355","敦泰元大2A購01","0.00","","3545","敦泰","83.70","＋","認購","美式","112年03月01日","112年03月01日","112年09月27日","112年10月02日","0.226","    105.00","","",
="037356","瑞鼎元大28購03","0.00","","3592","瑞鼎","348.00","＋","認購","美式","112年03月01日","112年03月01日","112年08月29日","112年08月31日","0.04","    575.00","","",
="037357","健策元大2A購07","0.00","","3653","健策","616.00","＋","認購","美式","112年03月01日","112年03月01日","112年09月27日","112年10月02日","0.028","    410.00","","",
="037358","世芯元大2A購03","0.00","","3661","世芯-KY","1,660.00","＋","認購","美式","112年03月01日","112年03月01日","112年09月27日","112年10月02日","0.008","    1,010.00","","",
="037359","康普元大28購02","0.00","","4739","康普","88.80","＋","認購","美式","112年03月01日","112年03月01日","112年08月29日","112年08月31日","0.085","    125.00","","",
="03735U","欣興群益27售05","0.00","","3037","欣興","182.50","－","認售","歐式","112年01月17日","112年07月17日","112年07月13日","112年07月17日","0.08","    110.00","","",
="037360","台耀元大28購02","2.36","－","4746","台耀","84.00","＋","認購","美式","112年03月01日","112年03月01日","112年08月29日","112年08月31日","0.436","    105.00","","",
="037361","康舒元大2B購02","1.10","＋","6282","康舒","44.05","＋","認購","美式","112年03月01日","112年03月01日","112年11月28日","112年11月30日","0.247","    58.50","","",
="037362","愛普元大28購11","2.28","＋","6531","愛普*","328.50","＋","認購","美式","112年03月01日","112年03月01日","112年08月29日","112年08月31日","0.04","    325.00","","",
="037363","帝寶元大28購04","1.88","＋","6605","帝寶","99.80","＋","認購","美式","112年03月01日","112年03月01日","112年08月29日","112年08月31日","0.544","    130.00","","",
="037364","富邦媒元大2A購02","0.00","","8454","富邦媒","703.00","＋","認購","美式","112年03月01日","112年03月01日","112年09月27日","112年10月02日","0.015","    891.00","","",
="037365","亞力凱基28購01","0.00","","1514","亞力","51.60","＋","認購","美式","112年03月01日","112年03月01日","112年08月29日","112年08月31日","0.85","    50.00","","",
="037366","寶齡凱基28購05","0.55","－","1760","寶齡富錦","148.50","","認購","美式","112年03月01日","112年03月01日","112年08月29日","112年08月31日","0.10","    205.00","","",
="037367","新光鋼凱基28購02","0.00","","2031","新光鋼","48.80","－","認購","美式","112年03月01日","112年03月01日","112年08月29日","112年08月31日","0.30","    45.00","","",
="037368","台積電凱基28購20","1.17","","2330","台積電","568.00","＋","認購","美式","112年03月01日","112年03月01日","112年08月29日","112年08月31日","0.02","    527.15","","",
="037369","台積電凱基28購21","1.21","＋","2330","台積電","568.00","＋","認購","美式","112年03月01日","112年03月01日","112年08月29日","112年08月31日","0.03","    556.99","","",
="03736U","景碩群益27售02","0.00","","3189","景碩","116.00","＋","認售","歐式","112年01月17日","112年07月17日","112年07月13日","112年07月17日","0.60","    70.00","","",
="037370","威盛凱基28購03","1.40","","2388","威盛","83.10","＋","認購","美式","112年03月01日","112年03月01日","112年08月29日","112年08月31日","0.25","    99.00","","",
="037371","漢唐凱基2A購01","0.96","＋","2404","漢唐","227.50","＋","認購","美式","112年03月01日","112年03月01日","112年09月27日","112年10月02日","0.20","    300.00","","",
="037372","超豐凱基28購01","1.86","－","2441","超豐","56.90","－","認購","美式","112年03月01日","112年03月01日","112年08月29日","112年08月31日","0.45","    60.00","","",
="037373","中航凱基28購02","0.00","","2612","中航","39.70","＋","認購","美式","112年03月01日","112年03月01日","112年08月29日","112年08月31日","0.35","    45.00","","",
="037374","聯陽凱基28購01","4.64","＋","3014","聯陽","113.50","＋","認購","美式","112年03月01日","112年03月01日","112年08月29日","112年08月31日","0.17","    88.00","","",
="037375","亞光凱基28購01","0.00","","3019","亞光","65.20","＋","認購","美式","112年03月01日","112年03月01日","112年08月29日","112年08月31日","0.28","    75.00","","",
="037376","欣興凱基2A購04","0.00","","3037","欣興","182.50","－","認購","美式","112年03月01日","112年03月01日","112年09月27日","112年10月02日","0.07","    135.00","","",
="037377","晶睿凱基28購03","0.00","","3454","晶睿","182.50","＋","認購","美式","112年03月01日","112年03月01日","112年08月29日","112年08月31日","0.08","    335.00","","",
="037378","致伸凱基28購03","1.17","＋","4915","致伸","64.40","＋","認購","美式","112年03月01日","112年03月01日","112年08月29日","112年08月31日","0.75","    75.00","","",
="037379","全訊凱基28購02","2.28","＋","5222","全訊","198.00","＋","認購","美式","112年03月01日","112年03月01日","112年08月29日","112年08月31日","0.152","    216.48","","",
="03737P","長榮元富2A售01","0.00","","2603","長榮","157.00","＋","認售","歐式","111年10月05日","112年10月04日","112年10月02日","112年10月04日","0.23","    75.00","","",
="03737U","玉晶光群益27售04","0.00","","3406","玉晶光","400.00","＋","認售","歐式","112年01月17日","112年07月17日","112年07月13日","112年07月17日","0.095","    275.00","","",
="037380","全訊凱基2A購01","0.00","","5222","全訊","198.00","＋","認購","美式","112年03月01日","112年03月01日","112年09月27日","112年10月02日","0.102","    177.12","","",
="037381","台表科凱基28購03","2.29","＋","6278","台表科","100.50","＋","認購","美式","112年03月01日","112年03月01日","112年08月29日","112年08月31日","0.18","    95.00","","",
="037382","康舒凱基2A購01","0.00","","6282","康舒","44.05","＋","認購","美式","112年03月01日","112年03月01日","112年10月27日","112年10月31日","0.20","    55.00","","",
="037383","愛普凱基2A購03","2.16","＋","6531","愛普*","328.50","＋","認購","美式","112年03月01日","112年03月01日","112年09月27日","112年10月02日","0.06","    390.00","","",
="037384","緯穎凱基2A購01","0.00","","6669","緯穎","1,205.00","＋","認購","美式","112年03月01日","112年03月01日","112年09月27日","112年10月02日","0.017","    888.00","","",
="037385","AES凱基28購04","0.44","－","6781","AES-KY","690.00","＋","認購","美式","112年03月01日","112年03月01日","112年08月29日","112年08月31日","0.015","    860.00","","",
="037386","致新凱基28購03","1.29","＋","8081","致新","191.50","＋","認購","美式","112年03月01日","112年03月01日","112年08月29日","112年08月31日","0.12","    220.00","","",
="037387","南茂凱基28購01","1.78","＋","8150","南茂","39.55","＋","認購","美式","112年03月01日","112年03月01日","112年08月29日","112年08月31日","1.00","    44.00","","",
="037388","富邦媒凱基28購01","0.59","","8454","富邦媒","703.00","＋","認購","美式","112年03月01日","112年03月01日","112年08月29日","112年08月31日","0.015","    850.00","","",
="037389","台積電法興28購03","2.17","－","2330","台積電","568.00","＋","認購","歐式","112年03月01日","112年08月31日","112年08月29日","112年08月31日","0.08","    596.77","","",
="03738U","晶碩群益27售01","0.00","","6491","晶碩","366.50","＋","認售","歐式","112年01月17日","112年07月17日","112年07月13日","112年07月17日","0.04","    360.00","","",
="037390","友達法興28購03","0.49","","2409","友達","17.65","＋","認購","歐式","112年03月01日","112年08月31日","112年08月29日","112年08月31日","1.00","    21.50","","",
="037391","萬海法興28購01","0.00","","2615","萬海","60.00","＋","認購","歐式","112年03月01日","112年08月31日","112年08月29日","112年08月31日","0.15","    90.00","","",
="037392","聯詠法興28購03","0.80","＋","3034","聯詠","423.50","＋","認購","歐式","112年03月01日","112年08月31日","112年08月29日","112年08月31日","0.06","    510.00","","",
="037393","群創法興28購03","0.00","","3481","群創","14.10","＋","認購","歐式","112年03月01日","112年08月31日","112年08月29日","112年08月31日","1.00","    17.00","","",
="037394","台達電中信29購01","0.72","－","2308","台達電","315.50","－","認購","歐式","112年03月02日","112年09月01日","112年08月30日","112年09月01日","0.038","    328.00","","",
="037395","裕民中信2B購01","0.33","","2606","裕民","49.75","＋","認購","歐式","112年03月02日","112年11月01日","112年10月30日","112年11月01日","0.10","    65.00","","",
="037396","玉山金中信29購01","0.57","＋","2884","玉山金","25.80","＋","認購","歐式","112年03月02日","112年09月01日","112年08月30日","112年09月01日","1.009","    29.74","","",
="037397","上品中信2A購01","0.00","","4770","上品","297.00","＋","認購","歐式","112年03月02日","112年10月02日","112年09月27日","112年10月02日","0.017","    507.29","","",
="037398","愛普中信2A購01","0.61","－","6531","愛普*","328.50","＋","認購","歐式","112年03月02日","112年10月02日","112年09月27日","112年10月02日","0.018","    418.00","","",
="037399","緯穎中信2A購01","1.10","＋","6669","緯穎","1,205.00","＋","認購","歐式","112年03月02日","112年10月02日","112年09月27日","112年10月02日","0.008","    1,308.00","","",
="03739U","力積電群益27售04","0.00","","6770","力積電","30.85","＋","認售","歐式","112年01月17日","112年07月17日","112年07月13日","112年07月17日","1.009","    29.74","","",
="037400","欣興康和29購01","0.00","","3037","欣興","182.50","－","認購","美式","112年03月02日","112年03月02日","112年08月30日","112年09月01日","0.085","    160.00","","",
="037401","景碩康和29購01","0.00","","3189","景碩","116.00","＋","認購","美式","112年03月02日","112年03月02日","112年08月30日","112年09月01日","0.10","    130.00","","",
="037402","敦泰康和29購01","0.79","","3545","敦泰","83.70","＋","認購","美式","112年03月02日","112年03月02日","112年08月30日","112年09月01日","0.12","    90.00","","",
="037403","台灣50永豐33購01","0.00","",="0050","元大台灣50","126.75","＋","認購","美式","112年03月02日","112年03月02日","113年02月27日","113年03月01日","0.60","    147.00","","",
="037404","中興電永豐2A購01","1.55","＋","1513","中興電","113.50","＋","認購","美式","112年03月02日","112年03月02日","112年09月27日","112年10月02日","0.186","    129.20","","",
="037405","中鴻永豐29購01","0.00","","2014","中鴻","23.15","＋","認購","美式","112年03月02日","112年03月02日","112年08月30日","112年09月01日","0.35","    30.40","","",
="037406","微星永豐2B購01","1.61","＋","2377","微星","168.00","－","認購","美式","112年03月02日","112年03月02日","112年10月30日","112年11月01日","0.07","    158.70","","",
="037407","瑞昱永豐29購02","0.00","","2379","瑞昱","388.00","＋","認購","美式","112年03月02日","112年03月02日","112年08月30日","112年09月01日","0.047","    550.00","","",
="037408","威盛永豐2A購02","0.46","＋","2388","威盛","83.10","＋","認購","美式","112年03月02日","112年03月02日","112年09月27日","112年10月02日","0.155","    120.00","","",
="037409","新興永豐2B購01","0.35","－","2605","新興","21.45","＋","認購","美式","112年03月02日","112年03月02日","112年10月30日","112年11月01日","0.40","    29.38","","",
="03740U","南電群益28售05","0.00","","8046","南電","302.50","－","認售","歐式","112年01月17日","112年08月16日","112年08月14日","112年08月16日","0.20","    150.00","","",
="037410","裕民永豐2B購01","0.00","","2606","裕民","49.75","＋","認購","美式","112年03月02日","112年03月02日","112年10月30日","112年11月01日","0.34","    84.00","","",
="037411","陽明永豐2B購01","0.65","＋","2609","陽明","62.00","＋","認購","美式","112年03月02日","112年03月02日","112年10月30日","112年11月01日","0.20","    74.00","","",
="037412","台航永豐2B購01","0.77","＋","2617","台航","29.35","＋","認購","美式","112年03月02日","112年03月02日","112年10月30日","112年11月01日","0.37","    34.41","","",
="037413","慧洋永豐2B購01","0.00","","2637","慧洋-KY","60.30","＋","認購","美式","112年03月02日","112年03月02日","112年10月30日","112年11月01日","0.224","    69.47","","",
="037414","晶豪科永豐2A購01","0.57","＋","3006","晶豪科","88.20","＋","認購","美式","112年03月02日","112年03月02日","112年09月27日","112年10月02日","0.077","    100.00","","",
="037415","華擎永豐2A購01","0.80","＋","3515","華擎","154.00","＋","認購","美式","112年03月02日","112年03月02日","112年09月27日","112年10月02日","0.059","    195.63","","",
="037416","瑞鼎永豐2B購01","0.00","","3592","瑞鼎","348.00","＋","認購","美式","112年03月02日","112年03月02日","112年10月30日","112年11月01日","0.032","    549.29","","",
="037417","世芯永豐2A購01","0.00","","3661","世芯-KY","1,660.00","＋","認購","美式","112年03月02日","112年03月02日","112年09月27日","112年10月02日","0.01","    1,088.45","","",
="037418","愛普永豐2B購01","1.02","","6531","愛普*","328.50","＋","認購","美式","112年03月02日","112年03月02日","112年10月30日","112年11月01日","0.026","    390.00","","",
="037419","緯穎永豐2B購01","3.01","＋","6669","緯穎","1,205.00","＋","認購","美式","112年03月02日","112年03月02日","112年10月30日","112年11月01日","0.011","    1,049.95","","",
="03741P","長榮麥證27售03","0.00","","2603","長榮","157.00","＋","認售","歐式","111年10月05日","112年07月04日","112年06月30日","112年07月04日","0.085","    120.00","","",
="03741U","臺股指群益27售07","0.02","－","IX0001","臺股指數","16,636.30","","認售","歐式","112年01月17日","112年07月17日","112年07月13日","112年07月17日","0.005","    12,900.00","","",
="037420","中興電統一2B購01","0.80","＋","1513","中興電","113.50","＋","認購","美式","112年03月02日","112年03月02日","112年10月30日","112年11月01日","0.07","    135.00","","",
="037421","華城統一2B購01","7.35","＋","1519","華城","141.00","＋","認購","美式","112年03月02日","112年03月02日","112年10月30日","112年11月01日","0.12","    85.30","","",
="037422","大亞統一2B購01","1.76","","1609","大亞","31.00","＋","認購","美式","112年03月02日","112年03月02日","112年10月30日","112年11月01日","0.30","    27.80","","",
="037423","寶齡統一2C購02","0.27","","1760","寶齡富錦","148.50","","認購","美式","112年03月02日","112年03月02日","112年11月29日","112年12月01日","0.018","    222.22","","",
="037424","台積電統一33購02","1.63","＋","2330","台積電","568.00","＋","認購","美式","112年03月02日","112年03月02日","113年02月27日","113年03月01日","0.018","    526.03","","",
="037425","威盛統一31購02","0.52","","2388","威盛","83.10","＋","認購","美式","112年03月02日","112年03月02日","112年12月28日","113年01月02日","0.04","    112.80","","",
="037426","威盛統一33購01","0.41","＋","2388","威盛","83.10","＋","認購","美式","112年03月02日","112年03月02日","113年02月27日","113年03月01日","0.02","    111.11","","",
="037427","聯發科統一33購02","0.56","＋","2454","聯發科","738.00","＋","認購","美式","112年03月02日","112年03月02日","113年02月27日","113年03月01日","0.008","    888.88","","",
="037428","全新統一2B購01","1.07","－","2455","全新","100.00","","認購","美式","112年03月02日","112年03月02日","112年10月30日","112年11月01日","0.06","    100.00","","",
="037429","飛宏統一29購01","0.00","","2457","飛宏","76.40","＋","認購","美式","112年03月02日","112年03月02日","112年08月30日","112年09月01日","0.13","    61.68","","",
="03742U","臺股指群益27售08","0.00","","IX0001","臺股指數","16,636.30","","認售","歐式","112年01月17日","112年07月17日","112年07月13日","112年07月17日","0.004","    13,300.00","","",
="037430","宏達電統一2C購02","0.00","","2498","宏達電","61.50","＋","認購","美式","112年03月02日","112年03月02日","112年11月29日","112年12月01日","0.06","    100.00","","",
="037431","敦泰統一2B購02","0.76","","3545","敦泰","83.70","＋","認購","美式","112年03月02日","112年03月02日","112年10月30日","112年11月01日","0.07","    96.70","","",
="037432","拓凱統一2C購02","0.00","","4536","拓凱","196.50","＋","認購","美式","112年03月02日","112年03月02日","112年11月29日","112年12月01日","0.018","    269.70","","",
="037433","新唐統一2B購02","0.31","","4919","新唐","130.50","＋","認購","美式","112年03月02日","112年03月02日","112年10月30日","112年11月01日","0.032","    172.20","","",
="037434","元晶統一2B購01","0.96","＋","6443","元晶","36.20","＋","認購","美式","112年03月02日","112年03月02日","112年10月30日","112年11月01日","0.18","    42.88","","",
="037435","愛普統一32購02","0.77","","6531","愛普*","328.50","＋","認購","美式","112年03月02日","112年03月02日","113年01月30日","113年02月01日","0.012","    372.40","","",
="037436","富邦媒統一31購01","0.42","－","8454","富邦媒","703.00","＋","認購","美式","112年03月02日","112年03月02日","112年12月28日","113年01月02日","0.004","    888.88","","",
="037437","滬深反凱基2C購01","0.00","",="00638R","元大滬深300反1","9.79","＋","認購","美式","112年03月02日","112年03月02日","112年11月29日","112年12月01日","0.80","    10.00","","",
="037438","中興電凱基29購06","2.10","＋","1513","中興電","113.50","＋","認購","美式","112年03月02日","112年03月02日","112年08月30日","112年09月01日","0.15","    110.00","","",
="037439","華城凱基2A購02","0.00","","1519","華城","141.00","＋","認購","美式","112年03月02日","112年03月02日","112年09月27日","112年10月02日","0.22","    85.00","","",
="03743U","臺股指群益27售09","0.00","","IX0001","臺股指數","16,636.30","","認售","歐式","112年01月17日","112年07月17日","112年07月13日","112年07月17日","0.003","    13,700.00","","",
="037440","台達電凱基29購01","2.27","－","2308","台達電","315.50","－","認購","美式","112年03月02日","112年03月02日","112年08月30日","112年09月01日","0.09","    310.00","","",
="037441","金像電凱基2A購01","0.00","","2368","金像電","121.50","","認購","美式","112年03月02日","112年03月02日","112年09月27日","112年10月02日","0.538","    125.56","","",
="037442","威盛凱基29購04","0.20","＋","2388","威盛","83.10","＋","認購","美式","112年03月02日","112年03月02日","112年08月30日","112年09月01日","0.15","    125.00","","",
="037443","長榮凱基29購08","0.85","＋","2603","長榮","157.00","＋","認購","美式","112年03月02日","112年03月02日","112年08月30日","112年09月01日","0.08","    165.00","","",
="037444","裕民凱基29購01","0.00","","2606","裕民","49.75","＋","認購","美式","112年03月02日","112年03月02日","112年08月30日","112年09月01日","0.60","    80.00","","",
="037445","玉晶光凱基2A購02","0.54","","3406","玉晶光","400.00","＋","認購","美式","112年03月02日","112年03月02日","112年09月27日","112年10月02日","0.039","    520.00","","",
="037446","華擎凱基29購01","0.33","＋","3515","華擎","154.00","＋","認購","美式","112年03月02日","112年03月02日","112年08月30日","112年09月01日","0.12","    250.00","","",
="037447","瑞鼎凱基29購03","0.00","","3592","瑞鼎","348.00","＋","認購","美式","112年03月02日","112年03月02日","112年08月30日","112年09月01日","0.05","    530.00","","",
="037448","世芯凱基29購06","0.00","","3661","世芯-KY","1,660.00","＋","認購","美式","112年03月02日","112年03月02日","112年08月30日","112年09月01日","0.016","    1,280.00","","",
="037449","貿聯凱基2A購02","0.79","","3665","貿聯-KY","270.50","＋","認購","美式","112年03月02日","112年03月02日","112年09月27日","112年10月02日","0.06","    308.78","","",
="03744U","臺股指群益27售10","0.00","","IX0001","臺股指數","16,636.30","","認售","歐式","112年01月17日","112年07月17日","112年07月13日","112年07月17日","0.003","    13,900.00","","",
="037450","拓凱凱基29購02","0.54","＋","4536","拓凱","196.50","＋","認購","美式","112年03月02日","112年03月02日","112年08月30日","112年09月01日","0.18","    310.00","","",
="037451","台表科凱基29購01","0.00","","6278","台表科","100.50","＋","認購","美式","112年03月02日","112年03月02日","112年08月30日","112年09月01日","0.27","    115.00","","",
="037452","樺漢凱基29購01","0.00","","6414","樺漢","281.00","＋","認購","美式","112年03月02日","112年03月02日","112年08月30日","112年09月01日","0.056","    250.00","","",
="037453","穎崴凱基29購03","2.67","＋","6515","穎崴","830.00","－","認購","美式","112年03月02日","112年03月02日","112年08月30日","112年09月01日","0.015","    750.00","","",
="037454","愛普凱基2A購04","0.00","","6531","愛普*","328.50","＋","認購","美式","112年03月02日","112年03月02日","112年09月27日","112年10月02日","0.055","    430.00","","",
="037455","愛普凱基2A購05","1.32","","6531","愛普*","328.50","＋","認購","美式","112年03月02日","112年03月02日","112年09月27日","112年10月02日","0.022","    330.00","","",
="037456","台灣50國票29購05","2.91","＋",="0050","元大台灣50","126.75","＋","認購","美式","112年03月02日","112年03月02日","112年08月30日","112年09月01日","0.40","    122.00","","",
="037457","SGBR2X國票29購02","1.27","＋",="00715L","期街口布蘭特正2","12.73","＋","認購","美式","112年03月02日","112年03月02日","112年08月30日","112年09月01日","1.00","    16.00","","",
="037458","聯電國票29購02","0.00","","2303","聯電","51.20","＋","認購","美式","112年03月02日","112年03月02日","112年08月30日","112年09月01日","1.00","    65.00","","",
="037459","聯電國票2B購01","1.46","＋","2303","聯電","51.20","＋","認購","美式","112年03月02日","112年03月02日","112年10月30日","112年11月01日","0.25","    50.00","","",
="03745P","台積電元大26售21","0.00","","2330","台積電","568.00","＋","認售","歐式","111年12月05日","112年06月05日","112年06月01日","112年06月05日","0.05","    426.72","","",
="03745U","臺股指群益27售11","0.08","－","IX0001","臺股指數","16,636.30","","認售","歐式","112年01月17日","112年07月17日","112年07月13日","112年07月17日","0.003","    14,100.00","","",
="037460","台積電國票2A購04","0.00","","2330","台積電","568.00","＋","認購","美式","112年03月02日","112年03月02日","112年09月27日","112年10月02日","0.101","    601.74","","",
="037461","微星國票2A購01","1.41","－","2377","微星","168.00","－","認購","美式","112年03月02日","112年03月02日","112年09月27日","112年10月02日","0.12","    180.00","","",
="037462","威盛國票2A購01","1.58","＋","2388","威盛","83.10","＋","認購","美式","112年03月02日","112年03月02日","112年09月27日","112年10月02日","0.50","    125.00","","",
="037463","漢唐國票2A購01","0.57","","2404","漢唐","227.50","＋","認購","美式","112年03月02日","112年03月02日","112年09月27日","112年10月02日","0.10","    280.00","","",
="037464","友達國票2A購01","0.77","","2409","友達","17.65","＋","認購","美式","112年03月02日","112年03月02日","112年09月27日","112年10月02日","0.80","    20.00","","",
="037465","新興國票2A購01","0.27","","2605","新興","21.45","＋","認購","美式","112年03月02日","112年03月02日","112年09月27日","112年10月02日","1.00","    34.00","","",
="037466","陽明國票29購02","0.00","","2609","陽明","62.00","＋","認購","美式","112年03月02日","112年03月02日","112年08月30日","112年09月01日","0.80","    85.00","","",
="037467","陽明國票2A購01","0.71","＋","2609","陽明","62.00","＋","認購","美式","112年03月02日","112年03月02日","112年09月27日","112年10月02日","0.50","    80.00","","",
="037468","華航國票29購01","1.37","＋","2610","華航","21.65","＋","認購","美式","112年03月02日","112年03月02日","112年08月30日","112年09月01日","0.70","    21.00","","",
="037469","八方國票2A購01","0.04","","2753","八方雲集","167.00","","認購","美式","112年03月02日","112年03月02日","112年09月27日","112年10月02日","0.28","    381.00","","",
="03746U","寶齡國票2A售01","0.00","","1760","寶齡富錦","148.50","","認售","歐式","112年01月30日","112年10月02日","112年09月27日","112年10月02日","0.033","    140.00","","",
="037470","聯詠國票2A購02","1.05","＋","3034","聯詠","423.50","＋","認購","美式","112年03月02日","112年03月02日","112年09月27日","112年10月02日","0.07","    500.00","","",
="037471","聯詠國票2A購03","0.84","＋","3034","聯詠","423.50","＋","認購","美式","112年03月02日","112年03月02日","112年09月27日","112年10月02日","0.175","    600.00","","",
="037472","群創國票2A購01","0.00","","3481","群創","14.10","＋","認購","美式","112年03月02日","112年03月02日","112年09月27日","112年10月02日","1.00","    17.00","","",
="037473","世芯國票29購05","0.00","","3661","世芯-KY","1,660.00","＋","認購","美式","112年03月02日","112年03月02日","112年08月30日","112年09月01日","0.012","    1,050.00","","",
="037474","四維航國票2A購01","0.45","","5608","四維航","23.10","＋","認購","美式","112年03月02日","112年03月02日","112年09月27日","112年10月02日","1.00","    38.00","","",
="037475","元晶國票2A購02","0.54","","6443","元晶","36.20","＋","認購","美式","112年03月02日","112年03月02日","112年09月27日","112年10月02日","1.00","    56.00","","",
="037476","愛普國票2A購02","1.81","＋","6531","愛普*","328.50","＋","認購","美式","112年03月02日","112年03月02日","112年09月27日","112年10月02日","0.075","    400.00","","",
="037477","緯穎國票2A購01","4.59","＋","6669","緯穎","1,205.00","＋","認購","美式","112年03月02日","112年03月02日","112年09月27日","112年10月02日","0.04","    1,300.00","","",
="037478","金像電國泰2B購01","4.50","－","2368","金像電","121.50","","認購","美式","112年03月02日","112年03月02日","112年10月30日","112年11月01日","0.207","    107.76","","",
="037479","飛宏國泰2B購01","0.00","","2457","飛宏","76.40","＋","認購","美式","112年03月02日","112年03月02日","112年10月30日","112年11月01日","0.30","    57.36","","",
="03747U","義隆國票27售01","0.00","","2458","義隆","104.00","＋","認售","歐式","112年01月30日","112年07月31日","112年07月27日","112年07月31日","0.124","    87.31","","",
="037480","晶華國泰2B購01","0.00","","2707","晶華","288.00","＋","認購","美式","112年03月02日","112年03月02日","112年10月30日","112年11月01日","0.06","    400.00","","",
="037481","可成元富33購01","1.71","＋","2474","可成","189.00","＋","認購","美式","112年03月02日","112年03月02日","113年02月27日","113年03月01日","0.10","    210.00","","",
="037482","長榮航元富31購01","1.44","＋","2618","長榮航","33.60","＋","認購","美式","112年03月02日","112年03月02日","112年12月28日","113年01月02日","0.20","    31.00","","",
="037483","美食元富2A購04","0.00","","2723","美食-KY","152.50","－","認購","美式","112年03月02日","112年03月02日","112年09月27日","112年10月02日","0.035","    180.00","","",
="037484","欣興元富31購01","1.85","－","3037","欣興","182.50","－","認購","美式","112年03月02日","112年03月02日","112年12月28日","113年01月02日","0.04","    150.00","","",
="037485","貿聯元富29購01","0.61","","3665","貿聯-KY","270.50","＋","認購","美式","112年03月02日","112年03月02日","112年08月30日","112年09月01日","0.05","    298.82","","",
="037486","元晶元富2C購01","1.15","＋","6443","元晶","36.20","＋","認購","美式","112年03月02日","112年03月02日","112年11月29日","112年12月01日","0.40","    45.00","","",
="037487","穎崴元富2C購01","0.00","","6515","穎崴","830.00","－","認購","美式","112年03月02日","112年03月02日","112年11月29日","112年12月01日","0.03","    640.00","","",
="037488","愛普元富2A購02","0.00","","6531","愛普*","328.50","＋","認購","美式","112年03月02日","112年03月02日","112年09月27日","112年10月02日","0.019","    300.00","","",
="037489","富鼎元富2C購01","0.64","","8261","富鼎","106.50","＋","認購","美式","112年03月02日","112年03月02日","112年11月29日","112年12月01日","0.084","    145.00","","",
="03748P","台積電元大26售22","0.00","","2330","台積電","568.00","＋","認售","歐式","111年12月05日","112年06月05日","112年06月01日","112年06月05日","0.04","    410.40","","",
="03748U","王品國票28售01","0.00","","2727","王品","320.00","－","認售","歐式","112年01月30日","112年08月29日","112年08月25日","112年08月29日","0.091","    130.00","","",
="037490","中興電麥證29購02","1.09","＋","1513","中興電","113.50","＋","認購","歐式","112年03月02日","112年09月01日","112年08月30日","112年09月01日","0.076","    108.88","","",
="037491","康舒麥證29購02","0.72","＋","6282","康舒","44.05","＋","認購","歐式","112年03月02日","112年09月01日","112年08月30日","112年09月01日","0.35","    55.00","","",
="037492","台達電兆豐2C購01","0.78","－","2308","台達電","315.50","－","認購","美式","112年03月02日","112年03月02日","112年11月29日","112年12月01日","0.03","    320.00","","",
="037493","榮運兆豐2B購01","0.79","＋","2607","榮運","27.35","＋","認購","美式","112年03月02日","112年03月02日","112年10月30日","112年11月01日","0.35","    32.00","","",
="037494","美食兆豐2B購01","0.00","","2723","美食-KY","152.50","－","認購","美式","112年03月02日","112年03月02日","112年10月30日","112年11月01日","0.05","    188.00","","",
="037495","立積兆豐2B購01","1.56","＋","4968","立積","170.00","＋","認購","美式","112年03月02日","112年03月02日","112年10月30日","112年11月01日","0.045","    158.00","","",
="037496","愛普兆豐2A購02","1.02","＋","6531","愛普*","328.50","＋","認購","美式","112年03月02日","112年03月02日","112年09月27日","112年10月02日","0.028","    340.00","","",
="037497","元日2X群益31購01","0.00","",="00706L","期元大S&P日圓正2(原名：元大S&P日圓正2)","8.72","－","認購","美式","112年03月02日","112年03月02日","112年12月28日","113年01月02日","0.908","    10.58","","",
="037498","中興電群益29購01","0.00","","1513","中興電","113.50","＋","認購","美式","112年03月02日","112年03月02日","112年08月30日","112年09月01日","0.38","    120.00","","",
="037499","亞力群益29購01","3.03","","1514","亞力","51.60","＋","認購","美式","112年03月02日","112年03月02日","112年08月30日","112年09月01日","0.48","    48.80","","",
="03749P","聯發科元大26售16","0.00","","2454","聯發科","738.00","＋","認售","歐式","111年12月05日","112年06月05日","112年06月01日","112年06月05日","0.34","    414.50","","",
="03749U","華新群益27售08","0.00","","1605","華新","46.60","＋","認售","歐式","112年01月30日","112年07月31日","112年07月27日","112年07月31日","1.00","    30.00","","",
="037500","華新群益29購01","0.00","","1605","華新","46.60","＋","認購","美式","112年03月02日","112年03月02日","112年08月30日","112年09月01日","0.50","    80.00","","",
="037501","台達電群益29購01","0.79","－","2308","台達電","315.50","－","認購","美式","112年03月02日","112年03月02日","112年08月30日","112年09月01日","0.18","    388.80","","",
="037502","晶華群益2A購01","0.00","","2707","晶華","288.00","＋","認購","美式","112年03月02日","112年03月02日","112年09月27日","112年10月02日","0.096","    460.00","","",
="037503","群創群益2A購01","0.18","＋","3481","群創","14.10","＋","認購","美式","112年03月02日","112年03月02日","112年09月27日","112年10月02日","0.90","    19.80","","",
="037504","敦泰群益2A購01","2.81","＋","3545","敦泰","83.70","＋","認購","美式","112年03月02日","112年03月02日","112年09月27日","112年10月02日","0.30","    88.00","","",
="037505","拓凱群益29購02","0.00","","4536","拓凱","196.50","＋","認購","美式","112年03月02日","112年03月02日","112年08月30日","112年09月01日","0.06","    270.00","","",
="037506","康舒群益29購02","2.51","＋","6282","康舒","44.05","＋","認購","美式","112年03月02日","112年03月02日","112年08月30日","112年09月01日","1.00","    50.00","","",
="037507","穎崴群益2A購01","7.00","－","6515","穎崴","830.00","－","認購","美式","112年03月02日","112年03月02日","112年09月27日","112年10月02日","0.055","    850.00","","",
="037508","愛普群益2A購02","2.24","","6531","愛普*","328.50","＋","認購","美式","112年03月02日","112年03月02日","112年09月27日","112年10月02日","0.08","    430.00","","",
="037509","晶心科群益2A購02","1.84","＋","6533","晶心科","511.00","＋","認購","美式","112年03月02日","112年03月02日","112年09月27日","112年10月02日","0.059","    657.00","","",
="03750P","大立光元大26售10","0.00","","3008","大立光","2,305.00","＋","認售","歐式","111年12月05日","112年06月05日","112年06月01日","112年06月05日","0.064","    1,352.58","","",
="03750U","聯電群益28售01","0.00","","2303","聯電","51.20","＋","認售","歐式","112年01月30日","112年08月29日","112年08月25日","112年08月29日","1.00","    32.00","","",
="037510","緯穎群益29購01","5.15","＋","6669","緯穎","1,205.00","＋","認購","美式","112年03月02日","112年03月02日","112年08月30日","112年09月01日","0.035","    1,350.00","","",
="037511","矽創群益29購01","0.79","","8016","矽創","225.50","＋","認購","美式","112年03月02日","112年03月02日","112年08月30日","112年09月01日","0.122","    300.00","","",
="037512","香港2X元大2A購01","0.00","",="00650L","FH香港正2","11.60","＋","認購","美式","112年03月02日","112年03月02日","112年09月27日","112年10月02日","0.50","    17.00","","",
="037513","SGBR2X元大2A購02","0.64","＋",="00715L","期街口布蘭特正2","12.73","＋","認購","美式","112年03月02日","112年03月02日","112年09月27日","112年10月02日","0.25","    14.00","","",
="037514","SGBR2X元大2B購01","0.73","＋",="00715L","期街口布蘭特正2","12.73","＋","認購","美式","112年03月02日","112年03月02日","112年10月30日","112年11月01日","0.30","    15.50","","",
="037515","華夏元大29購01","0.00","","1305","華夏","23.85","－","認購","美式","112年03月02日","112年03月02日","112年08月30日","112年09月01日","0.496","    31.20","","",
="037516","中興電元大2A購02","2.43","＋","1513","中興電","113.50","＋","認購","美式","112年03月02日","112年03月02日","112年09月27日","112年10月02日","0.221","    122.00","","",
="037517","華城元大29購02","0.00","","1519","華城","141.00","＋","認購","美式","112年03月02日","112年03月02日","112年08月30日","112年09月01日","0.561","    96.00","","",
="037518","上銀元大29購01","0.89","＋","2049","上銀","235.50","＋","認購","美式","112年03月02日","112年03月02日","112年08月30日","112年09月01日","0.055","    263.50","","",
="037519","飛宏元大29購01","3.92","","2457","飛宏","76.40","＋","認購","美式","112年03月02日","112年03月02日","112年08月30日","112年09月01日","0.202","    60.00","","",
="03751P","晶睿元大28售03","0.73","－","3454","晶睿","182.50","＋","認售","歐式","111年12月05日","112年08月04日","112年08月02日","112年08月04日","0.025","    180.00","","",
="03751U","瑞昱群益27售01","0.00","","2379","瑞昱","388.00","＋","認售","歐式","112年01月30日","112年07月31日","112年07月27日","112年07月31日","0.058","    266.00","","",
="037520","華新科元大2A購02","0.00","","2492","華新科","101.00","＋","認購","美式","112年03月02日","112年03月02日","112年09月27日","112年10月02日","0.068","    110.00","","",
="037521","宏達電元大2A購06","0.00","","2498","宏達電","61.50","＋","認購","美式","112年03月02日","112年03月02日","112年09月27日","112年10月02日","0.238","    79.20","","",
="037522","長榮航元大2A購09","0.00","","2618","長榮航","33.60","＋","認購","美式","112年03月02日","112年03月02日","112年09月27日","112年10月02日","0.509","    29.10","","",
="037523","長榮航元大2B購04","2.85","＋","2618","長榮航","33.60","＋","認購","美式","112年03月02日","112年03月02日","112年10月30日","112年11月01日","0.753","    34.35","","",
="037524","晶華元大2A購05","0.00","","2707","晶華","288.00","＋","認購","美式","112年03月02日","112年03月02日","112年09月27日","112年10月02日","0.078","    455.00","","",
="037525","群創元大2A購05","0.74","＋","3481","群創","14.10","＋","認購","美式","112年03月02日","112年03月02日","112年09月27日","112年10月02日","0.601","    14.95","","",
="037526","群創元大2B購03","0.00","","3481","群創","14.10","＋","認購","美式","112年03月02日","112年03月02日","112年10月30日","112年11月01日","0.857","    17.70","","",
="037527","群創元大2C購01","0.00","","3481","群創","14.10","＋","認購","美式","112年03月02日","112年03月02日","112年11月29日","112年12月01日","1.00","    21.80","","",
="037528","台勝科元大29購01","0.76","＋","3532","台勝科","157.00","＋","認購","美式","112年03月02日","112年03月02日","112年08月30日","112年09月01日","0.087","    189.00","","",
="037529","敦泰元大2B購01","1.69","＋","3545","敦泰","83.70","＋","認購","美式","112年03月02日","112年03月02日","112年10月30日","112年11月01日","0.151","    88.40","","",
="03752U","南亞科群益27售03","0.00","","2408","南亞科","71.20","－","認售","歐式","112年01月30日","112年07月31日","112年07月27日","112年07月31日","1.00","    40.00","","",
="037530","健策元大2A購08","0.00","","3653","健策","616.00","＋","認購","美式","112年03月02日","112年03月02日","112年09月27日","112年10月02日","0.032","    446.00","","",
="037531","世芯元大2A購04","0.00","","3661","世芯-KY","1,660.00","＋","認購","美式","112年03月02日","112年03月02日","112年09月27日","112年10月02日","0.014","    1,230.00","","",
="037532","穎崴元大2A購01","0.00","","6515","穎崴","830.00","－","認購","美式","112年03月02日","112年03月02日","112年09月27日","112年10月02日","0.017","    675.00","","",
="037533","愛普元大2A購02","1.95","＋","6531","愛普*","328.50","＋","認購","美式","112年03月02日","112年03月02日","112年09月27日","112年10月02日","0.042","    380.00","","",
="037534","帝寶元大29購01","1.83","＋","6605","帝寶","99.80","＋","認購","美式","112年03月02日","112年03月02日","112年08月30日","112年09月01日","0.195","    106.00","","",
="037535","南電元大29購06","2.32","＋","8046","南電","302.50","－","認購","美式","112年03月02日","112年03月02日","112年08月30日","112年09月01日","0.10","    360.00","","",
="037536","南電元大29購07","3.27","－","8046","南電","302.50","－","認購","美式","112年03月02日","112年03月02日","112年08月30日","112年09月01日","0.09","    313.00","","",
="037537","南電元大29購08","0.00","","8046","南電","302.50","－","認購","美式","112年03月02日","112年03月02日","112年08月30日","112年09月01日","0.06","    272.50","","",
="037538","富邦媒元大2A購03","0.00","","8454","富邦媒","703.00","＋","認購","美式","112年03月02日","112年03月02日","112年09月27日","112年10月02日","0.02","    1,020.00","","",
="037539","威強電中信29購01","0.00","","3022","威強電","91.20","＋","認購","歐式","112年03月03日","112年09月04日","112年08月31日","112年09月04日","0.088","    96.00","","",
="03753P","晶睿國票27售01","0.00","","3454","晶睿","182.50","＋","認售","歐式","111年12月05日","112年07月04日","112年06月30日","112年07月04日","0.04","    160.00","","",
="03753U","南亞科群益27售04","0.00","","2408","南亞科","71.20","－","認售","歐式","112年01月30日","112年07月31日","112年07月27日","112年07月31日","0.30","    48.00","","",
="037540","金像電永豐2C購01","2.52","＋","2368","金像電","121.50","","認購","美式","112年03月03日","112年03月03日","112年11月30日","112年12月04日","0.114","    112.57","","",
="037541","新興永豐2A購01","0.00","","2605","新興","21.45","＋","認購","美式","112年03月03日","112年03月03日","112年09月27日","112年10月02日","0.58","    34.76","","",
="037542","奇鋐永豐2A購01","0.00","","3017","奇鋐","206.00","－","認購","美式","112年03月03日","112年03月03日","112年09月27日","112年10月02日","0.034","    119.00","","",
="037543","緯創永豐2A購01","0.00","","3231","緯創","68.00","＋","認購","美式","112年03月03日","112年03月03日","112年09月27日","112年10月02日","1.00","    39.91","","",
="037544","敦泰永豐29購02","1.29","＋","3545","敦泰","83.70","＋","認購","美式","112年03月03日","112年03月03日","112年08月31日","112年09月04日","0.11","    82.00","","",
="037545","立積永豐2C購01","1.63","","4968","立積","170.00","＋","認購","美式","112年03月03日","112年03月03日","112年11月30日","112年12月04日","0.052","    170.30","","",
="037546","元晶永豐2A購01","0.60","","6443","元晶","36.20","＋","認購","美式","112年03月03日","112年03月03日","112年09月27日","112年10月02日","0.19","    41.00","","",
="037547","緯穎永豐2C購01","2.19","＋","6669","緯穎","1,205.00","＋","認購","美式","112年03月03日","112年03月03日","112年11月30日","112年12月04日","0.013","    1,265.63","","",
="037548","中興電康和29購01","0.00","","1513","中興電","113.50","＋","認購","美式","112年03月03日","112年03月03日","112年08月31日","112年09月04日","0.10","    110.00","","",
="037549","AES康和29購01","0.00","","6781","AES-KY","690.00","＋","認購","美式","112年03月03日","112年03月03日","112年08月31日","112年09月04日","0.01","    1,000.00","","",
="03754U","聯發科群益27售15","0.59","－","2454","聯發科","738.00","＋","認售","歐式","112年01月30日","112年07月31日","112年07月27日","112年07月31日","0.03","    679.00","","",
="037550","矽創康和29購01","0.00","","8016","矽創","225.50","＋","認購","美式","112年03月03日","112年03月03日","112年08月31日","112年09月04日","0.05","    275.00","","",
="037551","為升第一29購01","2.28","","2231","為升","172.50","＋","認購","美式","112年03月03日","112年03月03日","112年08月31日","112年09月04日","0.095","    179.40","","",
="037552","微星第一29購01","3.87","－","2377","微星","168.00","－","認購","美式","112年03月03日","112年03月03日","112年08月31日","112年09月04日","0.114","    159.85","","",
="037553","台積電麥證29購06","2.79","－","2330","台積電","568.00","＋","認購","歐式","112年03月03日","112年09月04日","112年08月31日","112年09月04日","0.201","    626.61","","",
="037554","台積電麥證2A購10","1.50","＋","2330","台積電","568.00","＋","認購","歐式","112年03月03日","112年10月02日","112年09月27日","112年10月02日","0.302","    755.91","","",
="037555","台積電麥證2B購02","3.76","＋","2330","台積電","568.00","＋","認購","歐式","112年03月03日","112年11月02日","112年10月31日","112年11月02日","0.181","    646.50","","",
="037556","聯發科麥證2A購02","0.76","","2454","聯發科","738.00","＋","認購","歐式","112年03月03日","112年10月02日","112年09月27日","112年10月02日","0.10","    1,080.00","","",
="037557","聯發科麥證2B購01","2.01","＋","2454","聯發科","738.00","＋","認購","歐式","112年03月03日","112年11月02日","112年10月31日","112年11月02日","0.08","    1,000.00","","",
="037558","宏達電麥證2B購01","0.49","","2498","宏達電","61.50","＋","認購","歐式","112年03月03日","112年11月02日","112年10月31日","112年11月02日","0.08","    75.00","","",
="037559","永豐金麥證29購01","0.42","＋","2890","永豐金","17.15","＋","認購","歐式","112年03月03日","112年09月04日","112年08月31日","112年09月04日","1.00","    20.00","","",
="03755U","萬海群益27售05","1.36","－","2615","萬海","60.00","＋","認售","歐式","112年01月30日","112年07月31日","112年07月27日","112年07月31日","0.40","    56.00","","",
="037560","緯創麥證29購01","0.00","","3231","緯創","68.00","＋","認購","歐式","112年03月03日","112年09月04日","112年08月31日","112年09月04日","1.00","    36.88","","",
="037561","力智麥證2A購01","0.58","＋","6719","力智","303.00","＋","認購","歐式","112年03月03日","112年10月02日","112年09月27日","112年10月02日","0.013","    308.88","","",
="037562","南茂麥證29購01","0.85","＋","8150","南茂","39.55","＋","認購","歐式","112年03月03日","112年09月04日","112年08月31日","112年09月04日","1.00","    48.00","","",
="037563","S&P反1凱基31購01","0.00","",="00648R","元大S&P500反1","6.93","－","認購","美式","112年03月03日","112年03月03日","112年12月28日","113年01月02日","0.70","    7.30","","",
="037564","SGBR2X凱基2B購01","0.91","＋",="00715L","期街口布蘭特正2","12.73","＋","認購","美式","112年03月03日","112年03月03日","112年10月31日","112年11月02日","0.40","    15.50","","",
="037565","台泥凱基29購01","0.00","","1101","台泥","38.15","＋","認購","美式","112年03月03日","112年03月03日","112年08月31日","112年09月04日","1.00","    48.00","","",
="037566","中鴻凱基29購01","0.00","","2014","中鴻","23.15","＋","認購","美式","112年03月03日","112年03月03日","112年08月31日","112年09月04日","0.40","    30.00","","",
="037567","為升凱基2A購01","1.66","－","2231","為升","172.50","＋","認購","美式","112年03月03日","112年03月03日","112年09月27日","112年10月02日","0.075","    168.00","","",
="037568","台積電凱基2C購13","2.47","－","2330","台積電","568.00","＋","認購","美式","112年03月03日","112年03月03日","112年11月30日","112年12月04日","0.035","    537.09","","",
="037569","台積電凱基33購05","0.00","","2330","台積電","568.00","＋","認購","美式","112年03月03日","112年03月03日","113年02月29日","113年03月04日","0.131","    755.91","","",
="03756U","聯詠群益27售07","0.00","","3034","聯詠","423.50","＋","認售","歐式","112年01月30日","112年07月31日","112年07月27日","112年07月31日","0.10","    288.00","","",
="037570","友訊凱基29購01","0.00","","2332","友訊","19.95","＋","認購","美式","112年03月03日","112年03月03日","112年08月31日","112年09月04日","0.80","    18.00","","",
="037571","智邦凱基29購01","3.46","＋","2345","智邦","357.50","＋","認購","美式","112年03月03日","112年03月03日","112年08月31日","112年09月04日","0.05","    300.00","","",
="037572","聯發科凱基2C購01","1.70","＋","2454","聯發科","738.00","＋","認購","美式","112年03月03日","112年03月03日","112年11月30日","112年12月04日","0.022","    800.00","","",
="037573","全新凱基29購02","2.22","＋","2455","全新","100.00","","認購","美式","112年03月03日","112年03月03日","112年08月31日","112年09月04日","0.20","    110.00","","",
="037574","長榮凱基2B購02","0.00","","2603","長榮","157.00","＋","認購","美式","112年03月03日","112年03月03日","112年10月31日","112年11月02日","0.08","    172.00","","",
="037575","慧洋凱基29購01","0.15","＋","2637","慧洋-KY","60.30","＋","認購","美式","112年03月03日","112年03月03日","112年08月31日","112年09月04日","0.28","    75.84","","",
="037576","欣興凱基29購05","4.55","－","3037","欣興","182.50","－","認購","美式","112年03月03日","112年03月03日","112年08月31日","112年09月04日","0.12","    150.00","","",
="037577","明泰凱基29購01","1.59","＋","3380","明泰","37.30","＋","認購","美式","112年03月03日","112年03月03日","112年08月31日","112年09月04日","1.00","    45.00","","",
="037578","華擎凱基29購02","0.73","","3515","華擎","154.00","＋","認購","美式","112年03月03日","112年03月03日","112年08月31日","112年09月04日","0.08","    190.00","","",
="037579","健策凱基2C購01","5.45","＋","3653","健策","616.00","＋","認購","美式","112年03月03日","112年03月03日","112年11月30日","112年12月04日","0.05","    600.00","","",
="03757U","創意群益27售02","0.00","","3443","創意","1,515.00","＋","認售","歐式","112年01月30日","112年07月31日","112年07月27日","112年07月31日","0.02","    614.00","","",
="037580","貿聯凱基29購01","0.00","","3665","貿聯-KY","270.50","＋","認購","美式","112年03月03日","112年03月03日","112年08月31日","112年09月04日","0.151","    368.55","","",
="037581","上品凱基29購01","0.00","","4770","上品","297.00","＋","認購","美式","112年03月03日","112年03月03日","112年08月31日","112年09月04日","0.052","    432.35","","",
="037582","新唐凱基2A購01","0.20","","4919","新唐","130.50","＋","認購","美式","112年03月03日","112年03月03日","112年09月27日","112年10月02日","0.12","    200.00","","",
="037583","緯穎凱基2A購02","1.89","＋","6669","緯穎","1,205.00","＋","認購","美式","112年03月03日","112年03月03日","112年09月27日","112年10月02日","0.015","    1,400.00","","",
="037584","富邦媒凱基29購04","0.00","","8454","富邦媒","703.00","＋","認購","美式","112年03月03日","112年03月03日","112年08月31日","112年09月04日","0.02","    950.00","","",
="037585","宏全凱基29購01","1.57","","9939","宏全","106.50","＋","認購","美式","112年03月03日","112年03月03日","112年08月31日","112年09月04日","0.25","    115.00","","",
="037586","威盛兆豐2B購01","0.64","＋","2388","威盛","83.10","＋","認購","美式","112年03月03日","112年03月03日","112年10月31日","112年11月02日","0.085","    98.00","","",
="037587","祥碩兆豐29購01","1.74","","5269","祥碩","1,300.00","＋","認購","美式","112年03月03日","112年03月03日","112年08月31日","112年09月04日","0.008","    1,200.00","","",
="037588","康舒兆豐2C購01","1.27","＋","6282","康舒","44.05","＋","認購","美式","112年03月03日","112年03月03日","112年11月30日","112年12月04日","0.23","    45.00","","",
="037589","香港2X群益2B購01","0.00","",="00650L","FH香港正2","11.60","＋","認購","美式","112年03月03日","112年03月03日","112年10月31日","112年11月02日","0.80","    20.00","","",
="03758P","晶華群益26售01","0.00","","2707","晶華","288.00","＋","認售","歐式","111年10月05日","112年06月05日","112年06月01日","112年06月05日","0.08","    170.00","","",
="03758U","東哥群益27售04","0.00","","8478","東哥遊艇","520.00","＋","認售","歐式","112年01月30日","112年07月31日","112年07月27日","112年07月31日","0.074","    200.00","","",
="037590","寶齡群益29購01","0.00","","1760","寶齡富錦","148.50","","認購","美式","112年03月03日","112年03月03日","112年08月31日","112年09月04日","0.10","    218.00","","",
="037591","威盛群益2A購02","1.26","","2388","威盛","83.10","＋","認購","美式","112年03月03日","112年03月03日","112年09月27日","112年10月02日","0.25","    109.00","","",
="037592","友達群益29購02","0.46","","2409","友達","17.65","＋","認購","美式","112年03月03日","112年03月03日","112年08月31日","112年09月04日","1.00","    21.00","","",
="037593","美食群益29購01","1.06","－","2723","美食-KY","152.50","－","認購","美式","112年03月03日","112年03月03日","112年08月31日","112年09月04日","0.13","    180.00","","",
="037594","健策群益29購01","5.50","－","3653","健策","616.00","＋","認購","美式","112年03月03日","112年03月03日","112年08月31日","112年09月04日","0.08","    637.50","","",
="037595","世紀鋼群益29購01","0.74","＋","9958","世紀鋼","109.50","＋","認購","美式","112年03月03日","112年03月03日","112年08月31日","112年09月04日","0.23","    138.00","","",
="037596","華新國票2B購01","0.00","","1605","華新","46.60","＋","認購","美式","112年03月03日","112年03月03日","112年10月31日","112年11月02日","0.20","    57.50","","",
="037597","裕民國票2A購01","0.00","","2606","裕民","49.75","＋","認購","美式","112年03月03日","112年03月03日","112年09月27日","112年10月02日","0.80","    90.00","","",
="037598","慧洋國票29購01","0.46","＋","2637","慧洋-KY","60.30","＋","認購","美式","112年03月03日","112年03月03日","112年08月31日","112年09月04日","0.28","    66.92","","",
="037599","健策國票2A購01","0.00","","3653","健策","616.00","＋","認購","美式","112年03月03日","112年03月03日","112年09月27日","112年10月02日","0.10","    630.00","","",
="03759U","聯發科統一27售02","0.00","","2454","聯發科","738.00","＋","認售","歐式","112年01月30日","112年07月31日","112年07月27日","112年07月31日","0.02","    675.00","","",
="037600","世芯國票2B購01","0.00","","3661","世芯-KY","1,660.00","＋","認購","美式","112年03月03日","112年03月03日","112年10月31日","112年11月02日","0.015","    1,200.00","","",
="037601","亞力國泰2B購01","0.00","","1514","亞力","51.60","＋","認購","美式","112年03月03日","112年03月03日","112年10月31日","112年11月02日","0.50","    45.87","","",
="037602","裕隆國泰2B購01","1.45","＋","2201","裕隆","82.80","＋","認購","美式","112年03月03日","112年03月03日","112年10月31日","112年11月02日","0.40","    110.00","","",
="037603","聯電國泰2B購01","0.00","","2303","聯電","51.20","＋","認購","美式","112年03月03日","112年03月03日","112年10月31日","112年11月02日","1.00","    68.00","","",
="037604","瑞昱國泰2B購01","1.29","＋","2379","瑞昱","388.00","＋","認購","美式","112年03月03日","112年03月03日","112年10月31日","112年11月02日","0.08","    490.00","","",
="037605","威盛國泰2B購01","1.13","","2388","威盛","83.10","＋","認購","美式","112年03月03日","112年03月03日","112年10月31日","112年11月02日","0.20","    115.00","","",
="037606","陽明國泰2B購01","1.00","＋","2609","陽明","62.00","＋","認購","美式","112年03月03日","112年03月03日","112年10月31日","112年11月02日","0.30","    74.90","","",
="037607","緯穎國泰2B購01","2.43","＋","6669","緯穎","1,205.00","＋","認購","美式","112年03月03日","112年03月03日","112年10月31日","112年11月02日","0.015","    1,237.50","","",
="037608","富邦媒國泰2B購01","0.00","","8454","富邦媒","703.00","＋","認購","美式","112年03月03日","112年03月03日","112年10月31日","112年11月02日","0.03","    1,000.00","","",
="037609","中興電元富31購02","1.18","＋","1513","中興電","113.50","＋","認購","美式","112年03月03日","112年03月03日","112年12月28日","113年01月02日","0.06","    105.00","","",
="03760P","台積電兆豐28售03","0.00","","2330","台積電","568.00","＋","認售","歐式","111年12月06日","112年08月07日","112年08月03日","112年08月07日","0.036","    464.80","","",
="03760U","長榮統一2A售04","0.00","","2603","長榮","157.00","＋","認售","歐式","112年01月30日","112年10月02日","112年09月27日","112年10月02日","0.05","    125.00","","",
="037610","威盛元富29購01","0.59","","2388","威盛","83.10","＋","認購","美式","112年03月03日","112年03月03日","112年08月31日","112年09月04日","0.10","    100.56","","",
="037611","美律元富2C購01","1.47","＋","2439","美律","88.60","＋","認購","美式","112年03月03日","112年03月03日","112年11月30日","112年12月04日","0.20","    100.00","","",
="037612","健策元富2C購01","0.00","","3653","健策","616.00","＋","認購","美式","112年03月03日","112年03月03日","112年11月30日","112年12月04日","0.02","    500.00","","",
="037613","世芯元富29購02","0.00","","3661","世芯-KY","1,660.00","＋","認購","美式","112年03月03日","112年03月03日","112年08月31日","112年09月04日","0.011","    1,300.00","","",
="037614","穎崴元富29購02","0.00","","6515","穎崴","830.00","－","認購","美式","112年03月03日","112年03月03日","112年08月31日","112年09月04日","0.03","    700.00","","",
="037615","緯穎元富29購01","1.88","＋","6669","緯穎","1,205.00","＋","認購","美式","112年03月03日","112年03月03日","112年08月31日","112年09月04日","0.023","    1,406.25","","",
="037616","SGBR2X統一31購01","0.80","＋",="00715L","期街口布蘭特正2","12.73","＋","認購","美式","112年03月03日","112年03月03日","112年12月28日","113年01月02日","0.268","    15.00","","",
="037617","中興電統一2B購02","0.98","＋","1513","中興電","113.50","＋","認購","美式","112年03月03日","112年03月03日","112年10月31日","112年11月02日","0.06","    123.45","","",
="037618","台積電統一2B購08","1.22","＋","2330","台積電","568.00","＋","認購","美式","112年03月03日","112年03月03日","112年10月31日","112年11月02日","0.015","    517.20","","",
="037619","威盛統一31購03","0.32","","2388","威盛","83.10","＋","認購","美式","112年03月03日","112年03月03日","112年12月28日","113年01月02日","0.035","    108.88","","",
="03761P","台灣50台新28售01","0.00","",="0050","元大台灣50","126.75","＋","認售","歐式","111年12月06日","112年08月07日","112年08月03日","112年08月07日","0.164","    109.06","","",
="03761U","長榮統一2A售05","0.00","","2603","長榮","157.00","＋","認售","歐式","112年01月30日","112年10月30日","112年10月26日","112年10月30日","0.06","    121.60","","",
="037620","飛宏統一29購02","0.00","","2457","飛宏","76.40","＋","認購","美式","112年03月03日","112年03月03日","112年08月31日","112年09月04日","0.13","    53.20","","",
="037621","長榮統一33購02","0.65","","2603","長榮","157.00","＋","認購","美式","112年03月03日","112年03月03日","113年02月29日","113年03月04日","0.035","    189.90","","",
="037622","裕民統一2C購01","0.00","","2606","裕民","49.75","＋","認購","美式","112年03月03日","112年03月03日","112年11月30日","112年12月04日","0.088","    68.20","","",
="037623","裕民統一31購01","0.30","","2606","裕民","49.75","＋","認購","美式","112年03月03日","112年03月03日","112年12月28日","113年01月02日","0.168","    88.88","","",
="037624","漢翔統一2B購02","2.26","","2634","漢翔","55.80","＋","認購","美式","112年03月03日","112年03月03日","112年10月31日","112年11月02日","0.14","    42.00","","",
="037625","慧洋統一2C購01","0.00","","2637","慧洋-KY","60.30","＋","認購","美式","112年03月03日","112年03月03日","112年11月30日","112年12月04日","0.09","    70.40","","",
="037626","慧洋統一31購01","0.00","","2637","慧洋-KY","60.30","＋","認購","美式","112年03月03日","112年03月03日","112年12月28日","113年01月02日","0.067","    73.43","","",
="037627","華擎統一2B購03","0.46","","3515","華擎","154.00","＋","認購","美式","112年03月03日","112年03月03日","112年10月31日","112年11月02日","0.035","    200.00","","",
="037628","敦泰統一2B購03","0.85","","3545","敦泰","83.70","＋","認購","美式","112年03月03日","112年03月03日","112年10月31日","112年11月02日","0.06","    85.00","","",
="037629","健策統一31購01","1.98","＋","3653","健策","616.00","＋","認購","美式","112年03月03日","112年03月03日","112年12月28日","113年01月02日","0.01","    472.30","","",
="03762P","美食元富26售02","0.00","","2723","美食-KY","152.50","－","認售","歐式","111年12月06日","112年06月05日","112年06月01日","112年06月05日","0.10","    100.00","","",
="03762U","萬海統一27售04","0.00","","2615","萬海","60.00","＋","認售","歐式","112年01月30日","112年07月31日","112年07月27日","112年07月31日","0.10","    66.30","","",
="037630","拓凱統一2B購02","0.00","","4536","拓凱","196.50","＋","認購","美式","112年03月03日","112年03月03日","112年10月31日","112年11月02日","0.022","    245.00","","",
="037631","新唐統一29購01","0.00","","4919","新唐","130.50","＋","認購","美式","112年03月03日","112年03月03日","112年08月31日","112年09月04日","0.035","    163.60","","",
="037632","愛普統一2B購02","0.77","＋","6531","愛普*","328.50","＋","認購","美式","112年03月03日","112年03月03日","112年10月31日","112年11月02日","0.013","    340.40","","",
="037633","晶心科統一2B購07","0.63","＋","6533","晶心科","511.00","＋","認購","美式","112年03月03日","112年03月03日","112年10月31日","112年11月02日","0.008","    555.55","","",
="037634","緯穎統一31購01","0.97","＋","6669","緯穎","1,205.00","＋","認購","美式","112年03月03日","112年03月03日","112年12月28日","113年01月02日","0.003","    1,031.20","","",
="037635","滬深2X元大2A購06","0.00","",="00637L","元大滬深300正2","13.77","－","認購","美式","112年03月03日","112年03月03日","112年09月27日","112年10月02日","0.60","    18.00","","",
="037636","滬深2X元大2B購03","0.00","",="00637L","元大滬深300正2","13.77","－","認購","美式","112年03月03日","112年03月03日","112年10月31日","112年11月02日","0.70","    19.00","","",
="037637","A50正2元大2B購02","0.24","－",="00655L","國泰中國A50正2","24.65","－","認購","美式","112年03月03日","112年03月03日","112年10月31日","112年11月02日","0.30","    35.00","","",
="037638","美費半元大29購02","0.00","",="00830","國泰費城半導體","31.65","＋","認購","美式","112年03月03日","112年03月03日","112年08月31日","112年09月04日","0.50","    31.00","","",
="037639","FB越南元大2A購01","0.00","",="00885","富邦越南","11.45","＋","認購","美式","112年03月03日","112年03月03日","112年09月27日","112年10月02日","1.00","    13.50","","",
="03763P","健策群益26售01","0.00","","3653","健策","616.00","＋","認售","歐式","111年10月05日","112年06月05日","112年06月01日","112年06月05日","0.05","    310.00","","",
="03763U","世芯統一27售06","0.00","","3661","世芯-KY","1,660.00","＋","認售","歐式","112年01月30日","112年07月31日","112年07月27日","112年07月31日","0.005","    777.00","","",
="037640","中興電元大2A購03","2.79","＋","1513","中興電","113.50","＋","認購","美式","112年03月03日","112年03月03日","112年09月27日","112年10月02日","0.409","    140.00","","",
="037641","堤維西元大29購01","0.97","","1522","堤維西","29.10","＋","認購","美式","112年03月03日","112年03月03日","112年08月31日","112年09月04日","0.434","    32.72","","",
="037642","華新元大2A購14","0.00","","1605","華新","46.60","＋","認購","美式","112年03月03日","112年03月03日","112年09月27日","112年10月02日","0.589","    80.20","","",
="037643","華新元大2B購08","0.00","","1605","華新","46.60","＋","認購","美式","112年03月03日","112年03月03日","112年10月31日","112年11月02日","0.531","    82.80","","",
="037644","上銀元大29購02","0.00","","2049","上銀","235.50","＋","認購","美式","112年03月03日","112年03月03日","112年08月31日","112年09月04日","0.071","    291.50","","",
="037645","鴻海元大29購22","1.46","＋","2317","鴻海","105.50","＋","認購","美式","112年03月03日","112年03月03日","112年08月31日","112年09月04日","0.156","    102.50","","",
="037646","鴻海元大2A購23","1.12","＋","2317","鴻海","105.50","＋","認購","美式","112年03月03日","112年03月03日","112年09月27日","112年10月02日","0.269","    119.00","","",
="037647","鴻海元大2B購12","1.26","","2317","鴻海","105.50","＋","認購","美式","112年03月03日","112年03月03日","112年10月31日","112年11月02日","0.399","    133.00","","",
="037648","光罩元大29購02","0.73","＋","2338","光罩","81.80","＋","認購","美式","112年03月03日","112年03月03日","112年08月31日","112年09月04日","0.12","    94.10","","",
="037649","微星元大29購02","0.00","","2377","微星","168.00","－","認購","美式","112年03月03日","112年03月03日","112年08月31日","112年09月04日","0.128","    181.50","","",
="03764P","創意麥證27售01","0.00","","3443","創意","1,515.00","＋","認售","歐式","111年12月06日","112年07月05日","112年07月03日","112年07月05日","0.025","    500.00","","",
="03764U","世芯統一2A售01","0.04","－","3661","世芯-KY","1,660.00","＋","認售","歐式","112年01月30日","112年10月02日","112年09月27日","112年10月02日","0.007","    683.20","","",
="037650","威盛元大2A購04","0.85","＋","2388","威盛","83.10","＋","認購","美式","112年03月03日","112年03月03日","112年09月27日","112年10月02日","0.272","    134.50","","",
="037651","飛宏元大2A購01","0.00","","2457","飛宏","76.40","＋","認購","美式","112年03月03日","112年03月03日","112年09月27日","112年10月02日","0.202","    53.30","","",
="037652","宏達電元大2B購04","0.00","","2498","宏達電","61.50","＋","認購","美式","112年03月03日","112年03月03日","112年10月31日","112年11月02日","0.25","    92.50","","",
="037653","奇鋐元大29購02","6.75","－","3017","奇鋐","206.00","－","認購","美式","112年03月03日","112年03月03日","112年08月31日","112年09月04日","0.175","    180.00","","",
="037654","智原元大2A購04","0.00","","3035","智原","173.50","＋","認購","美式","112年03月03日","112年03月03日","112年09月27日","112年10月02日","0.087","    243.50","","",
="037655","欣興元大29購04","0.00","","3037","欣興","182.50","－","認購","美式","112年03月03日","112年03月03日","112年08月31日","112年09月04日","0.103","    139.50","","",
="037656","欣興元大2A購04","0.00","","3037","欣興","182.50","－","認購","美式","112年03月03日","112年03月03日","112年09月27日","112年10月02日","0.079","    135.50","","",
="037657","欣興元大2B購05","0.00","","3037","欣興","182.50","－","認購","美式","112年03月03日","112年03月03日","112年10月31日","112年11月02日","0.069","    137.50","","",
="037658","玉晶光元大2A購01","0.62","","3406","玉晶光","400.00","＋","認購","美式","112年03月03日","112年03月03日","112年09月27日","112年10月02日","0.035","    499.50","","",
="037659","群創元大29購06","0.00","","3481","群創","14.10","＋","認購","美式","112年03月03日","112年03月03日","112年08月31日","112年09月04日","0.875","    17.35","","",
="03765P","光罩群益28售02","0.00","","2338","光罩","81.80","＋","認售","歐式","111年12月06日","112年08月07日","112年08月03日","112年08月07日","0.043","    80.00","","",
="03765U","天鈺統一28售01","0.00","","4961","天鈺","154.00","＋","認售","歐式","112年01月30日","112年08月29日","112年08月25日","112年08月29日","0.05","    109.40","","",
="037660","群創元大2A購06","0.00","","3481","群創","14.10","＋","認購","美式","112年03月03日","112年03月03日","112年09月27日","112年10月02日","0.954","    18.20","","",
="037661","群創元大2B購04","0.00","","3481","群創","14.10","＋","認購","美式","112年03月03日","112年03月03日","112年10月31日","112年11月02日","1.00","    20.05","","",
="037662","瑞鼎元大29購04","0.00","","3592","瑞鼎","348.00","＋","認購","美式","112年03月03日","112年03月03日","112年08月31日","112年09月04日","0.039","    598.00","","",
="037663","世芯元大2A購05","0.00","","3661","世芯-KY","1,660.00","＋","認購","美式","112年03月03日","112年03月03日","112年09月27日","112年10月02日","0.013","    1,175.00","","",
="037664","拓凱元大29購01","0.00","","4536","拓凱","196.50","＋","認購","美式","112年03月03日","112年03月03日","112年08月31日","112年09月04日","0.07","    269.00","","",
="037665","拓凱元大2B購01","0.39","","4536","拓凱","196.50","＋","認購","美式","112年03月03日","112年03月03日","112年10月31日","112年11月02日","0.105","    330.00","","",
="037666","全訊元大29購01","3.24","＋","5222","全訊","198.00","＋","認購","美式","112年03月03日","112年03月03日","112年08月31日","112年09月04日","0.112","    196.80","","",
="037667","中磊元大29購01","2.35","＋","5388","中磊","93.30","＋","認購","美式","112年03月03日","112年03月03日","112年08月31日","112年09月04日","0.203","    89.70","","",
="037668","中磊元大2B購02","2.49","＋","5388","中磊","93.30","＋","認購","美式","112年03月03日","112年03月03日","112年10月31日","112年11月02日","0.501","    119.03","","",
="037669","盛群元大29購01","0.30","","6202","盛群","69.70","＋","認購","美式","112年03月03日","112年03月03日","112年08月31日","112年09月04日","0.779","    110.00","","",
="03766P","台積電第一2C售04","0.45","－","2330","台積電","568.00","＋","認售","歐式","111年12月06日","112年12月05日","112年12月01日","112年12月05日","0.015","    446.49","","",
="03766U","台積電台新27售01","0.00","","2330","台積電","568.00","＋","認售","歐式","112年01月30日","112年07月31日","112年07月27日","112年07月31日","0.03","    461.18","","",
="037670","台表科元大29購01","2.13","－","6278","台表科","100.50","＋","認購","美式","112年03月03日","112年03月03日","112年08月31日","112年09月04日","0.846","    130.00","","",
="037671","樺漢元大29購01","2.22","＋","6414","樺漢","281.00","＋","認購","美式","112年03月03日","112年03月03日","112年08月31日","112年09月04日","0.06","    259.00","","",
="037672","矽創元大29購01","0.00","","8016","矽創","225.50","＋","認購","美式","112年03月03日","112年03月03日","112年08月31日","112年09月04日","0.174","    340.00","","",
="037673","南茂元大29購01","0.80","＋","8150","南茂","39.55","＋","認購","美式","112年03月03日","112年03月03日","112年08月31日","112年09月04日","1.00","    50.20","","",
="037674","富邦媒元大2A購04","0.00","","8454","富邦媒","703.00","＋","認購","美式","112年03月03日","112年03月03日","112年09月27日","112年10月02日","0.019","    995.00","","",
="037675","鈺齊元大29購02","0.19","－","9802","鈺齊-KY","124.00","－","認購","美式","112年03月03日","112年03月03日","112年08月31日","112年09月04日","0.152","    201.62","","",
="037676","臺股指元大2C購04","0.00","","IX0001","臺股指數","16,636.30","","認購","歐式","112年03月03日","112年12月04日","112年11月30日","112年12月04日","0.02","    20,000.00","","",
="037677","臺股指元大2C購05","0.00","","IX0001","臺股指數","16,636.30","","認購","歐式","112年03月03日","112年12月04日","112年11月30日","112年12月04日","0.01","    19,000.00","","",
="037678","臺股指元大2C購06","0.00","","IX0001","臺股指數","16,636.30","","認購","歐式","112年03月03日","112年12月04日","112年11月30日","112年12月04日","0.007","    18,200.00","","",
="037679","臺股指元大31購07","2.08","＋","IX0001","臺股指數","16,636.30","","認購","歐式","112年03月03日","113年01月02日","112年12月28日","113年01月02日","0.02","    20,500.00","","",
="03767P","台積電凱基28售09","0.00","","2330","台積電","568.00","＋","認售","歐式","111年12月06日","112年08月07日","112年08月03日","112年08月07日","0.065","    464.80","","",
="03767U","華新凱基27售06","0.00","","1605","華新","46.60","＋","認售","歐式","112年01月30日","112年07月31日","112年07月27日","112年07月31日","1.00","    34.00","","",
="037680","臺股指元大31購08","0.00","","IX0001","臺股指數","16,636.30","","認購","歐式","112年03月03日","113年01月02日","112年12月28日","113年01月02日","0.01","    19,500.00","","",
="037681","臺股指元大31購09","2.17","＋","IX0001","臺股指數","16,636.30","","認購","歐式","112年03月03日","113年01月02日","112年12月28日","113年01月02日","0.008","    18,700.00","","",
="037682","聯發科中信29購01","0.00","","2454","聯發科","738.00","＋","認購","歐式","112年03月06日","112年09月05日","112年09月01日","112年09月05日","0.016","    1,088.00","","",
="037683","臺企銀中信29購01","0.00","","2834","臺企銀","14.10","＋","認購","歐式","112年03月06日","112年09月05日","112年09月01日","112年09月05日","1.00","    17.00","","",
="037684","世芯中信2C購01","2.84","＋","3661","世芯-KY","1,660.00","＋","認購","歐式","112年03月06日","112年12月05日","112年12月01日","112年12月05日","0.005","    1,240.00","","",
="037685","鈺齊中信2B購01","0.48","－","9802","鈺齊-KY","124.00","－","認購","歐式","112年03月06日","112年11月06日","112年11月02日","112年11月06日","0.061","    160.51","","",
="037686","上証2X永豐29購01","0.00","",="00633L","富邦上証正2","35.01","－","認購","美式","112年03月06日","112年03月06日","112年09月01日","112年09月05日","0.33","    44.00","","",
="037687","元油反永豐2A購01","0.70","－",="00673R","期元大S&P原油反1(原名：元大S&P原油反1)","9.03","－","認購","美式","112年03月06日","112年03月06日","112年10月03日","112年10月05日","1.00","    9.68","","",
="037688","興農永豐29購01","0.00","","1712","興農","35.25","＋","認購","美式","112年03月06日","112年03月06日","112年09月01日","112年09月05日","0.322","    43.31","","",
="037689","台達電永豐2A購01","1.56","－","2308","台達電","315.50","－","認購","美式","112年03月06日","112年03月06日","112年10月03日","112年10月05日","0.06","    325.00","","",
="03768P","台積電凱基2C售10","1.11","－","2330","台積電","568.00","＋","認售","歐式","111年12月06日","112年12月05日","112年12月01日","112年12月05日","0.03","    494.46","","",
="03768U","聯電凱基2B售01","0.69","","2303","聯電","51.20","＋","認售","歐式","112年01月30日","112年11月29日","112年11月27日","112年11月29日","0.80","    36.00","","",
="037690","美律永豐29購01","0.79","－","2439","美律","88.60","＋","認購","美式","112年03月06日","112年03月06日","112年09月01日","112年09月05日","0.23","    103.50","","",
="037691","聯發科永豐2A購02","0.37","＋","2454","聯發科","738.00","＋","認購","美式","112年03月06日","112年03月06日","112年10月03日","112年10月05日","0.04","    1,046.25","","",
="037692","宏達電永豐2A購02","0.50","＋","2498","宏達電","61.50","＋","認購","美式","112年03月06日","112年03月06日","112年10月03日","112年10月05日","0.082","    68.69","","",
="037693","明泰永豐2A購01","1.34","＋","3380","明泰","37.30","＋","認購","美式","112年03月06日","112年03月06日","112年10月03日","112年10月05日","0.47","    43.42","","",
="037694","致伸永豐2A購01","0.96","＋","4915","致伸","64.40","＋","認購","美式","112年03月06日","112年03月06日","112年10月03日","112年10月05日","0.42","    80.00","","",
="037695","帆宣永豐2A購01","0.69","－","6196","帆宣","131.50","","認購","美式","112年03月06日","112年03月06日","112年10月03日","112年10月05日","0.077","    160.82","","",
="037696","晶心科永豐2B購01","0.48","＋","6533","晶心科","511.00","＋","認購","美式","112年03月06日","112年03月06日","112年11月02日","112年11月06日","0.017","    750.00","","",
="037697","南電永豐2A購01","2.67","－","8046","南電","302.50","－","認購","美式","112年03月06日","112年03月06日","112年10月03日","112年10月05日","0.05","    280.00","","",
="037698","晶心科元富2C購01","0.98","＋","6533","晶心科","511.00","＋","認購","美式","112年03月06日","112年03月06日","112年12月01日","112年12月05日","0.03","    750.00","","",
="037699","台光電第一29購01","0.00","","2383","台光電","204.50","＋","認購","美式","112年03月06日","112年03月06日","112年09月01日","112年09月05日","0.08","    217.64","","",
="03769P","台積電凱基2C售11","1.22","－","2330","台積電","568.00","＋","認售","歐式","111年12月06日","112年12月05日","112年12月01日","112年12月05日","0.065","    445.01","","",
="03769U","鴻海凱基27售07","0.00","","2317","鴻海","105.50","＋","認售","歐式","112年01月30日","112年07月31日","112年07月27日","112年07月31日","1.00","    70.00","","",
="037700","強茂第一29購01","2.13","","2481","強茂","70.20","＋","認購","美式","112年03月06日","112年03月06日","112年09月01日","112年09月05日","0.23","    79.44","","",
="037701","裕民兆豐2B購01","0.55","＋","2606","裕民","49.75","＋","認購","美式","112年03月06日","112年03月06日","112年11月02日","112年11月06日","0.15","    58.80","","",
="037702","慧洋兆豐2B購01","0.00","","2637","慧洋-KY","60.30","＋","認購","美式","112年03月06日","112年03月06日","112年11月02日","112年11月06日","0.168","    78.51","","",
="037703","香港2X凱基2C購01","0.48","＋",="00650L","FH香港正2","11.60","＋","認購","美式","112年03月06日","112年03月06日","112年12月01日","112年12月05日","0.40","    14.00","","",
="037704","元油反凱基2C購01","1.21","",="00673R","期元大S&P原油反1(原名：元大S&P原油反1)","9.03","－","認購","美式","112年03月06日","112年03月06日","112年12月01日","112年12月05日","1.00","    9.50","","",
="037705","第一銅凱基29購02","0.00","","2009","第一銅","32.10","＋","認購","美式","112年03月06日","112年03月06日","112年09月01日","112年09月05日","0.36","    40.00","","",
="037706","上銀凱基2B購01","0.00","","2049","上銀","235.50","＋","認購","美式","112年03月06日","112年03月06日","112年11月02日","112年11月06日","0.22","    370.00","","",
="037707","聯發科凱基29購08","0.40","＋","2454","聯發科","738.00","＋","認購","美式","112年03月06日","112年03月06日","112年09月01日","112年09月05日","0.13","    1,140.00","","",
="037708","聯發科凱基2B購04","0.51","＋","2454","聯發科","738.00","＋","認購","美式","112年03月06日","112年03月06日","112年11月02日","112年11月06日","0.07","    1,180.00","","",
="037709","宏達電凱基2A購02","0.57","","2498","宏達電","61.50","＋","認購","美式","112年03月06日","112年03月06日","112年10月03日","112年10月05日","0.26","    81.00","","",
="03770U","技嘉凱基27售05","0.00","","2376","技嘉","186.00","＋","認售","歐式","112年01月30日","112年07月31日","112年07月27日","112年07月31日","0.25","    80.00","","",
="037710","陽明凱基2A購03","0.00","","2609","陽明","62.00","＋","認購","美式","112年03月06日","112年03月06日","112年10月03日","112年10月05日","0.60","    83.00","","",
="037711","萬海凱基29購05","0.00","","2615","萬海","60.00","＋","認購","美式","112年03月06日","112年03月06日","112年09月01日","112年09月05日","0.40","    108.00","","",
="037712","奇鋐凱基29購02","0.00","","3017","奇鋐","206.00","－","認購","美式","112年03月06日","112年03月06日","112年09月01日","112年09月05日","0.10","    130.00","","",
="037713","群創凱基2A購03","0.43","＋","3481","群創","14.10","＋","認購","美式","112年03月06日","112年03月06日","112年10月03日","112年10月05日","1.00","    17.50","","",
="037714","嘉澤凱基2A購02","1.45","－","3533","嘉澤","909.00","－","認購","美式","112年03月06日","112年03月06日","112年10月03日","112年10月05日","0.06","    1,194.16","","",
="037715","康舒凱基31購01","0.95","＋","6282","康舒","44.05","＋","認購","美式","112年03月06日","112年03月06日","113年01月03日","113年01月05日","0.10","    43.00","","",
="037716","康舒凱基31購02","0.70","＋","6282","康舒","44.05","＋","認購","美式","112年03月06日","112年03月06日","113年01月03日","113年01月05日","0.15","    59.00","","",
="037717","樺漢凱基29購02","0.00","","6414","樺漢","281.00","＋","認購","美式","112年03月06日","112年03月06日","112年09月01日","112年09月05日","0.031","    240.00","","",
="037718","富邦媒凱基2A購01","0.76","＋","8454","富邦媒","703.00","＋","認購","美式","112年03月06日","112年03月06日","112年10月03日","112年10月05日","0.012","    820.00","","",
="037719","臺股指凱基2B購18","0.00","","IX0001","臺股指數","16,636.30","","認購","歐式","112年03月06日","112年11月06日","112年11月02日","112年11月06日","0.002","    15,088.00","","",
="03771P","聯發科凱基26售09","0.00","","2454","聯發科","738.00","＋","認售","歐式","111年12月06日","112年06月05日","112年06月01日","112年06月05日","0.035","    700.00","","",
="03771U","聯發科凱基28售04","0.26","－","2454","聯發科","738.00","＋","認售","歐式","112年01月30日","112年08月29日","112年08月25日","112年08月29日","0.07","    540.00","","",
="037720","臺股指凱基2B購19","0.00","","IX0001","臺股指數","16,636.30","","認購","歐式","112年03月06日","112年11月06日","112年11月02日","112年11月06日","0.01","    18,100.00","","",
="037721","臺股指凱基32購02","4.17","＋","IX0001","臺股指數","16,636.30","","認購","歐式","112年03月06日","113年02月05日","113年02月01日","113年02月05日","0.07","    21,888.00","","",
="037722","裕民麥證29購01","0.00","","2606","裕民","49.75","＋","認購","歐式","112年03月06日","112年09月05日","112年09月01日","112年09月05日","0.30","    75.00","","",
="037723","晶豪科麥證29購01","1.27","＋","3006","晶豪科","88.20","＋","認購","歐式","112年03月06日","112年09月05日","112年09月01日","112年09月05日","0.10","    85.00","","",
="037724","A50正2元大2A購01","0.31","",="00655L","國泰中國A50正2","24.65","－","認購","美式","112年03月06日","112年03月06日","112年10月03日","112年10月05日","0.30","    32.00","","",
="037725","亞力元大29購01","0.00","","1514","亞力","51.60","＋","認購","美式","112年03月06日","112年03月06日","112年09月01日","112年09月05日","0.358","    39.85","","",
="037726","為升元大29購02","1.33","＋","2231","為升","172.50","＋","認購","美式","112年03月06日","112年03月06日","112年09月01日","112年09月05日","0.075","    179.00","","",
="037727","為升元大2B購02","1.08","","2231","為升","172.50","＋","認購","美式","112年03月06日","112年03月06日","112年11月02日","112年11月06日","0.141","    235.00","","",
="037728","台達電元大2A購03","2.17","－","2308","台達電","315.50","－","認購","美式","112年03月06日","112年03月06日","112年10月03日","112年10月05日","0.065","    309.00","","",
="037729","華邦電元大29購03","2.74","","2344","華邦電","26.90","＋","認購","美式","112年03月06日","112年03月06日","112年09月01日","112年09月05日","0.927","    27.10","","",
="03772P","愛普群益28售01","0.01","","6531","愛普*","328.50","＋","認售","歐式","111年10月05日","112年08月04日","112年08月02日","112年08月04日","0.10","    120.00","","",
="03772U","可成凱基27售02","0.00","","2474","可成","189.00","＋","認售","歐式","112年01月30日","112年07月31日","112年07月27日","112年07月31日","0.30","    135.00","","",
="037730","華邦電元大29購04","2.80","＋","2344","華邦電","26.90","＋","認購","美式","112年03月06日","112年03月06日","112年09月01日","112年09月05日","0.814","    25.95","","",
="037731","華邦電元大2B購02","2.33","＋","2344","華邦電","26.90","＋","認購","美式","112年03月06日","112年03月06日","112年11月02日","112年11月06日","1.00","    30.65","","",
="037732","友達元大29購07","0.00","","2409","友達","17.65","＋","認購","美式","112年03月06日","112年03月06日","112年09月01日","112年09月05日","0.787","    20.90","","",
="037733","友達元大2A購05","0.00","","2409","友達","17.65","＋","認購","美式","112年03月06日","112年03月06日","112年10月03日","112年10月05日","0.796","    21.60","","",
="037734","友達元大2B購02","0.61","＋","2409","友達","17.65","＋","認購","美式","112年03月06日","112年03月06日","112年11月02日","112年11月06日","0.944","    23.75","","",
="037735","宏達電元大2A購07","0.60","","2498","宏達電","61.50","＋","認購","美式","112年03月06日","112年03月06日","112年10月03日","112年10月05日","0.15","    77.30","","",
="037736","玉山金元大29購01","0.00","","2884","玉山金","25.80","＋","認購","美式","112年03月06日","112年03月06日","112年09月01日","112年09月05日","0.589","    26.82","","",
="037737","晶豪科元大29購01","2.30","＋","3006","晶豪科","88.20","＋","認購","美式","112年03月06日","112年03月06日","112年09月01日","112年09月05日","0.16","    81.90","","",
="037738","奇鋐元大29購03","0.00","","3017","奇鋐","206.00","－","認購","美式","112年03月06日","112年03月06日","112年09月01日","112年09月05日","0.058","    116.00","","",
="037739","奇鋐元大2B購02","0.00","","3017","奇鋐","206.00","－","認購","美式","112年03月06日","112年03月06日","112年11月02日","112年11月06日","0.087","    146.50","","",
="03773P","台積電凱基31售01","1.56","－","2330","台積電","568.00","＋","認售","歐式","111年01月05日","113年01月04日","113年01月02日","113年01月04日","0.035","    432.50","","",
="03773U","長榮航凱基27售05","0.31","","2618","長榮航","33.60","＋","認售","歐式","112年01月30日","112年07月31日","112年07月27日","112年07月31日","1.00","    25.00","","",
="037740","欣興元大29購05","0.00","","3037","欣興","182.50","－","認購","美式","112年03月06日","112年03月06日","112年09月01日","112年09月05日","0.088","    131.50","","",
="037741","欣興元大2A購05","4.31","－","3037","欣興","182.50","－","認購","美式","112年03月06日","112年03月06日","112年10月03日","112年10月05日","0.092","    145.50","","",
="037742","欣興元大2B購06","3.91","－","3037","欣興","182.50","－","認購","美式","112年03月06日","112年03月06日","112年11月02日","112年11月06日","0.081","    148.00","","",
="037743","敦泰元大29購02","0.00","","3545","敦泰","83.70","＋","認購","美式","112年03月06日","112年03月06日","112年09月01日","112年09月05日","0.436","    114.00","","",
="037744","碩天元大2A購02","4.08","","3617","碩天","191.00","－","認購","美式","112年03月06日","112年03月06日","112年10月03日","112年10月05日","0.083","    155.00","","",
="037745","世芯元大2A購06","8.35","＋","3661","世芯-KY","1,660.00","＋","認購","美式","112年03月06日","112年03月06日","112年10月03日","112年10月05日","0.022","    1,470.00","","",
="037746","穎崴元大2A購02","1.97","＋","6515","穎崴","830.00","－","認購","美式","112年03月06日","112年03月06日","112年10月03日","112年10月05日","0.015","    900.00","","",
="037747","愛普元大2A購03","1.52","＋","6531","愛普*","328.50","＋","認購","美式","112年03月06日","112年03月06日","112年10月03日","112年10月05日","0.04","    410.00","","",
="037748","晶心科元大2A購01","0.60","＋","6533","晶心科","511.00","＋","認購","美式","112年03月06日","112年03月06日","112年10月03日","112年10月05日","0.036","    820.00","","",
="037749","矽創元大29購02","0.00","","8016","矽創","225.50","＋","認購","美式","112年03月06日","112年03月06日","112年09月01日","112年09月05日","0.085","    280.00","","",
="03774P","美指2X國票26售01","0.00","",="00683L","期元大美元指正2(原名：元大美元指數正2)","21.98","－","認售","歐式","111年10月05日","112年06月05日","112年06月01日","112年06月05日","0.291","    25.00","","",
="03774U","欣興凱基27售05","0.00","","3037","欣興","182.50","－","認售","歐式","112年01月30日","112年07月31日","112年07月27日","112年07月31日","0.25","    90.00","","",
="037750","SGBR2X國票2A購01","0.73","＋",="00715L","期街口布蘭特正2","12.73","＋","認購","美式","112年03月06日","112年03月06日","112年10月03日","112年10月05日","1.00","    22.00","","",
="037751","中興電國票2A購01","4.49","","1513","中興電","113.50","＋","認購","美式","112年03月06日","112年03月06日","112年10月03日","112年10月05日","0.559","    130.00","","",
="037752","川湖國票2A購01","1.88","＋","2059","川湖","436.00","＋","認購","美式","112年03月06日","112年03月06日","112年10月03日","112年10月05日","0.04","    450.00","","",
="037753","金寶國票2A購01","0.48","＋","2312","金寶","13.50","＋","認購","美式","112年03月06日","112年03月06日","112年10月03日","112年10月05日","0.60","    15.00","","",
="037754","鴻海國票2B購01","0.58","＋","2317","鴻海","105.50","＋","認購","美式","112年03月06日","112年03月06日","112年11月02日","112年11月06日","0.16","    115.00","","",
="037755","台積電國票2B購01","0.00","","2330","台積電","568.00","＋","認購","美式","112年03月06日","112年03月06日","112年11月02日","112年11月06日","0.251","    770.83","","",
="037756","友訊國票2A購01","1.50","＋","2332","友訊","19.95","＋","認購","美式","112年03月06日","112年03月06日","112年10月03日","112年10月05日","0.70","    20.00","","",
="037757","台亞國票2A購01","0.66","","2340","台亞","36.30","＋","認購","美式","112年03月06日","112年03月06日","112年10月03日","112年10月05日","0.80","    50.00","","",
="037758","友達國票29購01","0.00","","2409","友達","17.65","＋","認購","美式","112年03月06日","112年03月06日","112年09月01日","112年09月05日","1.00","    22.00","","",
="037759","宏達電國票2B購02","0.00","","2498","宏達電","61.50","＋","認購","美式","112年03月06日","112年03月06日","112年11月02日","112年11月06日","0.20","    77.50","","",
="03775P","亞德客國票26售01","0.00","","1590","亞德客-KY","1,040.00","＋","認售","歐式","111年10月05日","112年06月05日","112年06月01日","112年06月05日","0.025","    500.00","","",
="03775U","創意凱基27售07","0.04","","3443","創意","1,515.00","＋","認售","歐式","112年01月30日","112年07月31日","112年07月27日","112年07月31日","0.01","    700.00","","",
="037760","臺企銀國票2A購01","0.00","","2834","臺企銀","14.10","＋","認購","美式","112年03月06日","112年03月06日","112年10月03日","112年10月05日","0.90","    17.00","","",
="037761","群創國票29購02","0.28","＋","3481","群創","14.10","＋","認購","美式","112年03月06日","112年03月06日","112年09月01日","112年09月05日","1.00","    18.00","","",
="037762","穎崴國票2A購01","6.75","＋","6515","穎崴","830.00","－","認購","美式","112年03月06日","112年03月06日","112年10月03日","112年10月05日","0.057","    900.00","","",
="037763","晶心科國票2B購01","0.97","＋","6533","晶心科","511.00","＋","認購","美式","112年03月06日","112年03月06日","112年11月02日","112年11月06日","0.02","    600.00","","",
="037764","華新國泰2B購01","0.75","－","1605","華新","46.60","＋","認購","美式","112年03月06日","112年03月06日","112年11月02日","112年11月06日","0.40","    63.00","","",
="037765","致伸國泰2B購01","1.35","＋","4915","致伸","64.40","＋","認購","美式","112年03月06日","112年03月06日","112年11月02日","112年11月06日","0.30","    70.00","","",
="037766","元日2X富邦33購01","0.39","－",="00706L","期元大S&P日圓正2(原名：元大S&P日圓正2)","8.72","－","認購","美式","112年03月06日","112年03月06日","113年03月01日","113年03月05日","1.00","    11.00","","",
="037767","威盛富邦2C購01","0.00","","2388","威盛","83.10","＋","認購","美式","112年03月06日","112年03月06日","112年12月01日","112年12月05日","0.10","    125.00","","",
="037768","陽明富邦31購01","0.58","＋","2609","陽明","62.00","＋","認購","美式","112年03月06日","112年03月06日","113年01月03日","113年01月05日","0.08","    70.00","","",
="037769","愛普富邦2C購01","0.92","＋","6531","愛普*","328.50","＋","認購","美式","112年03月06日","112年03月06日","112年12月01日","112年12月05日","0.02","    360.00","","",
="03776P","亞德客國票27售01","0.00","","1590","亞德客-KY","1,040.00","＋","認售","歐式","111年10月05日","112年07月04日","112年06月30日","112年07月04日","0.05","    400.00","","",
="03776U","華擎凱基27售04","0.00","","3515","華擎","154.00","＋","認售","歐式","112年01月30日","112年07月31日","112年07月27日","112年07月31日","0.075","    125.00","","",
="037770","香港2X統一29購01","0.15","－",="00650L","FH香港正2","11.60","＋","認購","美式","112年03月06日","112年03月06日","112年09月01日","112年09月05日","0.50","    16.50","","",
="037771","華新統一33購01","0.71","＋","1605","華新","46.60","＋","認購","美式","112年03月06日","112年03月06日","113年03月01日","113年03月05日","0.088","    50.00","","",
="037772","威盛統一31購04","0.47","","2388","威盛","83.10","＋","認購","美式","112年03月06日","112年03月06日","113年01月03日","113年01月05日","0.035","    102.00","","",
="037773","聯發科統一29購04","0.00","","2454","聯發科","738.00","＋","認購","美式","112年03月06日","112年03月06日","112年09月01日","112年09月05日","0.017","    906.70","","",
="037774","聯發科統一2A購04","0.68","＋","2454","聯發科","738.00","＋","認購","美式","112年03月06日","112年03月06日","112年10月03日","112年10月05日","0.014","    800.00","","",
="037775","長榮統一2B購04","0.60","＋","2603","長榮","157.00","＋","認購","美式","112年03月06日","112年03月06日","112年11月02日","112年11月06日","0.036","    158.88","","",
="037776","裕民統一31購02","0.00","","2606","裕民","49.75","＋","認購","美式","112年03月06日","112年03月06日","113年01月03日","113年01月05日","0.08","    77.77","","",
="037777","裕民統一31購03","0.27","","2606","裕民","49.75","＋","認購","美式","112年03月06日","112年03月06日","113年01月03日","113年01月05日","0.08","    72.40","","",
="037778","萬海統一2B購02","0.00","","2615","萬海","60.00","＋","認購","美式","112年03月06日","112年03月06日","112年11月02日","112年11月06日","0.10","    94.60","","",
="037779","慧洋統一31購02","0.00","","2637","慧洋-KY","60.30","＋","認購","美式","112年03月06日","112年03月06日","113年01月03日","113年01月05日","0.099","    79.30","","",
="03777U","敦泰凱基27售05","0.00","","3545","敦泰","83.70","＋","認售","歐式","112年01月30日","112年07月31日","112年07月27日","112年07月31日","0.10","    60.00","","",
="037780","晶華統一2A購02","0.00","","2707","晶華","288.00","＋","認購","美式","112年03月06日","112年03月06日","112年10月03日","112年10月05日","0.02","    350.00","","",
="037781","貿聯統一2A購02","0.48","","3665","貿聯-KY","270.50","＋","認購","美式","112年03月06日","112年03月06日","112年10月03日","112年10月05日","0.025","    323.72","","",
="037782","愛普統一2B購03","0.92","＋","6531","愛普*","328.50","＋","認購","美式","112年03月06日","112年03月06日","112年11月02日","112年11月06日","0.013","    322.00","","",
="037783","晶心科統一2B購08","0.00","","6533","晶心科","511.00","＋","認購","美式","112年03月06日","112年03月06日","112年11月02日","112年11月06日","0.008","    650.00","","",
="037784","鈺齊統一2B購01","0.00","","9802","鈺齊-KY","124.00","－","認購","美式","112年03月06日","112年03月06日","112年11月02日","112年11月06日","0.03","    159.32","","",
="037785","國巨群益29購01","1.29","＋","2327","國巨","508.00","＋","認購","美式","112年03月06日","112年03月06日","112年09月01日","112年09月05日","0.04","    550.00","","",
="037786","台亞群益29購01","0.00","","2340","台亞","36.30","＋","認購","美式","112年03月06日","112年03月06日","112年09月01日","112年09月05日","0.50","    47.00","","",
="037787","飛宏群益29購01","0.00","","2457","飛宏","76.40","＋","認購","美式","112年03月06日","112年03月06日","112年09月01日","112年09月05日","0.594","    55.00","","",
="037788","華航群益2B購01","1.37","＋","2610","華航","21.65","＋","認購","美式","112年03月06日","112年03月06日","112年11月02日","112年11月06日","1.00","    25.00","","",
="037789","長榮航群益29購04","3.89","＋","2618","長榮航","33.60","＋","認購","美式","112年03月06日","112年03月06日","112年09月01日","112年09月05日","1.00","    31.45","","",
="03778U","祥碩凱基27售04","0.00","","5269","祥碩","1,300.00","＋","認售","歐式","112年01月30日","112年07月31日","112年07月27日","112年07月31日","0.01","    700.00","","",
="037790","欣興群益29購01","0.00","","3037","欣興","182.50","－","認購","美式","112年03月06日","112年03月06日","112年09月01日","112年09月05日","0.08","    130.00","","",
="037791","世芯群益29購02","11.50","＋","3661","世芯-KY","1,660.00","＋","認購","美式","112年03月06日","112年03月06日","112年09月01日","112年09月05日","0.035","    1,488.00","","",
="037792","日月光群益29購01","0.30","－","3711","日月光投控","109.00","－","認購","美式","112年03月06日","112年03月06日","112年09月01日","112年09月05日","0.20","    145.00","","",
="037793","上銀中信29購01","0.00","","2049","上銀","235.50","＋","認購","歐式","112年03月07日","112年09月06日","112年09月04日","112年09月06日","0.14","    370.00","","",
="037794","華邦電中信29購01","0.88","＋","2344","華邦電","26.90","＋","認購","歐式","112年03月07日","112年09月06日","112年09月04日","112年09月06日","1.00","    35.00","","",
="037795","聯發科中信29購03","0.43","＋","2454","聯發科","738.00","＋","認購","歐式","112年03月07日","112年09月06日","112年09月04日","112年09月06日","0.012","    858.00","","",
="037796","南電中信29購01","1.23","－","8046","南電","302.50","－","認購","歐式","112年03月07日","112年09月06日","112年09月04日","112年09月06日","0.038","    298.00","","",
="037797","南電中信2A購01","1.01","－","8046","南電","302.50","－","認購","歐式","112年03月07日","112年10月06日","112年10月04日","112年10月06日","0.048","    358.00","","",
="037798","裕民康和29購01","0.00","","2606","裕民","49.75","＋","認購","美式","112年03月07日","112年03月07日","112年09月04日","112年09月06日","0.18","    73.80","","",
="037799","台泥永豐29購01","0.50","","1101","台泥","38.15","＋","認購","美式","112年03月07日","112年03月07日","112年09月04日","112年09月06日","0.30","    40.88","","",
="03779U","中興電永豐27售02","0.00","","1513","中興電","113.50","＋","認售","歐式","112年01月30日","112年07月31日","112年07月27日","112年07月31日","0.186","    61.50","","",
="037800","遠東新永豐29購01","0.00","","1402","遠東新","31.85","＋","認購","美式","112年03月07日","112年03月07日","112年09月04日","112年09月06日","0.65","    37.17","","",
="037801","新光鋼永豐29購01","0.00","","2031","新光鋼","48.80","－","認購","美式","112年03月07日","112年03月07日","112年09月04日","112年09月06日","0.32","    47.72","","",
="037802","允強永豐29購01","0.00","","2034","允強","28.65","－","認購","美式","112年03月07日","112年03月07日","112年09月04日","112年09月06日","0.65","    38.81","","",
="037803","鴻海永豐2C購01","0.55","＋","2317","鴻海","105.50","＋","認購","美式","112年03月07日","112年03月07日","112年12月04日","112年12月06日","0.14","    120.00","","",
="037804","華邦電永豐2A購01","1.19","＋","2344","華邦電","26.90","＋","認購","美式","112年03月07日","112年03月07日","112年10月04日","112年10月06日","0.85","    33.00","","",
="037805","長榮永豐29購02","0.46","＋","2603","長榮","157.00","＋","認購","美式","112年03月07日","112年03月07日","112年09月04日","112年09月06日","0.10","    188.31","","",
="037806","晶華永豐2A購01","0.00","","2707","晶華","288.00","＋","認購","美式","112年03月07日","112年03月07日","112年10月04日","112年10月06日","0.04","    430.00","","",
="037807","臺企銀永豐29購01","0.38","－","2834","臺企銀","14.10","＋","認購","美式","112年03月07日","112年03月07日","112年09月04日","112年09月06日","1.00","    15.90","","",
="037808","玉晶光永豐2B購01","0.77","","3406","玉晶光","400.00","＋","認購","美式","112年03月07日","112年03月07日","112年11月02日","112年11月06日","0.029","    500.00","","",
="037809","晶睿永豐2B購02","0.23","＋","3454","晶睿","182.50","＋","認購","美式","112年03月07日","112年03月07日","112年11月02日","112年11月06日","0.038","    313.50","","",
="03780U","台灣50元大2A售08","0.00","",="0050","元大台灣50","126.75","＋","認售","歐式","112年01月30日","112年10月02日","112年09月27日","112年10月02日","0.511","    87.04","","",
="037810","嘉澤永豐2A購01","2.05","－","3533","嘉澤","909.00","－","認購","美式","112年03月07日","112年03月07日","112年10月04日","112年10月06日","0.02","    903.09","","",
="037811","聯發科兆豐2A購02","0.29","","2454","聯發科","738.00","＋","認購","美式","112年03月07日","112年03月07日","112年10月04日","112年10月06日","0.02","    950.00","","",
="037812","聯發科兆豐2B購01","0.00","","2454","聯發科","738.00","＋","認購","美式","112年03月07日","112年03月07日","112年11月02日","112年11月06日","0.015","    900.00","","",
="037813","晶華兆豐2B購01","0.00","","2707","晶華","288.00","＋","認購","美式","112年03月07日","112年03月07日","112年11月02日","112年11月06日","0.03","    358.00","","",
="037814","晶睿兆豐31購01","0.00","","3454","晶睿","182.50","＋","認購","美式","112年03月07日","112年03月07日","113年01月04日","113年01月08日","0.025","    288.00","","",
="037815","日月光兆豐33購01","0.63","－","3711","日月光投控","109.00","－","認購","美式","112年03月07日","112年03月07日","113年03月04日","113年03月06日","0.044","    110.00","","",
="037816","啟碁兆豐2B購01","0.88","＋","6285","啟碁","87.50","＋","認購","美式","112年03月07日","112年03月07日","112年11月02日","112年11月06日","0.13","    99.00","","",
="037817","富鼎兆豐2B購01","0.59","","8261","富鼎","106.50","＋","認購","美式","112年03月07日","112年03月07日","112年11月02日","112年11月06日","0.07","    125.00","","",
="037818","A50正2元富29購02","0.25","－",="00655L","國泰中國A50正2","24.65","－","認購","美式","112年03月07日","112年03月07日","112年09月04日","112年09月06日","1.00","    35.00","","",
="037819","華邦電元富31購01","0.00","","2344","華邦電","26.90","＋","認購","美式","112年03月07日","112年03月07日","113年01月04日","113年01月08日","0.65","    29.00","","",
="03781U","台灣50元大2A售09","0.00","",="0050","元大台灣50","126.75","＋","認售","歐式","112年01月30日","112年10月30日","112年10月26日","112年10月30日","0.307","    101.71","","",
="037820","聯發科元富2A購02","1.07","＋","2454","聯發科","738.00","＋","認購","美式","112年03月07日","112年03月07日","112年10月04日","112年10月06日","0.035","    888.00","","",
="037821","聯發科元富2A購03","0.00","","2454","聯發科","738.00","＋","認購","美式","112年03月07日","112年03月07日","112年10月04日","112年10月06日","0.035","    835.00","","",
="037822","聯發科元富31購05","1.69","＋","2454","聯發科","738.00","＋","認購","美式","112年03月07日","112年03月07日","113年01月04日","113年01月08日","0.035","    930.00","","",
="037823","晶華元富31購01","0.00","","2707","晶華","288.00","＋","認購","美式","112年03月07日","112年03月07日","113年01月04日","113年01月08日","0.023","    400.00","","",
="037824","世芯元富2C購02","3.87","＋","3661","世芯-KY","1,660.00","＋","認購","美式","112年03月07日","112年03月07日","112年12月04日","112年12月06日","0.011","    1,500.00","","",
="037825","愛普元富2C購01","1.28","＋","6531","愛普*","328.50","＋","認購","美式","112年03月07日","112年03月07日","112年12月04日","112年12月06日","0.023","    350.00","","",
="037826","中砂第一29購01","0.00","","1560","中砂","114.50","－","認購","美式","112年03月07日","112年03月07日","112年09月04日","112年09月06日","0.128","    138.90","","",
="037827","鈺齊第一29購01","1.25","－","9802","鈺齊-KY","124.00","－","認購","美式","112年03月07日","112年03月07日","112年09月04日","112年09月06日","0.118","    160.80","","",
="037828","中砂統一33購01","0.49","－","1560","中砂","114.50","－","認購","美式","112年03月07日","112年03月07日","113年03月04日","113年03月06日","0.02","    168.88","","",
="037829","華新統一2A購06","0.42","＋","1605","華新","46.60","＋","認購","美式","112年03月07日","112年03月07日","112年10月04日","112年10月06日","0.11","    53.80","","",
="03782U","台灣50元大2A售10","0.25","－",="0050","元大台灣50","126.75","＋","認售","歐式","112年01月30日","112年10月02日","112年09月27日","112年10月02日","0.256","    104.64","","",
="037830","華新統一2B購03","0.30","＋","1605","華新","46.60","＋","認購","美式","112年03月07日","112年03月07日","112年11月02日","112年11月06日","0.12","    55.88","","",
="037831","華新統一2B購04","0.50","＋","1605","華新","46.60","＋","認購","美式","112年03月07日","112年03月07日","112年11月02日","112年11月06日","0.138","    55.55","","",
="037832","上銀統一2B購02","0.00","","2049","上銀","235.50","＋","認購","美式","112年03月07日","112年03月07日","112年11月02日","112年11月06日","0.03","    260.00","","",
="037833","聯電統一2B購03","0.00","","2303","聯電","51.20","＋","認購","美式","112年03月07日","112年03月07日","112年11月02日","112年11月06日","0.20","    59.88","","",
="037834","聯電統一2B購04","0.52","＋","2303","聯電","51.20","＋","認購","美式","112年03月07日","112年03月07日","112年11月02日","112年11月06日","0.16","    56.88","","",
="037835","聯電統一2B購05","0.48","＋","2303","聯電","51.20","＋","認購","美式","112年03月07日","112年03月07日","112年11月02日","112年11月06日","0.178","    60.66","","",
="037836","聯電統一2B購06","0.67","＋","2303","聯電","51.20","＋","認購","美式","112年03月07日","112年03月07日","112年11月02日","112年11月06日","0.168","    55.88","","",
="037837","鴻海統一33購01","0.74","＋","2317","鴻海","105.50","＋","認購","美式","112年03月07日","112年03月07日","113年03月04日","113年03月06日","0.06","    107.00","","",
="037838","聯發科統一2B購05","0.65","＋","2454","聯發科","738.00","＋","認購","美式","112年03月07日","112年03月07日","112年11月02日","112年11月06日","0.02","    900.00","","",
="037839","聯發科統一2B購06","0.37","","2454","聯發科","738.00","＋","認購","美式","112年03月07日","112年03月07日","112年11月02日","112年11月06日","0.015","    958.88","","",
="03783U","台灣50元大2A售11","0.00","",="0050","元大台灣50","126.75","＋","認售","歐式","112年01月30日","112年10月30日","112年10月26日","112年10月30日","0.205","    109.53","","",
="037840","聯發科統一2B購07","0.00","","2454","聯發科","738.00","＋","認購","美式","112年03月07日","112年03月07日","112年11月02日","112年11月06日","0.011","    888.88","","",
="037841","聯發科統一2B購08","0.00","","2454","聯發科","738.00","＋","認購","美式","112年03月07日","112年03月07日","112年11月02日","112年11月06日","0.01","    838.88","","",
="037842","裕民統一2A購03","0.00","","2606","裕民","49.75","＋","認購","美式","112年03月07日","112年03月07日","112年10月04日","112年10月06日","0.18","    68.88","","",
="037843","裕民統一32購01","0.40","","2606","裕民","49.75","＋","認購","美式","112年03月07日","112年03月07日","113年02月02日","113年02月15日","0.07","    66.66","","",
="037844","陽明統一2A購03","0.65","","2609","陽明","62.00","＋","認購","美式","112年03月07日","112年03月07日","112年10月04日","112年10月06日","0.12","    67.00","","",
="037845","萬海統一2A購01","0.00","","2615","萬海","60.00","＋","認購","美式","112年03月07日","112年03月07日","112年10月04日","112年10月06日","0.10","    83.00","","",
="037846","慧洋統一32購01","0.47","＋","2637","慧洋-KY","60.30","＋","認購","美式","112年03月07日","112年03月07日","113年02月02日","113年02月15日","0.074","    69.39","","",
="037847","晶華統一31購01","0.00","","2707","晶華","288.00","＋","認購","美式","112年03月07日","112年03月07日","113年01月04日","113年01月08日","0.011","    318.88","","",
="037848","欣興統一2B購03","0.00","","3037","欣興","182.50","－","認購","美式","112年03月07日","112年03月07日","112年11月02日","112年11月06日","0.04","    150.00","","",
="037849","晶睿統一2B購01","0.10","＋","3454","晶睿","182.50","＋","認購","美式","112年03月07日","112年03月07日","112年11月02日","112年11月06日","0.02","    342.00","","",
="03784U","台灣50元大2A售12","0.36","－",="0050","元大台灣50","126.75","＋","認售","歐式","112年01月30日","112年10月02日","112年09月27日","112年10月02日","0.205","    111.49","","",
="037850","華擎統一2C購01","0.58","","3515","華擎","154.00","＋","認購","美式","112年03月07日","112年03月07日","112年12月04日","112年12月06日","0.02","    179.90","","",
="037851","貿聯統一2C購01","0.47","","3665","貿聯-KY","270.50","＋","認購","美式","112年03月07日","112年03月07日","112年12月04日","112年12月06日","0.019","    339.46","","",
="037852","康舒統一2B購01","0.79","＋","6282","康舒","44.05","＋","認購","美式","112年03月07日","112年03月07日","112年11月02日","112年11月06日","0.11","    48.00","","",
="037853","穎崴統一31購02","1.23","－","6515","穎崴","830.00","－","認購","美式","112年03月07日","112年03月07日","113年01月04日","113年01月08日","0.005","    711.00","","",
="037854","台灣50元大2A購15","0.00","",="0050","元大台灣50","126.75","＋","認購","美式","112年03月07日","112年03月07日","112年10月04日","112年10月06日","0.65","    136.00","","",
="037855","台灣50元大2A購16","0.00","",="0050","元大台灣50","126.75","＋","認購","美式","112年03月07日","112年03月07日","112年10月04日","112年10月06日","0.20","    120.00","","",
="037856","台灣50元大2B購03","0.00","",="0050","元大台灣50","126.75","＋","認購","美式","112年03月07日","112年03月07日","112年11月02日","112年11月06日","0.90","    142.00","","",
="037857","台灣50元大2B購04","0.00","",="0050","元大台灣50","126.75","＋","認購","美式","112年03月07日","112年03月07日","112年11月02日","112年11月06日","0.70","    139.00","","",
="037858","台灣50元大2B購05","0.00","",="0050","元大台灣50","126.75","＋","認購","美式","112年03月07日","112年03月07日","112年11月02日","112年11月06日","0.25","    125.00","","",
="037859","川湖元大29購01","0.00","","2059","川湖","436.00","＋","認購","美式","112年03月07日","112年03月07日","112年09月04日","112年09月06日","0.071","    522.00","","",
="03785U","聯電元大27售10","0.00","","2303","聯電","51.20","＋","認售","歐式","112年01月30日","112年07月31日","112年07月27日","112年07月31日","0.80","    37.70","","",
="037860","聯電元大29購13","1.13","＋","2303","聯電","51.20","＋","認購","美式","112年03月07日","112年03月07日","112年09月04日","112年09月06日","0.359","    54.70","","",
="037861","聯電元大2A購06","0.96","＋","2303","聯電","51.20","＋","認購","美式","112年03月07日","112年03月07日","112年10月04日","112年10月06日","0.497","    61.40","","",
="037862","聯電元大2B購04","1.31","＋","2303","聯電","51.20","＋","認購","美式","112年03月07日","112年03月07日","112年11月02日","112年11月06日","0.381","    57.40","","",
="037863","台達電元大2A購04","1.75","－","2308","台達電","315.50","－","認購","美式","112年03月07日","112年03月07日","112年10月04日","112年10月06日","0.127","    361.00","","",
="037864","華邦電元大29購05","2.09","","2344","華邦電","26.90","＋","認購","美式","112年03月07日","112年03月07日","112年09月04日","112年09月06日","0.516","    24.75","","",
="037865","金像電元大2A購06","0.00","","2368","金像電","121.50","","認購","美式","112年03月07日","112年03月07日","112年10月04日","112年10月06日","0.301","    104.31","","",
="037866","威盛元大29購02","1.03","","2388","威盛","83.10","＋","認購","美式","112年03月07日","112年03月07日","112年09月04日","112年09月06日","0.245","    118.00","","",
="037867","威盛元大2A購05","0.00","","2388","威盛","83.10","＋","認購","美式","112年03月07日","112年03月07日","112年10月04日","112年10月06日","0.197","    123.50","","",
="037868","威盛元大2B購01","1.02","","2388","威盛","83.10","＋","認購","美式","112年03月07日","112年03月07日","112年11月02日","112年11月06日","0.171","    129.00","","",
="037869","漢唐元大29購01","0.53","","2404","漢唐","227.50","＋","認購","美式","112年03月07日","112年03月07日","112年09月04日","112年09月06日","0.144","    298.00","","",
="03786P","世芯國票26售02","0.00","","3661","世芯-KY","1,660.00","＋","認售","歐式","111年10月05日","112年06月05日","112年06月01日","112年06月05日","0.007","    750.00","","",
="03786U","聯電元大27售11","0.00","","2303","聯電","51.20","＋","認售","歐式","112年01月30日","112年07月31日","112年07月27日","112年07月31日","0.427","    42.75","","",
="037870","宏達電元大2A購08","0.00","","2498","宏達電","61.50","＋","認購","美式","112年03月07日","112年03月07日","112年10月04日","112年10月06日","0.289","    82.60","","",
="037871","新興元大29購01","0.00","","2605","新興","21.45","＋","認購","美式","112年03月07日","112年03月07日","112年09月04日","112年09月06日","0.364","    28.27","","",
="037872","新興元大2B購01","0.00","","2605","新興","21.45","＋","認購","美式","112年03月07日","112年03月07日","112年11月02日","112年11月06日","0.378","    30.96","","",
="037873","裕民元大29購01","0.00","","2606","裕民","49.75","＋","認購","美式","112年03月07日","112年03月07日","112年09月04日","112年09月06日","0.401","    79.10","","",
="037874","裕民元大2B購01","0.00","","2606","裕民","49.75","＋","認購","美式","112年03月07日","112年03月07日","112年11月02日","112年11月06日","0.428","    90.00","","",
="037875","長榮航元大2A購10","3.24","＋","2618","長榮航","33.60","＋","認購","美式","112年03月07日","112年03月07日","112年10月04日","112年10月06日","0.601","    30.25","","",
="037876","長榮航元大2B購05","3.07","＋","2618","長榮航","33.60","＋","認購","美式","112年03月07日","112年03月07日","112年11月02日","112年11月06日","0.661","    32.55","","",
="037877","八方元大29購02","0.00","","2753","八方雲集","167.00","","認購","美式","112年03月07日","112年03月07日","112年09月04日","112年09月06日","0.118","    360.00","","",
="037878","奇鋐元大29購04","0.00","","3017","奇鋐","206.00","－","認購","美式","112年03月07日","112年03月07日","112年09月04日","112年09月06日","0.116","    160.00","","",
="037879","群創元大2A購07","0.00","","3481","群創","14.10","＋","認購","美式","112年03月07日","112年03月07日","112年10月04日","112年10月06日","0.589","    14.65","","",
="03787P","裕隆國票27售01","0.00","","2201","裕隆","82.80","＋","認售","歐式","111年12月06日","112年07月05日","112年07月03日","112年07月05日","0.20","    60.00","","",
="03787U","台積電元大27售18","0.00","","2330","台積電","568.00","＋","認售","歐式","112年01月30日","112年07月31日","112年07月27日","112年07月31日","1.005","    279.49","","",
="037880","群創元大2B購05","0.72","＋","3481","群創","14.10","＋","認購","美式","112年03月07日","112年03月07日","112年11月02日","112年11月06日","0.659","    15.95","","",
="037881","敦泰元大29購03","1.51","＋","3545","敦泰","83.70","＋","認購","美式","112年03月07日","112年03月07日","112年09月04日","112年09月06日","0.194","    90.00","","",
="037882","世芯元大2A購07","3.74","＋","3661","世芯-KY","1,660.00","＋","認購","美式","112年03月07日","112年03月07日","112年10月04日","112年10月06日","0.01","    1,500.00","","",
="037883","貿聯元大2A購04","0.00","","3665","貿聯-KY","270.50","＋","認購","美式","112年03月07日","112年03月07日","112年10月04日","112年10月06日","0.166","    405.40","","",
="037884","康舒元大2A購03","1.73","","6282","康舒","44.05","＋","認購","美式","112年03月07日","112年03月07日","112年10月04日","112年10月06日","0.281","    47.25","","",
="037885","啟碁元大2A購01","1.45","＋","6285","啟碁","87.50","＋","認購","美式","112年03月07日","112年03月07日","112年10月04日","112年10月06日","0.202","    93.80","","",
="037886","晶心科元大2A購02","0.47","","6533","晶心科","511.00","＋","認購","美式","112年03月07日","112年03月07日","112年10月04日","112年10月06日","0.019","    753.00","","",
="037887","富邦媒元大2A購05","0.58","","8454","富邦媒","703.00","＋","認購","美式","112年03月07日","112年03月07日","112年10月04日","112年10月06日","0.021","    1,085.00","","",
="037888","香港2X國票2B購01","0.45","＋",="00650L","FH香港正2","11.60","＋","認購","美式","112年03月07日","112年03月07日","112年11月02日","112年11月06日","0.632","    15.00","","",
="037889","光寶科國票2A購01","4.31","","2301","光寶科","86.40","＋","認購","美式","112年03月07日","112年03月07日","112年10月04日","112年10月06日","0.417","    81.56","","",
="03788P","晶心科國票27售02","0.52","－","6533","晶心科","511.00","＋","認售","歐式","111年12月06日","112年07月05日","112年07月03日","112年07月05日","0.01","    500.00","","",
="03788U","台積電元大27售19","0.00","","2330","台積電","568.00","＋","認售","歐式","112年01月30日","112年07月31日","112年07月27日","112年07月31日","0.101","    405.80","","",
="037890","聯電國票2A購04","0.00","","2303","聯電","51.20","＋","認購","美式","112年03月07日","112年03月07日","112年10月04日","112年10月06日","1.00","    70.00","","",
="037891","華邦電國票2A購01","0.55","","2344","華邦電","26.90","＋","認購","美式","112年03月07日","112年03月07日","112年10月04日","112年10月06日","1.00","    36.00","","",
="037892","聯發科國票29購02","0.51","＋","2454","聯發科","738.00","＋","認購","美式","112年03月07日","112年03月07日","112年09月04日","112年09月06日","0.05","    1,000.00","","",
="037893","聯發科國票2A購01","0.00","","2454","聯發科","738.00","＋","認購","美式","112年03月07日","112年03月07日","112年10月04日","112年10月06日","0.08","    1,100.00","","",
="037894","華航國票2A購01","0.86","","2610","華航","21.65","＋","認購","美式","112年03月07日","112年03月07日","112年10月04日","112年10月06日","1.00","    26.00","","",
="037895","長榮航國票2B購01","2.08","＋","2618","長榮航","33.60","＋","認購","美式","112年03月07日","112年03月07日","112年11月02日","112年11月06日","1.00","    37.50","","",
="037896","晶華國票2A購01","0.00","","2707","晶華","288.00","＋","認購","美式","112年03月07日","112年03月07日","112年10月04日","112年10月06日","0.20","    470.00","","",
="037897","美食國票2A購02","0.00","","2723","美食-KY","152.50","－","認購","美式","112年03月07日","112年03月07日","112年10月04日","112年10月06日","0.239","    237.00","","",
="037898","晶豪科國票2A購01","1.70","＋","3006","晶豪科","88.20","＋","認購","美式","112年03月07日","112年03月07日","112年10月04日","112年10月06日","0.098","    77.00","","",
="037899","世芯國票2A購03","4.35","＋","3661","世芯-KY","1,660.00","＋","認購","美式","112年03月07日","112年03月07日","112年10月04日","112年10月06日","0.013","    1,500.00","","",
="03789U","台積電元大27售20","0.38","","2330","台積電","568.00","＋","認售","歐式","112年01月30日","112年07月31日","112年07月27日","112年07月31日","0.052","    467.47","","",
="037900","貿聯國票2A購01","0.00","","3665","貿聯-KY","270.50","＋","認購","美式","112年03月07日","112年03月07日","112年10月04日","112年10月06日","0.251","    418.35","","",
="037901","承業醫國票2A購01","0.00","","4164","承業醫","64.10","","認購","美式","112年03月07日","112年03月07日","112年10月04日","112年10月06日","0.13","    75.00","","",
="037902","台耀國票2A購01","1.50","－","4746","台耀","84.00","＋","認購","美式","112年03月07日","112年03月07日","112年10月04日","112年10月06日","0.14","    90.00","","",
="037903","中磊國票2A購01","2.52","＋","5388","中磊","93.30","＋","認購","美式","112年03月07日","112年03月07日","112年10月04日","112年10月06日","0.21","    91.42","","",
="037904","中租國票2A購01","0.32","＋","5871","中租-KY","210.50","＋","認購","美式","112年03月07日","112年03月07日","112年10月04日","112年10月06日","0.11","    300.00","","",
="037905","矽力國票2A購01","0.00","","6415","矽力*-KY","394.50","＋","認購","美式","112年03月07日","112年03月07日","112年10月04日","112年10月06日","0.05","    892.10","","",
="037906","力智國票2B購01","0.78","＋","6719","力智","303.00","＋","認購","美式","112年03月07日","112年03月07日","112年11月02日","112年11月06日","0.023","    330.00","","",
="037907","南電國票2A購01","2.31","－","8046","南電","302.50","－","認購","美式","112年03月07日","112年03月07日","112年10月04日","112年10月06日","0.05","    280.00","","",
="037908","中鋼國泰2B購01","0.00","","2002","中鋼","29.05","－","認購","美式","112年03月07日","112年03月07日","112年11月02日","112年11月06日","1.00","    40.00","","",
="037909","台達電國泰2B購01","1.74","－","2308","台達電","315.50","－","認購","美式","112年03月07日","112年03月07日","112年11月02日","112年11月06日","0.15","    376.00","","",
="03790U","慧洋元大27售01","0.62","－","2637","慧洋-KY","60.30","＋","認售","歐式","112年01月30日","112年07月31日","112年07月27日","112年07月31日","0.281","    44.61","","",
="037910","台積電國泰2B購01","3.89","＋","2330","台積電","568.00","＋","認購","美式","112年03月07日","112年03月07日","112年11月02日","112年11月06日","0.302","    686.29","","",
="037911","聯發科國泰2B購01","0.00","","2454","聯發科","738.00","＋","認購","美式","112年03月07日","112年03月07日","112年11月02日","112年11月06日","0.035","    989.97","","",
="037912","聯發科國泰2B購02","0.65","＋","2454","聯發科","738.00","＋","認購","美式","112年03月07日","112年03月07日","112年11月02日","112年11月06日","0.05","    1,052.33","","",
="037913","聯發科國泰2B購03","0.73","＋","2454","聯發科","738.00","＋","認購","美式","112年03月07日","112年03月07日","112年11月02日","112年11月06日","0.025","    912.02","","",
="037914","長榮國泰2B購01","0.55","＋","2603","長榮","157.00","＋","認購","美式","112年03月07日","112年03月07日","112年11月02日","112年11月06日","0.10","    204.69","","",
="037915","長榮國泰2B購02","0.44","＋","2603","長榮","157.00","＋","認購","美式","112年03月07日","112年03月07日","112年11月02日","112年11月06日","0.10","    212.88","","",
="037916","欣興國泰2B購01","2.03","－","3037","欣興","182.50","－","認購","美式","112年03月07日","112年03月07日","112年11月02日","112年11月06日","0.08","    180.00","","",
="037917","玉晶光國泰2B購01","0.97","","3406","玉晶光","400.00","＋","認購","美式","112年03月07日","112年03月07日","112年11月02日","112年11月06日","0.07","    540.00","","",
="037918","南電國泰2B購01","1.76","－","8046","南電","302.50","－","認購","美式","112年03月07日","112年03月07日","112年11月02日","112年11月06日","0.07","    343.20","","",
="037919","台積電富邦2A購11","1.23","－","2330","台積電","568.00","＋","認購","美式","112年03月07日","112年03月07日","112年10月04日","112年10月06日","0.025","    547.04","","",
="03791U","富邦金元大27售04","0.27","－","2881","富邦金","61.10","＋","認售","歐式","112年01月30日","112年07月31日","112年07月27日","112年07月31日","0.763","    48.90","","",
="037920","聯發科富邦2B購01","0.40","＋","2454","聯發科","738.00","＋","認購","美式","112年03月07日","112年03月07日","112年11月02日","112年11月06日","0.01","    900.00","","",
="037921","聯詠富邦2B購01","0.64","＋","3034","聯詠","423.50","＋","認購","美式","112年03月07日","112年03月07日","112年11月02日","112年11月06日","0.025","    500.00","","",
="037922","中砂群益29購01","0.42","－","1560","中砂","114.50","－","認購","美式","112年03月07日","112年03月07日","112年09月04日","112年09月06日","0.06","    126.80","","",
="037923","光罩群益29購01","1.57","＋","2338","光罩","81.80","＋","認購","美式","112年03月07日","112年03月07日","112年09月04日","112年09月06日","0.35","    95.00","","",
="037924","燿華群益29購01","0.33","＋","2367","燿華","18.05","＋","認購","美式","112年03月07日","112年03月07日","112年09月04日","112年09月06日","0.35","    20.88","","",
="037925","金像電群益29購01","0.00","","2368","金像電","121.50","","認購","美式","112年03月07日","112年03月07日","112年09月04日","112年09月06日","0.428","    123.63","","",
="037926","聯發科群益29購06","1.96","","2454","聯發科","738.00","＋","認購","美式","112年03月07日","112年03月07日","112年09月04日","112年09月06日","0.035","    795.00","","",
="037927","聯發科群益29購07","1.16","＋","2454","聯發科","738.00","＋","認購","美式","112年03月07日","112年03月07日","112年09月04日","112年09月06日","0.035","    876.00","","",
="037928","聯發科群益29購08","0.00","","2454","聯發科","738.00","＋","認購","美式","112年03月07日","112年03月07日","112年09月04日","112年09月06日","0.05","    915.00","","",
="037929","聯發科群益2B購02","1.90","＋","2454","聯發科","738.00","＋","認購","美式","112年03月07日","112年03月07日","112年11月02日","112年11月06日","0.15","    1,160.00","","",
="03792U","大立光元大27售10","0.00","","3008","大立光","2,305.00","＋","認售","歐式","112年01月30日","112年07月31日","112年07月27日","112年07月31日","0.03","    1,406.49","","",
="037930","飛宏群益29購02","0.00","","2457","飛宏","76.40","＋","認購","美式","112年03月07日","112年03月07日","112年09月04日","112年09月06日","0.272","    50.88","","",
="037931","裕民群益29購01","0.00","","2606","裕民","49.75","＋","認購","美式","112年03月07日","112年03月07日","112年09月04日","112年09月06日","0.80","    88.88","","",
="037932","陽明群益29購01","0.00","","2609","陽明","62.00","＋","認購","美式","112年03月07日","112年03月07日","112年09月04日","112年09月06日","0.25","    71.50","","",
="037933","陽明群益2A購01","0.78","","2609","陽明","62.00","＋","認購","美式","112年03月07日","112年03月07日","112年10月04日","112年10月06日","0.50","    80.00","","",
="037934","漢翔群益29購01","0.00","","2634","漢翔","55.80","＋","認購","美式","112年03月07日","112年03月07日","112年09月04日","112年09月06日","0.372","    44.00","","",
="037935","穎崴群益29購01","4.67","＋","6515","穎崴","830.00","－","認購","美式","112年03月07日","112年03月07日","112年09月04日","112年09月06日","0.03","    777.00","","",
="037936","愛普群益2B購04","2.48","＋","6531","愛普*","328.50","＋","認購","美式","112年03月07日","112年03月07日","112年11月02日","112年11月06日","0.077","    380.00","","",
="037937","矽創群益29購02","0.78","","8016","矽創","225.50","＋","認購","美式","112年03月07日","112年03月07日","112年09月04日","112年09月06日","0.12","    280.00","","",
="037938","台灣50凱基31購02","0.00","",="0050","元大台灣50","126.75","＋","認購","美式","112年03月07日","112年03月07日","113年01月04日","113年01月08日","0.80","    150.00","","",
="037939","光罩凱基29購03","0.00","","2338","光罩","81.80","＋","認購","美式","112年03月07日","112年03月07日","112年09月04日","112年09月06日","0.20","    100.00","","",
="03793U","大立光元大27售11","0.00","","3008","大立光","2,305.00","＋","認售","歐式","112年01月30日","112年07月31日","112年07月27日","112年07月31日","0.019","    1,538.80","","",
="037940","華邦電凱基2A購01","1.31","＋","2344","華邦電","26.90","＋","認購","美式","112年03月07日","112年03月07日","112年10月04日","112年10月06日","1.00","    32.00","","",
="037941","聯發科凱基29購09","0.00","","2454","聯發科","738.00","＋","認購","美式","112年03月07日","112年03月07日","112年09月04日","112年09月06日","0.032","    970.00","","",
="037942","聯發科凱基29購10","0.00","","2454","聯發科","738.00","＋","認購","美式","112年03月07日","112年03月07日","112年09月04日","112年09月06日","0.02","    860.00","","",
="037943","晶華凱基2A購04","0.00","","2707","晶華","288.00","＋","認購","美式","112年03月07日","112年03月07日","112年10月04日","112年10月06日","0.08","    460.00","","",
="037944","晶睿凱基2A購02","0.13","","3454","晶睿","182.50","＋","認購","美式","112年03月07日","112年03月07日","112年10月04日","112年10月06日","0.05","    370.00","","",
="037945","瑞鼎凱基29購04","0.22","","3592","瑞鼎","348.00","＋","認購","美式","112年03月07日","112年03月07日","112年09月04日","112年09月06日","0.08","    610.00","","",
="037946","碩天凱基2A購01","0.00","","3617","碩天","191.00","－","認購","美式","112年03月07日","112年03月07日","112年10月04日","112年10月06日","0.08","    160.00","","",
="037947","台耀凱基29購01","1.49","－","4746","台耀","84.00","＋","認購","美式","112年03月07日","112年03月07日","112年09月04日","112年09月06日","0.25","    102.00","","",
="037948","正文凱基29購01","1.55","＋","4906","正文","31.40","＋","認購","美式","112年03月07日","112年03月07日","112年09月04日","112年09月06日","1.00","    35.00","","",
="037949","台積電元大26購01","0.01","","2330","台積電","568.00","＋","認購","美式","110年06月29日","110年06月29日","112年06月26日","112年06月28日","0.04","    964.28","","",
="03794U","大立光元大27售12","0.12","","3008","大立光","2,305.00","＋","認售","歐式","112年01月30日","112年07月31日","112年07月27日","112年07月31日","0.013","    1,666.22","","",
="037950","中租凱基29購01","0.32","","5871","中租-KY","210.50","＋","認購","美式","112年03月07日","112年03月07日","112年09月04日","112年09月06日","0.20","    330.00","","",
="037951","亞翔凱基29購01","0.00","","6139","亞翔","63.80","－","認購","美式","112年03月07日","112年03月07日","112年09月04日","112年09月06日","0.35","    52.00","","",
="037952","樺漢凱基29購03","1.60","＋","6414","樺漢","281.00","＋","認購","美式","112年03月07日","112年03月07日","112年09月04日","112年09月06日","0.225","    350.00","","",
="037953","晶心科凱基29購03","0.36","＋","6533","晶心科","511.00","＋","認購","美式","112年03月07日","112年03月07日","112年09月04日","112年09月06日","0.012","    610.00","","",
="037954","臺股指凱基2B購22","0.00","","IX0001","臺股指數","16,636.30","","認購","歐式","112年03月07日","112年11月06日","112年11月02日","112年11月06日","0.013","    19,000.00","","",
="037955","台積電中信2B購01","0.00","","2330","台積電","568.00","＋","認購","歐式","112年03月08日","112年11月07日","112年11月03日","112年11月07日","0.015","    467.47","","",
="037956","台積電中信31購01","0.00","","2330","台積電","568.00","＋","認購","歐式","112年03月08日","113年01月08日","113年01月04日","113年01月08日","0.01","    437.63","","",
="037957","旺宏中信2C購01","0.57","＋","2337","旺宏","33.40","＋","認購","歐式","112年03月08日","112年12月07日","112年12月05日","112年12月07日","0.26","    42.60","","",
="037958","萬海中信29購02","0.00","","2615","萬海","60.00","＋","認購","歐式","112年03月08日","112年09月07日","112年09月05日","112年09月07日","0.12","    92.00","","",
="037959","開發金中信2A購01","0.67","－","2883","開發金","12.80","－","認購","歐式","112年03月08日","112年10月11日","112年10月05日","112年10月11日","1.00","    14.00","","",
="03795U","聯詠元大27售20","0.00","","3034","聯詠","423.50","＋","認售","歐式","112年01月30日","112年07月31日","112年07月27日","112年07月31日","0.082","    287.00","","",
="037960","國票金中信29購01","0.36","","2889","國票金","12.60","＋","認購","歐式","112年03月08日","112年09月07日","112年09月05日","112年09月07日","1.00","    15.00","","",
="037961","彩晶中信2C購01","0.78","＋","6116","彩晶","12.25","＋","認購","歐式","112年03月08日","112年12月07日","112年12月05日","112年12月07日","0.70","    16.00","","",
="037962","台積電康和29購02","2.43","＋","2330","台積電","568.00","＋","認購","美式","112年03月08日","112年03月08日","112年09月05日","112年09月07日","0.03","    497.31","","",
="037963","晶睿康和29購01","0.00","","3454","晶睿","182.50","＋","認購","美式","112年03月08日","112年03月08日","112年09月05日","112年09月07日","0.03","    360.00","","",
="037964","旺宏永豐29購02","0.63","＋","2337","旺宏","33.40","＋","認購","美式","112年03月08日","112年03月08日","112年09月05日","112年09月07日","0.385","    36.96","","",
="037965","友達永豐2A購01","0.00","","2409","友達","17.65","＋","認購","美式","112年03月08日","112年03月08日","112年10月05日","112年10月11日","1.00","    28.42","","",
="037966","欣興永豐2B購01","2.95","－","3037","欣興","182.50","－","認購","美式","112年03月08日","112年03月08日","112年11月03日","112年11月07日","0.095","    171.88","","",
="037967","群創永豐2A購02","0.00","","3481","群創","14.10","＋","認購","美式","112年03月08日","112年03月08日","112年10月05日","112年10月11日","1.00","    22.57","","",
="037968","富采永豐2A購01","0.82","＋","3714","富采","49.90","＋","認購","美式","112年03月08日","112年03月08日","112年10月05日","112年10月11日","0.35","    57.85","","",
="037969","天鈺永豐2B購01","0.00","","4961","天鈺","154.00","＋","認購","美式","112年03月08日","112年03月08日","112年11月03日","112年11月07日","0.059","    254.84","","",
="03796P","元美指國票26售01","0.00","",="00682U","期元大美元指數(原名：元大美元指數)","20.75","－","認售","歐式","111年10月06日","112年06月05日","112年06月01日","112年06月05日","1.00","    22.00","","",
="03796U","智原元大27售05","0.00","","3035","智原","173.50","＋","認售","歐式","112年01月30日","112年07月31日","112年07月27日","112年07月31日","0.143","    116.00","","",
="037970","瑞儀永豐2A購01","0.97","＋","6176","瑞儀","120.00","＋","認購","美式","112年03月08日","112年03月08日","112年10月05日","112年10月11日","0.08","    129.90","","",
="037971","穎崴永豐2B購01","1.74","－","6515","穎崴","830.00","－","認購","美式","112年03月08日","112年03月08日","112年11月03日","112年11月07日","0.008","    707.94","","",
="037972","帝寶永豐2B購01","1.02","＋","6605","帝寶","99.80","＋","認購","美式","112年03月08日","112年03月08日","112年11月03日","112年11月07日","0.066","    98.34","","",
="037973","明基材永豐29購01","0.00","","8215","明基材","35.30","＋","認購","美式","112年03月08日","112年03月08日","112年09月05日","112年09月07日","0.495","    49.40","","",
="037974","華新統一2C購04","0.00","","1605","華新","46.60","＋","認購","美式","112年03月08日","112年03月08日","112年12月05日","112年12月07日","0.10","    56.40","","",
="037975","大亞統一2C購02","1.15","＋","1609","大亞","31.00","＋","認購","美式","112年03月08日","112年03月08日","112年12月05日","112年12月07日","0.22","    30.40","","",
="037976","華邦電統一2C購01","0.76","＋","2344","華邦電","26.90","＋","認購","美式","112年03月08日","112年03月08日","112年12月05日","112年12月07日","0.25","    30.00","","",
="037977","南亞科統一2C購01","1.17","－","2408","南亞科","71.20","－","認購","美式","112年03月08日","112年03月08日","112年12月05日","112年12月07日","0.10","    69.70","","",
="037978","晶睿統一2B購02","0.00","","3454","晶睿","182.50","＋","認購","美式","112年03月08日","112年03月08日","112年11月03日","112年11月07日","0.02","    380.50","","",
="037979","康舒統一2B購02","0.90","＋","6282","康舒","44.05","＋","認購","美式","112年03月08日","112年03月08日","112年11月03日","112年11月07日","0.16","    52.60","","",
="03797U","景碩元大27售10","0.00","","3189","景碩","116.00","＋","認售","歐式","112年01月30日","112年07月31日","112年07月27日","112年07月31日","0.104","    96.40","","",
="037980","晶心科統一2B購09","0.25","＋","6533","晶心科","511.00","＋","認購","美式","112年03月08日","112年03月08日","112年11月03日","112年11月07日","0.008","    700.00","","",
="037981","華新麥證2B購01","0.54","＋","1605","華新","46.60","＋","認購","歐式","112年03月08日","112年11月07日","112年11月03日","112年11月07日","0.15","    55.00","","",
="037982","台亞麥證29購01","0.50","","2340","台亞","36.30","＋","認購","歐式","112年03月08日","112年09月07日","112年09月05日","112年09月07日","0.35","    43.88","","",
="037983","長榮麥證29購01","0.94","＋","2603","長榮","157.00","＋","認購","歐式","112年03月08日","112年09月07日","112年09月05日","112年09月07日","0.60","    238.88","","",
="037984","長榮麥證31購01","1.68","＋","2603","長榮","157.00","＋","認購","歐式","112年03月08日","113年01月08日","113年01月04日","113年01月08日","0.08","    166.00","","",
="037985","智邦兆豐2A購01","1.80","＋","2345","智邦","357.50","＋","認購","美式","112年03月08日","112年03月08日","112年10月05日","112年10月11日","0.04","    350.00","","",
="037986","瑞昱兆豐2A購01","0.77","＋","2379","瑞昱","388.00","＋","認購","美式","112年03月08日","112年03月08日","112年10月05日","112年10月11日","0.04","    450.00","","",
="037987","欣興兆豐2B購01","2.22","－","3037","欣興","182.50","－","認購","美式","112年03月08日","112年03月08日","112年11月03日","112年11月07日","0.06","    158.00","","",
="037988","天鈺兆豐2B購01","0.00","","4961","天鈺","154.00","＋","認購","美式","112年03月08日","112年03月08日","112年11月03日","112年11月07日","0.045","    208.00","","",
="037989","中興電群益29購02","2.43","＋","1513","中興電","113.50","＋","認購","美式","112年03月08日","112年03月08日","112年09月05日","112年09月07日","0.168","    108.00","","",
="03798P","台積電元大26售23","0.00","","2330","台積電","568.00","＋","認售","歐式","111年12月06日","112年06月05日","112年06月01日","112年06月05日","0.083","    486.55","","",
="03798U","世芯元大27售08","0.00","","3661","世芯-KY","1,660.00","＋","認售","歐式","112年01月30日","112年07月31日","112年07月27日","112年07月31日","0.015","    683.00","","",
="037990","啟碁群益29購01","1.29","＋","6285","啟碁","87.50","＋","認購","美式","112年03月08日","112年03月08日","112年09月05日","112年09月07日","0.65","    111.11","","",
="037991","穎崴群益29購02","3.85","＋","6515","穎崴","830.00","－","認購","美式","112年03月08日","112年03月08日","112年09月05日","112年09月07日","0.018","    688.00","","",
="037992","愛普群益29購08","0.88","＋","6531","愛普*","328.50","＋","認購","美式","112年03月08日","112年03月08日","112年09月05日","112年09月07日","0.03","    350.00","","",
="037993","東鹼國票2A購01","0.00","","1708","東鹼","36.40","＋","認購","美式","112年03月08日","112年03月08日","112年10月05日","112年10月11日","0.70","    60.00","","",
="037994","晶睿國票2A購02","0.16","＋","3454","晶睿","182.50","＋","認購","美式","112年03月08日","112年03月08日","112年10月05日","112年10月11日","0.10","    415.00","","",
="037995","瑞鼎國票2A購01","0.35","","3592","瑞鼎","348.00","＋","認購","美式","112年03月08日","112年03月08日","112年10月05日","112年10月11日","0.104","    600.00","","",
="037996","世芯國票2B購02","0.00","","3661","世芯-KY","1,660.00","＋","認購","美式","112年03月08日","112年03月08日","112年11月03日","112年11月07日","0.008","    950.00","","",
="037997","貿聯國票2A購02","0.00","","3665","貿聯-KY","270.50","＋","認購","美式","112年03月08日","112年03月08日","112年10月05日","112年10月11日","0.181","    388.47","","",
="037998","元晶國票2B購01","0.00","","6443","元晶","36.20","＋","認購","美式","112年03月08日","112年03月08日","112年11月03日","112年11月07日","0.261","    45.00","","",
="037999","陽明國泰2B購02","0.00","","2609","陽明","62.00","＋","認購","美式","112年03月08日","112年03月08日","112年11月03日","112年11月07日","0.45","    86.00","","",
="03799U","東哥元大27售02","0.10","－","8478","東哥遊艇","520.00","＋","認售","歐式","112年01月30日","112年07月31日","112年07月27日","112年07月31日","0.02","    307.50","","",
="038000","祥碩國泰2B購01","4.57","＋","5269","祥碩","1,300.00","＋","認購","美式","112年03月08日","112年03月08日","112年11月03日","112年11月07日","0.023","    1,300.00","","",
="038001","裕民富邦2B購01","0.19","","2606","裕民","49.75","＋","認購","美式","112年03月08日","112年03月08日","112年11月03日","112年11月07日","0.10","    70.00","","",
="038002","道瓊2X元大2A購01","0.50","＋",="00852L","國泰美國道瓊正2","18.51","＋","認購","美式","112年03月08日","112年03月08日","112年10月05日","112年10月11日","0.24","    20.00","","",
="038003","台泥元大29購01","0.46","","1101","台泥","38.15","＋","認購","美式","112年03月08日","112年03月08日","112年09月05日","112年09月07日","1.00","    47.25","","",
="038004","華新元大2A購15","1.02","","1605","華新","46.60","＋","認購","美式","112年03月08日","112年03月08日","112年10月05日","112年10月11日","0.348","    57.80","","",
="038005","華新元大2B購09","1.06","＋","1605","華新","46.60","＋","認購","美式","112年03月08日","112年03月08日","112年11月03日","112年11月07日","0.316","    58.80","","",
="038006","生達元大29購01","2.10","＋","1720","生達","70.80","＋","認購","美式","112年03月08日","112年03月08日","112年09月05日","112年09月07日","0.127","    60.10","","",
="038007","生達元大2B購01","1.91","＋","1720","生達","70.80","＋","認購","美式","112年03月08日","112年03月08日","112年11月03日","112年11月07日","0.172","    78.20","","",
="038008","上銀元大29購03","0.00","","2049","上銀","235.50","＋","認購","美式","112年03月08日","112年03月08日","112年09月05日","112年09月07日","0.184","    356.50","","",
="038009","台達電元大29購05","1.68","－","2308","台達電","315.50","－","認購","美式","112年03月08日","112年03月08日","112年09月05日","112年09月07日","0.119","    347.50","","",
="03800P","富邦金國票26售01","0.00","","2881","富邦金","61.10","＋","認售","歐式","111年10月06日","112年06月05日","112年06月01日","112年06月05日","1.00","    33.50","","",
="03800U","聯電中信27售03","0.00","","2303","聯電","51.20","＋","認售","歐式","112年01月30日","112年07月31日","112年07月27日","112年07月31日","0.28","    45.00","","",
="038010","台達電元大2A購05","1.65","－","2308","台達電","315.50","－","認購","美式","112年03月08日","112年03月08日","112年10月05日","112年10月11日","0.142","    368.00","","",
="038011","台達電元大2B購01","0.00","","2308","台達電","315.50","－","認購","美式","112年03月08日","112年03月08日","112年11月03日","112年11月07日","0.214","    408.50","","",
="038012","金寶元大29購01","0.00","","2312","金寶","13.50","＋","認購","美式","112年03月08日","112年03月08日","112年09月05日","112年09月07日","1.00","    17.70","","",
="038013","華邦電元大29購06","1.54","","2344","華邦電","26.90","＋","認購","美式","112年03月08日","112年03月08日","112年09月05日","112年09月07日","0.727","    29.50","","",
="038014","南亞科元大29購02","3.37","－","2408","南亞科","71.20","－","認購","美式","112年03月08日","112年03月08日","112年09月05日","112年09月07日","0.91","    78.80","","",
="038015","南亞科元大2B購01","3.29","－","2408","南亞科","71.20","－","認購","美式","112年03月08日","112年03月08日","112年11月03日","112年11月07日","1.00","    86.40","","",
="038016","鉅祥元大29購01","0.00","","2476","鉅祥","50.40","＋","認購","美式","112年03月08日","112年03月08日","112年09月05日","112年09月07日","0.222","    55.00","","",
="038017","宏達電元大2A購09","0.00","","2498","宏達電","61.50","＋","認購","美式","112年03月08日","112年03月08日","112年10月05日","112年10月11日","0.271","    93.80","","",
="038018","八方元大29購03","0.00","","2753","八方雲集","167.00","","認購","美式","112年03月08日","112年03月08日","112年09月05日","112年09月07日","0.039","    245.00","","",
="038019","奇鋐元大29購05","0.00","","3017","奇鋐","206.00","－","認購","美式","112年03月08日","112年03月08日","112年09月05日","112年09月07日","0.076","    136.50","","",
="03801U","大立光中信27售04","0.00","","3008","大立光","2,305.00","＋","認售","歐式","112年01月30日","112年07月31日","112年07月27日","112年07月31日","0.005","    1,654.46","","",
="038020","威強電元大29購01","1.55","","3022","威強電","91.20","＋","認購","美式","112年03月08日","112年03月08日","112年09月05日","112年09月07日","0.204","    103.00","","",
="038021","群創元大2A購08","0.65","＋","3481","群創","14.10","＋","認購","美式","112年03月08日","112年03月08日","112年10月05日","112年10月11日","0.739","    16.55","","",
="038022","群創元大2B購06","0.00","","3481","群創","14.10","＋","認購","美式","112年03月08日","112年03月08日","112年11月03日","112年11月07日","1.00","    21.00","","",
="038023","貿聯元大2A購05","0.77","","3665","貿聯-KY","270.50","＋","認購","美式","112年03月08日","112年03月08日","112年10月05日","112年10月11日","0.07","    338.67","","",
="038024","四維航元大29購01","0.00","","5608","四維航","23.10","＋","認購","美式","112年03月08日","112年03月08日","112年09月05日","112年09月07日","0.53","    34.70","","",
="038025","矽力元大2A購01","0.13","","6415","矽力*-KY","394.50","＋","認購","美式","112年03月08日","112年03月08日","112年10月05日","112年10月11日","0.02","    799.92","","",
="038026","元晶元大2A購01","0.71","＋","6443","元晶","36.20","＋","認購","美式","112年03月08日","112年03月08日","112年10月05日","112年10月11日","0.316","    42.70","","",
="038027","愛普元大2A購04","1.80","＋","6531","愛普*","328.50","＋","認購","美式","112年03月08日","112年03月08日","112年10月05日","112年10月11日","0.024","    300.00","","",
="038028","力智元大2A購01","0.00","","6719","力智","303.00","＋","認購","美式","112年03月08日","112年03月08日","112年10月05日","112年10月11日","0.042","    465.00","","",
="038029","富邦媒元大2A購06","0.00","","8454","富邦媒","703.00","＋","認購","美式","112年03月08日","112年03月08日","112年10月05日","112年10月11日","0.029","    1,180.00","","",
="03802U","臺股指國泰27售02","0.04","","IX0001","臺股指數","16,636.30","","認售","歐式","112年01月30日","112年07月31日","112年07月27日","112年07月31日","0.005","    13,000.00","","",
="038030","鈺齊元大29購03","0.56","－","9802","鈺齊-KY","124.00","－","認購","美式","112年03月08日","112年03月08日","112年09月05日","112年09月07日","0.047","    133.76","","",
="038031","世紀鋼元大29購02","0.53","＋","9958","世紀鋼","109.50","＋","認購","美式","112年03月08日","112年03月08日","112年09月05日","112年09月07日","0.125","    140.00","","",
="038032","華夏第一29購01","0.00","","1305","華夏","23.85","－","認購","美式","112年03月08日","112年03月08日","112年09月05日","112年09月07日","0.89","    33.93","","",
="038033","葡萄王第一29購01","0.00","","1707","葡萄王","175.00","＋","認購","美式","112年03月08日","112年03月08日","112年09月05日","112年09月07日","0.102","    211.31","","",
="038034","中鋼第一29購01","0.00","","2002","中鋼","29.05","－","認購","美式","112年03月08日","112年03月08日","112年09月05日","112年09月07日","1.00","    35.59","","",
="038035","同欣電第一29購01","0.00","","6271","同欣電","179.50","＋","認購","美式","112年03月08日","112年03月08日","112年09月05日","112年09月07日","0.11","    269.40","","",
="038036","致新第一29購01","0.00","","8081","致新","191.50","＋","認購","美式","112年03月08日","112年03月08日","112年09月05日","112年09月07日","0.091","    214.20","","",
="038037","上証2X凱基2B購03","0.00","",="00633L","富邦上証正2","35.01","－","認購","美式","112年03月08日","112年03月08日","112年11月03日","112年11月07日","0.40","    48.00","","",
="038038","滬深2X凱基2C購04","0.00","",="00637L","元大滬深300正2","13.77","－","認購","美式","112年03月08日","112年03月08日","112年12月05日","112年12月07日","1.00","    18.80","","",
="038039","元石油凱基31購01","1.01","＋",="00642U","期元大S&P石油(原名：元大S&P石油)","15.46","＋","認購","美式","112年03月08日","112年03月08日","113年01月04日","113年01月08日","0.80","    18.80","","",
="03803U","臺股指國泰27售03","0.00","","IX0001","臺股指數","16,636.30","","認售","歐式","112年01月30日","112年07月31日","112年07月27日","112年07月31日","0.003","    14,000.00","","",
="038040","上銀凱基29購01","0.00","","2049","上銀","235.50","＋","認購","美式","112年03月08日","112年03月08日","112年09月05日","112年09月07日","0.15","    310.00","","",
="038041","光寶科凱基2A購01","4.00","＋","2301","光寶科","86.40","＋","認購","美式","112年03月08日","112年03月08日","112年10月05日","112年10月11日","0.365","    81.56","","",
="038042","聯電凱基2B購03","1.41","＋","2303","聯電","51.20","＋","認購","美式","112年03月08日","112年03月08日","112年11月03日","112年11月07日","0.50","    58.00","","",
="038043","廣宇凱基29購01","0.86","","2328","廣宇","39.40","＋","認購","美式","112年03月08日","112年03月08日","112年09月05日","112年09月07日","1.00","    50.00","","",
="038044","台積電凱基29購12","0.00","","2330","台積電","568.00","＋","認購","美式","112年03月08日","112年03月08日","112年09月05日","112年09月07日","0.025","    517.20","","",
="038045","台積電凱基29購13","1.02","＋","2330","台積電","568.00","＋","認購","美式","112年03月08日","112年03月08日","112年09月05日","112年09月07日","0.05","    616.66","","",
="038046","華邦電凱基2B購01","0.90","","2344","華邦電","26.90","＋","認購","美式","112年03月08日","112年03月08日","112年11月03日","112年11月07日","1.00","    37.00","","",
="038047","飛宏凱基29購02","0.00","","2457","飛宏","76.40","＋","認購","美式","112年03月08日","112年03月08日","112年09月05日","112年09月07日","0.25","    55.00","","",
="038048","長榮凱基31購03","0.97","＋","2603","長榮","157.00","＋","認購","美式","112年03月08日","112年03月08日","113年01月04日","113年01月08日","0.18","    235.00","","",
="038049","新興凱基2A購01","0.00","","2605","新興","21.45","＋","認購","美式","112年03月08日","112年03月08日","112年10月05日","112年10月11日","1.00","    35.00","","",
="03804U","臺股指國泰27售04","0.00","","IX0001","臺股指數","16,636.30","","認售","歐式","112年01月30日","112年07月31日","112年07月27日","112年07月31日","0.003","    13,400.00","","",
="038050","裕民凱基2A購01","0.00","","2606","裕民","49.75","＋","認購","美式","112年03月08日","112年03月08日","112年10月05日","112年10月11日","0.60","    90.00","","",
="038051","陽明凱基29購04","0.33","","2609","陽明","62.00","＋","認購","美式","112年03月08日","112年03月08日","112年09月05日","112年09月07日","0.85","    87.00","","",
="038052","奇鋐凱基2C購01","0.00","","3017","奇鋐","206.00","－","認購","美式","112年03月08日","112年03月08日","112年12月05日","112年12月07日","0.10","    155.00","","",
="038053","欣興凱基2C購01","2.83","－","3037","欣興","182.50","－","認購","美式","112年03月08日","112年03月08日","112年12月05日","112年12月07日","0.12","    195.00","","",
="038054","合勤控凱基29購02","2.19","＋","3704","合勤控","43.85","＋","認購","美式","112年03月08日","112年03月08日","112年09月05日","112年09月07日","1.00","    52.00","","",
="038055","臻鼎凱基2A購01","0.73","＋","4958","臻鼎-KY","114.50","＋","認購","美式","112年03月08日","112年03月08日","112年10月05日","112年10月11日","0.085","    120.00","","",
="038056","天鈺凱基29購03","0.26","","4961","天鈺","154.00","＋","認購","美式","112年03月08日","112年03月08日","112年09月05日","112年09月07日","0.10","    230.00","","",
="038057","四維航凱基2A購01","0.00","","5608","四維航","23.10","＋","認購","美式","112年03月08日","112年03月08日","112年10月05日","112年10月11日","0.50","    38.00","","",
="038058","台郡凱基29購01","0.83","＋","6269","台郡","99.00","＋","認購","美式","112年03月08日","112年03月08日","112年09月05日","112年09月07日","0.15","    110.00","","",
="038059","同欣電凱基29購01","0.24","＋","6271","同欣電","179.50","＋","認購","美式","112年03月08日","112年03月08日","112年09月05日","112年09月07日","0.07","    240.00","","",
="03805P","台灣50台新26售01","0.00","",="0050","元大台灣50","126.75","＋","認售","歐式","111年10月06日","112年06月05日","112年06月01日","112年06月05日","1.023","    98.50","","",
="03805U","臺股指國泰27售05","0.03","－","IX0001","臺股指數","16,636.30","","認售","歐式","112年01月30日","112年07月31日","112年07月27日","112年07月31日","0.005","    12,888.00","","",
="038060","愛普凱基29購04","1.10","","6531","愛普*","328.50","＋","認購","美式","112年03月08日","112年03月08日","112年09月05日","112年09月07日","0.03","    350.00","","",
="038061","晶心科凱基2A購04","0.22","","6533","晶心科","511.00","＋","認購","美式","112年03月08日","112年03月08日","112年10月05日","112年10月11日","0.025","    840.00","","",
="038062","南電凱基29購05","2.94","－","8046","南電","302.50","－","認購","美式","112年03月08日","112年03月08日","112年09月05日","112年09月07日","0.085","    300.00","","",
="038063","A50正2元富33購01","0.62","－",="00655L","國泰中國A50正2","24.65","－","認購","美式","112年03月08日","112年03月08日","113年03月05日","113年03月07日","0.34","    32.00","","",
="038064","華新元富2A購02","0.00","","1605","華新","46.60","＋","認購","美式","112年03月08日","112年03月08日","112年10月05日","112年10月11日","0.25","    52.00","","",
="038065","華新元富31購01","1.14","＋","1605","華新","46.60","＋","認購","美式","112年03月08日","112年03月08日","113年01月04日","113年01月08日","0.25","    59.00","","",
="038066","華新元富31購02","1.40","＋","1605","華新","46.60","＋","認購","美式","112年03月08日","112年03月08日","113年01月04日","113年01月08日","0.25","    55.00","","",
="038067","台積電元富29購02","6.35","＋","2330","台積電","568.00","＋","認購","美式","112年03月08日","112年03月08日","112年09月05日","112年09月07日","0.352","    619.45","","",
="038068","飛宏元富29購02","0.00","","2457","飛宏","76.40","＋","認購","美式","112年03月08日","112年03月08日","112年09月05日","112年09月07日","0.20","    55.00","","",
="038069","欣興元富31購02","2.38","－","3037","欣興","182.50","－","認購","美式","112年03月08日","112年03月08日","113年01月04日","113年01月08日","0.045","    140.00","","",
="03806U","臺股指國泰27售06","0.00","","IX0001","臺股指數","16,636.30","","認售","歐式","112年01月30日","112年07月31日","112年07月27日","112年07月31日","0.003","    13,550.00","","",
="038070","麗豐元富2A購02","0.64","＋","4137","麗豐-KY","216.00","＋","認購","美式","112年03月08日","112年03月08日","112年10月05日","112年10月11日","0.05","    280.00","","",
="038071","天鈺元富29購01","0.53","－","4961","天鈺","154.00","＋","認購","美式","112年03月08日","112年03月08日","112年09月05日","112年09月07日","0.08","    200.00","","",
="038072","和大中信29購01","0.00","","1536","和大","71.40","＋","認購","歐式","112年03月09日","112年09月08日","112年09月06日","112年09月08日","0.40","    100.00","","",
="038073","大立光中信29購02","0.24","","3008","大立光","2,305.00","＋","認購","歐式","112年03月09日","112年09月08日","112年09月06日","112年09月08日","0.003","    2,822.77","","",
="038074","創意中信2A購02","2.18","＋","3443","創意","1,515.00","＋","認購","歐式","112年03月09日","112年10月11日","112年10月05日","112年10月11日","0.005","    1,250.00","","",
="038075","聯電康和29購01","0.00","","2303","聯電","51.20","＋","認購","美式","112年03月09日","112年03月09日","112年09月06日","112年09月08日","0.50","    65.00","","",
="038076","晶華康和29購01","0.00","","2707","晶華","288.00","＋","認購","美式","112年03月09日","112年03月09日","112年09月06日","112年09月08日","0.04","    370.00","","",
="038077","南電康和29購01","1.17","－","8046","南電","302.50","－","認購","美式","112年03月09日","112年03月09日","112年09月06日","112年09月08日","0.06","    333.00","","",
="038078","東陽第一29購01","0.00","","1319","東陽","49.90","＋","認購","美式","112年03月09日","112年03月09日","112年09月06日","112年09月08日","0.57","    53.37","","",
="038079","中砂永豐2B購01","0.40","－","1560","中砂","114.50","－","認購","美式","112年03月09日","112年03月09日","112年11月06日","112年11月08日","0.09","    156.42","","",
="03807U","臺股指國泰27售07","0.17","－","IX0001","臺股指數","16,636.30","","認售","歐式","112年01月30日","112年07月31日","112年07月27日","112年07月31日","0.003","    14,200.00","","",
="038080","光寶科永豐29購01","2.86","＋","2301","光寶科","86.40","＋","認購","美式","112年03月09日","112年03月09日","112年09月06日","112年09月08日","0.344","    82.92","","",
="038081","智邦永豐2A購01","1.90","＋","2345","智邦","357.50","＋","認購","美式","112年03月09日","112年03月09日","112年10月05日","112年10月11日","0.08","    404.35","","",
="038082","美食永豐2A購01","0.00","","2723","美食-KY","152.50","－","認購","美式","112年03月09日","112年03月09日","112年10月05日","112年10月11日","0.051","    162.49","","",
="038083","晶豪科永豐29購01","1.28","＋","3006","晶豪科","88.20","＋","認購","美式","112年03月09日","112年03月09日","112年09月06日","112年09月08日","0.119","    90.00","","",
="038084","大立光永豐2A購01","0.69","＋","3008","大立光","2,305.00","＋","認購","美式","112年03月09日","112年03月09日","112年10月05日","112年10月11日","0.006","    2,695.36","","",
="038085","亞光永豐2A購01","0.00","","3019","亞光","65.20","＋","認購","美式","112年03月09日","112年03月09日","112年10月05日","112年10月11日","0.25","    100.00","","",
="038086","智易永豐2B購01","0.68","","3596","智易","115.00","＋","認購","美式","112年03月09日","112年03月09日","112年11月06日","112年11月08日","0.07","    127.94","","",
="038087","華新凱基2A購03","0.89","","1605","華新","46.60","＋","認購","美式","112年03月09日","112年03月09日","112年10月05日","112年10月11日","0.25","    54.00","","",
="038088","華新凱基2B購03","0.95","","1605","華新","46.60","＋","認購","美式","112年03月09日","112年03月09日","112年11月06日","112年11月08日","0.35","    58.00","","",
="038089","鴻海凱基29購07","0.49","＋","2317","鴻海","105.50","＋","認購","美式","112年03月09日","112年03月09日","112年09月06日","112年09月08日","0.085","    104.00","","",
="03808U","台達電富邦27售03","0.00","","2308","台達電","315.50","－","認售","歐式","112年01月30日","112年07月31日","112年07月27日","112年07月31日","0.03","    250.00","","",
="038090","鴻海凱基2A購07","0.49","＋","2317","鴻海","105.50","＋","認購","美式","112年03月09日","112年03月09日","112年10月05日","112年10月11日","0.20","    120.00","","",
="038091","鴻海凱基2C購04","0.86","＋","2317","鴻海","105.50","＋","認購","美式","112年03月09日","112年03月09日","112年12月06日","112年12月08日","0.15","    117.00","","",
="038092","台積電凱基29購14","2.18","－","2330","台積電","568.00","＋","認購","美式","112年03月09日","112年03月09日","112年09月06日","112年09月08日","0.131","    626.61","","",
="038093","旺宏凱基2A購01","0.85","","2337","旺宏","33.40","＋","認購","美式","112年03月09日","112年03月09日","112年10月05日","112年10月11日","0.50","    38.00","","",
="038094","宏達電凱基29購03","0.35","","2498","宏達電","61.50","＋","認購","美式","112年03月09日","112年03月09日","112年09月06日","112年09月08日","0.107","    72.00","","",
="038095","長榮凱基2A購05","0.70","＋","2603","長榮","157.00","＋","認購","美式","112年03月09日","112年03月09日","112年10月05日","112年10月11日","0.075","    174.00","","",
="038096","長榮凱基2A購06","0.46","＋","2603","長榮","157.00","＋","認購","美式","112年03月09日","112年03月09日","112年10月05日","112年10月11日","0.095","    194.00","","",
="038097","陽明凱基29購05","0.22","＋","2609","陽明","62.00","＋","認購","美式","112年03月09日","112年03月09日","112年09月06日","112年09月08日","1.00","    92.00","","",
="038098","萬海凱基29購06","0.00","","2615","萬海","60.00","＋","認購","美式","112年03月09日","112年03月09日","112年09月06日","112年09月08日","0.40","    112.00","","",
="038099","八方凱基29購02","0.00","","2753","八方雲集","167.00","","認購","美式","112年03月09日","112年03月09日","112年09月06日","112年09月08日","0.062","    300.00","","",
="03809U","S&P正2凱基2B售01","0.70","",="00647L","元大S&P500正2","57.80","＋","認售","歐式","112年01月31日","112年11月30日","112年11月28日","112年11月30日","0.20","    45.00","","",
="038100","大立光凱基29購05","0.00","","3008","大立光","2,305.00","＋","認購","美式","112年03月09日","112年03月09日","112年09月06日","112年09月08日","0.015","    3,528.47","","",
="038101","欣興凱基29購06","0.00","","3037","欣興","182.50","－","認購","美式","112年03月09日","112年03月09日","112年09月06日","112年09月08日","0.095","    158.00","","",
="038102","創意凱基2B購01","1.76","＋","3443","創意","1,515.00","＋","認購","美式","112年03月09日","112年03月09日","112年11月06日","112年11月08日","0.006","    1,600.00","","",
="038103","創意凱基2B購02","0.00","","3443","創意","1,515.00","＋","認購","美式","112年03月09日","112年03月09日","112年11月06日","112年11月08日","0.004","    1,100.00","","",
="038104","群創凱基2B購01","0.32","＋","3481","群創","14.10","＋","認購","美式","112年03月09日","112年03月09日","112年11月06日","112年11月08日","0.45","    16.50","","",
="038105","群創凱基2C購01","0.00","","3481","群創","14.10","＋","認購","美式","112年03月09日","112年03月09日","112年12月06日","112年12月08日","0.60","    18.50","","",
="038106","彩晶凱基29購02","0.00","","6116","彩晶","12.25","＋","認購","美式","112年03月09日","112年03月09日","112年09月06日","112年09月08日","0.85","    15.00","","",
="038107","晶心科凱基29購04","0.25","＋","6533","晶心科","511.00","＋","認購","美式","112年03月09日","112年03月09日","112年09月06日","112年09月08日","0.028","    760.00","","",
="038108","帝寶凱基2A購02","0.00","","6605","帝寶","99.80","＋","認購","美式","112年03月09日","112年03月09日","112年10月05日","112年10月11日","0.20","    100.00","","",
="038109","日友凱基29購01","0.00","","8341","日友","158.00","－","認購","美式","112年03月09日","112年03月09日","112年09月06日","112年09月08日","0.05","    180.00","","",
="03810P","滬深2X群益26售01","0.27","",="00637L","元大滬深300正2","13.77","－","認售","歐式","111年10月06日","112年06月05日","112年06月01日","112年06月05日","1.00","    13.50","","",
="03810U","慧洋凱基27售04","0.59","－","2637","慧洋-KY","60.30","＋","認售","歐式","112年01月31日","112年07月31日","112年07月27日","112年07月31日","0.303","    44.61","","",
="038110","東哥凱基2B購02","2.41","＋","8478","東哥遊艇","520.00","＋","認購","美式","112年03月09日","112年03月09日","112年11月06日","112年11月08日","0.02","    480.00","","",
="038111","華邦電兆豐31購01","1.04","＋","2344","華邦電","26.90","＋","認購","美式","112年03月09日","112年03月09日","113年01月04日","113年01月08日","0.35","    27.80","","",
="038112","大立光兆豐2A購03","0.00","","3008","大立光","2,305.00","＋","認購","美式","112年03月09日","112年03月09日","112年10月05日","112年10月11日","0.006","    2,842.38","","",
="038113","大立光兆豐2B購01","0.53","","3008","大立光","2,305.00","＋","認購","美式","112年03月09日","112年03月09日","112年11月06日","112年11月08日","0.004","    2,646.35","","",
="038114","創意兆豐31購01","2.54","＋","3443","創意","1,515.00","＋","認購","美式","112年03月09日","112年03月09日","113年01月04日","113年01月08日","0.005","    1,180.00","","",
="038115","穎崴兆豐2B購01","1.82","－","6515","穎崴","830.00","－","認購","美式","112年03月09日","112年03月09日","112年11月06日","112年11月08日","0.012","    758.00","","",
="038116","采鈺兆豐2A購01","0.35","＋","6789","采鈺","224.00","＋","認購","美式","112年03月09日","112年03月09日","112年10月05日","112年10月11日","0.04","    300.00","","",
="038117","T50反1元大31購05","0.00","",="00632R","元大台灣50反1","4.94","－","認購","美式","112年03月09日","112年03月09日","113年01月04日","113年01月08日","1.00","    5.15","","",
="038118","上証2X元大29購03","0.00","",="00633L","富邦上証正2","35.01","－","認購","美式","112年03月09日","112年03月09日","112年09月06日","112年09月08日","0.35","    50.00","","",
="038119","滬深2X元大29購06","0.00","",="00637L","元大滬深300正2","13.77","－","認購","美式","112年03月09日","112年03月09日","112年09月06日","112年09月08日","0.60","    17.50","","",
="03811U","大立光凱基27售13","0.00","","3008","大立光","2,305.00","＋","認售","歐式","112年01月31日","112年07月31日","112年07月27日","112年07月31日","0.051","    1,274.17","","",
="038120","華新元大2A購16","1.03","","1605","華新","46.60","＋","認購","美式","112年03月09日","112年03月09日","112年10月05日","112年10月11日","0.397","    60.30","","",
="038121","寶齡元大29購05","0.47","－","1760","寶齡富錦","148.50","","認購","美式","112年03月09日","112年03月09日","112年09月06日","112年09月08日","0.052","    195.00","","",
="038122","友訊元大29購01","0.00","","2332","友訊","19.95","＋","認購","美式","112年03月09日","112年03月09日","112年09月06日","112年09月08日","0.928","    21.40","","",
="038123","友訊元大2B購01","0.00","","2332","友訊","19.95","＋","認購","美式","112年03月09日","112年03月09日","112年11月06日","112年11月08日","1.00","    23.15","","",
="038124","宏達電元大2A購10","0.00","","2498","宏達電","61.50","＋","認購","美式","112年03月09日","112年03月09日","112年10月05日","112年10月11日","0.10","    75.30","","",
="038125","裕民元大2A購01","0.00","","2606","裕民","49.75","＋","認購","美式","112年03月09日","112年03月09日","112年10月05日","112年10月11日","0.178","    62.20","","",
="038126","裕民元大2B購02","0.00","","2606","裕民","49.75","＋","認購","美式","112年03月09日","112年03月09日","112年11月06日","112年11月08日","0.193","    69.40","","",
="038127","創意元大29購08","2.84","＋","3443","創意","1,515.00","＋","認購","美式","112年03月09日","112年03月09日","112年09月06日","112年09月08日","0.012","    1,600.00","","",
="038128","創意元大29購09","2.79","＋","3443","創意","1,515.00","＋","認購","美式","112年03月09日","112年03月09日","112年09月06日","112年09月08日","0.009","    1,425.00","","",
="038129","創意元大29購10","0.00","","3443","創意","1,515.00","＋","認購","美式","112年03月09日","112年03月09日","112年09月06日","112年09月08日","0.006","    1,150.00","","",
="03812U","景碩凱基27售06","0.00","","3189","景碩","116.00","＋","認售","歐式","112年01月31日","112年07月31日","112年07月27日","112年07月31日","0.22","    80.00","","",
="038130","敦泰元大29購04","0.79","＋","3545","敦泰","83.70","＋","認購","美式","112年03月09日","112年03月09日","112年09月06日","112年09月08日","0.137","    97.50","","",
="038131","瑞鼎元大29購05","0.59","","3592","瑞鼎","348.00","＋","認購","美式","112年03月09日","112年03月09日","112年09月06日","112年09月08日","0.04","    462.50","","",
="038132","貿聯元大2A購06","0.96","","3665","貿聯-KY","270.50","＋","認購","美式","112年03月09日","112年03月09日","112年10月05日","112年10月11日","0.075","    326.71","","",
="038133","拓凱元大2A購01","0.47","＋","4536","拓凱","196.50","＋","認購","美式","112年03月09日","112年03月09日","112年10月05日","112年10月11日","0.041","    244.50","","",
="038134","拓凱元大2B購02","0.00","","4536","拓凱","196.50","＋","認購","美式","112年03月09日","112年03月09日","112年11月06日","112年11月08日","0.07","    311.50","","",
="038135","拓凱元大2C購01","0.30","＋","4536","拓凱","196.50","＋","認購","美式","112年03月09日","112年03月09日","112年12月06日","112年12月08日","0.091","    359.50","","",
="038136","台耀元大29購01","2.33","－","4746","台耀","84.00","＋","認購","美式","112年03月09日","112年03月09日","112年09月06日","112年09月08日","0.267","    94.30","","",
="038137","立積元大2A購01","1.31","＋","4968","立積","170.00","＋","認購","美式","112年03月09日","112年03月09日","112年10月05日","112年10月11日","0.031","    150.50","","",
="038138","樺漢元大29購02","1.32","＋","6414","樺漢","281.00","＋","認購","美式","112年03月09日","112年03月09日","112年09月06日","112年09月08日","0.123","    330.00","","",
="038139","明基材元大29購01","0.98","＋","8215","明基材","35.30","＋","認購","美式","112年03月09日","112年03月09日","112年09月06日","112年09月08日","0.327","    37.80","","",
="03813U","東哥凱基27售04","0.00","","8478","東哥遊艇","520.00","＋","認售","歐式","112年01月31日","112年07月31日","112年07月27日","112年07月31日","0.05","    230.00","","",
="038140","鈺齊元大29購04","0.00","","9802","鈺齊-KY","124.00","－","認購","美式","112年03月09日","112年03月09日","112年09月06日","112年09月08日","0.063","    142.67","","",
="038141","寶齡統一33購01","0.36","－","1760","寶齡富錦","148.50","","認購","美式","112年03月09日","112年03月09日","113年03月06日","113年03月08日","0.012","    206.40","","",
="038142","旺宏統一2C購01","0.38","＋","2337","旺宏","33.40","＋","認購","美式","112年03月09日","112年03月09日","112年12月06日","112年12月08日","0.18","    41.90","","",
="038143","聯發科統一29購06","0.62","＋","2454","聯發科","738.00","＋","認購","美式","112年03月09日","112年03月09日","112年09月06日","112年09月08日","0.05","    1,000.00","","",
="038144","長榮統一2B購05","0.00","","2603","長榮","157.00","＋","認購","美式","112年03月09日","112年03月09日","112年11月06日","112年11月08日","0.055","    199.99","","",
="038145","長榮統一2B購06","0.00","","2603","長榮","157.00","＋","認購","美式","112年03月09日","112年03月09日","112年11月06日","112年11月08日","0.05","    188.88","","",
="038146","長榮統一2B購07","0.43","＋","2603","長榮","157.00","＋","認購","美式","112年03月09日","112年03月09日","112年11月06日","112年11月08日","0.03","    163.88","","",
="038147","長榮統一2C購03","0.00","","2603","長榮","157.00","＋","認購","美式","112年03月09日","112年03月09日","112年12月06日","112年12月08日","0.033","    178.00","","",
="038148","長榮統一33購03","0.58","","2603","長榮","157.00","＋","認購","美式","112年03月09日","112年03月09日","113年03月06日","113年03月08日","0.033","    188.88","","",
="038149","玉晶光統一2B購02","0.00","","3406","玉晶光","400.00","＋","認購","美式","112年03月09日","112年03月09日","112年11月06日","112年11月08日","0.02","    525.00","","",
="03814U","東哥統一27售01","0.00","","8478","東哥遊艇","520.00","＋","認售","歐式","112年01月31日","112年07月31日","112年07月27日","112年07月31日","0.022","    258.88","","",
="038150","創意統一2B購03","1.61","＋","3443","創意","1,515.00","＋","認購","美式","112年03月09日","112年03月09日","112年11月06日","112年11月08日","0.004","    1,264.40","","",
="038151","創意統一31購01","1.25","＋","3443","創意","1,515.00","＋","認購","美式","112年03月09日","112年03月09日","113年01月04日","113年01月08日","0.003","    1,308.00","","",
="038152","創意統一31購02","0.00","","3443","創意","1,515.00","＋","認購","美式","112年03月09日","112年03月09日","113年01月04日","113年01月08日","0.004","    1,500.00","","",
="038153","創意統一31購03","1.34","＋","3443","創意","1,515.00","＋","認購","美式","112年03月09日","112年03月09日","113年01月04日","113年01月08日","0.003","    1,471.50","","",
="038154","創意統一33購01","1.19","＋","3443","創意","1,515.00","＋","認購","美式","112年03月09日","112年03月09日","113年03月06日","113年03月08日","0.002","    1,234.56","","",
="038155","創意統一33購02","1.21","＋","3443","創意","1,515.00","＋","認購","美式","112年03月09日","112年03月09日","113年03月06日","113年03月08日","0.002","    1,234.56","","",
="038156","創意統一33購03","1.19","＋","3443","創意","1,515.00","＋","認購","美式","112年03月09日","112年03月09日","113年03月06日","113年03月08日","0.002","    1,345.67","","",
="038157","創意統一35購01","1.20","＋","3443","創意","1,515.00","＋","認購","美式","112年03月09日","112年03月09日","113年05月06日","113年05月08日","0.002","    1,600.00","","",
="038158","群創統一32購02","0.39","＋","3481","群創","14.10","＋","認購","美式","112年03月09日","112年03月09日","113年02月02日","113年02月15日","0.30","    18.20","","",
="038159","瑞鼎統一2B購05","0.00","","3592","瑞鼎","348.00","＋","認購","美式","112年03月09日","112年03月09日","112年11月06日","112年11月08日","0.015","    495.40","","",
="03815U","滬深2X元富27售05","0.00","",="00637L","元大滬深300正2","13.77","－","認售","歐式","112年01月31日","112年07月31日","112年07月27日","112年07月31日","1.00","    16.00","","",
="038160","瑞鼎統一31購01","0.54","＋","3592","瑞鼎","348.00","＋","認購","美式","112年03月09日","112年03月09日","113年01月04日","113年01月08日","0.02","    500.00","","",
="038161","世芯統一2B購02","2.52","","3661","世芯-KY","1,660.00","＋","認購","美式","112年03月09日","112年03月09日","112年11月06日","112年11月08日","0.004","    1,111.11","","",
="038162","元晶統一2B購02","0.83","＋","6443","元晶","36.20","＋","認購","美式","112年03月09日","112年03月09日","112年11月06日","112年11月08日","0.15","    39.99","","",
="038163","東哥統一2B購05","1.42","＋","8478","東哥遊艇","520.00","＋","認購","美式","112年03月09日","112年03月09日","112年11月06日","112年11月08日","0.01","    471.20","","",
="038164","國巨國泰2B購01","0.00","","2327","國巨","508.00","＋","認購","美式","112年03月09日","112年03月09日","112年11月06日","112年11月08日","0.05","    720.00","","",
="038165","創意國泰2B購01","0.00","","3443","創意","1,515.00","＋","認購","美式","112年03月09日","112年03月09日","112年11月06日","112年11月08日","0.01","    1,500.00","","",
="038166","上証2X富邦2B購01","0.00","",="00633L","富邦上証正2","35.01","－","認購","美式","112年03月09日","112年03月09日","112年11月06日","112年11月08日","0.30","    50.00","","",
="038167","滬深2X富邦2B購01","0.00","",="00637L","元大滬深300正2","13.77","－","認購","美式","112年03月09日","112年03月09日","112年11月06日","112年11月08日","0.80","    20.00","","",
="038168","台積電富邦2C購02","0.68","","2330","台積電","568.00","＋","認購","美式","112年03月09日","112年03月09日","112年12月06日","112年12月08日","0.032","    646.50","","",
="038169","創意富邦31購01","2.42","＋","3443","創意","1,515.00","＋","認購","美式","112年03月09日","112年03月09日","113年01月04日","113年01月08日","0.008","    1,600.00","","",
="03816U","全新元富27售02","0.00","","2455","全新","100.00","","認售","歐式","112年01月31日","112年07月31日","112年07月27日","112年07月31日","0.20","    70.00","","",
="038170","康舒富邦2B購01","0.61","＋","6282","康舒","44.05","＋","認購","美式","112年03月09日","112年03月09日","112年11月06日","112年11月08日","0.25","    54.00","","",
="038171","鴻海元富33購01","3.11","＋","2317","鴻海","105.50","＋","認購","美式","112年03月09日","112年03月09日","113年03月06日","113年03月08日","1.00","    140.00","","",
="038172","友達元富31購01","0.00","","2409","友達","17.65","＋","認購","美式","112年03月09日","112年03月09日","113年01月04日","113年01月08日","0.50","    24.00","","",
="038173","亞光元富29購01","0.70","＋","3019","亞光","65.20","＋","認購","美式","112年03月09日","112年03月09日","112年09月06日","112年09月08日","0.20","    76.51","","",
="038174","創意元富2C購01","2.38","＋","3443","創意","1,515.00","＋","認購","美式","112年03月09日","112年03月09日","112年12月06日","112年12月08日","0.007","    1,500.00","","",
="038175","創意元富33購01","4.05","＋","3443","創意","1,515.00","＋","認購","美式","112年03月09日","112年03月09日","113年03月06日","113年03月08日","0.01","    1,500.00","","",
="038176","瑞鼎元富2A購01","0.00","","3592","瑞鼎","348.00","＋","認購","美式","112年03月09日","112年03月09日","112年10月05日","112年10月11日","0.10","    580.00","","",
="038177","合勤控元富2A購01","1.70","＋","3704","合勤控","43.85","＋","認購","美式","112年03月09日","112年03月09日","112年10月05日","112年10月11日","0.35","    45.00","","",
="038178","台泥麥證29購01","0.82","＋","1101","台泥","38.15","＋","認購","歐式","112年03月09日","112年09月08日","112年09月06日","112年09月08日","0.50","    40.00","","",
="038179","華新麥證29購01","0.57","－","1605","華新","46.60","＋","認購","歐式","112年03月09日","112年09月08日","112年09月06日","112年09月08日","1.00","    70.00","","",
="03817P","台積電元富27售07","0.00","","2330","台積電","568.00","＋","認售","歐式","111年10月06日","112年07月05日","112年07月03日","112年07月05日","0.05","    336.23","","",
="03817U","台灣50群益27售06","0.31","",="0050","元大台灣50","126.75","＋","認售","歐式","112年01月31日","112年07月31日","112年07月27日","112年07月31日","1.023","    107.58","","",
="038180","世芯麥證2A購01","0.00","","3661","世芯-KY","1,660.00","＋","認購","歐式","112年03月09日","112年10月11日","112年10月05日","112年10月11日","0.008","    1,200.00","","",
="038181","SGBR2X群益2A購01","0.66","＋",="00715L","期街口布蘭特正2","12.73","＋","認購","美式","112年03月09日","112年03月09日","112年10月05日","112年10月11日","0.40","    16.80","","",
="038182","SGBR2X群益2B購01","0.00","",="00715L","期街口布蘭特正2","12.73","＋","認購","美式","112年03月09日","112年03月09日","112年11月06日","112年11月08日","0.40","    19.80","","",
="038183","永續半群益2B購01","0.90","",="00891","中信關鍵半導體","13.44","＋","認購","美式","112年03月09日","112年03月09日","112年11月06日","112年11月08日","1.01","    15.72","","",
="038184","鴻海群益29購02","0.54","＋","2317","鴻海","105.50","＋","認購","美式","112年03月09日","112年03月09日","112年09月06日","112年09月08日","0.10","    106.50","","",
="038185","鴻海群益29購03","0.10","＋","2317","鴻海","105.50","＋","認購","美式","112年03月09日","112年03月09日","112年09月06日","112年09月08日","1.00","    155.00","","",
="038186","國巨群益29購02","2.00","－","2327","國巨","508.00","＋","認購","美式","112年03月09日","112年03月09日","112年09月06日","112年09月08日","0.075","    625.00","","",
="038187","台積電群益33購01","4.93","＋","2330","台積電","568.00","＋","認購","美式","112年03月09日","112年03月09日","113年03月06日","113年03月08日","0.121","    646.50","","",
="038188","台積電群益33購02","4.54","","2330","台積電","568.00","＋","認購","美式","112年03月09日","112年03月09日","113年03月06日","113年03月08日","0.151","    696.23","","",
="038189","微星群益29購01","1.50","－","2377","微星","168.00","－","認購","美式","112年03月09日","112年03月09日","112年09月06日","112年09月08日","0.20","    200.00","","",
="03818P","台積電元富27售08","0.00","","2330","台積電","568.00","＋","認售","歐式","111年10月06日","112年07月05日","112年07月03日","112年07月05日","0.04","    356.01","","",
="03818U","台灣50群益27售07","0.34","－",="0050","元大台灣50","126.75","＋","認售","歐式","112年01月31日","112年07月31日","112年07月27日","112年07月31日","0.307","    115.40","","",
="038190","台光電群益29購01","1.62","＋","2383","台光電","204.50","＋","認購","美式","112年03月09日","112年03月09日","112年09月06日","112年09月08日","0.10","    233.33","","",
="038191","長榮群益2A購02","0.72","","2603","長榮","157.00","＋","認購","美式","112年03月09日","112年03月09日","112年10月05日","112年10月11日","0.08","    174.00","","",
="038192","長榮群益2B購01","0.00","","2603","長榮","157.00","＋","認購","美式","112年03月09日","112年03月09日","112年11月06日","112年11月08日","0.15","    195.00","","",
="038193","長榮群益2B購02","0.00","","2603","長榮","157.00","＋","認購","美式","112年03月09日","112年03月09日","112年11月06日","112年11月08日","0.25","    245.00","","",
="038194","新興群益2A購01","0.00","","2605","新興","21.45","＋","認購","美式","112年03月09日","112年03月09日","112年10月05日","112年10月11日","0.50","    32.50","","",
="038195","創意群益29購01","3.00","＋","3443","創意","1,515.00","＋","認購","美式","112年03月09日","112年03月09日","112年09月06日","112年09月08日","0.009","    1,300.00","","",
="038196","群創群益2A購03","0.36","","3481","群創","14.10","＋","認購","美式","112年03月09日","112年03月09日","112年10月05日","112年10月11日","1.00","    17.80","","",
="038197","華擎群益29購01","1.13","＋","3515","華擎","154.00","＋","認購","美式","112年03月09日","112年03月09日","112年09月06日","112年09月08日","0.102","    200.00","","",
="038198","新唐群益2B購01","0.20","","4919","新唐","130.50","＋","認購","美式","112年03月09日","112年03月09日","112年11月06日","112年11月08日","0.10","    227.00","","",
="038199","彩晶群益2A購01","0.00","","6116","彩晶","12.25","＋","認購","美式","112年03月09日","112年03月09日","112年10月05日","112年10月11日","1.00","    17.48","","",
="03819U","台積電群益27售17","0.34","－","2330","台積電","568.00","＋","認售","歐式","112年01月31日","112年07月31日","112年07月27日","112年07月31日","0.101","    467.47","","",
="038200","啟碁群益2B購01","3.48","＋","6285","啟碁","87.50","＋","認購","美式","112年03月09日","112年03月09日","112年11月06日","112年11月08日","0.65","    130.00","","",
="038201","強茂麥證29購01","0.00","","2481","強茂","70.20","＋","認購","歐式","112年03月10日","112年09月11日","112年09月07日","112年09月11日","0.35","    100.00","","",
="038202","大立光麥證29購02","0.00","","3008","大立光","2,305.00","＋","認購","歐式","112年03月10日","112年09月11日","112年09月07日","112年09月11日","0.008","    3,136.41","","",
="038203","大立光麥證2B購02","0.71","＋","3008","大立光","2,305.00","＋","認購","歐式","112年03月10日","112年11月09日","112年11月07日","112年11月09日","0.02","    3,587.27","","",
="038204","亞光麥證29購01","0.00","","3019","亞光","65.20","＋","認購","歐式","112年03月10日","112年09月11日","112年09月07日","112年09月11日","0.30","    100.00","","",
="038205","帝寶麥證29購01","1.03","－","6605","帝寶","99.80","＋","認購","歐式","112年03月10日","112年09月11日","112年09月07日","112年09月11日","0.30","    125.00","","",
="038206","T50反1中信33購01","0.33","－",="00632R","元大台灣50反1","4.94","－","認購","歐式","112年03月10日","113年03月11日","113年03月07日","113年03月11日","1.00","    5.30","","",
="038207","滬深2X中信2A購02","0.39","＋",="00637L","元大滬深300正2","13.77","－","認購","歐式","112年03月10日","112年10月11日","112年10月05日","112年10月11日","0.50","    16.80","","",
="038208","華城中信2A購01","0.00","","1519","華城","141.00","＋","認購","歐式","112年03月10日","112年10月11日","112年10月05日","112年10月11日","0.10","    100.00","","",
="038209","拓凱中信2A購01","0.00","","4536","拓凱","196.50","＋","認購","歐式","112年03月10日","112年10月11日","112年10月05日","112年10月11日","0.022","    308.00","","",
="03820C","聯發科富邦27牛01","2.71","","2454","聯發科","738.00","＋","認購","歐式","111年07月04日","112年07月03日","112年06月29日","112年07月03日","0.01","    473.63","","520.20",
="03820P","台積電元富27售09","0.01","","2330","台積電","568.00","＋","認售","歐式","111年10月06日","112年07月05日","112年07月03日","112年07月05日","0.03","    395.57","","",
="03820U","台積電群益28售05","0.15","－","2330","台積電","568.00","＋","認售","歐式","112年01月31日","112年08月30日","112年08月28日","112年08月30日","1.005","    328.22","","",
="038210","帝寶中信29購01","0.54","－","6605","帝寶","99.80","＋","認購","歐式","112年03月10日","112年09月11日","112年09月07日","112年09月11日","0.20","    135.00","","",
="038211","華新永豐2A購01","0.00","","1605","華新","46.60","＋","認購","美式","112年03月10日","112年03月10日","112年10月05日","112年10月11日","0.26","    65.00","","",
="038212","上銀永豐2A購01","0.00","","2049","上銀","235.50","＋","認購","美式","112年03月10日","112年03月10日","112年10月05日","112年10月11日","0.075","    335.73","","",
="038213","鴻海永豐2B購01","0.45","＋","2317","鴻海","105.50","＋","認購","美式","112年03月10日","112年03月10日","112年11月07日","112年11月09日","0.155","    125.00","","",
="038214","台航永豐2A購01","0.00","","2617","台航","29.35","＋","認購","美式","112年03月10日","112年03月10日","112年10月05日","112年10月11日","0.49","    45.00","","",
="038215","貿聯永豐29購01","0.50","","3665","貿聯-KY","270.50","＋","認購","美式","112年03月10日","112年03月10日","112年09月07日","112年09月11日","0.025","    286.50","","",
="038216","中磊永豐2A購01","0.74","＋","5388","中磊","93.30","＋","認購","美式","112年03月10日","112年03月10日","112年10月05日","112年10月11日","0.189","    117.24","","",
="038217","東哥永豐2B購01","0.00","","8478","東哥遊艇","520.00","＋","認購","美式","112年03月10日","112年03月10日","112年11月07日","112年11月09日","0.012","    439.60","","",
="038218","玉晶光康和29購01","0.35","＋","3406","玉晶光","400.00","＋","認購","美式","112年03月10日","112年03月10日","112年09月07日","112年09月11日","0.03","    520.00","","",
="038219","天鈺康和29購01","0.00","","4961","天鈺","154.00","＋","認購","美式","112年03月10日","112年03月10日","112年09月07日","112年09月11日","0.05","    210.00","","",
="03821U","創意群益27售03","0.00","","3443","創意","1,515.00","＋","認售","歐式","112年01月31日","112年07月31日","112年07月27日","112年07月31日","0.04","    500.00","","",
="038220","亞力凱基29購02","2.85","","1514","亞力","51.60","＋","認購","美式","112年03月10日","112年03月10日","112年09月07日","112年09月11日","0.25","    45.00","","",
="038221","亞力凱基2B購01","2.55","","1514","亞力","51.60","＋","認購","美式","112年03月10日","112年03月10日","112年11月07日","112年11月09日","0.53","    60.00","","",
="038222","華新凱基2A購04","0.00","","1605","華新","46.60","＋","認購","美式","112年03月10日","112年03月10日","112年10月05日","112年10月11日","0.30","    63.00","","",
="038223","華新凱基2A購05","0.28","＋","1605","華新","46.60","＋","認購","美式","112年03月10日","112年03月10日","112年10月05日","112年10月11日","0.70","    80.00","","",
="038224","大成鋼凱基29購02","0.00","","2027","大成鋼","45.25","＋","認購","美式","112年03月10日","112年03月10日","112年09月07日","112年09月11日","1.00","    60.00","","",
="038225","裕隆凱基29購02","1.24","","2201","裕隆","82.80","＋","認購","美式","112年03月10日","112年03月10日","112年09月07日","112年09月11日","0.20","    90.00","","",
="038226","台達電凱基2B購01","1.07","－","2308","台達電","315.50","－","認購","美式","112年03月10日","112年03月10日","112年11月07日","112年11月09日","0.25","    450.00","","",
="038227","鴻海凱基2C購05","0.96","＋","2317","鴻海","105.50","＋","認購","美式","112年03月10日","112年03月10日","112年12月07日","112年12月11日","0.10","    107.00","","",
="038228","鴻海凱基31購03","0.91","＋","2317","鴻海","105.50","＋","認購","美式","112年03月10日","112年03月10日","113年01月05日","113年01月09日","0.12","    115.00","","",
="038229","台積電凱基29購15","1.36","＋","2330","台積電","568.00","＋","認購","美式","112年03月10日","112年03月10日","112年09月07日","112年09月11日","0.035","    566.93","","",
="03822U","世芯群益27售02","0.00","","3661","世芯-KY","1,660.00","＋","認售","歐式","112年01月31日","112年07月31日","112年07月27日","112年07月31日","0.02","    708.00","","",
="038230","台積電凱基29購16","2.23","－","2330","台積電","568.00","＋","認購","美式","112年03月10日","112年03月10日","112年09月07日","112年09月11日","0.07","    576.88","","",
="038231","光罩凱基2A購01","0.42","－","2338","光罩","81.80","＋","認購","美式","112年03月10日","112年03月10日","112年10月05日","112年10月11日","0.30","    120.00","","",
="038232","聯發科凱基29購14","0.75","＋","2454","聯發科","738.00","＋","認購","美式","112年03月10日","112年03月10日","112年09月07日","112年09月11日","0.018","    810.00","","",
="038233","飛宏凱基2A購01","0.00","","2457","飛宏","76.40","＋","認購","美式","112年03月10日","112年03月10日","112年10月05日","112年10月11日","0.36","    66.00","","",
="038234","宏達電凱基2A購03","0.00","","2498","宏達電","61.50","＋","認購","美式","112年03月10日","112年03月10日","112年10月05日","112年10月11日","0.16","    75.00","","",
="038235","長榮凱基2B購03","0.64","＋","2603","長榮","157.00","＋","認購","美式","112年03月10日","112年03月10日","112年11月07日","112年11月09日","0.085","    188.00","","",
="038236","欣興凱基29購07","0.00","","3037","欣興","182.50","－","認購","美式","112年03月10日","112年03月10日","112年09月07日","112年09月11日","0.07","    140.00","","",
="038237","群創凱基2B購02","0.22","","3481","群創","14.10","＋","認購","美式","112年03月10日","112年03月10日","112年11月07日","112年11月09日","1.00","    21.00","","",
="038238","世芯凱基2B購01","5.60","","3661","世芯-KY","1,660.00","＋","認購","美式","112年03月10日","112年03月10日","112年11月07日","112年11月09日","0.012","    1,300.00","","",
="038239","新唐凱基2A購02","0.52","","4919","新唐","130.50","＋","認購","美式","112年03月10日","112年03月10日","112年10月05日","112年10月11日","0.05","    150.00","","",
="03823C","聯詠富邦27牛01","0.00","","3034","聯詠","423.50","＋","認購","歐式","111年07月07日","112年07月06日","112年07月04日","112年07月06日","0.024","    177.12","","195.80",
="03823U","穎崴群益27售01","0.00","","6515","穎崴","830.00","－","認售","歐式","112年01月31日","112年07月31日","112年07月27日","112年07月31日","0.03","    338.00","","",
="038240","康舒凱基29購04","1.40","＋","6282","康舒","44.05","＋","認購","美式","112年03月10日","112年03月10日","112年09月07日","112年09月11日","0.30","    44.00","","",
="038241","元晶凱基2A購01","0.32","","6443","元晶","36.20","＋","認購","美式","112年03月10日","112年03月10日","112年10月05日","112年10月11日","0.35","    47.00","","",
="038242","穎崴凱基2A購02","0.00","","6515","穎崴","830.00","－","認購","美式","112年03月10日","112年03月10日","112年10月05日","112年10月11日","0.02","    900.00","","",
="038243","帝寶凱基29購01","0.00","","6605","帝寶","99.80","＋","認購","美式","112年03月10日","112年03月10日","112年09月07日","112年09月11日","0.50","    130.00","","",
="038244","臺股指凱基29購40","2.16","＋","IX0001","臺股指數","16,636.30","","認購","歐式","112年03月10日","112年09月11日","112年09月07日","112年09月11日","0.008","    17,400.00","","",
="038245","臺股指凱基2A購31","0.00","","IX0001","臺股指數","16,636.30","","認購","歐式","112年03月10日","112年10月11日","112年10月05日","112年10月11日","0.018","    18,500.00","","",
="038246","臺股指凱基2C購17","0.00","","IX0001","臺股指數","16,636.30","","認購","歐式","112年03月10日","112年12月11日","112年12月07日","112年12月11日","0.018","    19,588.00","","",
="038247","臺股指凱基32購03","2.24","＋","IX0001","臺股指數","16,636.30","","認購","歐式","112年03月10日","113年02月15日","113年02月02日","113年02月15日","0.10","    23,000.00","","",
="038248","大成鋼兆豐2B購01","0.61","","2027","大成鋼","45.25","＋","認購","美式","112年03月10日","112年03月10日","112年11月07日","112年11月09日","0.45","    55.00","","",
="038249","上銀兆豐31購01","0.00","","2049","上銀","235.50","＋","認購","美式","112年03月10日","112年03月10日","113年01月05日","113年01月09日","0.035","    288.00","","",
="03824C","臺股指元大26牛03","0.00","","IX0001","臺股指數","16,636.30","","認購","歐式","111年07月07日","112年06月06日","112年06月02日","112年06月06日","0.001","    11,617.23","","12,307.25",
="03824U","臺股指群益28售05","0.23","－","IX0001","臺股指數","16,636.30","","認售","歐式","112年01月31日","112年08月30日","112年08月28日","112年08月30日","0.001","    14,500.00","","",
="038250","宏達電兆豐2B購01","0.00","","2498","宏達電","61.50","＋","認購","美式","112年03月10日","112年03月10日","112年11月07日","112年11月09日","0.12","    78.00","","",
="038251","晶心科兆豐2B購01","0.52","＋","6533","晶心科","511.00","＋","認購","美式","112年03月10日","112年03月10日","112年11月07日","112年11月09日","0.012","    660.00","","",
="038252","滬深2X群益29購03","0.30","－",="00637L","元大滬深300正2","13.77","－","認購","美式","112年03月10日","112年03月10日","112年09月07日","112年09月11日","0.80","    17.50","","",
="038253","A50正2群益29購01","0.00","",="00655L","國泰中國A50正2","24.65","－","認購","美式","112年03月10日","112年03月10日","112年09月07日","112年09月11日","0.42","    32.00","","",
="038254","大亞群益29購01","2.46","＋","1609","大亞","31.00","＋","認購","美式","112年03月10日","112年03月10日","112年09月07日","112年09月11日","1.00","    33.00","","",
="038255","聯發科群益2A購02","0.00","","2454","聯發科","738.00","＋","認購","美式","112年03月10日","112年03月10日","112年10月05日","112年10月11日","0.035","    900.00","","",
="038256","聯發科群益2B購03","2.89","＋","2454","聯發科","738.00","＋","認購","美式","112年03月10日","112年03月10日","112年11月07日","112年11月09日","0.10","    995.00","","",
="038257","飛宏群益29購03","11.50","","2457","飛宏","76.40","＋","認購","美式","112年03月10日","112年03月10日","112年09月07日","112年09月11日","0.736","    66.00","","",
="038258","宏達電群益29購03","1.24","＋","2498","宏達電","61.50","＋","認購","美式","112年03月10日","112年03月10日","112年09月07日","112年09月11日","1.00","    93.00","","",
="038259","陽明群益29購02","0.32","","2609","陽明","62.00","＋","認購","美式","112年03月10日","112年03月10日","112年09月07日","112年09月11日","0.90","    88.00","","",
="03825C","臺股指元大26牛04","0.00","","IX0001","臺股指數","16,636.30","","認購","歐式","111年07月07日","112年06月06日","112年06月02日","112年06月06日","0.001","    12,042.25","","12,586.96",
="03825U","臺股指群益2A售03","0.00","","IX0001","臺股指數","16,636.30","","認售","歐式","112年01月31日","112年10月02日","112年09月27日","112年10月02日","0.001","    14,900.00","","",
="038260","陽明群益29購03","0.00","","2609","陽明","62.00","＋","認購","美式","112年03月10日","112年03月10日","112年09月07日","112年09月11日","0.90","    95.00","","",
="038261","揚明光群益29購01","0.50","＋","3504","揚明光","81.70","＋","認購","美式","112年03月10日","112年03月10日","112年09月07日","112年09月11日","0.25","    123.00","","",
="038262","貿聯群益29購01","0.00","","3665","貿聯-KY","270.50","＋","認購","美式","112年03月10日","112年03月10日","112年09月07日","112年09月11日","0.05","    306.79","","",
="038263","承業醫群益2A購01","1.16","－","4164","承業醫","64.10","","認購","美式","112年03月10日","112年03月10日","112年10月05日","112年10月11日","0.18","    80.00","","",
="038264","台達電國票29購01","0.87","－","2308","台達電","315.50","－","認購","美式","112年03月10日","112年03月10日","112年09月07日","112年09月11日","0.10","    360.00","","",
="038265","台達電國票2A購01","1.17","－","2308","台達電","315.50","－","認購","美式","112年03月10日","112年03月10日","112年10月05日","112年10月11日","0.20","    400.00","","",
="038266","智邦國票2A購01","3.48","＋","2345","智邦","357.50","＋","認購","美式","112年03月10日","112年03月10日","112年10月05日","112年10月11日","0.12","    400.00","","",
="038267","台航國票2A購01","0.00","","2617","台航","29.35","＋","認購","美式","112年03月10日","112年03月10日","112年10月05日","112年10月11日","0.70","    40.00","","",
="038268","晶華國票2A購03","0.00","","2707","晶華","288.00","＋","認購","美式","112年03月10日","112年03月10日","112年10月05日","112年10月11日","0.046","    320.00","","",
="038269","三商壽國票2A購01","0.00","","2867","三商壽","5.22","＋","認購","美式","112年03月10日","112年03月10日","112年10月05日","112年10月11日","1.00","    5.50","","",
="03826U","台積電永豐27售09","0.31","－","2330","台積電","568.00","＋","認售","歐式","112年01月31日","112年07月31日","112年07月27日","112年07月31日","0.051","    494.18","","",
="038270","日月光國票2A購01","0.00","","3711","日月光投控","109.00","－","認購","美式","112年03月10日","112年03月10日","112年10月05日","112年10月11日","0.09","    130.00","","",
="038271","拓凱國票2A購01","0.00","","4536","拓凱","196.50","＋","認購","美式","112年03月10日","112年03月10日","112年10月05日","112年10月11日","0.06","    270.00","","",
="038272","啟碁國票2A購01","0.50","＋","6285","啟碁","87.50","＋","認購","美式","112年03月10日","112年03月10日","112年10月05日","112年10月11日","0.70","    134.00","","",
="038273","樺漢國票2A購01","2.91","＋","6414","樺漢","281.00","＋","認購","美式","112年03月10日","112年03月10日","112年10月05日","112年10月11日","0.13","    300.00","","",
="038274","晶心科國票2A購02","0.30","＋","6533","晶心科","511.00","＋","認購","美式","112年03月10日","112年03月10日","112年10月05日","112年10月11日","0.035","    850.00","","",
="038275","廣宇國泰2B購01","1.07","＋","2328","廣宇","39.40","＋","認購","美式","112年03月10日","112年03月10日","112年11月07日","112年11月09日","0.60","    49.91","","",
="038276","帝寶國泰2B購01","1.80","－","6605","帝寶","99.80","＋","認購","美式","112年03月10日","112年03月10日","112年11月07日","112年11月09日","0.15","    105.00","","",
="038277","T50反1富邦31購01","0.43","－",="00632R","元大台灣50反1","4.94","－","認購","美式","112年03月10日","112年03月10日","113年01月05日","113年01月09日","1.00","    4.85","","",
="038278","上銀富邦2C購01","0.00","","2049","上銀","235.50","＋","認購","美式","112年03月10日","112年03月10日","112年12月07日","112年12月11日","0.03","    300.00","","",
="038279","鴻海富邦2A購05","0.00","","2317","鴻海","105.50","＋","認購","美式","112年03月10日","112年03月10日","112年10月05日","112年10月11日","0.12","    120.00","","",
="03827C","日月光富邦27牛01","0.00","","3711","日月光投控","109.00","－","認購","歐式","111年07月08日","112年07月07日","112年07月05日","112年07月07日","0.065","    51.70","","63.41",
="03827P","南亞科凱基26售01","0.00","","2408","南亞科","71.20","－","認售","歐式","111年10月06日","112年06月05日","112年06月01日","112年06月05日","1.00","    30.00","","",
="03827U","東哥永豐27售02","0.32","－","8478","東哥遊艇","520.00","＋","認售","歐式","112年01月31日","112年07月31日","112年07月27日","112年07月31日","0.03","    333.27","","",
="038280","華邦電富邦2A購01","0.78","＋","2344","華邦電","26.90","＋","認購","美式","112年03月10日","112年03月10日","112年10月05日","112年10月11日","0.80","    35.00","","",
="038281","友達富邦2C購01","0.46","＋","2409","友達","17.65","＋","認購","美式","112年03月10日","112年03月10日","112年12月07日","112年12月11日","0.50","    22.00","","",
="038282","萬海富邦2A購01","0.00","","2615","萬海","60.00","＋","認購","美式","112年03月10日","112年03月10日","112年10月05日","112年10月11日","0.10","    95.00","","",
="038283","大立光富邦2C購01","0.38","＋","3008","大立光","2,305.00","＋","認購","美式","112年03月10日","112年03月10日","112年12月07日","112年12月11日","0.01","    3,577.47","","",
="038284","群創富邦31購01","0.28","","3481","群創","14.10","＋","認購","美式","112年03月10日","112年03月10日","113年01月05日","113年01月09日","1.00","    22.00","","",
="038285","中興電元富31購03","1.29","＋","1513","中興電","113.50","＋","認購","美式","112年03月10日","112年03月10日","113年01月05日","113年01月09日","0.15","    140.00","","",
="038286","上銀元富2C購01","0.00","","2049","上銀","235.50","＋","認購","美式","112年03月10日","112年03月10日","112年12月07日","112年12月11日","0.08","    350.00","","",
="038287","大立光元富33購01","0.96","＋","3008","大立光","2,305.00","＋","認購","美式","112年03月10日","112年03月10日","113年03月07日","113年03月11日","0.007","    3,136.41","","",
="038288","台勝科元富2C購01","1.58","＋","3532","台勝科","157.00","＋","認購","美式","112年03月10日","112年03月10日","112年12月07日","112年12月11日","0.08","    175.00","","",
="038289","智伸科元富29購01","0.00","","4551","智伸科","129.00","－","認購","美式","112年03月10日","112年03月10日","112年09月07日","112年09月11日","0.10","    175.00","","",
="03828C","臺股指元大26牛05","0.00","","IX0001","臺股指數","16,636.30","","認購","歐式","111年07月13日","112年06月12日","112年06月08日","112年06月12日","0.001","    11,316.46","","11,997.53",
="03828P","台積電元大26售24","0.00","","2330","台積電","568.00","＋","認售","歐式","111年12月06日","112年06月05日","112年06月01日","112年06月05日","0.059","    433.15","","",
="03828U","上証2X元大27售01","0.00","",="00633L","富邦上証正2","35.01","－","認售","歐式","112年01月31日","112年07月31日","112年07月27日","112年07月31日","0.30","    40.00","","",
="038290","穎崴元富2C購02","3.25","＋","6515","穎崴","830.00","－","認購","美式","112年03月10日","112年03月10日","112年12月07日","112年12月11日","0.02","    780.00","","",
="038291","力智元富2C購01","1.43","＋","6719","力智","303.00","＋","認購","美式","112年03月10日","112年03月10日","112年12月07日","112年12月11日","0.05","    400.00","","",
="038292","上証2X元大2A購03","0.20","＋",="00633L","富邦上証正2","35.01","－","認購","美式","112年03月10日","112年03月10日","112年10月05日","112年10月11日","0.25","    50.00","","",
="038293","滬深2X元大29購07","0.17","－",="00637L","元大滬深300正2","13.77","－","認購","美式","112年03月10日","112年03月10日","112年09月07日","112年09月11日","0.50","    18.00","","",
="038294","S&P反1元大2B購01","0.00","",="00648R","元大S&P500反1","6.93","－","認購","美式","112年03月10日","112年03月10日","112年11月07日","112年11月09日","0.90","    7.30","","",
="038295","元油反元大29購01","0.93","－",="00673R","期元大S&P原油反1(原名：元大S&P原油反1)","9.03","－","認購","美式","112年03月10日","112年03月10日","112年09月07日","112年09月11日","1.00","    9.60","","",
="038296","元債2X元大29購01","0.57","＋",="00680L","元大美債20正2","10.96","＋","認購","美式","112年03月10日","112年03月10日","112年09月07日","112年09月11日","0.80","    12.00","","",
="038297","華城元大29購03","0.00","","1519","華城","141.00","＋","認購","美式","112年03月10日","112年03月10日","112年09月07日","112年09月11日","0.534","    102.50","","",
="038298","華新元大2A購17","0.68","","1605","華新","46.60","＋","認購","美式","112年03月10日","112年03月10日","112年10月05日","112年10月11日","0.388","    63.80","","",
="038299","裕隆元大2A購03","0.00","","2201","裕隆","82.80","＋","認購","美式","112年03月10日","112年03月10日","112年10月05日","112年10月11日","0.21","    117.50","","",
="03829C","臺股指元大26牛06","0.00","","IX0001","臺股指數","16,636.30","","認購","歐式","111年07月13日","112年06月12日","112年06月08日","112年06月12日","0.001","    12,023.74","","12,555.56",
="03829P","台積電元大26售25","0.00","","2330","台積電","568.00","＋","認售","歐式","111年12月06日","112年06月05日","112年06月01日","112年06月05日","0.035","    493.97","","",
="03829U","上証2X元大28售03","0.00","",="00633L","富邦上証正2","35.01","－","認售","歐式","112年01月31日","112年08月30日","112年08月28日","112年08月30日","0.25","    42.00","","",
="038300","為升元大29購03","0.00","","2231","為升","172.50","＋","認購","美式","112年03月10日","112年03月10日","112年09月07日","112年09月11日","0.122","    225.00","","",
="038301","威盛元大2A購06","1.44","＋","2388","威盛","83.10","＋","認購","美式","112年03月10日","112年03月10日","112年10月05日","112年10月11日","0.15","    100.00","","",
="038302","威盛元大2B購02","1.11","","2388","威盛","83.10","＋","認購","美式","112年03月10日","112年03月10日","112年11月07日","112年11月09日","0.164","    121.00","","",
="038303","威盛元大2C購01","1.09","","2388","威盛","83.10","＋","認購","美式","112年03月10日","112年03月10日","112年12月07日","112年12月11日","0.117","    115.00","","",
="038304","友達元大2A購06","0.25","","2409","友達","17.65","＋","認購","美式","112年03月10日","112年03月10日","112年10月05日","112年10月11日","1.00","    26.15","","",
="038305","聯發科元大2A購06","0.00","","2454","聯發科","738.00","＋","認購","美式","112年03月10日","112年03月10日","112年10月05日","112年10月11日","0.091","    1,160.00","","",
="038306","聯發科元大2B購03","0.00","","2454","聯發科","738.00","＋","認購","美式","112年03月10日","112年03月10日","112年11月07日","112年11月09日","0.057","    1,140.00","","",
="038307","聯發科元大2C購01","0.86","","2454","聯發科","738.00","＋","認購","美式","112年03月10日","112年03月10日","112年12月07日","112年12月11日","0.049","    1,180.00","","",
="038308","飛宏元大2A購02","0.00","","2457","飛宏","76.40","＋","認購","美式","112年03月10日","112年03月10日","112年10月05日","112年10月11日","0.209","    56.70","","",
="038309","長榮元大2A購22","0.99","＋","2603","長榮","157.00","＋","認購","美式","112年03月10日","112年03月10日","112年10月05日","112年10月11日","0.198","    209.00","","",
="03830U","上証2X元大2A售02","1.57","＋",="00633L","富邦上証正2","35.01","－","認售","歐式","112年01月31日","112年10月30日","112年10月26日","112年10月30日","0.15","    44.00","","",
="038310","長榮元大2B購07","0.00","","2603","長榮","157.00","＋","認購","美式","112年03月10日","112年03月10日","112年11月07日","112年11月09日","0.17","    211.00","","",
="038311","長榮元大2C購02","1.16","＋","2603","長榮","157.00","＋","認購","美式","112年03月10日","112年03月10日","112年12月07日","112年12月11日","0.141","    210.00","","",
="038312","美食元大2A購01","0.00","","2723","美食-KY","152.50","－","認購","美式","112年03月10日","112年03月10日","112年10月05日","112年10月11日","0.129","    226.50","","",
="038313","臺企銀元大29購01","0.35","","2834","臺企銀","14.10","＋","認購","美式","112年03月10日","112年03月10日","112年09月07日","112年09月11日","0.80","    16.00","","",
="038314","聯陽元大29購01","4.88","＋","3014","聯陽","113.50","＋","認購","美式","112年03月10日","112年03月10日","112年09月07日","112年09月11日","0.338","    107.50","","",
="038315","欣興元大2A購06","0.00","","3037","欣興","182.50","－","認購","美式","112年03月10日","112年03月10日","112年10月05日","112年10月11日","0.107","    157.00","","",
="038316","欣興元大2B購07","0.00","","3037","欣興","182.50","－","認購","美式","112年03月10日","112年03月10日","112年11月07日","112年11月09日","0.118","    174.00","","",
="038317","欣興元大2C購01","0.00","","3037","欣興","182.50","－","認購","美式","112年03月10日","112年03月10日","112年12月07日","112年12月11日","0.104","    177.00","","",
="038318","玉晶光元大2A購02","0.82","","3406","玉晶光","400.00","＋","認購","美式","112年03月10日","112年03月10日","112年10月05日","112年10月11日","0.088","    571.00","","",
="038319","碩天元大29購02","0.00","","3617","碩天","191.00","－","認購","美式","112年03月10日","112年03月10日","112年09月07日","112年09月11日","0.06","    137.50","","",
="03831U","聯電元大27售12","0.00","","2303","聯電","51.20","＋","認售","歐式","112年01月31日","112年07月31日","112年07月27日","112年07月31日","1.00","    33.00","","",
="038320","貿聯元大2A購07","0.80","","3665","貿聯-KY","270.50","＋","認購","美式","112年03月10日","112年03月10日","112年10月05日","112年10月11日","0.115","    366.06","","",
="038321","合勤控元大29購01","0.90","＋","3704","合勤控","43.85","＋","認購","美式","112年03月10日","112年03月10日","112年09月07日","112年09月11日","1.00","    61.40","","",
="038322","拓凱元大29購02","0.00","","4536","拓凱","196.50","＋","認購","美式","112年03月10日","112年03月10日","112年09月07日","112年09月11日","0.142","    345.00","","",
="038323","穎崴元大29購03","0.00","","6515","穎崴","830.00","－","認購","美式","112年03月10日","112年03月10日","112年09月07日","112年09月11日","0.016","    638.00","","",
="038324","東哥元大2A購06","1.97","＋","8478","東哥遊艇","520.00","＋","認購","美式","112年03月10日","112年03月10日","112年10月05日","112年10月11日","0.023","    585.00","","",
="038325","鈺齊元大29購05","0.52","－","9802","鈺齊-KY","124.00","－","認購","美式","112年03月10日","112年03月10日","112年09月07日","112年09月11日","0.071","    151.09","","",
="038326","世紀鋼元大29購03","0.68","＋","9958","世紀鋼","109.50","＋","認購","美式","112年03月10日","112年03月10日","112年09月07日","112年09月11日","0.076","    119.00","","",
="038327","元油反統一2B購01","0.00","",="00673R","期元大S&P原油反1(原名：元大S&P原油反1)","9.03","－","認購","美式","112年03月10日","112年03月10日","112年11月07日","112年11月09日","0.70","    9.20","","",
="038328","中興電統一2B購03","0.81","","1513","中興電","113.50","＋","認購","美式","112年03月10日","112年03月10日","112年11月07日","112年11月09日","0.06","    125.60","","",
="038329","華新統一33購02","0.46","＋","1605","華新","46.60","＋","認購","美式","112年03月10日","112年03月10日","113年03月07日","113年03月11日","0.088","    60.88","","",
="03832U","國巨元大27售04","1.02","","2327","國巨","508.00","＋","認售","歐式","112年01月31日","112年07月31日","112年07月27日","112年07月31日","0.031","    476.00","","",
="038330","上銀統一31購01","0.36","","2049","上銀","235.50","＋","認購","美式","112年03月10日","112年03月10日","113年01月05日","113年01月09日","0.02","    309.90","","",
="038331","為升統一2C購02","0.71","","2231","為升","172.50","＋","認購","美式","112年03月10日","112年03月10日","112年12月07日","112年12月11日","0.015","    168.88","","",
="038332","為升統一2C購03","0.00","","2231","為升","172.50","＋","認購","美式","112年03月10日","112年03月10日","112年12月07日","112年12月11日","0.026","    202.40","","",
="038333","強茂統一2C購01","0.51","","2481","強茂","70.20","＋","認購","美式","112年03月10日","112年03月10日","112年12月07日","112年12月11日","0.055","    82.60","","",
="038334","強茂統一33購01","0.55","＋","2481","強茂","70.20","＋","認購","美式","112年03月10日","112年03月10日","113年03月07日","113年03月11日","0.041","    88.88","","",
="038335","陽明統一33購01","0.00","","2609","陽明","62.00","＋","認購","美式","112年03月10日","112年03月10日","113年03月07日","113年03月11日","0.068","    76.88","","",
="038336","長榮航統一2B購02","1.18","＋","2618","長榮航","33.60","＋","認購","美式","112年03月10日","112年03月10日","112年11月07日","112年11月09日","0.168","    28.88","","",
="038337","亞光統一2C購01","0.00","","3019","亞光","65.20","＋","認購","美式","112年03月10日","112年03月10日","112年12月07日","112年12月11日","0.06","    81.00","","",
="038338","亞光統一33購01","0.00","","3019","亞光","65.20","＋","認購","美式","112年03月10日","112年03月10日","113年03月07日","113年03月11日","0.023","    107.77","","",
="038339","亞光統一33購02","0.00","","3019","亞光","65.20","＋","認購","美式","112年03月10日","112年03月10日","113年03月07日","113年03月11日","0.035","    88.88","","",
="03833U","台積電元大27售21","0.00","","2330","台積電","568.00","＋","認售","歐式","112年01月31日","112年07月31日","112年07月27日","112年07月31日","0.672","    300.87","","",
="038340","威強電統一2B購02","0.82","＋","3022","威強電","91.20","＋","認購","美式","112年03月10日","112年03月10日","112年11月07日","112年11月09日","0.06","    100.00","","",
="038341","威強電統一2B購03","0.82","","3022","威強電","91.20","＋","認購","美式","112年03月10日","112年03月10日","112年11月07日","112年11月09日","0.05","    92.00","","",
="038342","威強電統一33購01","0.64","","3022","威強電","91.20","＋","認購","美式","112年03月10日","112年03月10日","113年03月07日","113年03月11日","0.025","    106.66","","",
="038343","拓凱統一2C購03","0.00","","4536","拓凱","196.50","＋","認購","美式","112年03月10日","112年03月10日","112年12月07日","112年12月11日","0.018","    300.00","","",
="038344","新唐統一29購02","0.00","","4919","新唐","130.50","＋","認購","美式","112年03月10日","112年03月10日","112年09月07日","112年09月11日","0.035","    177.60","","",
="038345","天鈺統一2A購04","0.00","","4961","天鈺","154.00","＋","認購","美式","112年03月10日","112年03月10日","112年10月05日","112年10月11日","0.03","    207.60","","",
="038346","天鈺統一2C購01","0.37","＋","4961","天鈺","154.00","＋","認購","美式","112年03月10日","112年03月10日","112年12月07日","112年12月11日","0.024","    200.60","","",
="038347","天鈺統一33購01","0.46","＋","4961","天鈺","154.00","＋","認購","美式","112年03月10日","112年03月10日","113年03月07日","113年03月11日","0.021","    234.56","","",
="038348","穎崴統一32購01","1.61","＋","6515","穎崴","830.00","－","認購","美式","112年03月10日","112年03月10日","113年02月02日","113年02月15日","0.006","    799.50","","",
="038349","晶心科統一2B購10","0.00","","6533","晶心科","511.00","＋","認購","美式","112年03月10日","112年03月10日","112年11月07日","112年11月09日","0.009","    682.40","","",
="03834U","台積電元大27售22","0.00","","2330","台積電","568.00","＋","認售","歐式","112年01月31日","112年07月31日","112年07月27日","112年07月31日","0.359","    332.70","","",
="038350","為升中信2A購01","0.27","","2231","為升","172.50","＋","認購","歐式","112年03月13日","112年10月12日","112年10月06日","112年10月12日","0.032","    258.00","","",
="038351","鴻海康和2C購02","0.59","＋","2317","鴻海","105.50","＋","認購","美式","112年03月13日","112年03月13日","112年12月08日","112年12月12日","0.30","    130.00","","",
="038352","聯發科康和29購01","0.25","＋","2454","聯發科","738.00","＋","認購","美式","112年03月13日","112年03月13日","112年09月08日","112年09月12日","0.04","    995.00","","",
="038353","東哥康和29購01","0.00","","8478","東哥遊艇","520.00","＋","認購","美式","112年03月13日","112年03月13日","112年09月08日","112年09月12日","0.018","    500.00","","",
="038354","滬深2X永豐2A購01","0.54","",="00637L","元大滬深300正2","13.77","－","認購","美式","112年03月13日","112年03月13日","112年10月06日","112年10月12日","0.75","    16.00","","",
="038355","東陽永豐2A購01","0.00","","1319","東陽","49.90","＋","認購","美式","112年03月13日","112年03月13日","112年10月06日","112年10月12日","0.38","    52.27","","",
="038356","和大永豐2B購01","0.82","－","1536","和大","71.40","＋","認購","美式","112年03月13日","112年03月13日","112年11月09日","112年11月13日","0.17","    84.64","","",
="038357","寶齡永豐2A購02","0.55","－","1760","寶齡富錦","148.50","","認購","美式","112年03月13日","112年03月13日","112年10月06日","112年10月12日","0.054","    200.00","","",
="038358","為升永豐2A購01","0.57","","2231","為升","172.50","＋","認購","美式","112年03月13日","112年03月13日","112年10月06日","112年10月12日","0.05","    214.69","","",
="038359","廣宇永豐2B購01","1.10","＋","2328","廣宇","39.40","＋","認購","美式","112年03月13日","112年03月13日","112年11月09日","112年11月13日","0.40","    44.82","","",
="03835U","台積電元大27售23","0.00","","2330","台積電","568.00","＋","認售","歐式","112年01月31日","112年07月31日","112年07月27日","112年07月31日","0.069","    443.10","","",
="038360","台積電永豐2B購02","2.70","＋","2330","台積電","568.00","＋","認購","美式","112年03月13日","112年03月13日","112年11月09日","112年11月13日","0.045","    547.04","","",
="038361","南亞科永豐2A購01","1.66","－","2408","南亞科","71.20","－","認購","美式","112年03月13日","112年03月13日","112年10月06日","112年10月12日","0.33","    76.57","","",
="038362","建準永豐2A購01","10.30","","2421","建準","89.00","＋","認購","美式","112年03月13日","112年03月13日","112年10月06日","112年10月12日","0.32","    56.41","","",
="038363","強茂永豐2A購01","0.48","","2481","強茂","70.20","＋","認購","美式","112年03月13日","112年03月13日","112年10月06日","112年10月12日","0.36","    101.59","","",
="038364","台勝科永豐2A購01","0.48","","3532","台勝科","157.00","＋","認購","美式","112年03月13日","112年03月13日","112年10月06日","112年10月12日","0.033","    178.48","","",
="038365","元晶永豐29購01","0.33","＋","6443","元晶","36.20","＋","認購","美式","112年03月13日","112年03月13日","112年09月08日","112年09月12日","0.50","    50.10","","",
="038366","台灣50凱基2B購07","0.00","",="0050","元大台灣50","126.75","＋","認購","美式","112年03月13日","112年03月13日","112年11月09日","112年11月13日","0.20","    118.00","","",
="038367","台灣50凱基2C購04","0.00","",="0050","元大台灣50","126.75","＋","認購","美式","112年03月13日","112年03月13日","112年12月08日","112年12月12日","0.30","    128.00","","",
="038368","滬深2X凱基31購01","0.00","",="00637L","元大滬深300正2","13.77","－","認購","美式","112年03月13日","112年03月13日","113年01月10日","113年01月12日","1.00","    22.50","","",
="038369","聚陽凱基2A購01","1.30","－","1477","聚陽","219.00","＋","認購","美式","112年03月13日","112年03月13日","112年10月06日","112年10月12日","0.107","    253.38","","",
="03836U","大立光元大27售13","0.27","－","3008","大立光","2,305.00","＋","認售","歐式","112年01月31日","112年07月31日","112年07月27日","112年07月31日","0.008","    1,867.15","","",
="038370","華新凱基29購07","0.00","","1605","華新","46.60","＋","認購","美式","112年03月13日","112年03月13日","112年09月08日","112年09月12日","0.20","    61.00","","",
="038371","華新凱基2C購04","0.00","","1605","華新","46.60","＋","認購","美式","112年03月13日","112年03月13日","112年12月08日","112年12月12日","0.15","    67.00","","",
="038372","台玻凱基29購01","0.00","","1802","台玻","18.50","＋","認購","美式","112年03月13日","112年03月13日","112年09月08日","112年09月12日","1.00","    27.00","","",
="038373","聯電凱基2A購05","0.62","＋","2303","聯電","51.20","＋","認購","美式","112年03月13日","112年03月13日","112年10月06日","112年10月12日","0.65","    63.00","","",
="038374","華通凱基29購01","1.12","－","2313","華通","44.30","＋","認購","美式","112年03月13日","112年03月13日","112年09月08日","112年09月12日","0.584","    49.91","","",
="038375","鴻海凱基2B購02","0.60","＋","2317","鴻海","105.50","＋","認購","美式","112年03月13日","112年03月13日","112年11月09日","112年11月13日","0.12","    111.00","","",
="038376","鴻海凱基2B購03","0.73","＋","2317","鴻海","105.50","＋","認購","美式","112年03月13日","112年03月13日","112年11月09日","112年11月13日","0.22","    123.00","","",
="038377","國巨凱基2A購02","0.23","＋","2327","國巨","508.00","＋","認購","美式","112年03月13日","112年03月13日","112年10月06日","112年10月12日","0.085","    780.00","","",
="038378","光罩凱基29購04","0.57","＋","2338","光罩","81.80","＋","認購","美式","112年03月13日","112年03月13日","112年09月08日","112年09月12日","0.25","    110.00","","",
="038379","金像電凱基2A購02","0.00","","2368","金像電","121.50","","認購","美式","112年03月13日","112年03月13日","112年10月06日","112年10月12日","0.207","    101.41","","",
="03837U","聯詠元大27售21","0.00","","3034","聯詠","423.50","＋","認售","歐式","112年01月31日","112年07月31日","112年07月27日","112年07月31日","0.495","    207.50","","",
="038380","威盛凱基2A購04","0.00","","2388","威盛","83.10","＋","認購","美式","112年03月13日","112年03月13日","112年10月06日","112年10月12日","0.25","    130.00","","",
="038381","宏達電凱基31購01","1.62","＋","2498","宏達電","61.50","＋","認購","美式","112年03月13日","112年03月13日","113年01月10日","113年01月12日","0.15","    65.00","","",
="038382","長榮凱基2A購07","0.49","＋","2603","長榮","157.00","＋","認購","美式","112年03月13日","112年03月13日","112年10月06日","112年10月12日","0.14","    216.00","","",
="038383","陽明凱基2B購02","0.00","","2609","陽明","62.00","＋","認購","美式","112年03月13日","112年03月13日","112年11月09日","112年11月13日","0.15","    67.00","","",
="038384","萬海凱基29購07","0.00","","2615","萬海","60.00","＋","認購","美式","112年03月13日","112年03月13日","112年09月08日","112年09月12日","0.30","    93.00","","",
="038385","晶豪科凱基29購02","1.84","＋","3006","晶豪科","88.20","＋","認購","美式","112年03月13日","112年03月13日","112年09月08日","112年09月12日","0.16","    84.00","","",
="038386","威強電凱基29購02","0.00","","3022","威強電","91.20","＋","認購","美式","112年03月13日","112年03月13日","112年09月08日","112年09月12日","0.13","    88.00","","",
="038387","欣興凱基29購09","2.80","－","3037","欣興","182.50","－","認購","美式","112年03月13日","112年03月13日","112年09月08日","112年09月12日","0.09","    162.00","","",
="038388","群創凱基2A購04","0.57","","3481","群創","14.10","＋","認購","美式","112年03月13日","112年03月13日","112年10月06日","112年10月12日","0.65","    15.50","","",
="038389","世芯凱基2A購03","0.00","","3661","世芯-KY","1,660.00","＋","認購","美式","112年03月13日","112年03月13日","112年10月06日","112年10月12日","0.007","    1,150.00","","",
="03838P","創意元大28售01","0.00","","3443","創意","1,515.00","＋","認售","歐式","111年10月19日","112年08月18日","112年08月16日","112年08月18日","0.052","    220.00","","",
="03838U","智原元大27售06","0.00","","3035","智原","173.50","＋","認售","歐式","112年01月31日","112年07月31日","112年07月27日","112年07月31日","0.095","    130.50","","",
="038390","承業醫凱基2A購01","0.00","","4164","承業醫","64.10","","認購","美式","112年03月13日","112年03月13日","112年10月06日","112年10月12日","0.085","    85.00","","",
="038391","拓凱凱基29購03","0.00","","4536","拓凱","196.50","＋","認購","美式","112年03月13日","112年03月13日","112年09月08日","112年09月12日","0.15","    350.00","","",
="038392","天鈺凱基2A購02","0.88","","4961","天鈺","154.00","＋","認購","美式","112年03月13日","112年03月13日","112年10月06日","112年10月12日","0.065","    180.00","","",
="038393","元晶凱基29購03","0.74","＋","6443","元晶","36.20","＋","認購","美式","112年03月13日","112年03月13日","112年09月08日","112年09月12日","0.40","    41.00","","",
="038394","力智凱基2B購01","1.29","＋","6719","力智","303.00","＋","認購","美式","112年03月13日","112年03月13日","112年11月09日","112年11月13日","0.035","    320.00","","",
="038395","南電凱基29購07","0.00","","8046","南電","302.50","－","認購","美式","112年03月13日","112年03月13日","112年09月08日","112年09月12日","0.13","    380.00","","",
="038396","和大元富29購01","0.00","","1536","和大","71.40","＋","認購","美式","112年03月13日","112年03月13日","112年09月08日","112年09月12日","0.25","    85.00","","",
="038397","緯穎元富29購02","0.00","","6669","緯穎","1,205.00","＋","認購","美式","112年03月13日","112年03月13日","112年09月08日","112年09月12日","0.011","    950.00","","",
="038398","南電元富33購01","2.26","－","8046","南電","302.50","－","認購","美式","112年03月13日","112年03月13日","113年03月08日","113年03月12日","0.04","    300.00","","",
="038399","富邦媒元富2C購01","0.91","＋","8454","富邦媒","703.00","＋","認購","美式","112年03月13日","112年03月13日","112年12月08日","112年12月12日","0.02","    1,000.00","","",
="03839U","祥碩元大27售02","0.00","","5269","祥碩","1,300.00","＋","認售","歐式","112年01月31日","112年07月31日","112年07月27日","112年07月31日","0.01","    797.00","","",
="038400","東哥元富2C購01","1.73","＋","8478","東哥遊艇","520.00","＋","認購","美式","112年03月13日","112年03月13日","112年12月08日","112年12月12日","0.015","    550.00","","",
="038401","中興電統一33購01","0.73","＋","1513","中興電","113.50","＋","認購","美式","112年03月13日","112年03月13日","113年03月08日","113年03月12日","0.03","    118.40","","",
="038402","華城統一2B購02","4.62","","1519","華城","141.00","＋","認購","美式","112年03月13日","112年03月13日","112年11月09日","112年11月13日","0.09","    99.99","","",
="038403","大亞統一31購01","1.03","＋","1609","大亞","31.00","＋","認購","美式","112年03月13日","112年03月13日","113年01月10日","113年01月12日","0.16","    30.60","","",
="038404","寶齡統一31購02","0.48","－","1760","寶齡富錦","148.50","","認購","美式","112年03月13日","112年03月13日","113年01月10日","113年01月12日","0.02","    200.00","","",
="038405","裕隆統一2B購03","0.00","","2201","裕隆","82.80","＋","認購","美式","112年03月13日","112年03月13日","112年11月09日","112年11月13日","0.085","    99.00","","",
="038406","台積電統一2B購09","0.00","","2330","台積電","568.00","＋","認購","美式","112年03月13日","112年03月13日","112年11月09日","112年11月13日","0.018","    538.77","","",
="038407","強茂統一31購01","0.00","","2481","強茂","70.20","＋","認購","美式","112年03月13日","112年03月13日","113年01月10日","113年01月12日","0.06","    84.60","","",
="038408","長榮統一2B購08","0.00","","2603","長榮","157.00","＋","認購","美式","112年03月13日","112年03月13日","112年11月09日","112年11月13日","0.05","    200.00","","",
="038409","陽明統一2B購04","0.00","","2609","陽明","62.00","＋","認購","美式","112年03月13日","112年03月13日","112年11月09日","112年11月13日","0.125","    80.00","","",
="03840U","晶碩元大27售03","0.00","","6491","晶碩","366.50","＋","認售","歐式","112年01月31日","112年07月31日","112年07月27日","112年07月31日","0.015","    400.00","","",
="038410","晶華統一31購02","0.60","＋","2707","晶華","288.00","＋","認購","美式","112年03月13日","112年03月13日","113年01月10日","113年01月12日","0.015","    350.00","","",
="038411","亞光統一2B購01","0.00","","3019","亞光","65.20","＋","認購","美式","112年03月13日","112年03月13日","112年11月09日","112年11月13日","0.065","    80.00","","",
="038412","亞光統一31購01","0.00","","3019","亞光","65.20","＋","認購","美式","112年03月13日","112年03月13日","113年01月10日","113年01月12日","0.06","    82.70","","",
="038413","亞光統一33購03","0.00","","3019","亞光","65.20","＋","認購","美式","112年03月13日","112年03月13日","113年03月08日","113年03月12日","0.045","    99.99","","",
="038414","玉晶光統一33購01","0.47","＋","3406","玉晶光","400.00","＋","認購","美式","112年03月13日","112年03月13日","113年03月08日","113年03月12日","0.01","    538.00","","",
="038415","華擎統一31購01","0.58","＋","3515","華擎","154.00","＋","認購","美式","112年03月13日","112年03月13日","113年01月10日","113年01月12日","0.02","    174.90","","",
="038416","敦泰統一2C購01","0.82","＋","3545","敦泰","83.70","＋","認購","美式","112年03月13日","112年03月13日","112年12月08日","112年12月12日","0.05","    86.50","","",
="038417","拓凱統一29購01","0.00","","4536","拓凱","196.50","＋","認購","美式","112年03月13日","112年03月13日","112年09月08日","112年09月12日","0.027","    261.90","","",
="038418","天鈺統一2B購04","0.00","","4961","天鈺","154.00","＋","認購","美式","112年03月13日","112年03月13日","112年11月09日","112年11月13日","0.028","    200.00","","",
="038419","東哥統一33購01","1.02","＋","8478","東哥遊艇","520.00","＋","認購","美式","112年03月13日","112年03月13日","113年03月08日","113年03月12日","0.006","    465.60","","",
="03841U","南電元大27售07","0.00","","8046","南電","302.50","－","認售","歐式","112年01月31日","112年07月31日","112年07月27日","112年07月31日","0.108","    178.00","","",
="038420","華新元大2A購18","0.00","","1605","華新","46.60","＋","認購","美式","112年03月13日","112年03月13日","112年10月06日","112年10月12日","0.485","    69.50","","",
="038421","大亞元大29購01","3.25","＋","1609","大亞","31.00","＋","認購","美式","112年03月13日","112年03月13日","112年09月08日","112年09月12日","0.693","    29.10","","",
="038422","鴻海元大2A購24","0.84","＋","2317","鴻海","105.50","＋","認購","美式","112年03月13日","112年03月13日","112年10月06日","112年10月12日","0.537","    135.00","","",
="038423","鴻海元大2B購13","0.62","＋","2317","鴻海","105.50","＋","認購","美式","112年03月13日","112年03月13日","112年11月09日","112年11月13日","1.00","    155.00","","",
="038424","鴻海元大2C購05","0.81","＋","2317","鴻海","105.50","＋","認購","美式","112年03月13日","112年03月13日","112年12月08日","112年12月12日","0.81","    156.00","","",
="038425","順德元大29購01","0.33","＋","2351","順德","123.00","＋","認購","美式","112年03月13日","112年03月13日","112年09月08日","112年09月12日","0.136","    190.00","","",
="038426","漢翔元大2A購06","5.15","＋","2634","漢翔","55.80","＋","認購","美式","112年03月13日","112年03月13日","112年10月06日","112年10月12日","1.00","    59.20","","",
="038427","漢翔元大2B購05","5.10","＋","2634","漢翔","55.80","＋","認購","美式","112年03月13日","112年03月13日","112年11月09日","112年11月13日","1.00","    61.50","","",
="038428","威強電元大29購02","1.78","＋","3022","威強電","91.20","＋","認購","美式","112年03月13日","112年03月13日","112年09月08日","112年09月12日","0.145","    91.20","","",
="038429","威強電元大2B購02","1.76","＋","3022","威強電","91.20","＋","認購","美式","112年03月13日","112年03月13日","112年11月09日","112年11月13日","0.142","    98.80","","",
="03842C","臺股指元大29牛01","0.00","","IX0001","臺股指數","16,636.30","","認購","歐式","111年09月28日","112年09月27日","112年09月25日","112年09月27日","0.001","    11,455.98","","12,443.93",
="03842U","富邦媒元大27售04","1.02","－","8454","富邦媒","703.00","＋","認售","歐式","112年01月31日","112年07月31日","112年07月27日","112年07月31日","0.011","    705.00","","",
="038430","貿聯元大2A購08","1.31","＋","3665","貿聯-KY","270.50","＋","認購","美式","112年03月13日","112年03月13日","112年10月06日","112年10月12日","0.048","    281.39","","",
="038431","和碩元大29購01","1.84","＋","4938","和碩","74.70","＋","認購","美式","112年03月13日","112年03月13日","112年09月08日","112年09月12日","0.484","    79.81","","",
="038432","四維航元大29購02","0.00","","5608","四維航","23.10","＋","認購","美式","112年03月13日","112年03月13日","112年09月08日","112年09月12日","1.00","    43.75","","",
="038433","樺漢元大29購03","1.04","＋","6414","樺漢","281.00","＋","認購","美式","112年03月13日","112年03月13日","112年09月08日","112年09月12日","0.057","    300.00","","",
="038434","矽力元大2A購02","0.00","","6415","矽力*-KY","394.50","＋","認購","美式","112年03月13日","112年03月13日","112年10月06日","112年10月12日","0.031","    833.62","","",
="038435","穎崴元大29購04","3.62","－","6515","穎崴","830.00","－","認購","美式","112年03月13日","112年03月13日","112年09月08日","112年09月12日","0.027","    853.00","","",
="038436","晶心科元大29購01","0.39","","6533","晶心科","511.00","＋","認購","美式","112年03月13日","112年03月13日","112年09月08日","112年09月12日","0.012","    640.00","","",
="038437","帝寶元大29購02","0.00","","6605","帝寶","99.80","＋","認購","美式","112年03月13日","112年03月13日","112年09月08日","112年09月12日","0.401","    121.50","","",
="038438","東哥元大2A購07","3.04","＋","8478","東哥遊艇","520.00","＋","認購","美式","112年03月13日","112年03月13日","112年10月06日","112年10月12日","0.032","    560.00","","",
="038439","宏全元大29購01","0.73","","9939","宏全","106.50","＋","認購","美式","112年03月13日","112年03月13日","112年09月08日","112年09月12日","0.065","    104.50","","",
="03843C","鴻海富邦2A牛01","0.62","＋","2317","鴻海","105.50","＋","認購","歐式","111年10月05日","112年10月04日","112年10月02日","112年10月04日","0.025","    82.42","","91.23",
="03843U","滬深2X富邦2A售01","1.74","－",="00637L","元大滬深300正2","13.77","－","認售","歐式","112年01月31日","112年10月02日","112年09月27日","112年10月02日","0.60","    16.00","","",
="038440","友達兆豐2B購03","0.00","","2409","友達","17.65","＋","認購","美式","112年03月13日","112年03月13日","112年11月09日","112年11月13日","0.45","    22.50","","",
="038441","聯詠兆豐31購01","0.89","＋","3034","聯詠","423.50","＋","認購","美式","112年03月13日","112年03月13日","113年01月10日","113年01月12日","0.026","    458.00","","",
="038442","群創兆豐2B購03","0.00","","3481","群創","14.10","＋","認購","美式","112年03月13日","112年03月13日","112年11月09日","112年11月13日","0.60","    18.50","","",
="038443","臻鼎兆豐31購01","0.59","＋","4958","臻鼎-KY","114.50","＋","認購","美式","112年03月13日","112年03月13日","113年01月10日","113年01月12日","0.085","    138.00","","",
="038444","中磊兆豐31購01","1.35","＋","5388","中磊","93.30","＋","認購","美式","112年03月13日","112年03月13日","113年01月10日","113年01月12日","0.095","    93.32","","",
="038445","啟碁兆豐2B購02","0.33","","6285","啟碁","87.50","＋","認購","美式","112年03月13日","112年03月13日","112年11月09日","112年11月13日","0.12","    115.00","","",
="038446","元債2X群益29購03","0.78","＋",="00680L","元大美債20正2","10.96","＋","認購","美式","112年03月13日","112年03月13日","112年09月08日","112年09月12日","1.00","    11.70","","",
="038447","宏達電群益2B購02","1.92","＋","2498","宏達電","61.50","＋","認購","美式","112年03月13日","112年03月13日","112年11月09日","112年11月13日","1.00","    95.00","","",
="038448","長榮航群益29購05","0.00","","2618","長榮航","33.60","＋","認購","美式","112年03月13日","112年03月13日","112年09月08日","112年09月12日","0.45","    28.00","","",
="038449","威強電群益29購02","1.52","＋","3022","威強電","91.20","＋","認購","美式","112年03月13日","112年03月13日","112年09月08日","112年09月12日","0.189","    99.20","","",
="03844C","聯發科富邦2A牛01","0.00","","2454","聯發科","738.00","＋","認購","歐式","111年10月05日","112年10月04日","112年10月02日","112年10月04日","0.01","    420.38","","487.05",
="03844U","寶齡國票27售02","0.00","","1760","寶齡富錦","148.50","","認售","歐式","112年02月01日","112年07月31日","112年07月27日","112年07月31日","0.06","    120.00","","",
="038450","景碩群益29購02","1.08","＋","3189","景碩","116.00","＋","認購","美式","112年03月13日","112年03月13日","112年09月08日","112年09月12日","0.19","    145.00","","",
="038451","承業醫群益2A購02","0.00","","4164","承業醫","64.10","","認購","美式","112年03月13日","112年03月13日","112年10月06日","112年10月12日","0.20","    98.80","","",
="038452","中磊群益29購01","2.52","＋","5388","中磊","93.30","＋","認購","美式","112年03月13日","112年03月13日","112年09月08日","112年09月12日","0.263","    94.09","","",
="038453","道瓊銀國票2A購02","1.95","",="00738U","期元大道瓊白銀(原名：元大道瓊白銀)","22.79","＋","認購","美式","112年03月13日","112年03月13日","112年10月06日","112年10月12日","0.672","    21.00","","",
="038454","華新國票29購02","0.00","","1605","華新","46.60","＋","認購","美式","112年03月13日","112年03月13日","112年09月08日","112年09月12日","0.30","    60.00","","",
="038455","華新國票2A購03","0.78","＋","1605","華新","46.60","＋","認購","美式","112年03月13日","112年03月13日","112年10月06日","112年10月12日","0.20","    52.50","","",
="038456","寶齡國票2B購01","0.75","－","1760","寶齡富錦","148.50","","認購","美式","112年03月13日","112年03月13日","112年11月09日","112年11月13日","0.05","    180.00","","",
="038457","慧洋國票2A購01","0.00","","2637","慧洋-KY","60.30","＋","認購","美式","112年03月13日","112年03月13日","112年10月06日","112年10月12日","0.168","    62.45","","",
="038458","晶豪科國票2B購01","1.31","＋","3006","晶豪科","88.20","＋","認購","美式","112年03月13日","112年03月13日","112年11月09日","112年11月13日","0.24","    110.00","","",
="038459","智原國票2A購01","0.00","","3035","智原","173.50","＋","認購","美式","112年03月13日","112年03月13日","112年10月06日","112年10月12日","0.097","    250.00","","",
="03845U","上銀國票28售01","0.00","","2049","上銀","235.50","＋","認售","歐式","112年02月01日","112年08月31日","112年08月29日","112年08月31日","0.12","    160.00","","",
="038460","世芯國票2B購03","3.77","","3661","世芯-KY","1,660.00","＋","認購","美式","112年03月13日","112年03月13日","112年11月09日","112年11月13日","0.008","    1,300.00","","",
="038461","承業醫國票29購01","0.00","","4164","承業醫","64.10","","認購","美式","112年03月13日","112年03月13日","112年09月08日","112年09月12日","0.13","    85.00","","",
="038462","承業醫國票2B購01","0.00","","4164","承業醫","64.10","","認購","美式","112年03月13日","112年03月13日","112年11月09日","112年11月13日","0.15","    100.00","","",
="038463","立積國票2A購01","2.61","","4968","立積","170.00","＋","認購","美式","112年03月13日","112年03月13日","112年10月06日","112年10月12日","0.07","    155.00","","",
="038464","臺股指國票29購10","0.00","","IX0001","臺股指數","16,636.30","","認購","歐式","112年03月13日","112年09月12日","112年09月08日","112年09月12日","0.003","    15,588.00","","",
="038465","臺股指國票29購11","0.00","","IX0001","臺股指數","16,636.30","","認購","歐式","112年03月13日","112年09月12日","112年09月08日","112年09月12日","0.005","    16,588.00","","",
="038466","飛宏國泰2B購02","4.30","＋","2457","飛宏","76.40","＋","認購","美式","112年03月13日","112年03月13日","112年11月09日","112年11月13日","0.30","    69.63","","",
="038467","慧洋國泰2B購01","0.65","","2637","慧洋-KY","60.30","＋","認購","美式","112年03月13日","112年03月13日","112年11月09日","112年11月13日","0.448","    76.73","","",
="038468","台灣50富邦2B購02","0.00","",="0050","元大台灣50","126.75","＋","認購","美式","112年03月13日","112年03月13日","112年11月09日","112年11月13日","0.15","    120.00","","",
="038469","台達電富邦2B購01","0.51","","2308","台達電","315.50","－","認購","美式","112年03月13日","112年03月13日","112年11月09日","112年11月13日","0.10","    445.00","","",
="03846C","臺股指元大2A牛01","0.00","","IX0001","臺股指數","16,636.30","","認購","歐式","111年10月18日","112年10月17日","112年10月13日","112年10月17日","0.001","    10,437.67","","11,280.46",
="03846U","大立光國票28售01","0.00","","3008","大立光","2,305.00","＋","認售","歐式","112年02月01日","112年08月31日","112年08月29日","112年08月31日","0.02","    1,568.21","","",
="038470","國巨富邦2A購02","0.00","","2327","國巨","508.00","＋","認購","美式","112年03月13日","112年03月13日","112年10月06日","112年10月12日","0.018","    630.00","","",
="038471","友達富邦2C購02","0.00","","2409","友達","17.65","＋","認購","美式","112年03月13日","112年03月13日","112年12月08日","112年12月12日","0.80","    25.00","","",
="038472","宏達電富邦2B購01","0.27","＋","2498","宏達電","61.50","＋","認購","美式","112年03月13日","112年03月13日","112年11月09日","112年11月13日","0.15","    95.00","","",
="038473","陽明富邦2A購02","0.31","","2609","陽明","62.00","＋","認購","美式","112年03月13日","112年03月13日","112年10月06日","112年10月12日","0.10","    80.00","","",
="038474","拓凱富邦2B購01","0.00","","4536","拓凱","196.50","＋","認購","美式","112年03月13日","112年03月13日","112年11月09日","112年11月13日","0.03","    280.00","","",
="038475","南電富邦2B購01","0.00","","8046","南電","302.50","－","認購","美式","112年03月13日","112年03月13日","112年11月09日","112年11月13日","0.018","    280.00","","",
="038476","臺股指富邦2C購02","0.00","","IX0001","臺股指數","16,636.30","","認購","歐式","112年03月13日","112年12月12日","112年12月08日","112年12月12日","0.004","    18,000.00","","",
="038477","上銀法興29購01","0.00","","2049","上銀","235.50","＋","認購","歐式","112年03月13日","112年09月12日","112年09月08日","112年09月12日","0.06","    320.00","","",
="038478","聯電法興29購01","0.89","＋","2303","聯電","51.20","＋","認購","歐式","112年03月13日","112年09月12日","112年09月08日","112年09月12日","0.80","    65.00","","",
="038479","鴻海法興29購01","0.45","","2317","鴻海","105.50","＋","認購","歐式","112年03月13日","112年09月12日","112年09月08日","112年09月12日","0.30","    120.00","","",
="03847C","臺股指凱基26牛36","0.00","","IX0001","臺股指數","16,636.30","","認購","歐式","111年10月20日","112年06月19日","112年06月15日","112年06月19日","0.001","    11,354.13","","11,679.08",
="03847P","聯發科元大26售17","0.02","","2454","聯發科","738.00","＋","認售","歐式","111年12月06日","112年06月05日","112年06月01日","112年06月05日","0.035","    651.00","","",
="03847U","啟碁永豐27售02","0.30","","6285","啟碁","87.50","＋","認售","歐式","112年02月01日","112年07月31日","112年07月27日","112年07月31日","0.11","    73.71","","",
="038480","台積電法興29購01","0.00","","2330","台積電","568.00","＋","認購","歐式","112年03月13日","112年09月12日","112年09月08日","112年09月12日","0.05","    566.93","","",
="038481","聯發科法興29購01","0.84","","2454","聯發科","738.00","＋","認購","歐式","112年03月13日","112年09月12日","112年09月08日","112年09月12日","0.03","    900.00","","",
="038482","大立光法興29購01","0.92","","3008","大立光","2,305.00","＋","認購","歐式","112年03月13日","112年09月12日","112年09月08日","112年09月12日","0.01","    2,744.36","","",
="038483","貿聯法興29購01","0.00","","3665","貿聯-KY","270.50","＋","認購","歐式","112年03月13日","112年09月12日","112年09月08日","112年09月12日","0.05","    328.71","","",
="038484","中磊法興29購01","1.66","＋","5388","中磊","93.30","＋","認購","歐式","112年03月13日","112年09月12日","112年09月08日","112年09月12日","0.315","    104.75","","",
="038485","滬深2X中信2C購01","0.00","",="00637L","元大滬深300正2","13.77","－","認購","歐式","112年03月14日","112年12月13日","112年12月11日","112年12月13日","0.88","    20.00","","",
="038486","威盛中信29購01","0.44","＋","2388","威盛","83.10","＋","認購","歐式","112年03月14日","112年09月13日","112年09月11日","112年09月13日","0.30","    143.00","","",
="038487","八方中信29購01","0.00","","2753","八方雲集","167.00","","認購","歐式","112年03月14日","112年09月13日","112年09月11日","112年09月13日","0.039","    250.00","","",
="038488","國光生中信2B購01","0.00","","4142","國光生","37.80","＋","認購","歐式","112年03月14日","112年11月13日","112年11月09日","112年11月13日","0.15","    51.88","","",
="038489","致伸中信2A購01","0.56","－","4915","致伸","64.40","＋","認購","歐式","112年03月14日","112年10月13日","112年10月11日","112年10月13日","0.60","    93.00","","",
="03848U","S&P正2群益2A售01","0.00","",="00647L","元大S&P500正2","57.80","＋","認售","歐式","112年02月01日","112年10月02日","112年09月27日","112年10月02日","0.089","    52.00","","",
="038490","臺股指中信2C購02","0.00","","IX0001","臺股指數","16,636.30","","認購","歐式","112年03月14日","112年12月13日","112年12月11日","112年12月13日","0.006","    21,688.00","","",
="038491","中砂兆豐2B購01","0.00","","1560","中砂","114.50","－","認購","美式","112年03月14日","112年03月14日","112年11月09日","112年11月13日","0.07","    158.00","","",
="038492","裕隆兆豐2A購01","0.00","","2201","裕隆","82.80","＋","認購","美式","112年03月14日","112年03月14日","112年10月11日","112年10月13日","0.12","    95.00","","",
="038493","威強電兆豐29購01","0.70","＋","3022","威強電","91.20","＋","認購","美式","112年03月14日","112年03月14日","112年09月11日","112年09月13日","0.10","    100.00","","",
="038494","南電台新29購01","0.00","","8046","南電","302.50","－","認購","歐式","112年03月14日","112年09月13日","112年09月11日","112年09月13日","0.05","    295.00","","",
="038495","華碩永豐2A購01","1.48","－","2357","華碩","303.50","－","認購","美式","112年03月14日","112年03月14日","112年10月11日","112年10月13日","0.059","    307.45","","",
="038496","威盛永豐2B購01","0.32","＋","2388","威盛","83.10","＋","認購","美式","112年03月14日","112年03月14日","112年11月09日","112年11月13日","0.10","    140.78","","",
="038497","威盛永豐2C購01","0.00","","2388","威盛","83.10","＋","認購","美式","112年03月14日","112年03月14日","112年12月11日","112年12月13日","0.072","    126.70","","",
="038498","長榮航永豐2A購01","4.67","＋","2618","長榮航","33.60","＋","認購","美式","112年03月14日","112年03月14日","112年10月11日","112年10月13日","1.00","    32.00","","",
="038499","漢翔永豐2B購01","0.00","","2634","漢翔","55.80","＋","認購","美式","112年03月14日","112年03月14日","112年11月09日","112年11月13日","0.50","    49.91","","",
="03849C","臺股指元大29牛06","6.05","＋","IX0001","臺股指數","16,636.30","","認購","歐式","111年10月27日","112年09月26日","112年09月22日","112年09月26日","0.001","    10,412.02","","11,074.27",
="03849U","裕隆群益27售03","0.00","","2201","裕隆","82.80","＋","認售","歐式","112年02月01日","112年07月31日","112年07月27日","112年07月31日","0.452","    55.00","","",
="038500","威強電永豐2A購01","0.00","","3022","威強電","91.20","＋","認購","美式","112年03月14日","112年03月14日","112年10月11日","112年10月13日","0.15","    100.08","","",
="038501","敦泰永豐2B購01","1.04","","3545","敦泰","83.70","＋","認購","美式","112年03月14日","112年03月14日","112年11月09日","112年11月13日","0.18","    112.88","","",
="038502","國光生永豐2B購01","0.00","","4142","國光生","37.80","＋","認購","美式","112年03月14日","112年03月14日","112年11月09日","112年11月13日","0.12","    49.94","","",
="038503","正文永豐2B購01","1.50","＋","4906","正文","31.40","＋","認購","美式","112年03月14日","112年03月14日","112年11月09日","112年11月13日","0.47","    31.78","","",
="038504","祥碩永豐2B購01","1.03","＋","5269","祥碩","1,300.00","＋","認購","美式","112年03月14日","112年03月14日","112年11月09日","112年11月13日","0.006","    1,478.25","","",
="038505","威鋒電永豐2A購01","0.98","＋","6756","威鋒電子","223.00","＋","認購","美式","112年03月14日","112年03月14日","112年10月11日","112年10月13日","0.06","    285.65","","",
="038506","南電永豐29購02","1.02","－","8046","南電","302.50","－","認購","美式","112年03月14日","112年03月14日","112年09月11日","112年09月13日","0.025","    289.30","","",
="038507","宏全永豐2A購01","0.49","","9939","宏全","106.50","＋","認購","美式","112年03月14日","112年03月14日","112年10月11日","112年10月13日","0.142","    149.93","","",
="038508","A50正2凱基2B購02","0.69","",="00655L","國泰中國A50正2","24.65","－","認購","美式","112年03月14日","112年03月14日","112年11月09日","112年11月13日","0.35","    28.00","","",
="038509","東陽凱基2A購01","0.00","","1319","東陽","49.90","＋","認購","美式","112年03月14日","112年03月14日","112年10月11日","112年10月13日","0.70","    66.00","","",
="03850C","高股息元大29牛01","0.00","",="0056","元大高股息","30.65","＋","認購","歐式","111年11月09日","112年09月08日","112年09月06日","112年09月08日","0.50","    19.32","","21.81",
="03850U","鴻海群益27售07","0.00","","2317","鴻海","105.50","＋","認售","歐式","112年02月01日","112年07月31日","112年07月27日","112年07月31日","1.00","    80.00","","",
="038510","中興電凱基2A購04","0.86","＋","1513","中興電","113.50","＋","認購","美式","112年03月14日","112年03月14日","112年10月11日","112年10月13日","0.15","    140.00","","",
="038511","華城凱基29購01","0.00","","1519","華城","141.00","＋","認購","美式","112年03月14日","112年03月14日","112年09月11日","112年09月13日","0.35","    105.00","","",
="038512","堤維西凱基29購01","0.00","","1522","堤維西","29.10","＋","認購","美式","112年03月14日","112年03月14日","112年09月11日","112年09月13日","0.45","    33.00","","",
="038513","華新凱基29購08","0.00","","1605","華新","46.60","＋","認購","美式","112年03月14日","112年03月14日","112年09月11日","112年09月13日","0.50","    76.00","","",
="038514","大亞凱基2B購01","2.20","＋","1609","大亞","31.00","＋","認購","美式","112年03月14日","112年03月14日","112年11月09日","112年11月13日","1.00","    38.00","","",
="038515","第一銅凱基29購03","0.00","","2009","第一銅","32.10","＋","認購","美式","112年03月14日","112年03月14日","112年09月11日","112年09月13日","0.40","    37.00","","",
="038516","鴻海凱基2A購08","0.68","","2317","鴻海","105.50","＋","認購","美式","112年03月14日","112年03月14日","112年10月11日","112年10月13日","0.25","    124.00","","",
="038517","鴻海凱基2B購04","0.36","","2317","鴻海","105.50","＋","認購","美式","112年03月14日","112年03月14日","112年11月09日","112年11月13日","0.60","    152.00","","",
="038518","鴻海凱基2C購06","0.72","＋","2317","鴻海","105.50","＋","認購","美式","112年03月14日","112年03月14日","112年12月11日","112年12月13日","0.35","    139.00","","",
="038519","順德凱基2A購02","0.74","＋","2351","順德","123.00","＋","認購","美式","112年03月14日","112年03月14日","112年10月11日","112年10月13日","0.055","    135.00","","",
="03851C","永續息元大29牛02","0.00","",="00878","國泰永續高股息","18.36","＋","認購","歐式","111年11月09日","112年09月08日","112年09月06日","112年09月08日","0.629","    12.27","","13.86",
="03851U","宏達電群益2A售02","0.00","","2498","宏達電","61.50","＋","認售","歐式","112年02月01日","112年10月02日","112年09月27日","112年10月02日","0.644","    47.50","","",
="038520","威盛凱基29購05","0.00","","2388","威盛","83.10","＋","認購","美式","112年03月14日","112年03月14日","112年09月11日","112年09月13日","0.07","    115.00","","",
="038521","威盛凱基2B購01","0.00","","2388","威盛","83.10","＋","認購","美式","112年03月14日","112年03月14日","112年11月09日","112年11月13日","0.08","    140.00","","",
="038522","美律凱基29購01","0.00","","2439","美律","88.60","＋","認購","美式","112年03月14日","112年03月14日","112年09月11日","112年09月13日","0.20","    102.00","","",
="038523","聯發科凱基35購03","0.68","＋","2454","聯發科","738.00","＋","認購","美式","112年03月14日","112年03月14日","113年05月09日","113年05月13日","0.013","    1,111.00","","",
="038524","長榮凱基29購10","0.00","","2603","長榮","157.00","＋","認購","美式","112年03月14日","112年03月14日","112年09月11日","112年09月13日","0.06","    177.00","","",
="038525","長榮凱基2A購08","0.00","","2603","長榮","157.00","＋","認購","美式","112年03月14日","112年03月14日","112年10月11日","112年10月13日","0.055","    181.00","","",
="038526","陽明凱基29購06","0.00","","2609","陽明","62.00","＋","認購","美式","112年03月14日","112年03月14日","112年09月11日","112年09月13日","0.35","    80.00","","",
="038527","長榮航凱基2A購03","2.83","＋","2618","長榮航","33.60","＋","認購","美式","112年03月14日","112年03月14日","112年10月11日","112年10月13日","0.60","    30.50","","",
="038528","大立光凱基29購06","0.00","","3008","大立光","2,305.00","＋","認購","美式","112年03月14日","112年03月14日","112年09月11日","112年09月13日","0.01","    2,940.39","","",
="038529","聯詠凱基29購04","0.76","","3034","聯詠","423.50","＋","認購","美式","112年03月14日","112年03月14日","112年09月11日","112年09月13日","0.13","    550.00","","",
="03852C","臺股指元大2A牛03","0.00","","IX0001","臺股指數","16,636.30","","認購","歐式","111年11月11日","112年10月11日","112年10月05日","112年10月11日","0.001","    10,857.03","","11,748.27",
="03852P","華航元大26售05","0.00","","2610","華航","21.65","＋","認售","歐式","111年10月06日","112年06月05日","112年06月01日","112年06月05日","1.00","    12.90","","",
="03852U","華航群益27售03","0.00","","2610","華航","21.65","＋","認售","歐式","112年02月01日","112年07月31日","112年07月27日","112年07月31日","0.79","    17.00","","",
="038530","智原凱基29購05","0.00","","3035","智原","173.50","＋","認購","美式","112年03月14日","112年03月14日","112年09月11日","112年09月13日","0.05","    210.00","","",
="038531","欣興凱基2A購05","0.00","","3037","欣興","182.50","－","認購","美式","112年03月14日","112年03月14日","112年10月11日","112年10月13日","0.06","    147.00","","",
="038532","華晶科凱基29購01","0.67","＋","3059","華晶科","34.60","＋","認購","美式","112年03月14日","112年03月14日","112年09月11日","112年09月13日","0.55","    43.00","","",
="038533","台勝科凱基29購02","0.51","＋","3532","台勝科","157.00","＋","認購","美式","112年03月14日","112年03月14日","112年09月11日","112年09月13日","0.065","    195.00","","",
="038534","彩晶凱基29購03","0.39","＋","6116","彩晶","12.25","＋","認購","美式","112年03月14日","112年03月14日","112年09月11日","112年09月13日","0.55","    14.00","","",
="038535","晶心科凱基29購05","0.00","","6533","晶心科","511.00","＋","認購","美式","112年03月14日","112年03月14日","112年09月11日","112年09月13日","0.016","    670.00","","",
="038536","國巨群益29購03","0.00","","2327","國巨","508.00","＋","認購","美式","112年03月14日","112年03月14日","112年09月11日","112年09月13日","0.08","    700.00","","",
="038537","強茂群益2A購01","0.00","","2481","強茂","70.20","＋","認購","美式","112年03月14日","112年03月14日","112年10月11日","112年10月13日","0.25","    88.00","","",
="038538","宏達電群益29購04","0.61","","2498","宏達電","61.50","＋","認購","美式","112年03月14日","112年03月14日","112年09月11日","112年09月13日","0.30","    73.00","","",
="038539","台驊控群益29購01","0.90","－","2636","台驊投控","71.70","","認購","美式","112年03月14日","112年03月14日","112年09月11日","112年09月13日","0.428","    102.80","","",
="03853C","臺股指元大2A牛04","0.00","","IX0001","臺股指數","16,636.30","","認購","歐式","111年11月11日","112年10月11日","112年10月05日","112年10月11日","0.001","    11,399.88","","12,153.38",
="03853P","聯發科元大26售18","0.42","－","2454","聯發科","738.00","＋","認售","歐式","111年12月06日","112年06月05日","112年06月01日","112年06月05日","0.021","    747.00","","",
="03853U","大立光群益27售06","0.00","","3008","大立光","2,305.00","＋","認售","歐式","112年02月01日","112年07月31日","112年07月27日","112年07月31日","0.018","    1,772.07","","",
="038540","亞光群益2A購01","0.61","","3019","亞光","65.20","＋","認購","美式","112年03月14日","112年03月14日","112年10月11日","112年10月13日","0.25","    88.80","","",
="038541","拓凱群益2A購01","0.00","","4536","拓凱","196.50","＋","認購","美式","112年03月14日","112年03月14日","112年10月11日","112年10月13日","0.075","    305.00","","",
="038542","鈺齊群益29購02","0.00","","9802","鈺齊-KY","124.00","－","認購","美式","112年03月14日","112年03月14日","112年09月11日","112年09月13日","0.121","    167.24","","",
="038543","慧洋麥證29購01","0.00","","2637","慧洋-KY","60.30","＋","認購","歐式","112年03月14日","112年09月13日","112年09月11日","112年09月13日","0.56","    88.33","","",
="038544","中興電元大2A購04","2.93","＋","1513","中興電","113.50","＋","認購","美式","112年03月14日","112年03月14日","112年10月11日","112年10月13日","0.146","    104.00","","",
="038545","亞力元大29購02","5.35","＋","1514","亞力","51.60","＋","認購","美式","112年03月14日","112年03月14日","112年09月11日","112年09月13日","0.711","    53.30","","",
="038546","亞力元大29購03","4.85","＋","1514","亞力","51.60","＋","認購","美式","112年03月14日","112年03月14日","112年09月11日","112年09月13日","0.514","    49.15","","",
="038547","亞力元大2B購01","0.00","","1514","亞力","51.60","＋","認購","美式","112年03月14日","112年03月14日","112年11月09日","112年11月13日","0.904","    61.50","","",
="038548","和大元大29購01","0.88","","1536","和大","71.40","＋","認購","美式","112年03月14日","112年03月14日","112年09月11日","112年09月13日","0.174","    78.40","","",
="038549","華新元大2A購19","0.00","","1605","華新","46.60","＋","認購","美式","112年03月14日","112年03月14日","112年10月11日","112年10月13日","0.347","    61.10","","",
="03854C","臺股指凱基26牛43","0.00","","IX0001","臺股指數","16,636.30","","認購","歐式","111年11月16日","112年06月15日","112年06月13日","112年06月15日","0.001","    12,493.73","","13,091.68",
="03854U","鈺齊群益27售02","0.00","","9802","鈺齊-KY","124.00","－","認售","歐式","112年02月01日","112年07月31日","112年07月27日","112年07月31日","0.151","    99.08","","",
="038550","華新元大2B購10","0.00","","1605","華新","46.60","＋","認購","美式","112年03月14日","112年03月14日","112年11月09日","112年11月13日","0.386","    67.40","","",
="038551","華新元大2C購10","0.00","","1605","華新","46.60","＋","認購","美式","112年03月14日","112年03月14日","112年12月11日","112年12月13日","0.347","    68.50","","",
="038552","裕隆元大2A購04","2.51","＋","2201","裕隆","82.80","＋","認購","美式","112年03月14日","112年03月14日","112年10月11日","112年10月13日","0.242","    88.80","","",
="038553","為升元大29購04","0.88","","2231","為升","172.50","＋","認購","美式","112年03月14日","112年03月14日","112年09月11日","112年09月13日","0.078","    201.00","","",
="038554","國巨元大2A購06","0.00","","2327","國巨","508.00","＋","認購","美式","112年03月14日","112年03月14日","112年10月11日","112年10月13日","0.043","    649.00","","",
="038555","國巨元大2B購03","1.05","","2327","國巨","508.00","＋","認購","美式","112年03月14日","112年03月14日","112年11月09日","112年11月13日","0.034","    632.00","","",
="038556","華邦電元大29購07","0.49","＋","2344","華邦電","26.90","＋","認購","美式","112年03月14日","112年03月14日","112年09月11日","112年09月13日","1.00","    37.50","","",
="038557","金像電元大29購05","0.00","","2368","金像電","121.50","","認購","美式","112年03月14日","112年03月14日","112年09月11日","112年09月13日","0.691","    118.80","","",
="038558","威盛元大2A購07","0.00","","2388","威盛","83.10","＋","認購","美式","112年03月14日","112年03月14日","112年10月11日","112年10月13日","0.226","    132.00","","",
="038559","威盛元大2B購03","0.00","","2388","威盛","83.10","＋","認購","美式","112年03月14日","112年03月14日","112年11月09日","112年11月13日","0.191","    139.50","","",
="03855C","臺股指元大29牛10","0.00","","IX0001","臺股指數","16,636.30","","認購","歐式","111年11月17日","112年09月18日","112年09月14日","112年09月18日","0.001","    12,360.56","","13,083.62",
="03855U","台積電元大27售24","0.00","","2330","台積電","568.00","＋","認售","歐式","112年02月01日","112年07月31日","112年07月27日","112年07月31日","1.005","    264.07","","",
="038560","威盛元大2C購02","0.84","","2388","威盛","83.10","＋","認購","美式","112年03月14日","112年03月14日","112年12月11日","112年12月13日","0.158","    144.00","","",
="038561","新興元大29購02","0.48","－","2605","新興","21.45","＋","認購","美式","112年03月14日","112年03月14日","112年09月11日","112年09月13日","0.391","    25.55","","",
="038562","陽明元大2A購05","0.00","","2609","陽明","62.00","＋","認購","美式","112年03月14日","112年03月14日","112年10月11日","112年10月13日","1.00","    99.90","","",
="038563","亞光元大29購01","0.57","","3019","亞光","65.20","＋","認購","美式","112年03月14日","112年03月14日","112年09月11日","112年09月13日","0.292","    84.90","","",
="038564","威強電元大29購03","0.00","","3022","威強電","91.20","＋","認購","美式","112年03月14日","112年03月14日","112年09月11日","112年09月13日","0.214","    107.50","","",
="038565","聯詠元大29購08","0.66","＋","3034","聯詠","423.50","＋","認購","美式","112年03月14日","112年03月14日","112年09月11日","112年09月13日","0.229","    640.00","","",
="038566","玉晶光元大2A購03","0.64","＋","3406","玉晶光","400.00","＋","認購","美式","112年03月14日","112年03月14日","112年10月11日","112年10月13日","0.052","    550.00","","",
="038567","群創元大2A購09","0.79","","3481","群創","14.10","＋","認購","美式","112年03月14日","112年03月14日","112年10月11日","112年10月13日","0.704","    15.45","","",
="038568","貿聯元大2A購09","1.40","","3665","貿聯-KY","270.50","＋","認購","美式","112年03月14日","112年03月14日","112年10月11日","112年10月13日","0.048","    276.91","","",
="038569","承業醫元大29購01","0.00","","4164","承業醫","64.10","","認購","美式","112年03月14日","112年03月14日","112年09月11日","112年09月13日","0.166","    76.76","","",
="03856C","台積電富邦2B牛01","2.01","＋","2330","台積電","568.00","＋","認購","歐式","111年11月22日","112年11月21日","112年11月17日","112年11月21日","0.01","    383.31","","405.17",
="03856P","大立光元大26售11","0.00","","3008","大立光","2,305.00","＋","認售","歐式","111年12月06日","112年06月05日","112年06月01日","112年06月05日","0.036","    1,504.50","","",
="03856U","台積電元大27售25","0.00","","2330","台積電","568.00","＋","認售","歐式","112年02月01日","112年07月31日","112年07月27日","112年07月31日","0.092","    414.26","","",
="038570","承業醫元大29購02","0.00","","4164","承業醫","64.10","","認購","美式","112年03月14日","112年03月14日","112年09月11日","112年09月13日","0.151","    70.09","","",
="038571","拓凱元大29購03","0.58","","4536","拓凱","196.50","＋","認購","美式","112年03月14日","112年03月14日","112年09月11日","112年09月13日","0.059","    262.00","","",
="038572","拓凱元大2B購03","0.63","","4536","拓凱","196.50","＋","認購","美式","112年03月14日","112年03月14日","112年11月09日","112年11月13日","0.052","    277.00","","",
="038573","中磊元大29購02","1.00","＋","5388","中磊","93.30","＋","認購","美式","112年03月14日","112年03月14日","112年09月11日","112年09月13日","0.578","    128.56","","",
="038574","矽力元大29購02","0.00","","6415","矽力*-KY","394.50","＋","認購","美式","112年03月14日","112年03月14日","112年09月11日","112年09月13日","0.018","    647.27","","",
="038575","元晶元大2A購02","0.73","","6443","元晶","36.20","＋","認購","美式","112年03月14日","112年03月14日","112年10月11日","112年10月13日","0.864","    53.30","","",
="038576","穎崴元大29購05","0.00","","6515","穎崴","830.00","－","認購","美式","112年03月14日","112年03月14日","112年09月11日","112年09月13日","0.019","    725.00","","",
="038577","力智元大2A購02","1.20","＋","6719","力智","303.00","＋","認購","美式","112年03月14日","112年03月14日","112年10月11日","112年10月13日","0.038","    356.50","","",
="038578","東哥元大2A購08","2.25","","8478","東哥遊艇","520.00","＋","認購","美式","112年03月14日","112年03月14日","112年10月11日","112年10月13日","0.022","    542.00","","",
="038579","臺股指元大2B購31","2.36","＋","IX0001","臺股指數","16,636.30","","認購","歐式","112年03月14日","112年11月13日","112年11月09日","112年11月13日","0.01","    18,200.00","","",
="03857C","臺股指凱基26牛51","0.00","","IX0001","臺股指數","16,636.30","","認購","歐式","111年11月29日","112年06月28日","112年06月26日","112年06月28日","0.001","    12,760.89","","13,101.18",
="03857U","台積電元大27售26","0.33","－","2330","台積電","568.00","＋","認售","歐式","112年02月01日","112年07月31日","112年07月27日","112年07月31日","0.065","    449.07","","",
="038580","臺股指元大2B購32","0.00","","IX0001","臺股指數","16,636.30","","認購","歐式","112年03月14日","112年11月13日","112年11月09日","112年11月13日","0.005","    17,400.00","","",
="038581","臺股指元大2B購33","2.19","＋","IX0001","臺股指數","16,636.30","","認購","歐式","112年03月14日","112年11月13日","112年11月09日","112年11月13日","0.002","    15,800.00","","",
="038582","臺股指元大2B購34","0.00","","IX0001","臺股指數","16,636.30","","認購","歐式","112年03月14日","112年11月13日","112年11月09日","112年11月13日","0.001","    15,000.00","","",
="038583","臺股指元大2C購11","2.21","＋","IX0001","臺股指數","16,636.30","","認購","歐式","112年03月14日","112年12月13日","112年12月11日","112年12月13日","0.006","    17,900.00","","",
="038584","臺股指元大2C購12","0.00","","IX0001","臺股指數","16,636.30","","認購","歐式","112年03月14日","112年12月13日","112年12月11日","112年12月13日","0.003","    16,500.00","","",
="038585","臺股指元大2C購13","1.42","＋","IX0001","臺股指數","16,636.30","","認購","歐式","112年03月14日","112年12月13日","112年12月11日","112年12月13日","0.001","    15,400.00","","",
="038586","和大統一2C購01","0.44","－","1536","和大","71.40","＋","認購","美式","112年03月14日","112年03月14日","112年12月11日","112年12月13日","0.055","    83.90","","",
="038587","和大統一31購01","0.00","","1536","和大","71.40","＋","認購","美式","112年03月14日","112年03月14日","113年01月11日","113年01月15日","0.05","    87.60","","",
="038588","大亞統一2A購02","1.12","＋","1609","大亞","31.00","＋","認購","美式","112年03月14日","112年03月14日","112年10月11日","112年10月13日","0.20","    30.00","","",
="038589","大亞統一33購01","1.26","＋","1609","大亞","31.00","＋","認購","美式","112年03月14日","112年03月14日","113年03月11日","113年03月13日","0.168","    30.00","","",
="03858C","臺股指元大2A牛11","0.00","","IX0001","臺股指數","16,636.30","","認購","歐式","111年12月01日","112年10月02日","112年09月27日","112年10月02日","0.001","    12,427.46","","13,391.60",
="03858U","欣興元大27售13","0.06","","3037","欣興","182.50","－","認售","歐式","112年02月01日","112年07月31日","112年07月27日","112年07月31日","0.131","    105.00","","",
="038590","裕隆統一35購01","1.34","＋","2201","裕隆","82.80","＋","認購","美式","112年03月14日","112年03月14日","113年05月09日","113年05月13日","0.077","    101.11","","",
="038591","為升統一2A購01","0.00","","2231","為升","172.50","＋","認購","美式","112年03月14日","112年03月14日","112年10月11日","112年10月13日","0.03","    200.00","","",
="038592","光寶科統一2A購01","1.26","＋","2301","光寶科","86.40","＋","認購","美式","112年03月14日","112年03月14日","112年10月11日","112年10月13日","0.078","    77.72","","",
="038593","順德統一2B購01","0.55","＋","2351","順德","123.00","＋","認購","美式","112年03月14日","112年03月14日","112年11月09日","112年11月13日","0.03","    140.00","","",
="038594","威盛統一33購02","0.00","","2388","威盛","83.10","＋","認購","美式","112年03月14日","112年03月14日","113年03月11日","113年03月13日","0.013","    123.45","","",
="038595","威盛統一33購03","0.00","","2388","威盛","83.10","＋","認購","美式","112年03月14日","112年03月14日","113年03月11日","113年03月13日","0.013","    143.99","","",
="038596","亞光統一31購02","0.00","","3019","亞光","65.20","＋","認購","美式","112年03月14日","112年03月14日","113年01月11日","113年01月15日","0.05","    83.60","","",
="038597","台勝科統一29購01","0.51","＋","3532","台勝科","157.00","＋","認購","美式","112年03月14日","112年03月14日","112年09月11日","112年09月13日","0.037","    177.90","","",
="038598","台勝科統一31購01","0.50","＋","3532","台勝科","157.00","＋","認購","美式","112年03月14日","112年03月14日","113年01月11日","113年01月15日","0.02","    189.00","","",
="038599","拓凱統一32購01","0.00","","4536","拓凱","196.50","＋","認購","美式","112年03月14日","112年03月14日","113年02月02日","113年02月15日","0.013","    268.88","","",
="03859C","臺股指元大2B牛08","4.41","","IX0001","臺股指數","16,636.30","","認購","歐式","111年12月12日","112年11月13日","112年11月09日","112年11月13日","0.001","    12,142.27","","13,234.89",
="03859U","世芯元大27售09","0.00","","3661","世芯-KY","1,660.00","＋","認售","歐式","112年02月01日","112年07月31日","112年07月27日","112年07月31日","0.011","    765.00","","",
="038600","拓凱統一33購01","0.31","","4536","拓凱","196.50","＋","認購","美式","112年03月14日","112年03月14日","113年03月11日","113年03月13日","0.013","    345.67","","",
="038601","穎崴統一2B購02","1.80","－","6515","穎崴","830.00","－","認購","美式","112年03月14日","112年03月14日","112年11月09日","112年11月13日","0.008","    699.00","","",
="038602","FB越南國票29購02","0.00","",="00885","富邦越南","11.45","＋","認購","美式","112年03月14日","112年03月14日","112年09月11日","112年09月13日","1.00","    11.50","","",
="038603","FB越南國票2B購01","0.00","",="00885","富邦越南","11.45","＋","認購","美式","112年03月14日","112年03月14日","112年11月09日","112年11月13日","1.00","    12.50","","",
="038604","華新國票2C購01","0.00","","1605","華新","46.60","＋","認購","美式","112年03月14日","112年03月14日","112年12月11日","112年12月13日","0.40","    72.50","","",
="038605","寶齡國票2B購02","0.00","","1760","寶齡富錦","148.50","","認購","美式","112年03月14日","112年03月14日","112年11月09日","112年11月13日","0.098","    257.00","","",
="038606","裕隆國票2A購02","2.65","＋","2201","裕隆","82.80","＋","認購","美式","112年03月14日","112年03月14日","112年10月11日","112年10月13日","0.60","    100.00","","",
="038607","華泰國票2A購01","0.74","＋","2329","華泰","20.55","＋","認購","美式","112年03月14日","112年03月14日","112年10月11日","112年10月13日","0.80","    26.00","","",
="038608","聯發科國票2B購01","0.00","","2454","聯發科","738.00","＋","認購","美式","112年03月14日","112年03月14日","112年11月09日","112年11月13日","0.02","    800.00","","",
="038609","漢翔國票2A購01","4.26","＋","2634","漢翔","55.80","＋","認購","美式","112年03月14日","112年03月14日","112年10月11日","112年10月13日","1.00","    62.00","","",
="03860C","臺股指凱基2C牛05","0.00","","IX0001","臺股指數","16,636.30","","認購","歐式","111年12月23日","112年12月22日","112年12月20日","112年12月22日","0.001","    12,474.64","","12,998.65",
="03860U","祥碩元大27售03","0.00","","5269","祥碩","1,300.00","＋","認售","歐式","112年02月01日","112年07月31日","112年07月27日","112年07月31日","0.015","    716.00","","",
="038610","華晶科國票2A購01","0.92","","3059","華晶科","34.60","＋","認購","美式","112年03月14日","112年03月14日","112年10月11日","112年10月13日","0.80","    50.00","","",
="038611","緯創國票2A購01","0.00","","3231","緯創","68.00","＋","認購","美式","112年03月14日","112年03月14日","112年10月11日","112年10月13日","0.80","    40.00","","",
="038612","玉晶光國票2A購02","0.64","＋","3406","玉晶光","400.00","＋","認購","美式","112年03月14日","112年03月14日","112年10月11日","112年10月13日","0.097","    600.00","","",
="038613","國光生國票2A購01","0.00","","4142","國光生","37.80","＋","認購","美式","112年03月14日","112年03月14日","112年10月11日","112年10月13日","0.30","    60.00","","",
="038614","宏全國票2A購01","0.56","＋","9939","宏全","106.50","＋","認購","美式","112年03月14日","112年03月14日","112年10月11日","112年10月13日","0.06","    110.00","","",
="038615","臺股指國票2A購07","0.00","","IX0001","臺股指數","16,636.30","","認購","歐式","112年03月14日","112年10月13日","112年10月11日","112年10月13日","0.004","    16,088.00","","",
="038616","臺股指國票2A購08","0.00","","IX0001","臺股指數","16,636.30","","認購","歐式","112年03月14日","112年10月13日","112年10月11日","112年10月13日","0.006","    17,088.00","","",
="038617","臺股指國票2B購03","0.00","","IX0001","臺股指數","16,636.30","","認購","歐式","112年03月14日","112年11月13日","112年11月09日","112年11月13日","0.01","    18,088.00","","",
="038618","威盛國泰2B購02","0.00","","2388","威盛","83.10","＋","認購","美式","112年03月14日","112年03月14日","112年11月09日","112年11月13日","0.15","    125.00","","",
="038619","承業醫國泰2B購01","0.00","","4164","承業醫","64.10","","認購","美式","112年03月14日","112年03月14日","112年11月09日","112年11月13日","0.15","    82.77","","",
="03861C","臺股指凱基2C牛06","0.00","","IX0001","臺股指數","16,636.30","","認購","歐式","111年12月23日","112年12月22日","112年12月20日","112年12月22日","0.001","    12,044.48","","12,565.36",
="03861U","力積電元大27售10","1.28","－","6770","力積電","30.85","＋","認售","歐式","112年02月01日","112年07月31日","112年07月27日","112年07月31日","0.483","    30.88","","",
="038620","T50反1富邦33購01","0.00","",="00632R","元大台灣50反1","4.94","－","認購","美式","112年03月14日","112年03月14日","113年03月11日","113年03月13日","1.00","    5.00","","",
="038621","上証2X富邦2C購01","0.32","＋",="00633L","富邦上証正2","35.01","－","認購","美式","112年03月14日","112年03月14日","112年12月11日","112年12月13日","0.40","    55.00","","",
="038622","裕隆富邦2C購01","1.54","＋","2201","裕隆","82.80","＋","認購","美式","112年03月14日","112年03月14日","112年12月11日","112年12月13日","0.15","    90.00","","",
="038623","聯電富邦2C購01","0.42","＋","2303","聯電","51.20","＋","認購","美式","112年03月14日","112年03月14日","112年12月11日","112年12月13日","0.50","    78.00","","",
="038624","鴻海富邦2A購06","0.34","","2317","鴻海","105.50","＋","認購","美式","112年03月14日","112年03月14日","112年10月11日","112年10月13日","0.20","    125.00","","",
="038625","台積電富邦2C購03","0.76","＋","2330","台積電","568.00","＋","認購","美式","112年03月14日","112年03月14日","112年12月11日","112年12月13日","0.022","    596.77","","",
="038626","金像電富邦2B購01","1.98","－","2368","金像電","121.50","","認購","美式","112年03月14日","112年03月14日","112年11月09日","112年11月13日","0.104","    115.90","","",
="038627","國泰金富邦2B購01","0.82","＋","2882","國泰金","44.75","＋","認購","美式","112年03月14日","112年03月14日","112年11月09日","112年11月13日","0.30","    48.00","","",
="038628","T50反1元富2C購01","0.00","",="00632R","元大台灣50反1","4.94","－","認購","美式","112年03月14日","112年03月14日","112年12月11日","112年12月13日","1.00","    4.90","","",
="038629","裕隆元富29購03","6.40","＋","2201","裕隆","82.80","＋","認購","美式","112年03月14日","112年03月14日","112年09月11日","112年09月13日","0.73","    85.00","","",
="03862C","臺股指元大2A牛30","0.00","","IX0001","臺股指數","16,636.30","","認購","歐式","112年01月03日","112年10月02日","112年09月27日","112年10月02日","0.001","    11,712.42","","12,723.92",
="03862U","富邦媒元大27售06","0.00","","8454","富邦媒","703.00","＋","認售","歐式","112年02月01日","112年07月31日","112年07月27日","112年07月31日","0.018","    628.00","","",
="038630","為升元富2A購01","5.05","","2231","為升","172.50","＋","認購","美式","112年03月14日","112年03月14日","112年10月11日","112年10月13日","0.65","    240.00","","",
="038631","台積電元富29購03","1.05","＋","2330","台積電","568.00","＋","認購","美式","112年03月14日","112年03月14日","112年09月11日","112年09月13日","0.02","    547.04","","",
="038632","瑞昱元富33購01","1.30","＋","2379","瑞昱","388.00","＋","認購","美式","112年03月14日","112年03月14日","113年03月11日","113年03月13日","0.05","    500.00","","",
="038633","強茂元富2A購01","2.75","","2481","強茂","70.20","＋","認購","美式","112年03月14日","112年03月14日","112年10月11日","112年10月13日","1.00","    99.00","","",
="038634","大立光元富29購04","0.00","","3008","大立光","2,305.00","＋","認購","美式","112年03月14日","112年03月14日","112年09月11日","112年09月13日","0.01","    3,136.41","","",
="038635","立積元富2C購01","1.94","＋","4968","立積","170.00","＋","認購","美式","112年03月14日","112年03月14日","112年12月11日","112年12月13日","0.053","    160.00","","",
="038636","康舒元富29購01","0.71","＋","6282","康舒","44.05","＋","認購","美式","112年03月14日","112年03月14日","112年09月11日","112年09月13日","0.083","    39.00","","",
="038637","東哥元富2A購01","0.00","","8478","東哥遊艇","520.00","＋","認購","美式","112年03月14日","112年03月14日","112年10月11日","112年10月13日","0.10","    530.00","","",
="038638","長榮中信2B購01","0.00","","2603","長榮","157.00","＋","認購","歐式","112年03月15日","112年11月14日","112年11月10日","112年11月14日","0.02","    168.00","","",
="038639","長榮中信2C購01","0.72","＋","2603","長榮","157.00","＋","認購","歐式","112年03月15日","112年12月14日","112年12月12日","112年12月14日","0.08","    216.88","","",
="03863U","聯電國泰2A售01","0.00","","2303","聯電","51.20","＋","認售","歐式","112年02月01日","112年10月02日","112年09月27日","112年10月02日","0.60","    40.00","","",
="038640","陽明中信29購01","0.00","","2609","陽明","62.00","＋","認購","歐式","112年03月15日","112年09月14日","112年09月12日","112年09月14日","0.10","    76.00","","",
="038641","陽明中信2B購01","0.52","","2609","陽明","62.00","＋","認購","歐式","112年03月15日","112年11月14日","112年11月10日","112年11月14日","0.16","    85.00","","",
="038642","創意中信31購01","2.15","＋","3443","創意","1,515.00","＋","認購","歐式","112年03月15日","113年01月15日","113年01月11日","113年01月15日","0.005","    1,400.00","","",
="038643","拓凱中信29購01","0.48","","4536","拓凱","196.50","＋","認購","歐式","112年03月15日","112年09月14日","112年09月12日","112年09月14日","0.03","    228.00","","",
="038644","祥碩中信29購02","1.07","＋","5269","祥碩","1,300.00","＋","認購","歐式","112年03月15日","112年09月14日","112年09月12日","112年09月14日","0.005","    1,280.00","","",
="038645","祥碩中信2B購01","0.77","＋","5269","祥碩","1,300.00","＋","認購","歐式","112年03月15日","112年11月14日","112年11月10日","112年11月14日","0.004","    1,560.00","","",
="038646","中興電永豐2A購02","0.00","","1513","中興電","113.50","＋","認購","美式","112年03月15日","112年03月15日","112年10月12日","112年10月16日","0.058","    100.00","","",
="038647","精英永豐2B購01","2.37","","2331","精英","28.70","＋","認購","美式","112年03月15日","112年03月15日","112年11月10日","112年11月14日","0.435","    25.48","","",
="038648","聯發科永豐2C購01","0.00","","2454","聯發科","738.00","＋","認購","美式","112年03月15日","112年03月15日","112年12月12日","112年12月14日","0.046","    1,100.00","","",
="038649","陽明永豐2C購01","0.00","","2609","陽明","62.00","＋","認購","美式","112年03月15日","112年03月15日","112年12月12日","112年12月14日","0.20","    88.79","","",
="03864C","臺股指元大2B牛14","0.00","","IX0001","臺股指數","16,636.30","","認購","歐式","112年01月11日","112年11月10日","112年11月08日","112年11月10日","0.001","    12,265.40","","13,322.66",
="03864U","鴻海富邦2A售04","0.00","","2317","鴻海","105.50","＋","認售","歐式","112年02月01日","112年10月02日","112年09月27日","112年10月02日","0.20","    88.00","","",
="038650","萬海永豐2A購01","0.00","","2615","萬海","60.00","＋","認購","美式","112年03月15日","112年03月15日","112年10月12日","112年10月16日","0.145","    84.15","","",
="038651","樺漢永豐2A購01","1.40","＋","6414","樺漢","281.00","＋","認購","美式","112年03月15日","112年03月15日","112年10月12日","112年10月16日","0.057","    295.63","","",
="038652","帝寶永豐2A購01","0.87","＋","6605","帝寶","99.80","＋","認購","美式","112年03月15日","112年03月15日","112年10月12日","112年10月16日","0.186","    130.34","","",
="038653","臺股指永豐2B購03","1.86","＋","IX0001","臺股指數","16,636.30","","認購","歐式","112年03月15日","112年11月14日","112年11月10日","112年11月14日","0.002","    15,800.00","","",
="038654","華新元大2A購20","0.00","","1605","華新","46.60","＋","認購","美式","112年03月15日","112年03月15日","112年10月12日","112年10月16日","0.497","    65.90","","",
="038655","東鹼元大29購01","0.00","","1708","東鹼","36.40","＋","認購","美式","112年03月15日","112年03月15日","112年09月12日","112年09月14日","0.365","    48.30","","",
="038656","裕隆元大2A購05","2.97","－","2201","裕隆","82.80","＋","認購","美式","112年03月15日","112年03月15日","112年10月12日","112年10月16日","0.169","    72.50","","",
="038657","台達電元大2A購06","2.15","－","2308","台達電","315.50","－","認購","美式","112年03月15日","112年03月15日","112年10月12日","112年10月16日","0.088","    328.50","","",
="038658","國巨元大2A購07","0.00","","2327","國巨","508.00","＋","認購","美式","112年03月15日","112年03月15日","112年10月12日","112年10月16日","0.039","    588.00","","",
="038659","金像電元大29購06","0.00","","2368","金像電","121.50","","認購","美式","112年03月15日","112年03月15日","112年09月12日","112年09月14日","0.348","    100.45","","",
="03865C","臺股指凱基2C牛11","0.00","","IX0001","臺股指數","16,636.30","","認購","歐式","112年01月13日","112年12月12日","112年12月08日","112年12月12日","0.001","    12,825.14","","13,258.48",
="03865U","台積電富邦2A售07","0.00","","2330","台積電","568.00","＋","認售","歐式","112年02月01日","112年10月02日","112年09月27日","112年10月02日","0.06","    397.85","","",
="038660","友達元大2A購07","0.00","","2409","友達","17.65","＋","認購","美式","112年03月15日","112年03月15日","112年10月12日","112年10月16日","0.698","    19.80","","",
="038661","友達元大2B購03","0.87","","2409","友達","17.65","＋","認購","美式","112年03月15日","112年03月15日","112年11月10日","112年11月14日","0.656","    20.45","","",
="038662","聯發科元大2A購07","1.75","＋","2454","聯發科","738.00","＋","認購","美式","112年03月15日","112年03月15日","112年10月12日","112年10月16日","0.031","    839.00","","",
="038663","怡利電元大29購01","0.00","","2497","怡利電","71.30","＋","認購","美式","112年03月15日","112年03月15日","112年09月12日","112年09月14日","0.259","    99.80","","",
="038664","漢翔元大2A購07","8.30","＋","2634","漢翔","55.80","＋","認購","美式","112年03月15日","112年03月15日","112年10月12日","112年10月16日","0.954","    54.80","","",
="038665","美食元大2A購02","1.07","－","2723","美食-KY","152.50","－","認購","美式","112年03月15日","112年03月15日","112年10月12日","112年10月16日","0.06","    159.00","","",
="038666","大立光元大2A購04","0.65","","3008","大立光","2,305.00","＋","認購","美式","112年03月15日","112年03月15日","112年10月12日","112年10月16日","0.018","    3,430.45","","",
="038667","智原元大2A購05","1.04","＋","3035","智原","173.50","＋","認購","美式","112年03月15日","112年03月15日","112年10月12日","112年10月16日","0.06","    204.00","","",
="038668","智原元大2B購03","0.00","","3035","智原","173.50","＋","認購","美式","112年03月15日","112年03月15日","112年11月10日","112年11月14日","0.05","    210.00","","",
="038669","智原元大2C購01","0.83","＋","3035","智原","173.50","＋","認購","美式","112年03月15日","112年03月15日","112年12月12日","112年12月14日","0.08","    270.00","","",
="03866C","臺股指元大31牛01","3.90","＋","IX0001","臺股指數","16,636.30","","認購","歐式","112年02月01日","113年01月02日","112年12月28日","113年01月02日","0.001","    12,764.99","","13,738.68",
="03866U","聯發科富邦2A售03","0.00","","2454","聯發科","738.00","＋","認售","歐式","112年02月01日","112年10月02日","112年09月27日","112年10月02日","0.03","    550.00","","",
="038670","創意元大29購12","5.20","＋","3443","創意","1,515.00","＋","認購","美式","112年03月15日","112年03月15日","112年09月12日","112年09月14日","0.016","    1,390.00","","",
="038671","創意元大29購13","0.00","","3443","創意","1,515.00","＋","認購","美式","112年03月15日","112年03月15日","112年09月12日","112年09月14日","0.008","    1,075.00","","",
="038672","創意元大33購01","2.03","＋","3443","創意","1,515.00","＋","認購","美式","112年03月15日","112年03月15日","113年03月12日","113年03月14日","0.005","    1,550.00","","",
="038673","貿聯元大2A購10","0.00","","3665","貿聯-KY","270.50","＋","認購","美式","112年03月15日","112年03月15日","112年10月12日","112年10月16日","0.058","    289.86","","",
="038674","拓凱元大29購04","0.97","＋","4536","拓凱","196.50","＋","認購","美式","112年03月15日","112年03月15日","112年09月12日","112年09月14日","0.048","    216.00","","",
="038675","和碩元大29購02","0.00","","4938","和碩","74.70","＋","認購","美式","112年03月15日","112年03月15日","112年09月12日","112年09月14日","0.417","    75.70","","",
="038676","穎崴元大29購06","0.00","","6515","穎崴","830.00","－","認購","美式","112年03月15日","112年03月15日","112年09月12日","112年09月14日","0.014","    619.00","","",
="038677","晶心科元大2A購03","0.00","","6533","晶心科","511.00","＋","認購","美式","112年03月15日","112年03月15日","112年10月12日","112年10月16日","0.036","    765.00","","",
="038678","帝寶元大29購03","0.00","","6605","帝寶","99.80","＋","認購","美式","112年03月15日","112年03月15日","112年09月12日","112年09月14日","0.567","    139.00","","",
="038679","力智元大2A購03","0.55","＋","6719","力智","303.00","＋","認購","美式","112年03月15日","112年03月15日","112年10月12日","112年10月16日","0.056","    478.00","","",
="03867C","臺股指凱基2B牛09","3.25","＋","IX0001","臺股指數","16,636.30","","認購","歐式","112年02月02日","112年11月01日","112年10月30日","112年11月01日","0.001","    13,348.12","","13,878.12",
="03867U","上証2X凱基2A售03","0.00","",="00633L","富邦上証正2","35.01","－","認售","歐式","112年02月01日","112年10月02日","112年09月27日","112年10月02日","0.20","    45.00","","",
="038680","東哥元大2A購09","3.08","－","8478","東哥遊艇","520.00","＋","認購","美式","112年03月15日","112年03月15日","112年10月12日","112年10月16日","0.021","    429.00","","",
="038681","中興電兆豐31購01","1.52","＋","1513","中興電","113.50","＋","認購","美式","112年03月15日","112年03月15日","113年01月11日","113年01月15日","0.08","    108.00","","",
="038682","元油反第一2C購01","0.00","",="00673R","期元大S&P原油反1(原名：元大S&P原油反1)","9.03","－","認購","美式","112年03月15日","112年03月15日","112年12月12日","112年12月14日","1.00","    9.56","","",
="038683","慧洋第一29購01","0.00","","2637","慧洋-KY","60.30","＋","認購","美式","112年03月15日","112年03月15日","112年09月12日","112年09月14日","0.437","    71.84","","",
="038684","台勝科第一2A購01","1.88","＋","3532","台勝科","157.00","＋","認購","美式","112年03月15日","112年03月15日","112年10月12日","112年10月16日","0.11","    185.56","","",
="038685","華城群益29購01","0.00","","1519","華城","141.00","＋","認購","美式","112年03月15日","112年03月15日","112年09月12日","112年09月14日","0.20","    95.00","","",
="038686","寶齡群益29購02","0.00","","1760","寶齡富錦","148.50","","認購","美式","112年03月15日","112年03月15日","112年09月12日","112年09月14日","0.022","    188.00","","",
="038687","威盛群益29購04","0.36","","2388","威盛","83.10","＋","認購","美式","112年03月15日","112年03月15日","112年09月12日","112年09月14日","0.10","    115.00","","",
="038688","威盛群益2B購01","0.65","","2388","威盛","83.10","＋","認購","美式","112年03月15日","112年03月15日","112年11月10日","112年11月14日","0.25","    142.00","","",
="038689","慧洋群益29購01","0.15","＋","2637","慧洋-KY","60.30","＋","認購","美式","112年03月15日","112年03月15日","112年09月12日","112年09月14日","0.56","    88.22","","",
="03868C","臺股指元大2C牛01","0.00","","IX0001","臺股指數","16,636.30","","認購","歐式","112年02月02日","112年12月01日","112年11月29日","112年12月01日","0.001","    12,734.41","","13,878.12",
="03868U","裕隆凱基27售07","0.00","","2201","裕隆","82.80","＋","認售","歐式","112年02月01日","112年07月31日","112年07月27日","112年07月31日","0.25","    60.00","","",
="038690","祥碩群益2A購01","1.18","＋","5269","祥碩","1,300.00","＋","認購","美式","112年03月15日","112年03月15日","112年10月12日","112年10月16日","0.012","    1,600.00","","",
="038691","穎崴群益29購03","4.59","＋","6515","穎崴","830.00","－","認購","美式","112年03月15日","112年03月15日","112年09月12日","112年09月14日","0.038","    888.00","","",
="038692","富鼎群益29購01","0.55","","8261","富鼎","106.50","＋","認購","美式","112年03月15日","112年03月15日","112年09月12日","112年09月14日","0.15","    138.00","","",
="038693","東陽統一2C購01","0.73","","1319","東陽","49.90","＋","認購","美式","112年03月15日","112年03月15日","112年12月12日","112年12月14日","0.088","    51.88","","",
="038694","中興電統一33購02","0.85","＋","1513","中興電","113.50","＋","認購","美式","112年03月15日","112年03月15日","113年03月12日","113年03月14日","0.025","    100.00","","",
="038695","威盛統一31購05","0.00","","2388","威盛","83.10","＋","認購","美式","112年03月15日","112年03月15日","113年01月11日","113年01月15日","0.033","    117.50","","",
="038696","威盛統一33購04","0.00","","2388","威盛","83.10","＋","認購","美式","112年03月15日","112年03月15日","113年03月12日","113年03月14日","0.028","    123.45","","",
="038697","威盛統一33購05","0.32","＋","2388","威盛","83.10","＋","認購","美式","112年03月15日","112年03月15日","113年03月12日","113年03月14日","0.025","    138.88","","",
="038698","長榮統一33購04","0.00","","2603","長榮","157.00","＋","認購","美式","112年03月15日","112年03月15日","113年03月12日","113年03月14日","0.031","    188.88","","",
="038699","陽明統一33購02","0.00","","2609","陽明","62.00","＋","認購","美式","112年03月15日","112年03月15日","113年03月12日","113年03月14日","0.10","    88.88","","",
="03869C","臺股指元大31牛03","0.00","","IX0001","臺股指數","16,636.30","","認購","歐式","112年02月02日","113年01月02日","112年12月28日","113年01月02日","0.001","    12,427.56","","13,569.71",
="03869P","長榮第一2B售01","0.74","－","2603","長榮","157.00","＋","認售","歐式","111年10月07日","112年11月06日","112年11月02日","112年11月06日","0.025","    147.73","","",
="03869U","聯電凱基27售10","0.00","","2303","聯電","51.20","＋","認售","歐式","112年02月01日","112年07月31日","112年07月27日","112年07月31日","0.40","    45.00","","",
="038700","漢翔統一31購01","0.00","","2634","漢翔","55.80","＋","認購","美式","112年03月15日","112年03月15日","113年01月11日","113年01月15日","0.11","    49.20","","",
="038701","晶豪科統一2C購01","0.81","＋","3006","晶豪科","88.20","＋","認購","美式","112年03月15日","112年03月15日","112年12月12日","112年12月14日","0.05","    92.70","","",
="038702","玉晶光統一34購01","0.88","＋","3406","玉晶光","400.00","＋","認購","美式","112年03月15日","112年03月15日","113年04月11日","113年04月15日","0.008","    375.00","","",
="038703","創意統一2B購06","1.70","＋","3443","創意","1,515.00","＋","認購","美式","112年03月15日","112年03月15日","112年11月10日","112年11月14日","0.003","    1,111.11","","",
="038704","國光生統一31購02","0.00","","4142","國光生","37.80","＋","認購","美式","112年03月15日","112年03月15日","113年01月11日","113年01月15日","0.06","    45.30","","",
="038705","立積統一31購01","0.00","","4968","立積","170.00","＋","認購","美式","112年03月15日","112年03月15日","113年01月11日","113年01月15日","0.022","    144.30","","",
="038706","祥碩統一35購01","0.69","＋","5269","祥碩","1,300.00","＋","認購","美式","112年03月15日","112年03月15日","113年05月10日","113年05月14日","0.001","    1,566.66","","",
="038707","樺漢統一33購01","0.98","＋","6414","樺漢","281.00","＋","認購","美式","112年03月15日","112年03月15日","113年03月12日","113年03月14日","0.014","    268.88","","",
="038708","穎崴統一32購02","1.46","－","6515","穎崴","830.00","－","認購","美式","112年03月15日","112年03月15日","113年02月02日","113年02月15日","0.006","    777.77","","",
="038709","帝寶統一33購01","0.72","－","6605","帝寶","99.80","＋","認購","美式","112年03月15日","112年03月15日","113年03月12日","113年03月14日","0.025","    106.66","","",
="03870C","台積電富邦32牛01","1.60","＋","2330","台積電","568.00","＋","認購","歐式","112年02月06日","113年02月05日","113年02月01日","113年02月05日","0.01","    430.47","","458.22",
="03870P","長榮航第一29售03","0.00","","2618","長榮航","33.60","＋","認售","歐式","111年10月07日","112年09月06日","112年09月04日","112年09月06日","0.15","    26.81","","",
="03870U","台積電凱基27售26","0.00","","2330","台積電","568.00","＋","認售","歐式","112年02月01日","112年07月31日","112年07月27日","112年07月31日","0.302","    368.01","","",
="038710","威鋒電統一2C購02","0.64","","6756","威鋒電子","223.00","＋","認購","美式","112年03月15日","112年03月15日","112年12月12日","112年12月14日","0.018","    230.71","","",
="038711","東哥統一33購02","1.34","－","8478","東哥遊艇","520.00","＋","認購","美式","112年03月15日","112年03月15日","113年03月12日","113年03月14日","0.006","    430.50","","",
="038712","儲能凱基2C購01","0.51","",="00902","中信電池及儲能","11.71","－","認購","美式","112年03月15日","112年03月15日","112年12月12日","112年12月14日","1.00","    14.00","","",
="038713","中興電凱基29購07","0.00","","1513","中興電","113.50","＋","認購","美式","112年03月15日","112年03月15日","112年09月12日","112年09月14日","0.12","    100.00","","",
="038714","華城凱基29購02","0.00","","1519","華城","141.00","＋","認購","美式","112年03月15日","112年03月15日","112年09月12日","112年09月14日","0.15","    74.00","","",
="038715","和大凱基29購01","0.00","","1536","和大","71.40","＋","認購","美式","112年03月15日","112年03月15日","112年09月12日","112年09月14日","0.20","    80.00","","",
="038716","華新凱基29購09","0.00","","1605","華新","46.60","＋","認購","美式","112年03月15日","112年03月15日","112年09月12日","112年09月14日","0.18","    55.50","","",
="038717","川湖凱基29購01","2.17","＋","2059","川湖","436.00","＋","認購","美式","112年03月15日","112年03月15日","112年09月12日","112年09月14日","0.05","    450.00","","",
="038718","鴻海凱基2A購09","0.00","","2317","鴻海","105.50","＋","認購","美式","112年03月15日","112年03月15日","112年10月12日","112年10月16日","0.18","    113.00","","",
="038719","鴻海凱基2B購05","0.52","＋","2317","鴻海","105.50","＋","認購","美式","112年03月15日","112年03月15日","112年11月10日","112年11月14日","0.60","    144.00","","",
="03871P","聯電康和26售02","0.00","","2303","聯電","51.20","＋","認售","歐式","111年10月07日","112年06月06日","112年06月02日","112年06月06日","0.80","    30.00","","",
="03871U","全新凱基27售01","0.00","","2455","全新","100.00","","認售","歐式","112年02月01日","112年07月31日","112年07月27日","112年07月31日","0.20","    55.00","","",
="038720","國巨凱基2A購03","0.00","","2327","國巨","508.00","＋","認購","美式","112年03月15日","112年03月15日","112年10月12日","112年10月16日","0.03","    570.00","","",
="038721","威盛凱基2A購05","0.58","","2388","威盛","83.10","＋","認購","美式","112年03月15日","112年03月15日","112年10月12日","112年10月16日","0.065","    97.00","","",
="038722","宏達電凱基2A購04","0.00","","2498","宏達電","61.50","＋","認購","美式","112年03月15日","112年03月15日","112年10月12日","112年10月16日","0.40","    87.00","","",
="038723","長榮凱基2B購04","0.46","＋","2603","長榮","157.00","＋","認購","美式","112年03月15日","112年03月15日","112年11月10日","112年11月14日","0.085","    199.00","","",
="038724","陽明凱基2B購03","0.34","","2609","陽明","62.00","＋","認購","美式","112年03月15日","112年03月15日","112年11月10日","112年11月14日","0.25","    86.00","","",
="038725","創意凱基29購06","2.62","＋","3443","創意","1,515.00","＋","認購","美式","112年03月15日","112年03月15日","112年09月12日","112年09月14日","0.007","    1,250.00","","",
="038726","創意凱基2A購04","2.60","＋","3443","創意","1,515.00","＋","認購","美式","112年03月15日","112年03月15日","112年10月12日","112年10月16日","0.007","    1,300.00","","",
="038727","創意凱基2B購05","2.49","＋","3443","創意","1,515.00","＋","認購","美式","112年03月15日","112年03月15日","112年11月10日","112年11月14日","0.007","    1,400.00","","",
="038728","創意凱基2B購06","2.25","＋","3443","創意","1,515.00","＋","認購","美式","112年03月15日","112年03月15日","112年11月10日","112年11月14日","0.008","    1,500.00","","",
="038729","碩天凱基29購03","0.00","","3617","碩天","191.00","－","認購","美式","112年03月15日","112年03月15日","112年09月12日","112年09月14日","0.055","    120.00","","",
="03872C","臺股指凱基2C牛12","3.19","＋","IX0001","臺股指數","16,636.30","","認購","歐式","112年02月14日","112年12月13日","112年12月11日","112年12月13日","0.001","    13,541.95","","13,989.85",
="03872U","長榮凱基31售02","0.00","","2603","長榮","157.00","＋","認售","歐式","112年02月01日","113年01月31日","113年01月29日","113年01月31日","0.15","    100.00","","",
="038730","國光生凱基29購01","0.00","","4142","國光生","37.80","＋","認購","美式","112年03月15日","112年03月15日","112年09月12日","112年09月14日","0.25","    48.00","","",
="038731","承業醫凱基29購01","0.00","","4164","承業醫","64.10","","認購","美式","112年03月15日","112年03月15日","112年09月12日","112年09月14日","0.12","    75.00","","",
="038732","拓凱凱基2A購01","0.85","＋","4536","拓凱","196.50","＋","認購","美式","112年03月15日","112年03月15日","112年10月12日","112年10月16日","0.05","    240.00","","",
="038733","拓凱凱基2B購01","0.78","","4536","拓凱","196.50","＋","認購","美式","112年03月15日","112年03月15日","112年11月10日","112年11月14日","0.06","    270.00","","",
="038734","祥碩凱基2A購03","1.03","＋","5269","祥碩","1,300.00","＋","認購","美式","112年03月15日","112年03月15日","112年10月12日","112年10月16日","0.01","    1,600.00","","",
="038735","穎崴凱基29購04","2.47","","6515","穎崴","830.00","－","認購","美式","112年03月15日","112年03月15日","112年09月12日","112年09月14日","0.017","    780.00","","",
="038736","力智凱基29購04","0.00","","6719","力智","303.00","＋","認購","美式","112年03月15日","112年03月15日","112年09月12日","112年09月14日","0.035","    425.00","","",
="038737","采鈺凱基2B購01","0.89","＋","6789","采鈺","224.00","＋","認購","美式","112年03月15日","112年03月15日","112年11月10日","112年11月14日","0.05","    280.00","","",
="038738","南電凱基29購08","1.91","－","8046","南電","302.50","－","認購","美式","112年03月15日","112年03月15日","112年09月12日","112年09月14日","0.065","    315.00","","",
="038739","鈺齊凱基29購01","0.50","－","9802","鈺齊-KY","124.00","－","認購","美式","112年03月15日","112年03月15日","112年09月12日","112年09月14日","0.061","    143.66","","",
="03873C","臺股指元大2C牛03","3.74","＋","IX0001","臺股指數","16,636.30","","認購","歐式","112年02月16日","112年12月15日","112年12月13日","112年12月15日","0.001","    12,901.26","","13,889.60",
="03873U","聯詠凱基27售10","0.23","","3034","聯詠","423.50","＋","認售","歐式","112年02月01日","112年07月31日","112年07月27日","112年07月31日","0.04","    340.00","","",
="038740","滬深2X元富33購01","1.20","－",="00637L","元大滬深300正2","13.77","－","認購","美式","112年03月15日","112年03月15日","113年03月12日","113年03月14日","1.00","    17.50","","",
="038741","元日2X元富33購01","0.56","－",="00706L","期元大S&P日圓正2(原名：元大S&P日圓正2)","8.72","－","認購","美式","112年03月15日","112年03月15日","113年03月12日","113年03月14日","1.00","    10.00","","",
="038742","華城元富29購01","0.00","","1519","華城","141.00","＋","認購","美式","112年03月15日","112年03月15日","112年09月12日","112年09月14日","0.23","    100.00","","",
="038743","祥碩元富2A購01","0.00","","5269","祥碩","1,300.00","＋","認購","美式","112年03月15日","112年03月15日","112年10月12日","112年10月16日","0.04","    1,250.00","","",
="038744","祥碩元富31購01","0.97","＋","5269","祥碩","1,300.00","＋","認購","美式","112年03月15日","112年03月15日","113年01月11日","113年01月15日","0.005","    1,550.00","","",
="038745","佳世達麥證29購01","6.15","＋","2352","佳世達","40.20","＋","認購","歐式","112年03月15日","112年09月14日","112年09月12日","112年09月14日","1.00","    35.00","","",
="038746","創意麥證2A購02","1.94","＋","3443","創意","1,515.00","＋","認購","歐式","112年03月15日","112年10月16日","112年10月12日","112年10月16日","0.005","    1,250.00","","",
="038747","臺股指麥證29購06","0.00","","IX0001","臺股指數","16,636.30","","認購","歐式","112年03月15日","112年09月14日","112年09月12日","112年09月14日","0.05","    22,000.00","","",
="038748","上証2X國票2A購01","0.23","－",="00633L","富邦上証正2","35.01","－","認購","美式","112年03月15日","112年03月15日","112年10月12日","112年10月16日","1.00","    56.00","","",
="038749","香港2X國票2C購01","0.60","＋",="00650L","FH香港正2","11.60","＋","認購","美式","112年03月15日","112年03月15日","112年12月12日","112年12月14日","0.413","    13.00","","",
="03874C","臺股指凱基2C牛14","0.00","","IX0001","臺股指數","16,636.30","","認購","歐式","112年02月24日","112年12月25日","112年12月21日","112年12月25日","0.001","    13,499.87","","14,053.87",
="03874U","力智凱基27售02","0.52","－","6719","力智","303.00","＋","認售","歐式","112年02月01日","112年07月31日","112年07月27日","112年07月31日","0.04","    240.00","","",
="038750","精英國票2A購01","2.80","","2331","精英","28.70","＋","認購","美式","112年03月15日","112年03月15日","112年10月12日","112年10月16日","0.621","    27.04","","",
="038751","英業達國票2A購01","4.93","＋","2356","英業達","37.50","＋","認購","美式","112年03月15日","112年03月15日","112年10月12日","112年10月16日","0.70","    32.00","","",
="038752","威盛國票2A購04","0.70","","2388","威盛","83.10","＋","認購","美式","112年03月15日","112年03月15日","112年10月12日","112年10月16日","0.40","    140.00","","",
="038753","美食國票2A購04","1.63","－","2723","美食-KY","152.50","－","認購","美式","112年03月15日","112年03月15日","112年10月12日","112年10月16日","0.161","    180.00","","",
="038754","欣興國票2A購01","2.72","－","3037","欣興","182.50","－","認購","美式","112年03月15日","112年03月15日","112年10月12日","112年10月16日","0.15","    195.00","","",
="038755","敦泰國票2A購01","2.63","","3545","敦泰","83.70","＋","認購","美式","112年03月15日","112年03月15日","112年10月12日","112年10月16日","0.738","    111.00","","",
="038756","碩天國票2A購01","0.00","","3617","碩天","191.00","－","認購","美式","112年03月15日","112年03月15日","112年10月12日","112年10月16日","0.08","    130.00","","",
="038757","拓凱國票2A購03","0.00","","4536","拓凱","196.50","＋","認購","美式","112年03月15日","112年03月15日","112年10月12日","112年10月16日","0.12","    290.00","","",
="038758","正文國票2A購01","0.00","","4906","正文","31.40","＋","認購","美式","112年03月15日","112年03月15日","112年10月12日","112年10月16日","0.50","    32.00","","",
="038759","中磊國票2A購02","2.30","＋","5388","中磊","93.30","＋","認購","美式","112年03月15日","112年03月15日","112年10月12日","112年10月16日","0.63","    123.80","","",
="03875C","臺股指元大31牛05","0.00","","IX0001","臺股指數","16,636.30","","認購","歐式","112年03月02日","113年01月02日","112年12月28日","113年01月02日","0.001","    12,907.45","","14,038.64",
="03875P","大立光康和26售01","0.00","","3008","大立光","2,305.00","＋","認售","歐式","111年10月07日","112年06月06日","112年06月02日","112年06月06日","0.012","    1,317.29","","",
="03875U","上銀元富27售01","0.00","","2049","上銀","235.50","＋","認售","歐式","112年02月01日","112年07月31日","112年07月27日","112年07月31日","0.10","    180.00","","",
="038760","帝寶國票2A購01","0.00","","6605","帝寶","99.80","＋","認購","美式","112年03月15日","112年03月15日","112年10月12日","112年10月16日","0.30","    130.00","","",
="038761","南電國票2A購02","2.34","－","8046","南電","302.50","－","認購","美式","112年03月15日","112年03月15日","112年10月12日","112年10月16日","0.16","    390.00","","",
="038762","臺股指國票2A購11","0.00","","IX0001","臺股指數","16,636.30","","認購","歐式","112年03月15日","112年10月16日","112年10月12日","112年10月16日","0.025","    18,588.00","","",
="038763","臺股指國票2B購06","0.00","","IX0001","臺股指數","16,636.30","","認購","歐式","112年03月15日","112年11月14日","112年11月10日","112年11月14日","0.03","    19,588.00","","",
="038764","臺股指國票2C購02","0.00","","IX0001","臺股指數","16,636.30","","認購","歐式","112年03月15日","112年12月14日","112年12月12日","112年12月14日","0.05","    21,088.00","","",
="038765","T50反1國泰2B購01","0.00","",="00632R","元大台灣50反1","4.94","－","認購","美式","112年03月15日","112年03月15日","112年11月10日","112年11月14日","1.00","    5.90","","",
="038766","A50正2國泰2B購01","0.00","",="00655L","國泰中國A50正2","24.65","－","認購","美式","112年03月15日","112年03月15日","112年11月10日","112年11月14日","0.50","    29.50","","",
="038767","聯電國泰2B購02","1.07","＋","2303","聯電","51.20","＋","認購","美式","112年03月15日","112年03月15日","112年11月10日","112年11月14日","0.50","    60.00","","",
="038768","鴻海國泰2B購01","0.59","＋","2317","鴻海","105.50","＋","認購","美式","112年03月15日","112年03月15日","112年11月10日","112年11月14日","0.20","    123.00","","",
="038769","陽明國泰2B購04","0.00","","2609","陽明","62.00","＋","認購","美式","112年03月15日","112年03月15日","112年11月10日","112年11月14日","0.40","    90.00","","",
="03876C","臺股指元大32牛01","4.26","＋","IX0001","臺股指數","16,636.30","","認購","歐式","112年03月02日","113年02月01日","113年01月30日","113年02月01日","0.001","    12,440.91","","13,726.67",
="03876U","瑞昱元富27售01","0.20","－","2379","瑞昱","388.00","＋","認售","歐式","112年02月01日","112年07月31日","112年07月27日","112年07月31日","0.08","    290.00","","",
="038770","萬海國泰2B購01","0.00","","2615","萬海","60.00","＋","認購","美式","112年03月15日","112年03月15日","112年11月10日","112年11月14日","0.25","    97.16","","",
="038771","漢翔國泰2B購01","5.90","","2634","漢翔","55.80","＋","認購","美式","112年03月15日","112年03月15日","112年11月10日","112年11月14日","0.50","    47.67","","",
="038772","健策國泰2B購01","0.00","","3653","健策","616.00","＋","認購","美式","112年03月15日","112年03月15日","112年11月10日","112年11月14日","0.04","    500.00","","",
="038773","全訊國泰2B購01","3.95","＋","5222","全訊","198.00","＋","認購","美式","112年03月15日","112年03月15日","112年11月10日","112年11月14日","0.102","    182.04","","",
="038774","力智國泰2B購01","0.00","","6719","力智","303.00","＋","認購","美式","112年03月15日","112年03月15日","112年11月10日","112年11月14日","0.05","    402.60","","",
="038775","華通富邦2A購01","0.66","－","2313","華通","44.30","＋","認購","美式","112年03月15日","112年03月15日","112年10月12日","112年10月16日","0.478","    56.50","","",
="038776","長榮富邦2B購02","0.09","","2603","長榮","157.00","＋","認購","美式","112年03月15日","112年03月15日","112年11月10日","112年11月14日","0.10","    240.00","","",
="038777","陽明富邦31購02","0.00","","2609","陽明","62.00","＋","認購","美式","112年03月15日","112年03月15日","113年01月11日","113年01月15日","0.08","    90.00","","",
="038778","萬海富邦2C購01","0.00","","2615","萬海","60.00","＋","認購","美式","112年03月15日","112年03月15日","112年12月12日","112年12月14日","0.10","    110.00","","",
="038779","漢翔富邦2A購02","2.92","＋","2634","漢翔","55.80","＋","認購","美式","112年03月15日","112年03月15日","112年10月12日","112年10月16日","0.40","    55.00","","",
="03877C","元債2X凱基31牛01","3.86","＋",="00680L","元大美債20正2","10.96","＋","認購","歐式","112年03月09日","113年01月08日","113年01月04日","113年01月08日","1.00","    7.48","","7.80",
="03877U","玉晶光元富27售03","0.20","","3406","玉晶光","400.00","＋","認售","歐式","112年02月01日","112年07月31日","112年07月27日","112年07月31日","0.06","    290.00","","",
="038780","創意富邦31購02","1.30","＋","3443","創意","1,515.00","＋","認購","美式","112年03月15日","112年03月15日","113年01月11日","113年01月15日","0.002","    980.00","","",
="038781","陽明第一2B購01","0.00","","2609","陽明","62.00","＋","認購","美式","112年03月16日","112年03月16日","112年11月13日","112年11月15日","0.086","    75.04","","",
="038782","T50反1兆豐36購01","0.19","－",="00632R","元大台灣50反1","4.94","－","認購","美式","112年03月16日","112年03月16日","113年06月13日","113年06月17日","1.00","    6.00","","",
="038783","祥碩兆豐2B購01","1.10","＋","5269","祥碩","1,300.00","＋","認購","美式","112年03月16日","112年03月16日","112年11月13日","112年11月15日","0.006","    1,450.00","","",
="038784","華城統一2B購03","5.30","＋","1519","華城","141.00","＋","認購","美式","112年03月16日","112年03月16日","112年11月13日","112年11月15日","0.09","    88.88","","",
="038785","智原統一2B購03","0.44","＋","3035","智原","173.50","＋","認購","美式","112年03月16日","112年03月16日","112年11月13日","112年11月15日","0.022","    204.00","","",
="038786","創意統一2A購07","2.17","＋","3443","創意","1,515.00","＋","認購","美式","112年03月16日","112年03月16日","112年10月12日","112年10月16日","0.005","    1,250.00","","",
="038787","創意統一2B購07","1.35","＋","3443","創意","1,515.00","＋","認購","美式","112年03月16日","112年03月16日","112年11月13日","112年11月15日","0.004","    1,420.00","","",
="038788","創意統一2B購08","1.55","＋","3443","創意","1,515.00","＋","認購","美式","112年03月16日","112年03月16日","112年11月13日","112年11月15日","0.003","    1,200.00","","",
="038789","創意統一31購04","1.25","＋","3443","創意","1,515.00","＋","認購","美式","112年03月16日","112年03月16日","113年01月11日","113年01月15日","0.003","    1,333.33","","",
="03878C","臺股指元大2C牛09","0.00","","IX0001","臺股指數","16,636.30","","認購","歐式","112年03月09日","112年12月08日","112年12月06日","112年12月08日","0.001","    13,145.58","","14,236.38",
="03878U","裕隆麥證27售04","0.00","","2201","裕隆","82.80","＋","認售","歐式","112年02月01日","112年07月31日","112年07月27日","112年07月31日","0.222","    44.00","","",
="038790","創意統一31購05","1.30","＋","3443","創意","1,515.00","＋","認購","美式","112年03月16日","112年03月16日","113年01月11日","113年01月15日","0.003","    1,500.00","","",
="038791","晶心科統一2B購11","0.23","","6533","晶心科","511.00","＋","認購","美式","112年03月16日","112年03月16日","112年11月13日","112年11月15日","0.009","    735.88","","",
="038792","晶心科統一33購01","0.60","＋","6533","晶心科","511.00","＋","認購","美式","112年03月16日","112年03月16日","113年03月13日","113年03月15日","0.005","    567.89","","",
="038793","威鋒電統一33購01","0.75","","6756","威鋒電子","223.00","＋","認購","美式","112年03月16日","112年03月16日","113年03月13日","113年03月15日","0.017","    279.67","","",
="038794","香港2X凱基31購01","0.62","＋",="00650L","FH香港正2","11.60","＋","認購","美式","112年03月16日","112年03月16日","113年01月11日","113年01月15日","1.00","    18.00","","",
="038795","華新凱基2B購04","0.00","","1605","華新","46.60","＋","認購","美式","112年03月16日","112年03月16日","112年11月13日","112年11月15日","0.22","    65.50","","",
="038796","華新凱基2C購05","0.00","","1605","華新","46.60","＋","認購","美式","112年03月16日","112年03月16日","112年12月13日","112年12月15日","0.18","    60.50","","",
="038797","東鹼凱基29購01","0.00","","1708","東鹼","36.40","＋","認購","美式","112年03月16日","112年03月16日","112年09月13日","112年09月15日","0.40","    50.00","","",
="038798","聯電凱基2A購06","0.74","＋","2303","聯電","51.20","＋","認購","美式","112年03月16日","112年03月16日","112年10月12日","112年10月16日","0.20","    53.00","","",
="038799","台達電凱基2A購01","1.26","－","2308","台達電","315.50","－","認購","美式","112年03月16日","112年03月16日","112年10月12日","112年10月16日","0.11","    360.00","","",
="03879C","臺股指凱基31牛01","0.00","","IX0001","臺股指數","16,636.30","","認購","歐式","112年03月10日","113年01月09日","113年01月05日","113年01月09日","0.002","    13,741.15","","14,193.59",
="03879U","新光鋼國票29售01","0.62","＋","2031","新光鋼","48.80","－","認售","歐式","112年02月02日","112年09月01日","112年08月30日","112年09月01日","0.359","    40.00","","",
="038800","鴻海凱基2A購10","0.87","＋","2317","鴻海","105.50","＋","認購","美式","112年03月16日","112年03月16日","112年10月12日","112年10月16日","0.12","    105.00","","",
="038801","鴻海凱基2A購11","0.00","","2317","鴻海","105.50","＋","認購","美式","112年03月16日","112年03月16日","112年10月12日","112年10月16日","0.23","    119.00","","",
="038802","華碩凱基29購01","0.00","","2357","華碩","303.50","－","認購","美式","112年03月16日","112年03月16日","112年09月13日","112年09月15日","0.06","    280.00","","",
="038803","漢唐凱基29購01","0.93","＋","2404","漢唐","227.50","＋","認購","美式","112年03月16日","112年03月16日","112年09月13日","112年09月15日","0.06","    240.00","","",
="038804","友達凱基2B購02","0.32","＋","2409","友達","17.65","＋","認購","美式","112年03月16日","112年03月16日","112年11月13日","112年11月15日","1.00","    25.00","","",
="038805","聯發科凱基2A購05","0.00","","2454","聯發科","738.00","＋","認購","美式","112年03月16日","112年03月16日","112年10月12日","112年10月16日","0.045","    940.00","","",
="038806","長榮凱基29購12","0.34","","2603","長榮","157.00","＋","認購","美式","112年03月16日","112年03月16日","112年09月13日","112年09月15日","0.06","    183.00","","",
="038807","長榮凱基2A購09","0.00","","2603","長榮","157.00","＋","認購","美式","112年03月16日","112年03月16日","112年10月12日","112年10月16日","0.10","    212.00","","",
="038808","萬海凱基29購08","0.00","","2615","萬海","60.00","＋","認購","美式","112年03月16日","112年03月16日","112年09月13日","112年09月15日","0.13","    82.00","","",
="038809","長榮航凱基2A購04","3.51","＋","2618","長榮航","33.60","＋","認購","美式","112年03月16日","112年03月16日","112年10月12日","112年10月16日","0.50","    28.00","","",
="03880C","T50反1元大2C牛04","0.61","－",="00632R","元大台灣50反1","4.94","－","認購","歐式","112年03月13日","112年12月12日","112年12月08日","112年12月12日","1.00","    4.53","","4.83",
="03880P","鴻海國票28售01","0.00","","2317","鴻海","105.50","＋","認售","歐式","111年10月07日","112年08月07日","112年08月03日","112年08月07日","1.00","    60.00","","",
="03880U","台積電國票28售04","0.66","－","2330","台積電","568.00","＋","認售","歐式","112年02月02日","112年08月01日","112年07月28日","112年08月01日","0.04","    537.09","","",
="038810","漢翔凱基29購01","0.00","","2634","漢翔","55.80","＋","認購","美式","112年03月16日","112年03月16日","112年09月13日","112年09月15日","0.65","    46.00","","",
="038811","台驊控凱基29購01","0.55","－","2636","台驊投控","71.70","","認購","美式","112年03月16日","112年03月16日","112年09月13日","112年09月15日","0.214","    93.46","","",
="038812","慧洋凱基29購02","0.00","","2637","慧洋-KY","60.30","＋","認購","美式","112年03月16日","112年03月16日","112年09月13日","112年09月15日","0.28","    66.92","","",
="038813","大立光凱基2B購04","0.54","＋","3008","大立光","2,305.00","＋","認購","美式","112年03月16日","112年03月16日","112年11月13日","112年11月15日","0.01","    3,332.44","","",
="038814","智原凱基2B購01","0.85","＋","3035","智原","173.50","＋","認購","美式","112年03月16日","112年03月16日","112年11月13日","112年11月15日","0.065","    225.00","","",
="038815","欣興凱基2A購06","0.00","","3037","欣興","182.50","－","認購","美式","112年03月16日","112年03月16日","112年10月12日","112年10月16日","0.095","    169.00","","",
="038816","創意凱基2C購02","2.45","＋","3443","創意","1,515.00","＋","認購","美式","112年03月16日","112年03月16日","112年12月13日","112年12月15日","0.005","    1,175.00","","",
="038817","創意凱基33購01","2.32","＋","3443","創意","1,515.00","＋","認購","美式","112年03月16日","112年03月16日","113年03月13日","113年03月15日","0.006","    1,575.00","","",
="038818","群創凱基2B購03","0.35","＋","3481","群創","14.10","＋","認購","美式","112年03月16日","112年03月16日","112年11月13日","112年11月15日","1.00","    19.50","","",
="038819","貿聯凱基29購02","1.05","＋","3665","貿聯-KY","270.50","＋","認購","美式","112年03月16日","112年03月16日","112年09月13日","112年09月15日","0.07","    298.82","","",
="03881C","臺股指元大2C牛24","3.50","＋","IX0001","臺股指數","16,636.30","","認購","歐式","112年03月27日","112年12月26日","112年12月22日","112年12月26日","0.001","    13,188.14","","14,323.23",
="03881U","台積電國票28售05","0.28","－","2330","台積電","568.00","＋","認售","歐式","112年02月02日","112年08月01日","112年07月28日","112年08月01日","0.05","    497.31","","",
="038820","拓凱凱基29購04","0.95","＋","4536","拓凱","196.50","＋","認購","美式","112年03月16日","112年03月16日","112年09月13日","112年09月15日","0.044","    215.00","","",
="038821","新唐凱基29購03","0.33","","4919","新唐","130.50","＋","認購","美式","112年03月16日","112年03月16日","112年09月13日","112年09月15日","0.06","    160.00","","",
="038822","祥碩凱基2A購04","1.72","＋","5269","祥碩","1,300.00","＋","認購","美式","112年03月16日","112年03月16日","112年10月12日","112年10月16日","0.006","    1,100.00","","",
="038823","世紀鋼凱基29購04","0.48","＋","9958","世紀鋼","109.50","＋","認購","美式","112年03月16日","112年03月16日","112年09月13日","112年09月15日","0.12","    135.00","","",
="038824","臺股指凱基29購41","0.00","","IX0001","臺股指數","16,636.30","","認購","歐式","112年03月16日","112年09月15日","112年09月13日","112年09月15日","0.002","    15,000.00","","",
="038825","臺股指凱基31購02","0.00","","IX0001","臺股指數","16,636.30","","認購","歐式","112年03月16日","113年01月15日","113年01月11日","113年01月15日","0.012","    18,700.00","","",
="038826","上証2X群益29購03","0.00","",="00633L","富邦上証正2","35.01","－","認購","美式","112年03月16日","112年03月16日","112年09月13日","112年09月15日","0.36","    43.00","","",
="038827","滬深2X群益2A購02","0.50","",="00637L","元大滬深300正2","13.77","－","認購","美式","112年03月16日","112年03月16日","112年10月12日","112年10月16日","0.80","    17.00","","",
="038828","和大群益29購01","0.00","","1536","和大","71.40","＋","認購","美式","112年03月16日","112年03月16日","112年09月13日","112年09月15日","0.35","    90.00","","",
="038829","寶齡群益29購03","0.00","","1760","寶齡富錦","148.50","","認購","美式","112年03月16日","112年03月16日","112年09月13日","112年09月15日","0.06","    222.00","","",
="03882C","臺股指元大31牛12","0.00","","IX0001","臺股指數","16,636.30","","認購","歐式","112年03月27日","113年01月26日","113年01月24日","113年01月26日","0.001","    13,029.25","","14,164.08",
="03882U","台積電國票29售04","0.90","－","2330","台積電","568.00","＋","認售","歐式","112年02月02日","112年09月01日","112年08月30日","112年09月01日","0.05","    517.20","","",
="038830","台積電群益29購15","0.00","","2330","台積電","568.00","＋","認購","美式","112年03月16日","112年03月16日","112年09月13日","112年09月15日","0.075","    574.89","","",
="038831","台積電群益29購16","2.74","＋","2330","台積電","568.00","＋","認購","美式","112年03月16日","112年03月16日","112年09月13日","112年09月15日","0.101","    606.72","","",
="038832","威盛群益29購05","0.48","＋","2388","威盛","83.10","＋","認購","美式","112年03月16日","112年03月16日","112年09月13日","112年09月15日","0.254","    127.00","","",
="038833","友達群益2B購01","0.78","＋","2409","友達","17.65","＋","認購","美式","112年03月16日","112年03月16日","112年11月13日","112年11月15日","1.00","    21.88","","",
="038834","長榮群益29購04","0.00","","2603","長榮","157.00","＋","認購","美式","112年03月16日","112年03月16日","112年09月13日","112年09月15日","0.13","    211.00","","",
="038835","長榮群益29購05","0.00","","2603","長榮","157.00","＋","認購","美式","112年03月16日","112年03月16日","112年09月13日","112年09月15日","0.17","    227.00","","",
="038836","美食群益29購02","0.00","","2723","美食-KY","152.50","－","認購","美式","112年03月16日","112年03月16日","112年09月13日","112年09月15日","0.048","    166.00","","",
="038837","欣興群益29購02","3.98","－","3037","欣興","182.50","－","認購","美式","112年03月16日","112年03月16日","112年09月13日","112年09月15日","0.20","    188.88","","",
="038838","晶心科群益2B購01","1.06","＋","6533","晶心科","511.00","＋","認購","美式","112年03月16日","112年03月16日","112年11月13日","112年11月15日","0.07","    815.00","","",
="038839","東哥群益29購02","0.00","","8478","東哥遊艇","520.00","＋","認購","美式","112年03月16日","112年03月16日","112年09月13日","112年09月15日","0.036","    456.00","","",
="03883C","元債2X凱基32牛01","1.94","＋",="00680L","元大美債20正2","10.96","＋","認購","歐式","112年04月06日","113年02月05日","113年02月01日","113年02月05日","0.80","    9.05","","9.44",
="03883U","萬海國票29售01","0.00","","2615","萬海","60.00","＋","認售","歐式","112年02月02日","112年09月01日","112年08月30日","112年09月01日","0.20","    68.00","","",
="038840","滬深2X元大2C購02","0.43","＋",="00637L","元大滬深300正2","13.77","－","認購","美式","112年03月16日","112年03月16日","112年12月13日","112年12月15日","0.50","    18.00","","",
="038841","元油反元大29購03","0.00","",="00673R","期元大S&P原油反1(原名：元大S&P原油反1)","9.03","－","認購","美式","112年03月16日","112年03月16日","112年09月13日","112年09月15日","1.00","    10.50","","",
="038842","華新元大2A購21","0.00","","1605","華新","46.60","＋","認購","美式","112年03月16日","112年03月16日","112年10月12日","112年10月16日","0.353","    59.20","","",
="038843","裕隆元大2A購07","2.64","","2201","裕隆","82.80","＋","認購","美式","112年03月16日","112年03月16日","112年10月12日","112年10月16日","0.33","    96.30","","",
="038844","台達電元大29購09","1.99","－","2308","台達電","315.50","－","認購","美式","112年03月16日","112年03月16日","112年09月13日","112年09月15日","0.08","    319.00","","",
="038845","台達電元大2B購03","2.13","－","2308","台達電","315.50","－","認購","美式","112年03月16日","112年03月16日","112年11月13日","112年11月15日","0.05","    296.00","","",
="038846","鴻海元大2A購25","0.00","","2317","鴻海","105.50","＋","認購","美式","112年03月16日","112年03月16日","112年10月12日","112年10月16日","0.202","    111.50","","",
="038847","鴻海元大2B購15","1.24","＋","2317","鴻海","105.50","＋","認購","美式","112年03月16日","112年03月16日","112年11月13日","112年11月15日","0.221","    118.50","","",
="038848","鴻海元大2C購07","1.11","＋","2317","鴻海","105.50","＋","認購","美式","112年03月16日","112年03月16日","112年12月13日","112年12月15日","0.252","    126.50","","",
="038849","國巨元大2A購09","0.00","","2327","國巨","508.00","＋","認購","美式","112年03月16日","112年03月16日","112年10月12日","112年10月16日","0.041","    600.00","","",
="03884C","臺股指元大31牛19","0.00","","IX0001","臺股指數","16,636.30","","認購","歐式","112年04月25日","113年01月24日","113年01月22日","113年01月24日","0.001","    12,960.39","","14,064.18",
="03884P","陽明國票27售01","0.00","","2609","陽明","62.00","＋","認售","歐式","111年10月07日","112年07月06日","112年07月04日","112年07月06日","1.00","    35.00","","",
="03884U","景碩國票29售01","0.29","","3189","景碩","116.00","＋","認售","歐式","112年02月02日","112年09月01日","112年08月30日","112年09月01日","0.20","    80.00","","",
="038850","金像電元大29購08","12.10","－","2368","金像電","121.50","","認購","美式","112年03月16日","112年03月16日","112年09月13日","112年09月15日","0.946","    126.04","","",
="038851","威盛元大29購06","1.05","","2388","威盛","83.10","＋","認購","美式","112年03月16日","112年03月16日","112年09月13日","112年09月15日","0.156","    106.50","","",
="038852","威盛元大2A購08","0.00","","2388","威盛","83.10","＋","認購","美式","112年03月16日","112年03月16日","112年10月12日","112年10月16日","0.128","    109.50","","",
="038853","威盛元大2B購04","0.00","","2388","威盛","83.10","＋","認購","美式","112年03月16日","112年03月16日","112年11月13日","112年11月15日","0.136","    126.50","","",
="038854","聯發科元大2A購08","1.86","＋","2454","聯發科","738.00","＋","認購","美式","112年03月16日","112年03月16日","112年10月12日","112年10月16日","0.038","    883.00","","",
="038855","強茂元大29購01","0.89","＋","2481","強茂","70.20","＋","認購","美式","112年03月16日","112年03月16日","112年09月13日","112年09月15日","1.00","    102.50","","",
="038856","陽明元大29購09","0.00","","2609","陽明","62.00","＋","認購","美式","112年03月16日","112年03月16日","112年09月13日","112年09月15日","0.458","    81.90","","",
="038857","陽明元大2A購06","0.00","","2609","陽明","62.00","＋","認購","美式","112年03月16日","112年03月16日","112年10月12日","112年10月16日","0.815","    96.90","","",
="038858","陽明元大2B購03","0.00","","2609","陽明","62.00","＋","認購","美式","112年03月16日","112年03月16日","112年11月13日","112年11月15日","0.91","    103.00","","",
="038859","大立光元大2A購05","1.06","","3008","大立光","2,305.00","＋","認購","美式","112年03月16日","112年03月16日","112年10月12日","112年10月16日","0.008","    2,724.76","","",
="03885C","大立光富邦35牛01","1.96","＋","3008","大立光","2,305.00","＋","認購","歐式","112年05月10日","113年05月09日","113年05月07日","113年05月09日","0.002","    1,405.25","","1,712.75",
="03885U","嘉澤國票29售01","0.44","＋","3533","嘉澤","909.00","－","認售","歐式","112年02月02日","112年09月01日","112年08月30日","112年09月01日","0.016","    696.60","","",
="038860","大立光元大2B購03","0.00","","3008","大立光","2,305.00","＋","認購","美式","112年03月16日","112年03月16日","112年11月13日","112年11月15日","0.011","    3,136.41","","",
="038861","欣興元大2A購07","4.48","－","3037","欣興","182.50","－","認購","美式","112年03月16日","112年03月16日","112年10月12日","112年10月16日","0.14","    167.50","","",
="038862","創意元大29購20","4.32","＋","3443","創意","1,515.00","＋","認購","美式","112年03月16日","112年03月16日","112年09月13日","112年09月15日","0.01","    1,200.00","","",
="038863","創意元大2A購02","5.45","＋","3443","創意","1,515.00","＋","認購","美式","112年03月16日","112年03月16日","112年10月12日","112年10月16日","0.014","    1,325.00","","",
="038864","創意元大2B購02","4.52","＋","3443","創意","1,515.00","＋","認購","美式","112年03月16日","112年03月16日","112年11月13日","112年11月15日","0.013","    1,465.00","","",
="038865","創意元大2C購03","3.41","＋","3443","創意","1,515.00","＋","認購","美式","112年03月16日","112年03月16日","112年12月13日","112年12月15日","0.011","    1,575.00","","",
="038866","群創元大29購07","0.90","＋","3481","群創","14.10","＋","認購","美式","112年03月16日","112年03月16日","112年09月13日","112年09月15日","0.718","    14.80","","",
="038867","群創元大2A購10","0.74","","3481","群創","14.10","＋","認購","美式","112年03月16日","112年03月16日","112年10月12日","112年10月16日","0.807","    16.20","","",
="038868","群創元大2B購07","0.50","＋","3481","群創","14.10","＋","認購","美式","112年03月16日","112年03月16日","112年11月13日","112年11月15日","1.00","    19.10","","",
="038869","嘉澤元大2A購05","3.72","＋","3533","嘉澤","909.00","－","認購","美式","112年03月16日","112年03月16日","112年10月12日","112年10月16日","0.02","    810.00","","",
="03886C","臺股指元大33牛02","0.00","","IX0001","臺股指數","16,636.30","","認購","歐式","112年05月15日","113年03月14日","113年03月12日","113年03月14日","0.001","    13,027.14","","13,952.12",
="03886P","長榮航國票26售02","0.00","","2618","長榮航","33.60","＋","認售","歐式","111年10月07日","112年06月06日","112年06月02日","112年06月06日","0.50","    26.50","","",
="03886U","貿聯國票29售01","0.00","","3665","貿聯-KY","270.50","＋","認售","歐式","112年02月02日","112年09月01日","112年08月30日","112年09月01日","0.098","    199.22","","",
="038870","貿聯元大2A購11","1.45","","3665","貿聯-KY","270.50","＋","認購","美式","112年03月16日","112年03月16日","112年10月12日","112年10月16日","0.071","    297.33","","",
="038871","國光生元大29購01","0.00","","4142","國光生","37.80","＋","認購","美式","112年03月16日","112年03月16日","112年09月13日","112年09月15日","0.245","    44.40","","",
="038872","國光生元大2B購01","0.00","","4142","國光生","37.80","＋","認購","美式","112年03月16日","112年03月16日","112年11月13日","112年11月15日","0.30","    59.00","","",
="038873","立積元大29購02","0.00","","4968","立積","170.00","＋","認購","美式","112年03月16日","112年03月16日","112年09月13日","112年09月15日","0.027","    125.00","","",
="038874","中磊元大29購03","2.09","＋","5388","中磊","93.30","＋","認購","美式","112年03月16日","112年03月16日","112年09月13日","112年09月15日","0.31","    102.37","","",
="038875","穎崴元大29購07","0.00","","6515","穎崴","830.00","－","認購","美式","112年03月16日","112年03月16日","112年09月13日","112年09月15日","0.018","    657.00","","",
="038876","晶心科元大29購02","0.95","＋","6533","晶心科","511.00","＋","認購","美式","112年03月16日","112年03月16日","112年09月13日","112年09月15日","0.018","    577.00","","",
="038877","晶心科元大2A購05","0.96","＋","6533","晶心科","511.00","＋","認購","美式","112年03月16日","112年03月16日","112年10月12日","112年10月16日","0.019","    614.00","","",
="038878","晶心科元大2B購01","0.78","＋","6533","晶心科","511.00","＋","認購","美式","112年03月16日","112年03月16日","112年11月13日","112年11月15日","0.028","    789.00","","",
="038879","帝寶元大29購05","0.00","","6605","帝寶","99.80","＋","認購","美式","112年03月16日","112年03月16日","112年09月13日","112年09月15日","0.207","    102.50","","",
="03887C","臺股指元大31牛52","3.31","","IX0001","臺股指數","16,636.30","","認購","歐式","112年05月25日","113年01月24日","113年01月22日","113年01月24日","0.001","    13,424.15","","14,543.39",
="03887P","長榮航國票28售01","0.00","","2618","長榮航","33.60","＋","認售","歐式","111年10月07日","112年08月07日","112年08月03日","112年08月07日","1.00","    14.00","","",
="03887U","合勤控國票29售01","0.36","","3704","合勤控","43.85","＋","認售","歐式","112年02月02日","112年09月01日","112年08月30日","112年09月01日","0.606","    28.00","","",
="038880","緯穎元大2A購01","4.47","＋","6669","緯穎","1,205.00","＋","認購","美式","112年03月16日","112年03月16日","112年10月12日","112年10月16日","0.019","    1,105.00","","",
="038881","緯穎元大2B購02","3.73","＋","6669","緯穎","1,205.00","＋","認購","美式","112年03月16日","112年03月16日","112年11月13日","112年11月15日","0.017","    1,160.00","","",
="038882","宏全元大29購03","1.35","＋","9939","宏全","106.50","＋","認購","美式","112年03月16日","112年03月16日","112年09月13日","112年09月15日","0.397","    129.00","","",
="038883","美指2X中信2A購01","0.64","",="00683L","期元大美元指正2(原名：元大美元指數正2)","21.98","－","認購","歐式","112年03月16日","112年10月16日","112年10月12日","112年10月16日","0.20","    20.00","","",
="038884","大成鋼康和29購01","0.00","","2027","大成鋼","45.25","＋","認購","美式","112年03月16日","112年03月16日","112年09月13日","112年09月15日","0.45","    55.00","","",
="038885","台積電康和29購04","2.12","＋","2330","台積電","568.00","＋","認購","美式","112年03月16日","112年03月16日","112年09月13日","112年09月15日","0.035","    527.15","","",
="038886","陽明康和2B購01","0.00","","2609","陽明","62.00","＋","認購","美式","112年03月16日","112年03月16日","112年11月13日","112年11月15日","0.40","    95.00","","",
="038887","大立光康和29購01","0.39","＋","3008","大立光","2,305.00","＋","認購","美式","112年03月16日","112年03月16日","112年09月13日","112年09月15日","0.01","    2,940.39","","",
="038888","晶心科康和29購01","0.00","","6533","晶心科","511.00","＋","認購","美式","112年03月16日","112年03月16日","112年09月13日","112年09月15日","0.015","    666.00","","",
="038889","緯穎康和29購01","2.02","＋","6669","緯穎","1,205.00","＋","認購","美式","112年03月16日","112年03月16日","112年09月13日","112年09月15日","0.012","    1,150.00","","",
="03888C","臺股指元大33牛13","3.76","","IX0001","臺股指數","16,636.30","","認購","歐式","112年05月25日","113年03月25日","113年03月21日","113年03月25日","0.001","    13,100.68","","14,220.20",
="03888U","啟碁國票29售01","0.24","","6285","啟碁","87.50","＋","認售","歐式","112年02月02日","112年09月01日","112年08月30日","112年09月01日","0.457","    55.00","","",
="038890","A50正2永豐2B購01","0.00","",="00655L","國泰中國A50正2","24.65","－","認購","美式","112年03月16日","112年03月16日","112年11月13日","112年11月15日","0.40","    29.60","","",
="038891","華城永豐2B購01","8.25","＋","1519","華城","141.00","＋","認購","美式","112年03月16日","112年03月16日","112年11月13日","112年11月15日","0.15","    90.00","","",
="038892","長榮鋼永豐29購01","0.80","","2211","長榮鋼","60.90","＋","認購","美式","112年03月16日","112年03月16日","112年09月13日","112年09月15日","0.40","    73.58","","",
="038893","台亞永豐2B購01","0.00","","2340","台亞","36.30","＋","認購","美式","112年03月16日","112年03月16日","112年11月13日","112年11月15日","0.34","    38.85","","",
="038894","台驊控永豐2A購01","0.58","－","2636","台驊投控","71.70","","認購","美式","112年03月16日","112年03月16日","112年10月12日","112年10月16日","0.182","    94.83","","",
="038895","智原永豐2B購01","0.58","＋","3035","智原","173.50","＋","認購","美式","112年03月16日","112年03月16日","112年11月13日","112年11月15日","0.039","    217.35","","",
="038896","世芯永豐2C購01","0.00","","3661","世芯-KY","1,660.00","＋","認購","美式","112年03月16日","112年03月16日","112年12月13日","112年12月15日","0.003","    1,007.00","","",
="038897","FBNQ2X國票29購01","0.00","",="00670L","富邦NASDAQ正2","78.90","＋","認購","美式","112年03月16日","112年03月16日","112年09月13日","112年09月15日","0.25","    60.00","","",
="038898","美費半國票29購01","0.00","",="00830","國泰費城半導體","31.65","＋","認購","美式","112年03月16日","112年03月16日","112年09月13日","112年09月15日","1.00","    30.00","","",
="038899","華新國票2B購02","0.00","","1605","華新","46.60","＋","認購","美式","112年03月16日","112年03月16日","112年11月13日","112年11月15日","0.55","    77.50","","",
="03889C","臺股指凱基32牛11","2.85","＋","IX0001","臺股指數","16,636.30","","認購","歐式","112年05月26日","113年02月26日","113年02月22日","113年02月26日","0.0008","    13,142.78","","13,848.20",
="03889P","開發金國票26售01","0.00","","2883","開發金","12.80","－","認售","歐式","111年10月07日","112年06月06日","112年06月02日","112年06月06日","1.00","    10.00","","",
="03889U","緯穎國票29售01","0.12","","6669","緯穎","1,205.00","＋","認售","歐式","112年02月02日","112年09月01日","112年08月30日","112年09月01日","0.016","    700.00","","",
="038900","大成鋼國票2A購01","0.00","","2027","大成鋼","45.25","＋","認購","美式","112年03月16日","112年03月16日","112年10月12日","112年10月16日","1.00","    68.00","","",
="038901","長榮鋼國票2A購01","0.00","","2211","長榮鋼","60.90","＋","認購","美式","112年03月16日","112年03月16日","112年10月12日","112年10月16日","0.25","    65.00","","",
="038902","聯電國票2B購02","0.55","＋","2303","聯電","51.20","＋","認購","美式","112年03月16日","112年03月16日","112年11月13日","112年11月15日","1.00","    75.00","","",
="038903","友達國票2B購01","0.00","","2409","友達","17.65","＋","認購","美式","112年03月16日","112年03月16日","112年11月13日","112年11月15日","1.00","    24.00","","",
="038904","聯發科國票2A購03","0.00","","2454","聯發科","738.00","＋","認購","美式","112年03月16日","112年03月16日","112年10月12日","112年10月16日","0.04","    900.00","","",
="038905","長榮國票2A購02","0.00","","2603","長榮","157.00","＋","認購","美式","112年03月16日","112年03月16日","112年10月12日","112年10月16日","0.16","    250.00","","",
="038906","玉晶光國票2B購01","0.00","","3406","玉晶光","400.00","＋","認購","美式","112年03月16日","112年03月16日","112年11月13日","112年11月15日","0.057","    500.00","","",
="038907","創意國票2A購04","2.55","＋","3443","創意","1,515.00","＋","認購","美式","112年03月16日","112年03月16日","112年10月12日","112年10月16日","0.014","    1,680.00","","",
="038908","創意國票2A購05","2.40","＋","3443","創意","1,515.00","＋","認購","美式","112年03月16日","112年03月16日","112年10月12日","112年10月16日","0.01","    1,500.00","","",
="038909","群創國票2B購01","0.79","＋","3481","群創","14.10","＋","認購","美式","112年03月16日","112年03月16日","112年11月13日","112年11月15日","1.00","    16.25","","",
="03890U","東哥國票28售03","0.39","－","8478","東哥遊艇","520.00","＋","認售","歐式","112年02月02日","112年08月01日","112年07月28日","112年08月01日","0.015","    400.00","","",
="038910","合勤控國票2A購01","0.00","","3704","合勤控","43.85","＋","認購","美式","112年03月16日","112年03月16日","112年10月12日","112年10月16日","1.00","    62.00","","",
="038911","晶心科國票2C購01","0.95","＋","6533","晶心科","511.00","＋","認購","美式","112年03月16日","112年03月16日","112年12月13日","112年12月15日","0.025","    700.00","","",
="038912","滬深2X國泰2B購01","0.00","",="00637L","元大滬深300正2","13.77","－","認購","美式","112年03月16日","112年03月16日","112年11月13日","112年11月15日","1.00","    16.00","","",
="038913","台積電國泰2B購02","1.55","＋","2330","台積電","568.00","＋","認購","美式","112年03月16日","112年03月16日","112年11月13日","112年11月15日","0.121","    701.21","","",
="038914","中石化法興2B購01","0.60","","1314","中石化","9.72","－","認購","歐式","112年03月16日","112年11月15日","112年11月13日","112年11月15日","1.00","    11.00","","",
="038915","中砂法興29購01","0.73","－","1560","中砂","114.50","－","認購","歐式","112年03月16日","112年09月15日","112年09月13日","112年09月15日","0.08","    125.00","","",
="038916","技嘉法興29購01","0.00","","2376","技嘉","186.00","＋","認購","歐式","112年03月16日","112年09月15日","112年09月13日","112年09月15日","0.10","    145.00","","",
="038917","陽明法興29購01","0.00","","2609","陽明","62.00","＋","認購","歐式","112年03月16日","112年09月15日","112年09月13日","112年09月15日","0.18","    80.00","","",
="038918","景碩法興29購01","0.78","＋","3189","景碩","116.00","＋","認購","歐式","112年03月16日","112年09月15日","112年09月13日","112年09月15日","0.08","    130.00","","",
="038919","台勝科法興29購01","0.80","＋","3532","台勝科","157.00","＋","認購","歐式","112年03月16日","112年09月15日","112年09月13日","112年09月15日","0.05","    170.00","","",
="03891U","東哥國票29售01","0.00","","8478","東哥遊艇","520.00","＋","認售","歐式","112年02月02日","112年09月01日","112年08月30日","112年09月01日","0.015","    350.00","","",
="038920","新唐法興29購01","0.43","＋","4919","新唐","130.50","＋","認購","歐式","112年03月16日","112年09月15日","112年09月13日","112年09月15日","0.06","    160.00","","",
="038921","台表科法興29購01","0.00","","6278","台表科","100.50","＋","認購","歐式","112年03月16日","112年09月15日","112年09月13日","112年09月15日","0.20","    105.00","","",
="038922","啟碁法興29購01","1.18","＋","6285","啟碁","87.50","＋","認購","歐式","112年03月16日","112年09月15日","112年09月13日","112年09月15日","0.20","    100.00","","",
="038923","南電法興29購01","0.00","","8046","南電","302.50","－","認購","歐式","112年03月16日","112年09月15日","112年09月13日","112年09月15日","0.05","    300.00","","",
="038924","中興電元富2A購02","0.00","","1513","中興電","113.50","＋","認購","美式","112年03月16日","112年03月16日","112年10月12日","112年10月16日","0.18","    110.00","","",
="038925","華碩元富29購01","0.00","","2357","華碩","303.50","－","認購","美式","112年03月16日","112年03月16日","112年09月13日","112年09月15日","0.05","    300.00","","",
="038926","威盛元富29購03","0.00","","2388","威盛","83.10","＋","認購","美式","112年03月16日","112年03月16日","112年09月13日","112年09月15日","0.10","    120.00","","",
="038927","晶豪科元富2A購01","1.26","＋","3006","晶豪科","88.20","＋","認購","美式","112年03月16日","112年03月16日","112年10月12日","112年10月16日","0.30","    115.00","","",
="038928","智原元富2C購01","0.00","","3035","智原","173.50","＋","認購","美式","112年03月16日","112年03月16日","112年12月13日","112年12月15日","0.085","    225.00","","",
="038929","創意元富29購03","2.05","＋","3443","創意","1,515.00","＋","認購","美式","112年03月16日","112年03月16日","112年09月13日","112年09月15日","0.006","    1,300.00","","",
="03892P","華邦電中信27售02","0.00","","2344","華邦電","26.90","＋","認售","歐式","111年12月06日","112年07月05日","112年07月03日","112年07月05日","1.00","    15.00","","",
="03892U","臺股指國票29售05","0.00","","IX0001","臺股指數","16,636.30","","認售","歐式","112年02月02日","112年09月01日","112年08月30日","112年09月01日","0.002","    14,600.00","","",
="038930","創意元富2C購03","1.71","＋","3443","創意","1,515.00","＋","認購","美式","112年03月16日","112年03月16日","112年12月13日","112年12月15日","0.005","    1,400.00","","",
="038931","T50反1中信31購01","0.58","－",="00632R","元大台灣50反1","4.94","－","認購","歐式","112年03月17日","113年01月16日","113年01月12日","113年01月16日","1.00","    4.60","","",
="038932","T50反1中信33購02","0.00","",="00632R","元大台灣50反1","4.94","－","認購","歐式","112年03月17日","113年03月18日","113年03月14日","113年03月18日","1.00","    5.20","","",
="038933","長榮鋼中信29購01","0.86","","2211","長榮鋼","60.90","＋","認購","歐式","112年03月17日","112年09月18日","112年09月14日","112年09月18日","0.65","    80.00","","",
="038934","英業達中信29購01","4.46","＋","2356","英業達","37.50","＋","認購","歐式","112年03月17日","112年09月18日","112年09月14日","112年09月18日","1.00","    35.00","","",
="038935","欣興中信29購01","2.17","－","3037","欣興","182.50","－","認購","歐式","112年03月17日","112年09月18日","112年09月14日","112年09月18日","0.05","    140.00","","",
="038936","欣興中信2B購01","3.16","－","3037","欣興","182.50","－","認購","歐式","112年03月17日","112年11月16日","112年11月14日","112年11月16日","0.08","    158.00","","",
="038937","長榮康和2B購01","0.22","","2603","長榮","157.00","＋","認購","美式","112年03月17日","112年03月17日","112年11月14日","112年11月16日","0.15","    240.00","","",
="038938","元油反統一29購01","0.00","",="00673R","期元大S&P原油反1(原名：元大S&P原油反1)","9.03","－","認購","美式","112年03月17日","112年03月17日","112年09月14日","112年09月18日","1.00","    9.30","","",
="038939","美時統一2B購01","0.00","","1795","美時","330.50","＋","認購","美式","112年03月17日","112年03月17日","112年11月14日","112年11月16日","0.02","    267.50","","",
="03893U","臺股指國票2A售03","0.00","","IX0001","臺股指數","16,636.30","","認售","歐式","112年02月02日","112年10月02日","112年09月27日","112年10月02日","0.002","    14,800.00","","",
="038940","美時統一2B購02","1.84","＋","1795","美時","330.50","＋","認購","美式","112年03月17日","112年03月17日","112年11月14日","112年11月16日","0.02","    295.00","","",
="038941","美時統一2B購03","1.12","－","1795","美時","330.50","＋","認購","美式","112年03月17日","112年03月17日","112年11月14日","112年11月16日","0.011","    275.00","","",
="038942","美時統一31購01","0.00","","1795","美時","330.50","＋","認購","美式","112年03月17日","112年03月17日","113年01月12日","113年01月16日","0.009","    288.88","","",
="038943","美時統一31購02","1.04","＋","1795","美時","330.50","＋","認購","美式","112年03月17日","112年03月17日","113年01月12日","113年01月16日","0.01","    300.00","","",
="038944","美時統一32購01","0.00","","1795","美時","330.50","＋","認購","美式","112年03月17日","112年03月17日","113年02月05日","113年02月16日","0.013","    222.22","","",
="038945","美時統一32購02","1.74","＋","1795","美時","330.50","＋","認購","美式","112年03月17日","112年03月17日","113年02月05日","113年02月16日","0.014","    288.88","","",
="038946","美時統一33購01","0.98","＋","1795","美時","330.50","＋","認購","美式","112年03月17日","112年03月17日","113年03月14日","113年03月18日","0.008","    365.00","","",
="038947","裕隆統一32購01","1.04","","2201","裕隆","82.80","＋","認購","美式","112年03月17日","112年03月17日","113年02月05日","113年02月16日","0.045","    77.77","","",
="038948","華邦電統一2C購02","0.99","＋","2344","華邦電","26.90","＋","認購","美式","112年03月17日","112年03月17日","112年12月14日","112年12月18日","0.23","    27.00","","",
="038949","華航統一2B購01","0.90","＋","2610","華航","21.65","＋","認購","美式","112年03月17日","112年03月17日","112年11月14日","112年11月16日","0.288","    21.66","","",
="03894U","智原永豐28售02","0.66","－","3035","智原","173.50","＋","認售","歐式","112年02月02日","112年08月01日","112年07月28日","112年08月01日","0.07","    151.80","","",
="038950","祥碩統一2B購01","1.11","＋","5269","祥碩","1,300.00","＋","認購","美式","112年03月17日","112年03月17日","112年11月14日","112年11月16日","0.004","    1,231.70","","",
="038951","南電統一2C購02","0.00","","8046","南電","302.50","－","認購","美式","112年03月17日","112年03月17日","112年12月14日","112年12月18日","0.018","    306.66","","",
="038952","SGBR2X永豐29購01","0.76","＋",="00715L","期街口布蘭特正2","12.73","＋","認購","美式","112年03月17日","112年03月17日","112年09月14日","112年09月18日","0.30","    12.62","","",
="038953","寶齡永豐2C購01","0.66","＋","1760","寶齡富錦","148.50","","認購","美式","112年03月17日","112年03月17日","112年12月14日","112年12月18日","0.024","    162.50","","",
="038954","美時永豐29購01","2.91","＋","1795","美時","330.50","＋","認購","美式","112年03月17日","112年03月17日","112年09月14日","112年09月18日","0.043","    287.50","","",
="038955","美時永豐2C購01","0.00","","1795","美時","330.50","＋","認購","美式","112年03月17日","112年03月17日","112年12月14日","112年12月18日","0.045","    337.50","","",
="038956","大成鋼永豐2A購01","0.77","＋","2027","大成鋼","45.25","＋","認購","美式","112年03月17日","112年03月17日","112年10月12日","112年10月16日","0.28","    49.67","","",
="038957","裕隆永豐2C購02","2.07","＋","2201","裕隆","82.80","＋","認購","美式","112年03月17日","112年03月17日","112年12月14日","112年12月18日","0.16","    82.39","","",
="038958","國巨永豐2A購01","0.79","－","2327","國巨","508.00","＋","認購","美式","112年03月17日","112年03月17日","112年10月12日","112年10月16日","0.028","    580.00","","",
="038959","長榮永豐2B購03","0.00","","2603","長榮","157.00","＋","認購","美式","112年03月17日","112年03月17日","112年11月14日","112年11月16日","0.10","    204.06","","",
="03895U","台灣50凱基2A售04","0.60","－",="0050","元大台灣50","126.75","＋","認售","歐式","112年02月02日","112年10月02日","112年09月27日","112年10月02日","0.20","    118.00","","",
="038960","聯合再永豐29購01","0.65","＋","3576","聯合再生","20.30","＋","認購","美式","112年03月17日","112年03月17日","112年09月14日","112年09月18日","0.48","    22.63","","",
="038961","台泥凱基29購02","1.29","＋","1101","台泥","38.15","＋","認購","美式","112年03月17日","112年03月17日","112年09月14日","112年09月18日","0.70","    40.00","","",
="038962","華新凱基29購10","0.00","","1605","華新","46.60","＋","認購","美式","112年03月17日","112年03月17日","112年09月14日","112年09月18日","0.20","    59.00","","",
="038963","美時凱基29購01","2.38","＋","1795","美時","330.50","＋","認購","美式","112年03月17日","112年03月17日","112年09月14日","112年09月18日","0.04","    300.00","","",
="038964","美時凱基29購02","0.00","","1795","美時","330.50","＋","認購","美式","112年03月17日","112年03月17日","112年09月14日","112年09月18日","0.04","    280.00","","",
="038965","美時凱基2A購04","2.09","＋","1795","美時","330.50","＋","認購","美式","112年03月17日","112年03月17日","112年10月12日","112年10月16日","0.05","    340.00","","",
="038966","美時凱基2A購05","0.00","","1795","美時","330.50","＋","認購","美式","112年03月17日","112年03月17日","112年10月12日","112年10月16日","0.05","    320.00","","",
="038967","美時凱基2B購01","0.00","","1795","美時","330.50","＋","認購","美式","112年03月17日","112年03月17日","112年11月14日","112年11月16日","0.05","    370.00","","",
="038968","美時凱基2B購02","0.00","","1795","美時","330.50","＋","認購","美式","112年03月17日","112年03月17日","112年11月14日","112年11月16日","0.06","    360.00","","",
="038969","長榮鋼凱基2A購01","1.11","＋","2211","長榮鋼","60.90","＋","認購","美式","112年03月17日","112年03月17日","112年10月12日","112年10月16日","0.25","    65.00","","",
="03896U","台灣50凱基2A售05","0.69","－",="0050","元大台灣50","126.75","＋","認售","歐式","112年02月02日","112年10月02日","112年09月27日","112年10月02日","0.20","    120.00","","",
="038970","聯電凱基29購04","0.70","＋","2303","聯電","51.20","＋","認購","美式","112年03月17日","112年03月17日","112年09月14日","112年09月18日","0.60","    60.00","","",
="038971","鴻海凱基2B購06","0.91","＋","2317","鴻海","105.50","＋","認購","美式","112年03月17日","112年03月17日","112年11月14日","112年11月16日","0.22","    121.00","","",
="038972","國巨凱基2A購04","1.08","＋","2327","國巨","508.00","＋","認購","美式","112年03月17日","112年03月17日","112年10月12日","112年10月16日","0.025","    530.00","","",
="038973","威盛凱基29購06","0.68","","2388","威盛","83.10","＋","認購","美式","112年03月17日","112年03月17日","112年09月14日","112年09月18日","0.085","    92.00","","",
="038974","聯發科凱基2B購06","1.39","＋","2454","聯發科","738.00","＋","認購","美式","112年03月17日","112年03月17日","112年11月14日","112年11月16日","0.025","    840.00","","",
="038975","宏達電凱基2A購05","0.74","＋","2498","宏達電","61.50","＋","認購","美式","112年03月17日","112年03月17日","112年10月12日","112年10月16日","0.15","    68.00","","",
="038976","長榮凱基29購13","0.44","","2603","長榮","157.00","＋","認購","美式","112年03月17日","112年03月17日","112年09月14日","112年09月18日","0.055","    171.00","","",
="038977","萬海凱基29購09","0.00","","2615","萬海","60.00","＋","認購","美式","112年03月17日","112年03月17日","112年09月14日","112年09月18日","0.17","    75.00","","",
="038978","長榮航凱基29購06","3.02","＋","2618","長榮航","33.60","＋","認購","美式","112年03月17日","112年03月17日","112年09月14日","112年09月18日","0.80","    31.50","","",
="038979","智原凱基2A購03","0.90","＋","3035","智原","173.50","＋","認購","美式","112年03月17日","112年03月17日","112年10月12日","112年10月16日","0.05","    190.00","","",
="03897U","台灣50凱基2A售06","0.63","－",="0050","元大台灣50","126.75","＋","認售","歐式","112年02月02日","112年10月02日","112年09月27日","112年10月02日","0.15","    122.00","","",
="038980","欣興凱基2B購03","0.00","","3037","欣興","182.50","－","認購","美式","112年03月17日","112年03月17日","112年11月14日","112年11月16日","0.05","    137.00","","",
="038981","群創凱基29購06","0.60","＋","3481","群創","14.10","＋","認購","美式","112年03月17日","112年03月17日","112年09月14日","112年09月18日","0.50","    14.50","","",
="038982","敦泰凱基2A購01","1.53","＋","3545","敦泰","83.70","＋","認購","美式","112年03月17日","112年03月17日","112年10月12日","112年10月16日","0.15","    85.00","","",
="038983","聯合再凱基2B購01","0.66","","3576","聯合再生","20.30","＋","認購","美式","112年03月17日","112年03月17日","112年11月14日","112年11月16日","0.80","    27.00","","",
="038984","健策凱基29購02","0.00","","3653","健策","616.00","＋","認購","美式","112年03月17日","112年03月17日","112年09月14日","112年09月18日","0.03","    420.00","","",
="038985","臻鼎凱基2A購02","0.56","＋","4958","臻鼎-KY","114.50","＋","認購","美式","112年03月17日","112年03月17日","112年10月12日","112年10月16日","0.15","    140.00","","",
="038986","立積凱基2A購01","0.00","","4968","立積","170.00","＋","認購","美式","112年03月17日","112年03月17日","112年10月12日","112年10月16日","0.06","    150.00","","",
="038987","祥碩凱基29購02","1.28","＋","5269","祥碩","1,300.00","＋","認購","美式","112年03月17日","112年03月17日","112年09月14日","112年09月18日","0.006","    1,250.00","","",
="038988","台表科凱基29購02","0.00","","6278","台表科","100.50","＋","認購","美式","112年03月17日","112年03月17日","112年09月14日","112年09月18日","0.60","    130.00","","",
="038989","康舒凱基2A購02","0.86","","6282","康舒","44.05","＋","認購","美式","112年03月17日","112年03月17日","112年10月12日","112年10月16日","0.165","    47.00","","",
="03898U","聯電凱基28售07","0.00","","2303","聯電","51.20","＋","認售","歐式","112年02月02日","112年08月01日","112年07月28日","112年08月01日","0.40","    47.00","","",
="038990","晶心科凱基2B購01","0.59","＋","6533","晶心科","511.00","＋","認購","美式","112年03月17日","112年03月17日","112年11月14日","112年11月16日","0.012","    600.00","","",
="038991","南電凱基2A購04","2.36","－","8046","南電","302.50","－","認購","美式","112年03月17日","112年03月17日","112年10月12日","112年10月16日","0.05","    280.00","","",
="038992","台灣50國票29購06","2.52","",="0050","元大台灣50","126.75","＋","認購","美式","112年03月17日","112年03月17日","112年09月14日","112年09月18日","0.75","    130.00","","",
="038993","台灣50國票2A購05","0.00","",="0050","元大台灣50","126.75","＋","認購","美式","112年03月17日","112年03月17日","112年10月12日","112年10月16日","1.00","    140.00","","",
="038994","台灣50國票2C購02","0.00","",="0050","元大台灣50","126.75","＋","認購","美式","112年03月17日","112年03月17日","112年12月14日","112年12月18日","1.00","    150.00","","",
="038995","FBNQ2X國票2A購01","0.00","",="00670L","富邦NASDAQ正2","78.90","＋","認購","美式","112年03月17日","112年03月17日","112年10月12日","112年10月16日","0.50","    75.00","","",
="038996","中興電國票2A購02","0.00","","1513","中興電","113.50","＋","認購","美式","112年03月17日","112年03月17日","112年10月12日","112年10月16日","0.164","    110.00","","",
="038997","美時國票29購01","0.00","","1795","美時","330.50","＋","認購","美式","112年03月17日","112年03月17日","112年09月14日","112年09月18日","0.04","    250.00","","",
="038998","美時國票29購02","0.00","","1795","美時","330.50","＋","認購","美式","112年03月17日","112年03月17日","112年09月14日","112年09月18日","0.06","    310.00","","",
="038999","美時國票2A購01","3.77","＋","1795","美時","330.50","＋","認購","美式","112年03月17日","112年03月17日","112年10月12日","112年10月16日","0.05","    280.00","","",
="03899U","台積電凱基28售14","0.49","－","2330","台積電","568.00","＋","認售","歐式","112年02月02日","112年08月01日","112年07月28日","112年08月01日","0.035","    517.20","","",
="039000","美時國票2A購02","2.69","＋","1795","美時","330.50","＋","認購","美式","112年03月17日","112年03月17日","112年10月12日","112年10月16日","0.065","    340.00","","",
="039001","美時國票2B購01","0.00","","1795","美時","330.50","＋","認購","美式","112年03月17日","112年03月17日","112年11月14日","112年11月16日","0.075","    372.00","","",
="039002","台驊控國票2A購01","0.72","－","2636","台驊投控","71.70","","認購","美式","112年03月17日","112年03月17日","112年10月12日","112年10月16日","0.214","    93.46","","",
="039003","台勝科國票2A購01","0.00","","3532","台勝科","157.00","＋","認購","美式","112年03月17日","112年03月17日","112年10月12日","112年10月16日","0.07","    190.00","","",
="039004","聯合再國票2A購01","0.00","","3576","聯合再生","20.30","＋","認購","美式","112年03月17日","112年03月17日","112年10月12日","112年10月16日","1.00","    30.00","","",
="039005","世芯國票2C購01","4.50","＋","3661","世芯-KY","1,660.00","＋","認購","美式","112年03月17日","112年03月17日","112年12月14日","112年12月18日","0.01","    1,400.00","","",
="039006","台表科國票2A購01","1.57","＋","6278","台表科","100.50","＋","認購","美式","112年03月17日","112年03月17日","112年10月12日","112年10月16日","0.20","    110.00","","",
="039007","元晶國票2C購01","0.00","","6443","元晶","36.20","＋","認購","美式","112年03月17日","112年03月17日","112年12月14日","112年12月18日","0.31","    49.00","","",
="039008","美時國泰2B購01","3.82","＋","1795","美時","330.50","＋","認購","美式","112年03月17日","112年03月17日","112年11月14日","112年11月16日","0.07","    325.00","","",
="039009","上証2X富邦2A購01","0.35","",="00633L","富邦上証正2","35.01","－","認購","美式","112年03月17日","112年03月17日","112年10月12日","112年10月16日","0.18","    42.00","","",
="03900U","台積電凱基28售15","0.00","","2330","台積電","568.00","＋","認售","歐式","112年02月02日","112年08月01日","112年07月28日","112年08月01日","0.05","    477.42","","",
="039010","大成鋼富邦31購01","0.66","","2027","大成鋼","45.25","＋","認購","美式","112年03月17日","112年03月17日","113年01月12日","113年01月16日","0.25","    55.00","","",
="039011","華邦電富邦2A購02","1.17","＋","2344","華邦電","26.90","＋","認購","美式","112年03月17日","112年03月17日","112年10月12日","112年10月16日","0.70","    32.00","","",
="039012","合勤控富邦2A購01","0.95","＋","3704","合勤控","43.85","＋","認購","美式","112年03月17日","112年03月17日","112年10月12日","112年10月16日","0.18","    45.00","","",
="039013","立積富邦29購01","0.00","","4968","立積","170.00","＋","認購","美式","112年03月17日","112年03月17日","112年09月14日","112年09月18日","0.035","    150.00","","",
="039014","台灣50台新2A購03","0.00","",="0050","元大台灣50","126.75","＋","認購","歐式","112年03月17日","112年10月16日","112年10月12日","112年10月16日","0.95","    123.19","","",
="039015","A50正2元富2C購01","0.69","－",="00655L","國泰中國A50正2","24.65","－","認購","美式","112年03月17日","112年03月17日","112年12月14日","112年12月18日","0.29","    28.00","","",
="039016","華城元富2A購01","0.00","","1519","華城","141.00","＋","認購","美式","112年03月17日","112年03月17日","112年10月12日","112年10月16日","0.19","    90.00","","",
="039017","美時元富29購01","0.00","","1795","美時","330.50","＋","認購","美式","112年03月17日","112年03月17日","112年09月14日","112年09月18日","0.05","    250.00","","",
="039018","美時元富2C購01","3.35","＋","1795","美時","330.50","＋","認購","美式","112年03月17日","112年03月17日","112年12月14日","112年12月18日","0.05","    320.00","","",
="039019","美時元富2C購02","3.88","","1795","美時","330.50","＋","認購","美式","112年03月17日","112年03月17日","112年12月14日","112年12月18日","0.05","    300.00","","",
="03901U","台積電凱基28售16","0.00","","2330","台積電","568.00","＋","認售","歐式","112年02月02日","112年08月01日","112年07月28日","112年08月01日","0.08","    437.63","","",
="039020","長榮元富33購02","0.64","","2603","長榮","157.00","＋","認購","美式","112年03月17日","112年03月17日","113年03月14日","113年03月18日","0.037","    190.00","","",
="039021","漢唐麥證29購01","0.75","＋","2404","漢唐","227.50","＋","認購","歐式","112年03月17日","112年09月18日","112年09月14日","112年09月18日","0.06","    250.00","","",
="039022","威強電麥證29購01","2.64","","3022","威強電","91.20","＋","認購","歐式","112年03月17日","112年09月18日","112年09月14日","112年09月18日","0.30","    100.00","","",
="039023","滬深2X元大2C購03","0.00","",="00637L","元大滬深300正2","13.77","－","認購","美式","112年03月17日","112年03月17日","112年12月14日","112年12月18日","0.60","    18.00","","",
="039024","SGBR2X元大2B購02","0.00","",="00715L","期街口布蘭特正2","12.73","＋","認購","美式","112年03月17日","112年03月17日","112年11月14日","112年11月16日","0.30","    17.00","","",
="039025","華新元大2A購22","0.00","","1605","華新","46.60","＋","認購","美式","112年03月17日","112年03月17日","112年10月12日","112年10月16日","0.371","    59.80","","",
="039026","華新元大2B購11","1.07","＋","1605","華新","46.60","＋","認購","美式","112年03月17日","112年03月17日","112年11月14日","112年11月16日","0.295","    58.50","","",
="039027","華新元大2C購11","0.00","","1605","華新","46.60","＋","認購","美式","112年03月17日","112年03月17日","112年12月14日","112年12月18日","0.363","    66.70","","",
="039028","美時元大29購02","0.00","","1795","美時","330.50","＋","認購","美式","112年03月17日","112年03月17日","112年09月14日","112年09月18日","0.055","    240.00","","",
="039029","美時元大29購03","3.22","","1795","美時","330.50","＋","認購","美式","112年03月17日","112年03月17日","112年09月14日","112年09月18日","0.05","    310.00","","",
="03902U","瑞昱凱基28售02","0.00","","2379","瑞昱","388.00","＋","認售","歐式","112年02月02日","112年08月01日","112年07月28日","112年08月01日","0.10","    250.00","","",
="039030","美時元大29購04","4.53","＋","1795","美時","330.50","＋","認購","美式","112年03月17日","112年03月17日","112年09月14日","112年09月18日","0.05","    265.00","","",
="039031","美時元大29購05","0.00","","1795","美時","330.50","＋","認購","美式","112年03月17日","112年03月17日","112年09月14日","112年09月18日","0.05","    290.00","","",
="039032","美時元大29購06","4.03","＋","1795","美時","330.50","＋","認購","美式","112年03月17日","112年03月17日","112年09月14日","112年09月18日","0.05","    280.00","","",
="039033","美時元大29購07","3.45","＋","1795","美時","330.50","＋","認購","美式","112年03月17日","112年03月17日","112年09月14日","112年09月18日","0.05","    300.00","","",
="039034","美時元大2A購01","2.95","＋","1795","美時","330.50","＋","認購","美式","112年03月17日","112年03月17日","112年10月12日","112年10月16日","0.045","    320.00","","",
="039035","美時元大2B購02","2.92","－","1795","美時","330.50","＋","認購","美式","112年03月17日","112年03月17日","112年11月14日","112年11月16日","0.043","    330.00","","",
="039036","美時元大2B購03","2.42","","1795","美時","330.50","＋","認購","美式","112年03月17日","112年03月17日","112年11月14日","112年11月16日","0.04","    350.00","","",
="039037","美時元大2C購01","0.00","","1795","美時","330.50","＋","認購","美式","112年03月17日","112年03月17日","112年12月14日","112年12月18日","0.035","    360.00","","",
="039038","美時元大33購01","1.84","＋","1795","美時","330.50","＋","認購","美式","112年03月17日","112年03月17日","113年03月14日","113年03月18日","0.025","    370.00","","",
="039039","鴻海元大2A購26","1.29","","2317","鴻海","105.50","＋","認購","美式","112年03月17日","112年03月17日","112年10月12日","112年10月16日","0.186","    108.50","","",
="03903U","聯發科凱基28售05","0.96","","2454","聯發科","738.00","＋","認售","歐式","112年02月02日","112年08月01日","112年07月28日","112年08月01日","0.03","    690.00","","",
="039040","鴻海元大2B購16","1.25","＋","2317","鴻海","105.50","＋","認購","美式","112年03月17日","112年03月17日","112年11月14日","112年11月16日","0.271","    122.00","","",
="039041","鴻海元大2C購08","1.30","＋","2317","鴻海","105.50","＋","認購","美式","112年03月17日","112年03月17日","112年12月14日","112年12月18日","0.17","    115.00","","",
="039042","國巨元大2A購10","1.65","＋","2327","國巨","508.00","＋","認購","美式","112年03月17日","112年03月17日","112年10月12日","112年10月16日","0.027","    508.00","","",
="039043","國巨元大2B購04","0.00","","2327","國巨","508.00","＋","認購","美式","112年03月17日","112年03月17日","112年11月14日","112年11月16日","0.03","    563.00","","",
="039044","國巨元大2C購01","0.00","","2327","國巨","508.00","＋","認購","美式","112年03月17日","112年03月17日","112年12月14日","112年12月18日","0.027","    575.00","","",
="039045","華邦電元大29購08","0.00","","2344","華邦電","26.90","＋","認購","美式","112年03月17日","112年03月17日","112年09月14日","112年09月18日","0.744","    27.75","","",
="039046","金像電元大29購09","0.00","","2368","金像電","121.50","","認購","美式","112年03月17日","112年03月17日","112年09月14日","112年09月18日","0.309","    97.55","","",
="039047","瑞昱元大29購03","1.71","","2379","瑞昱","388.00","＋","認購","美式","112年03月17日","112年03月17日","112年09月14日","112年09月18日","0.105","    484.00","","",
="039048","威盛元大2A購09","1.40","＋","2388","威盛","83.10","＋","認購","美式","112年03月17日","112年03月17日","112年10月12日","112年10月16日","0.136","    98.80","","",
="039049","聯發科元大2A購09","1.82","＋","2454","聯發科","738.00","＋","認購","美式","112年03月17日","112年03月17日","112年10月12日","112年10月16日","0.035","    869.00","","",
="03904U","聯詠凱基2A售02","0.06","－","3034","聯詠","423.50","＋","認售","歐式","112年02月02日","112年10月02日","112年09月27日","112年10月02日","0.35","    200.00","","",
="039050","聯發科元大2B購04","1.48","＋","2454","聯發科","738.00","＋","認購","美式","112年03月17日","112年03月17日","112年11月14日","112年11月16日","0.035","    953.00","","",
="039051","聯發科元大2C購02","1.25","＋","2454","聯發科","738.00","＋","認購","美式","112年03月17日","112年03月17日","112年12月14日","112年12月18日","0.042","    1,075.00","","",
="039052","怡利電元大29購02","0.00","","2497","怡利電","71.30","＋","認購","美式","112年03月17日","112年03月17日","112年09月14日","112年09月18日","0.489","    118.00","","",
="039053","長榮元大2A購23","1.02","＋","2603","長榮","157.00","＋","認購","美式","112年03月17日","112年03月17日","112年10月12日","112年10月16日","0.168","    199.50","","",
="039054","陽明元大2A購07","0.00","","2609","陽明","62.00","＋","認購","美式","112年03月17日","112年03月17日","112年10月12日","112年10月16日","0.393","    79.40","","",
="039055","陽明元大2B購04","0.00","","2609","陽明","62.00","＋","認購","美式","112年03月17日","112年03月17日","112年11月14日","112年11月16日","0.541","    89.30","","",
="039056","長榮航元大2A購11","0.00","","2618","長榮航","33.60","＋","認購","美式","112年03月17日","112年03月17日","112年10月12日","112年10月16日","0.535","    26.90","","",
="039057","欣興元大2A購08","4.72","","3037","欣興","182.50","－","認購","美式","112年03月17日","112年03月17日","112年10月12日","112年10月16日","0.083","    134.50","","",
="039058","欣興元大2B購08","0.00","","3037","欣興","182.50","－","認購","美式","112年03月17日","112年03月17日","112年11月14日","112年11月16日","0.083","    143.00","","",
="039059","玉晶光元大29購07","0.59","＋","3406","玉晶光","400.00","＋","認購","美式","112年03月17日","112年03月17日","112年09月14日","112年09月18日","0.023","    453.50","","",
="03905U","南電凱基29售02","0.00","","8046","南電","302.50","－","認售","歐式","112年02月02日","112年09月01日","112年08月30日","112年09月01日","0.10","    180.00","","",
="039060","群創元大2A購11","1.00","＋","3481","群創","14.10","＋","認購","美式","112年03月17日","112年03月17日","112年10月12日","112年10月16日","0.673","    14.50","","",
="039061","群創元大2B購08","0.00","","3481","群創","14.10","＋","認購","美式","112年03月17日","112年03月17日","112年11月14日","112年11月16日","0.906","    16.80","","",
="039062","群創元大2C購02","0.84","","3481","群創","14.10","＋","認購","美式","112年03月17日","112年03月17日","112年12月14日","112年12月18日","0.807","    17.05","","",
="039063","碩天元大29購03","0.00","","3617","碩天","191.00","－","認購","美式","112年03月17日","112年03月17日","112年09月14日","112年09月18日","0.06","    113.50","","",
="039064","世芯元大2A購08","7.05","＋","3661","世芯-KY","1,660.00","＋","認購","美式","112年03月17日","112年03月17日","112年10月12日","112年10月16日","0.018","    1,430.00","","",
="039065","貿聯元大29購03","1.23","","3665","貿聯-KY","270.50","＋","認購","美式","112年03月17日","112年03月17日","112年09月14日","112年09月18日","0.087","    313.76","","",
="039066","中磊元大29購04","1.92","＋","5388","中磊","93.30","＋","認購","美式","112年03月17日","112年03月17日","112年09月14日","112年09月18日","0.323","    104.75","","",
="039067","緯穎元大2A購02","4.68","＋","6669","緯穎","1,205.00","＋","認購","美式","112年03月17日","112年03月17日","112年10月12日","112年10月16日","0.019","    1,080.00","","",
="039068","緯穎元大2B購03","3.75","＋","6669","緯穎","1,205.00","＋","認購","美式","112年03月17日","112年03月17日","112年11月14日","112年11月16日","0.013","    1,025.00","","",
="039069","力智元大29購04","1.39","＋","6719","力智","303.00","＋","認購","美式","112年03月17日","112年03月17日","112年09月14日","112年09月18日","0.038","    326.00","","",
="03906P","台積電富邦29售02","0.00","","2330","台積電","568.00","＋","認售","歐式","111年12月06日","112年09月05日","112年09月01日","112年09月05日","0.07","    395.57","","",
="03906U","臺股指凱基28售08","0.00","","IX0001","臺股指數","16,636.30","","認售","歐式","112年02月02日","112年08月01日","112年07月28日","112年08月01日","0.002","    14,900.00","","",
="039070","南電元大2A購04","0.00","","8046","南電","302.50","－","認購","美式","112年03月17日","112年03月17日","112年10月12日","112年10月16日","0.087","    338.00","","",
="039071","南電元大2B購05","0.00","","8046","南電","302.50","－","認購","美式","112年03月17日","112年03月17日","112年11月14日","112年11月16日","0.094","    365.00","","",
="039072","鈺齊元大29購06","0.00","","9802","鈺齊-KY","124.00","－","認購","美式","112年03月17日","112年03月17日","112年09月14日","112年09月18日","0.072","    147.13","","",
="039073","電子類元大2B購04","0.00","","IX0027","電子類","797.58","","認購","歐式","112年03月17日","112年11月16日","112年11月14日","112年11月16日","0.03","    730.00","","",
="039074","電子類元大2C購03","0.00","","IX0027","電子類","797.58","","認購","歐式","112年03月17日","112年12月18日","112年12月14日","112年12月18日","0.04","    775.00","","",
="039075","金融類元大2B購03","2.28","＋","IX0039","金融類","1,620.43","","認購","歐式","112年03月17日","112年11月16日","112年11月14日","112年11月16日","0.015","    1,500.00","","",
="039076","金融類元大2C購03","2.30","＋","IX0039","金融類","1,620.43","","認購","歐式","112年03月17日","112年12月18日","112年12月14日","112年12月18日","0.02","    1,575.00","","",
="039077","元金2X群益2B購01","0.86","－",="00708L","期元大S&P黃金正2(原名：元大S&P黃金正2)","26.72","－","認購","美式","112年03月17日","112年03月17日","112年11月14日","112年11月16日","0.40","    30.00","","",
="039078","華新群益29購03","0.54","","1605","華新","46.60","＋","認購","美式","112年03月17日","112年03月17日","112年09月14日","112年09月18日","0.50","    63.00","","",
="039079","美時群益29購01","0.00","","1795","美時","330.50","＋","認購","美式","112年03月17日","112年03月17日","112年09月14日","112年09月18日","0.05","    280.00","","",
="03907U","臺股指凱基2A售17","0.45","－","IX0001","臺股指數","16,636.30","","認售","歐式","112年02月02日","112年10月02日","112年09月27日","112年10月02日","0.001","    15,200.00","","",
="039080","美時群益2A購01","3.77","＋","1795","美時","330.50","＋","認購","美式","112年03月17日","112年03月17日","112年10月12日","112年10月16日","0.08","    329.00","","",
="039081","美時群益2B購01","4.49","＋","1795","美時","330.50","＋","認購","美式","112年03月17日","112年03月17日","112年11月14日","112年11月16日","0.10","    371.00","","",
="039082","鴻海群益2A購02","0.00","","2317","鴻海","105.50","＋","認購","美式","112年03月17日","112年03月17日","112年10月12日","112年10月16日","0.10","    110.00","","",
="039083","鴻海群益2B購01","0.80","＋","2317","鴻海","105.50","＋","認購","美式","112年03月17日","112年03月17日","112年11月14日","112年11月16日","0.15","    116.00","","",
="039084","聯發科群益2B購04","0.00","","2454","聯發科","738.00","＋","認購","美式","112年03月17日","112年03月17日","112年11月14日","112年11月16日","0.085","    1,141.00","","",
="039085","義隆群益2A購01","0.72","＋","2458","義隆","104.00","＋","認購","美式","112年03月17日","112年03月17日","112年10月12日","112年10月16日","0.103","    115.24","","",
="039086","漢翔群益29購02","0.00","","2634","漢翔","55.80","＋","認購","美式","112年03月17日","112年03月17日","112年09月14日","112年09月18日","0.80","    46.00","","",
="039087","智原群益29購01","0.99","＋","3035","智原","173.50","＋","認購","美式","112年03月17日","112年03月17日","112年09月14日","112年09月18日","0.20","    240.00","","",
="039088","帝寶群益29購02","0.00","","6605","帝寶","99.80","＋","認購","美式","112年03月17日","112年03月17日","112年09月14日","112年09月18日","0.20","    98.80","","",
="039089","華碩中信29購01","1.33","－","2357","華碩","303.50","－","認購","歐式","112年03月20日","112年09月19日","112年09月15日","112年09月19日","0.035","    288.00","","",
="03908U","臺股指凱基2A售18","1.05","－","IX0001","臺股指數","16,636.30","","認售","歐式","112年02月02日","112年10月02日","112年09月27日","112年10月02日","0.002","    15,400.00","","",
="039090","長榮航中信2A購01","1.30","＋","2618","長榮航","33.60","＋","認購","歐式","112年03月20日","112年10月19日","112年10月17日","112年10月19日","1.00","    40.00","","",
="039091","富邦金中信29購01","1.65","＋","2881","富邦金","61.10","＋","認購","歐式","112年03月20日","112年09月19日","112年09月15日","112年09月19日","1.00","    75.00","","",
="039092","兆豐金中信29購01","1.42","＋","2886","兆豐金","36.20","＋","認購","歐式","112年03月20日","112年09月19日","112年09月15日","112年09月19日","1.00","    40.00","","",
="039093","愛普中信2C購01","0.57","＋","6531","愛普*","328.50","＋","認購","歐式","112年03月20日","112年12月19日","112年12月15日","112年12月19日","0.01","    438.00","","",
="039094","AES中信2A購01","0.27","","6781","AES-KY","690.00","＋","認購","歐式","112年03月20日","112年10月19日","112年10月17日","112年10月19日","0.01","    958.00","","",
="039095","聚陽永豐2A購01","1.15","","1477","聚陽","219.00","＋","認購","美式","112年03月20日","112年03月20日","112年10月17日","112年10月19日","0.102","    267.78","","",
="039096","華新永豐2A購02","1.03","","1605","華新","46.60","＋","認購","美式","112年03月20日","112年03月20日","112年10月17日","112年10月19日","0.25","    54.34","","",
="039097","美時永豐2A購01","0.00","","1795","美時","330.50","＋","認購","美式","112年03月20日","112年03月20日","112年10月17日","112年10月19日","0.025","    258.83","","",
="039098","美時永豐31購01","2.09","－","1795","美時","330.50","＋","認購","美式","112年03月20日","112年03月20日","113年01月17日","113年01月19日","0.033","    357.43","","",
="039099","奇鋐永豐2B購01","0.00","","3017","奇鋐","206.00","－","認購","美式","112年03月20日","112年03月20日","112年11月16日","112年11月20日","0.045","    130.23","","",
="03909U","臺股指凱基2B售08","0.33","－","IX0001","臺股指數","16,636.30","","認售","歐式","112年02月02日","112年11月01日","112年10月30日","112年11月01日","0.001","    14,400.00","","",
="039100","同欣電永豐2A購01","0.62","＋","6271","同欣電","179.50","＋","認購","美式","112年03月20日","112年03月20日","112年10月17日","112年10月19日","0.05","    216.72","","",
="039101","矽力永豐2A購01","0.00","","6415","矽力*-KY","394.50","＋","認購","美式","112年03月20日","112年03月20日","112年10月17日","112年10月19日","0.015","    664.12","","",
="039102","寶成永豐2A購01","1.13","－","9904","寶成","32.05","－","認購","美式","112年03月20日","112年03月20日","112年10月17日","112年10月19日","0.40","    34.60","","",
="039103","創意第一31購01","1.50","＋","3443","創意","1,515.00","＋","認購","美式","112年03月20日","112年03月20日","113年01月17日","113年01月19日","0.003","    1,259.95","","",
="039104","中興電兆豐31購02","2.06","＋","1513","中興電","113.50","＋","認購","美式","112年03月20日","112年03月20日","113年01月17日","113年01月19日","0.08","    98.00","","",
="039105","美時兆豐2A購01","0.00","","1795","美時","330.50","＋","認購","美式","112年03月20日","112年03月20日","112年10月17日","112年10月19日","0.03","    268.00","","",
="039106","美時兆豐2B購01","2.61","＋","1795","美時","330.50","＋","認購","美式","112年03月20日","112年03月20日","112年11月16日","112年11月20日","0.038","    308.00","","",
="039107","長榮兆豐2B購01","0.00","","2603","長榮","157.00","＋","認購","美式","112年03月20日","112年03月20日","112年11月16日","112年11月20日","0.075","    200.00","","",
="039108","世芯兆豐31購01","4.15","＋","3661","世芯-KY","1,660.00","＋","認購","美式","112年03月20日","112年03月20日","113年01月17日","113年01月19日","0.007","    1,188.00","","",
="039109","華城統一2B購04","0.00","","1519","華城","141.00","＋","認購","美式","112年03月20日","112年03月20日","112年11月16日","112年11月20日","0.12","    83.00","","",
="03910U","電子類凱基2A售05","0.00","","IX0027","電子類","797.58","","認售","歐式","112年02月02日","112年10月02日","112年09月27日","112年10月02日","0.03","    650.00","","",
="039110","長榮鋼統一29購01","0.00","","2211","長榮鋼","60.90","＋","認購","美式","112年03月20日","112年03月20日","112年09月15日","112年09月19日","0.11","    64.00","","",
="039111","國巨統一2C購02","0.63","＋","2327","國巨","508.00","＋","認購","美式","112年03月20日","112年03月20日","112年12月15日","112年12月19日","0.01","    540.00","","",
="039112","智邦統一2C購01","1.30","＋","2345","智邦","357.50","＋","認購","美式","112年03月20日","112年03月20日","112年12月15日","112年12月19日","0.016","    366.66","","",
="039113","華航統一33購01","1.01","＋","2610","華航","21.65","＋","認購","美式","112年03月20日","112年03月20日","113年03月15日","113年03月19日","0.22","    19.99","","",
="039114","萬海統一2B購03","0.00","","2615","萬海","60.00","＋","認購","美式","112年03月20日","112年03月20日","112年11月16日","112年11月20日","0.075","    73.40","","",
="039115","長榮航統一2B購03","1.74","＋","2618","長榮航","33.60","＋","認購","美式","112年03月20日","112年03月20日","112年11月16日","112年11月20日","0.25","    28.88","","",
="039116","潤泰全統一32購01","0.85","","2915","潤泰全","56.40","＋","認購","美式","112年03月20日","112年03月20日","113年02月15日","113年02月19日","0.066","    60.66","","",
="039117","元晶統一31購01","0.56","＋","6443","元晶","36.20","＋","認購","美式","112年03月20日","112年03月20日","113年01月17日","113年01月19日","0.15","    43.20","","",
="039118","愛普統一29購02","0.76","＋","6531","愛普*","328.50","＋","認購","美式","112年03月20日","112年03月20日","112年09月15日","112年09月19日","0.015","    350.70","","",
="039119","愛普統一32購03","0.77","","6531","愛普*","328.50","＋","認購","美式","112年03月20日","112年03月20日","113年02月15日","113年02月19日","0.012","    439.99","","",
="03911U","電子類凱基2A售06","0.00","","IX0027","電子類","797.58","","認售","歐式","112年02月02日","112年10月02日","112年09月27日","112年10月02日","0.03","    680.00","","",
="039120","力智統一32購01","0.73","＋","6719","力智","303.00","＋","認購","美式","112年03月20日","112年03月20日","113年02月15日","113年02月19日","0.01","    299.99","","",
="039121","世紀鋼統一31購01","0.75","＋","9958","世紀鋼","109.50","＋","認購","美式","112年03月20日","112年03月20日","113年01月17日","113年01月19日","0.025","    123.45","","",
="039122","元石油元大29購02","0.68","",="00642U","期元大S&P石油(原名：元大S&P石油)","15.46","＋","認購","美式","112年03月20日","112年03月20日","112年09月15日","112年09月19日","0.50","    17.00","","",
="039123","東鹼元大29購02","0.00","","1708","東鹼","36.40","＋","認購","美式","112年03月20日","112年03月20日","112年09月15日","112年09月19日","1.00","    64.50","","",
="039124","美時元大29購12","0.00","","1795","美時","330.50","＋","認購","美式","112年03月20日","112年03月20日","112年09月15日","112年09月19日","0.045","    245.00","","",
="039125","美時元大29購13","2.69","","1795","美時","330.50","＋","認購","美式","112年03月20日","112年03月20日","112年09月15日","112年09月19日","0.03","    255.00","","",
="039126","美時元大2B購05","0.00","","1795","美時","330.50","＋","認購","美式","112年03月20日","112年03月20日","112年11月16日","112年11月20日","0.026","    270.00","","",
="039127","美時元大2C購02","2.45","＋","1795","美時","330.50","＋","認購","美式","112年03月20日","112年03月20日","112年12月15日","112年12月19日","0.038","    340.00","","",
="039128","川湖元大29購02","2.55","＋","2059","川湖","436.00","＋","認購","美式","112年03月20日","112年03月20日","112年09月15日","112年09月19日","0.074","    480.50","","",
="039129","裕隆元大2A購08","0.00","","2201","裕隆","82.80","＋","認購","美式","112年03月20日","112年03月20日","112年10月17日","112年10月19日","0.198","    90.70","","",
="03912U","電子類凱基2A售07","0.51","－","IX0027","電子類","797.58","","認售","歐式","112年02月02日","112年10月02日","112年09月27日","112年10月02日","0.03","    700.00","","",
="039130","為升元大29購05","0.00","","2231","為升","172.50","＋","認購","美式","112年03月20日","112年03月20日","112年09月15日","112年09月19日","0.076","    193.00","","",
="039131","為升元大2B購03","0.96","","2231","為升","172.50","＋","認購","美式","112年03月20日","112年03月20日","112年11月16日","112年11月20日","0.137","    250.00","","",
="039132","國巨元大29購06","1.66","＋","2327","國巨","508.00","＋","認購","美式","112年03月20日","112年03月20日","112年09月15日","112年09月19日","0.036","    536.00","","",
="039133","國巨元大2A購11","0.00","","2327","國巨","508.00","＋","認購","美式","112年03月20日","112年03月20日","112年10月17日","112年10月19日","0.032","    551.00","","",
="039134","國巨元大2B購05","0.00","","2327","國巨","508.00","＋","認購","美式","112年03月20日","112年03月20日","112年11月16日","112年11月20日","0.033","    585.00","","",
="039135","華邦電元大29購09","2.11","","2344","華邦電","26.90","＋","認購","美式","112年03月20日","112年03月20日","112年09月15日","112年09月19日","0.468","    24.15","","",
="039136","英業達元大29購01","0.00","","2356","英業達","37.50","＋","認購","美式","112年03月20日","112年03月20日","112年09月15日","112年09月19日","0.687","    29.48","","",
="039137","英業達元大2B購01","5.85","＋","2356","英業達","37.50","＋","認購","美式","112年03月20日","112年03月20日","112年11月16日","112年11月20日","0.838","    32.29","","",
="039138","威盛元大2A購10","1.27","＋","2388","威盛","83.10","＋","認購","美式","112年03月20日","112年03月20日","112年10月17日","112年10月19日","0.142","    104.00","","",
="039139","怡利電元大29購03","0.97","","2497","怡利電","71.30","＋","認購","美式","112年03月20日","112年03月20日","112年09月15日","112年09月19日","0.192","    88.00","","",
="03913U","金融類凱基2A售04","1.10","－","IX0039","金融類","1,620.43","","認售","歐式","112年02月02日","112年10月02日","112年09月27日","112年10月02日","0.02","    1,500.00","","",
="039140","長榮元大2A購24","0.87","","2603","長榮","157.00","＋","認購","美式","112年03月20日","112年03月20日","112年10月17日","112年10月19日","0.15","    207.00","","",
="039141","長榮元大2B購08","0.93","","2603","長榮","157.00","＋","認購","美式","112年03月20日","112年03月20日","112年11月16日","112年11月20日","0.123","    205.00","","",
="039142","長榮元大2C購03","0.00","","2603","長榮","157.00","＋","認購","美式","112年03月20日","112年03月20日","112年12月15日","112年12月19日","0.144","    226.00","","",
="039143","陽明元大2A購08","1.04","＋","2609","陽明","62.00","＋","認購","美式","112年03月20日","112年03月20日","112年10月17日","112年10月19日","0.236","    68.80","","",
="039144","八方元大29購05","0.17","","2753","八方雲集","167.00","","認購","美式","112年03月20日","112年03月20日","112年09月15日","112年09月19日","0.027","    231.50","","",
="039145","智原元大2A購06","0.79","","3035","智原","173.50","＋","認購","美式","112年03月20日","112年03月20日","112年10月17日","112年10月19日","0.073","    232.50","","",
="039146","欣興元大2A購09","0.00","","3037","欣興","182.50","－","認購","美式","112年03月20日","112年03月20日","112年10月17日","112年10月19日","0.09","    140.50","","",
="039147","欣興元大2B購09","4.37","－","3037","欣興","182.50","－","認購","美式","112年03月20日","112年03月20日","112年11月16日","112年11月20日","0.131","    171.50","","",
="039148","欣興元大2C購02","4.27","－","3037","欣興","182.50","－","認購","美式","112年03月20日","112年03月20日","112年12月15日","112年12月19日","0.157","    195.50","","",
="039149","玉晶光元大2A購04","1.64","＋","3406","玉晶光","400.00","＋","認購","美式","112年03月20日","112年03月20日","112年10月17日","112年10月19日","0.032","    403.00","","",
="03914U","金融類凱基2A售05","0.79","－","IX0039","金融類","1,620.43","","認售","歐式","112年02月02日","112年10月02日","112年09月27日","112年10月02日","0.01","    1,550.00","","",
="039150","創意元大2A購03","3.35","＋","3443","創意","1,515.00","＋","認購","美式","112年03月20日","112年03月20日","112年10月17日","112年10月19日","0.013","    1,625.00","","",
="039151","創意元大2C購04","2.86","＋","3443","創意","1,515.00","＋","認購","美式","112年03月20日","112年03月20日","112年12月15日","112年12月19日","0.009","    1,650.00","","",
="039152","晶睿元大29購04","0.00","","3454","晶睿","182.50","＋","認購","美式","112年03月20日","112年03月20日","112年09月15日","112年09月19日","0.088","    395.00","","",
="039153","揚明光元大29購01","0.74","＋","3504","揚明光","81.70","＋","認購","美式","112年03月20日","112年03月20日","112年09月15日","112年09月19日","0.411","    129.00","","",
="039154","台勝科元大29購02","0.43","＋","3532","台勝科","157.00","＋","認購","美式","112年03月20日","112年03月20日","112年09月15日","112年09月19日","0.159","    240.00","","",
="039155","臻鼎元大29購01","0.00","","4958","臻鼎-KY","114.50","＋","認購","美式","112年03月20日","112年03月20日","112年09月15日","112年09月19日","0.05","    105.00","","",
="039156","立積元大29購03","1.77","","4968","立積","170.00","＋","認購","美式","112年03月20日","112年03月20日","112年09月15日","112年09月19日","0.038","    140.00","","",
="039157","祥碩元大29購03","1.33","＋","5269","祥碩","1,300.00","＋","認購","美式","112年03月20日","112年03月20日","112年09月15日","112年09月19日","0.007","    1,360.00","","",
="039158","台表科元大29購02","0.00","","6278","台表科","100.50","＋","認購","美式","112年03月20日","112年03月20日","112年09月15日","112年09月19日","0.273","    109.50","","",
="039159","樺漢元大29購04","0.00","","6414","樺漢","281.00","＋","認購","美式","112年03月20日","112年03月20日","112年09月15日","112年09月19日","0.096","    290.00","","",
="03915U","台積電兆豐29售03","0.00","","2330","台積電","568.00","＋","認售","歐式","112年02月02日","112年09月01日","112年08月30日","112年09月01日","0.036","    485.37","","",
="039160","愛普元大2A購05","1.71","","6531","愛普*","328.50","＋","認購","美式","112年03月20日","112年03月20日","112年10月17日","112年10月19日","0.056","    440.00","","",
="039161","晶心科元大2A購06","0.32","＋","6533","晶心科","511.00","＋","認購","美式","112年03月20日","112年03月20日","112年10月17日","112年10月19日","0.01","    693.00","","",
="039162","緯穎元大2A購03","4.75","＋","6669","緯穎","1,205.00","＋","認購","美式","112年03月20日","112年03月20日","112年10月17日","112年10月19日","0.024","    1,180.00","","",
="039163","緯穎元大2B購04","4.13","＋","6669","緯穎","1,205.00","＋","認購","美式","112年03月20日","112年03月20日","112年11月16日","112年11月20日","0.026","    1,325.00","","",
="039164","力智元大2A購04","1.34","","6719","力智","303.00","＋","認購","美式","112年03月20日","112年03月20日","112年10月17日","112年10月19日","0.039","    346.50","","",
="039165","南電元大2A購05","2.67","－","8046","南電","302.50","－","認購","美式","112年03月20日","112年03月20日","112年10月17日","112年10月19日","0.064","    307.50","","",
="039166","南電元大2B購06","2.51","－","8046","南電","302.50","－","認購","美式","112年03月20日","112年03月20日","112年11月16日","112年11月20日","0.083","    355.00","","",
="039167","南電元大2C購02","2.51","－","8046","南電","302.50","－","認購","美式","112年03月20日","112年03月20日","112年12月15日","112年12月19日","0.095","    388.00","","",
="039168","元石油凱基2B購01","1.39","",="00642U","期元大S&P石油(原名：元大S&P石油)","15.46","＋","認購","美式","112年03月20日","112年03月20日","112年11月16日","112年11月20日","0.60","    15.00","","",
="039169","香港2X凱基2B購03","0.82","＋",="00650L","FH香港正2","11.60","＋","認購","美式","112年03月20日","112年03月20日","112年11月16日","112年11月20日","0.60","    13.00","","",
="03916U","長榮中信29售02","0.00","","2603","長榮","157.00","＋","認售","歐式","112年02月02日","112年09月01日","112年08月30日","112年09月01日","0.15","    100.00","","",
="039170","SGBR2X凱基2C購01","1.21","＋",="00715L","期街口布蘭特正2","12.73","＋","認購","美式","112年03月20日","112年03月20日","112年12月15日","112年12月19日","0.40","    14.50","","",
="039171","中興電凱基2B購01","1.50","＋","1513","中興電","113.50","＋","認購","美式","112年03月20日","112年03月20日","112年11月16日","112年11月20日","0.12","    120.00","","",
="039172","華新凱基29購11","0.00","","1605","華新","46.60","＋","認購","美式","112年03月20日","112年03月20日","112年09月15日","112年09月19日","0.40","    69.00","","",
="039173","中鋼凱基29購02","0.00","","2002","中鋼","29.05","－","認購","美式","112年03月20日","112年03月20日","112年09月15日","112年09月19日","1.00","    37.00","","",
="039174","裕隆凱基2A購01","0.00","","2201","裕隆","82.80","＋","認購","美式","112年03月20日","112年03月20日","112年10月17日","112年10月19日","0.10","    80.00","","",
="039175","聯電凱基29購06","0.00","","2303","聯電","51.20","＋","認購","美式","112年03月20日","112年03月20日","112年09月15日","112年09月19日","0.50","    56.00","","",
="039176","台達電凱基29購02","1.72","－","2308","台達電","315.50","－","認購","美式","112年03月20日","112年03月20日","112年09月15日","112年09月19日","0.11","    340.00","","",
="039177","鴻海凱基29購08","0.00","","2317","鴻海","105.50","＋","認購","美式","112年03月20日","112年03月20日","112年09月15日","112年09月19日","0.50","    130.00","","",
="039178","鴻海凱基2B購07","0.59","＋","2317","鴻海","105.50","＋","認購","美式","112年03月20日","112年03月20日","112年11月16日","112年11月20日","0.30","    134.00","","",
="039179","威盛凱基29購07","0.00","","2388","威盛","83.10","＋","認購","美式","112年03月20日","112年03月20日","112年09月15日","112年09月19日","0.10","    100.00","","",
="03917U","台積電國泰2A售04","0.87","－","2330","台積電","568.00","＋","認售","歐式","112年02月02日","112年10月02日","112年09月27日","112年10月02日","0.101","    467.47","","",
="039180","聯發科凱基2B購07","1.15","＋","2454","聯發科","738.00","＋","認購","美式","112年03月20日","112年03月20日","112年11月16日","112年11月20日","0.05","    1,000.00","","",
="039181","長榮凱基29購15","0.34","","2603","長榮","157.00","＋","認購","美式","112年03月20日","112年03月20日","112年09月15日","112年09月19日","0.05","    182.00","","",
="039182","長榮凱基2A購10","0.18","＋","2603","長榮","157.00","＋","認購","美式","112年03月20日","112年03月20日","112年10月17日","112年10月19日","0.10","    225.00","","",
="039183","長榮凱基2B購05","0.00","","2603","長榮","157.00","＋","認購","美式","112年03月20日","112年03月20日","112年11月16日","112年11月20日","0.10","    260.00","","",
="039184","陽明凱基2A購04","0.00","","2609","陽明","62.00","＋","認購","美式","112年03月20日","112年03月20日","112年10月17日","112年10月19日","1.00","    98.00","","",
="039185","長榮航凱基2A購05","3.24","＋","2618","長榮航","33.60","＋","認購","美式","112年03月20日","112年03月20日","112年10月17日","112年10月19日","0.65","    29.50","","",
="039186","欣興凱基2A購07","2.84","－","3037","欣興","182.50","－","認購","美式","112年03月20日","112年03月20日","112年10月17日","112年10月19日","0.10","    172.00","","",
="039187","緯創凱基2A購01","0.00","","3231","緯創","68.00","＋","認購","美式","112年03月20日","112年03月20日","112年10月17日","112年10月19日","1.00","    42.00","","",
="039188","創意凱基29購12","2.27","＋","3443","創意","1,515.00","＋","認購","美式","112年03月20日","112年03月20日","112年09月15日","112年09月19日","0.005","    1,180.00","","",
="039189","創意凱基29購13","1.83","＋","3443","創意","1,515.00","＋","認購","美式","112年03月20日","112年03月20日","112年09月15日","112年09月19日","0.006","    1,360.00","","",
="03918U","台積電國泰2A售05","0.54","－","2330","台積電","568.00","＋","認售","歐式","112年02月02日","112年10月02日","112年09月27日","112年10月02日","0.101","    447.58","","",
="039190","創意凱基31購02","2.77","＋","3443","創意","1,515.00","＋","認購","美式","112年03月20日","112年03月20日","113年01月17日","113年01月19日","0.007","    1,450.00","","",
="039191","世芯凱基2B購02","2.85","","3661","世芯-KY","1,660.00","＋","認購","美式","112年03月20日","112年03月20日","112年11月16日","112年11月20日","0.005","    1,230.00","","",
="039192","矽力凱基2A購01","0.34","＋","6415","矽力*-KY","394.50","＋","認購","美式","112年03月20日","112年03月20日","112年10月17日","112年10月19日","0.025","    644.29","","",
="039193","矽力凱基2B購01","0.29","＋","6415","矽力*-KY","394.50","＋","認購","美式","112年03月20日","112年03月20日","112年11月16日","112年11月20日","0.01","    545.17","","",
="039194","矽力凱基2B購02","0.00","","6415","矽力*-KY","394.50","＋","認購","美式","112年03月20日","112年03月20日","112年11月16日","112年11月20日","0.02","    743.42","","",
="039195","愛普凱基2A購06","0.93","","6531","愛普*","328.50","＋","認購","美式","112年03月20日","112年03月20日","112年10月17日","112年10月19日","0.03","    420.00","","",
="039196","愛普凱基2A購07","1.09","＋","6531","愛普*","328.50","＋","認購","美式","112年03月20日","112年03月20日","112年10月17日","112年10月19日","0.03","    360.00","","",
="039197","愛普凱基2A購08","1.30","","6531","愛普*","328.50","＋","認購","美式","112年03月20日","112年03月20日","112年10月17日","112年10月19日","0.02","    300.00","","",
="039198","南電凱基29購09","2.23","＋","8046","南電","302.50","－","認購","美式","112年03月20日","112年03月20日","112年09月15日","112年09月19日","0.10","    350.00","","",
="039199","臺股指凱基2C購19","0.00","","IX0001","臺股指數","16,636.30","","認購","歐式","112年03月20日","112年12月19日","112年12月15日","112年12月19日","0.002","    15,400.00","","",
="03919U","台灣50富邦29售03","0.00","",="0050","元大台灣50","126.75","＋","認售","歐式","112年02月02日","112年09月01日","112年08月30日","112年09月01日","0.20","    115.00","","",
="039200","台灣50元富2C購03","3.04","＋",="0050","元大台灣50","126.75","＋","認購","美式","112年03月20日","112年03月20日","112年12月15日","112年12月19日","1.00","    138.00","","",
="039201","南亞科元富29購02","2.70","－","2408","南亞科","71.20","－","認購","美式","112年03月20日","112年03月20日","112年09月15日","112年09月19日","0.37","    70.00","","",
="039202","長榮元富2C購01","0.00","","2603","長榮","157.00","＋","認購","美式","112年03月20日","112年03月20日","112年12月15日","112年12月19日","0.07","    220.00","","",
="039203","漢翔元富31購01","2.88","＋","2634","漢翔","55.80","＋","認購","美式","112年03月20日","112年03月20日","113年01月17日","113年01月19日","0.31","    60.00","","",
="039204","同欣電元富29購01","0.00","","6271","同欣電","179.50","＋","認購","美式","112年03月20日","112年03月20日","112年09月15日","112年09月19日","0.05","    245.00","","",
="039205","愛普元富29購02","1.30","＋","6531","愛普*","328.50","＋","認購","美式","112年03月20日","112年03月20日","112年09月15日","112年09月19日","0.037","    370.00","","",
="039206","SGBR2X國票2A購02","0.00","",="00715L","期街口布蘭特正2","12.73","＋","認購","美式","112年03月20日","112年03月20日","112年10月17日","112年10月19日","0.50","    13.00","","",
="039207","中華國票2A購01","7.30","－","2204","中華","91.60","－","認購","美式","112年03月20日","112年03月20日","112年10月17日","112年10月19日","0.30","    70.00","","",
="039208","建準國票2A購01","0.00","","2421","建準","89.00","＋","認購","美式","112年03月20日","112年03月20日","112年10月17日","112年10月19日","0.30","    58.00","","",
="039209","漢翔國票2A購03","0.00","","2634","漢翔","55.80","＋","認購","美式","112年03月20日","112年03月20日","112年10月17日","112年10月19日","1.00","    52.00","","",
="03920U","台灣50富邦2C售02","0.00","",="0050","元大台灣50","126.75","＋","認售","歐式","112年02月02日","112年12月01日","112年11月29日","112年12月01日","0.50","    100.00","","",
="039210","潤泰全國票2A購01","0.00","","2915","潤泰全","56.40","＋","認購","美式","112年03月20日","112年03月20日","112年10月17日","112年10月19日","0.18","    65.00","","",
="039211","奇鋐國票2A購01","0.00","","3017","奇鋐","206.00","－","認購","美式","112年03月20日","112年03月20日","112年10月17日","112年10月19日","0.08","    140.00","","",
="039212","世芯國票31購01","4.28","＋","3661","世芯-KY","1,660.00","＋","認購","美式","112年03月20日","112年03月20日","113年01月17日","113年01月19日","0.01","    1,500.00","","",
="039213","矽創國票2A購01","0.00","","8016","矽創","225.50","＋","認購","美式","112年03月20日","112年03月20日","112年10月17日","112年10月19日","0.07","    260.00","","",
="039214","潤泰新國票2A購01","0.00","","9945","潤泰新","35.00","＋","認購","美式","112年03月20日","112年03月20日","112年10月17日","112年10月19日","1.00","    57.00","","",
="039215","SGBR2X國泰2B購01","0.00","",="00715L","期街口布蘭特正2","12.73","＋","認購","美式","112年03月20日","112年03月20日","112年11月16日","112年11月20日","0.30","    14.80","","",
="039216","美時國泰2B購02","3.61","＋","1795","美時","330.50","＋","認購","美式","112年03月20日","112年03月20日","112年11月16日","112年11月20日","0.07","    335.00","","",
="039217","愛普國泰2B購01","1.46","＋","6531","愛普*","328.50","＋","認購","美式","112年03月20日","112年03月20日","112年11月16日","112年11月20日","0.05","    395.67","","",
="039218","國巨富邦2C購01","0.70","－","2327","國巨","508.00","＋","認購","美式","112年03月20日","112年03月20日","112年12月15日","112年12月19日","0.022","    620.00","","",
="039219","漢翔富邦2A購03","0.00","","2634","漢翔","55.80","＋","認購","美式","112年03月20日","112年03月20日","112年10月17日","112年10月19日","0.30","    52.00","","",
="03921U","T50反1富邦32售01","0.00","",="00632R","元大台灣50反1","4.94","－","認售","歐式","112年02月02日","113年02月01日","113年01月30日","113年02月01日","1.00","    5.50","","",
="039220","中磊富邦29購01","0.64","＋","5388","中磊","93.30","＋","認購","美式","112年03月20日","112年03月20日","112年09月15日","112年09月19日","0.105","    102.37","","",
="039221","元石油群益2B購01","0.00","",="00642U","期元大S&P石油(原名：元大S&P石油)","15.46","＋","認購","美式","112年03月20日","112年03月20日","112年11月16日","112年11月20日","0.70","    18.50","","",
="039222","元油反群益2B購01","0.00","",="00673R","期元大S&P原油反1(原名：元大S&P原油反1)","9.03","－","認購","美式","112年03月20日","112年03月20日","112年11月16日","112年11月20日","1.00","    11.80","","",
="039223","東鹼群益29購01","0.00","","1708","東鹼","36.40","＋","認購","美式","112年03月20日","112年03月20日","112年09月15日","112年09月19日","0.60","    52.00","","",
="039224","第一銅群益29購01","0.00","","2009","第一銅","32.10","＋","認購","美式","112年03月20日","112年03月20日","112年09月15日","112年09月19日","0.162","    38.00","","",
="039225","華邦電群益29購01","1.60","","2344","華邦電","26.90","＋","認購","美式","112年03月20日","112年03月20日","112年09月15日","112年09月19日","1.00","    30.00","","",
="039226","威強電群益29購03","0.00","","3022","威強電","91.20","＋","認購","美式","112年03月20日","112年03月20日","112年09月15日","112年09月19日","0.15","    83.50","","",
="039227","創意群益29購04","4.65","＋","3443","創意","1,515.00","＋","認購","美式","112年03月20日","112年03月20日","112年09月15日","112年09月19日","0.018","    1,488.00","","",
="039228","晶睿群益29購01","0.00","","3454","晶睿","182.50","＋","認購","美式","112年03月20日","112年03月20日","112年09月15日","112年09月19日","0.095","    390.00","","",
="039229","台勝科群益29購01","0.70","＋","3532","台勝科","157.00","＋","認購","美式","112年03月20日","112年03月20日","112年09月15日","112年09月19日","0.12","    200.00","","",
="03922U","上証2X群益29售02","0.00","",="00633L","富邦上証正2","35.01","－","認售","歐式","112年02月02日","112年09月01日","112年08月30日","112年09月01日","0.36","    41.00","","",
="039230","聯合再群益29購01","1.03","＋","3576","聯合再生","20.30","＋","認購","美式","112年03月20日","112年03月20日","112年09月15日","112年09月19日","1.00","    23.50","","",
="039231","貿聯群益29購02","1.19","","3665","貿聯-KY","270.50","＋","認購","美式","112年03月20日","112年03月20日","112年09月15日","112年09月19日","0.10","    318.74","","",
="039232","愛普群益29購09","0.92","＋","6531","愛普*","328.50","＋","認購","美式","112年03月20日","112年03月20日","112年09月15日","112年09月19日","0.04","    390.00","","",
="039233","緯穎群益29購02","7.20","－","6669","緯穎","1,205.00","＋","認購","美式","112年03月20日","112年03月20日","112年09月15日","112年09月19日","0.03","    1,088.00","","",
="039234","美時兆豐2C購01","0.00","","1795","美時","330.50","＋","認購","美式","112年03月21日","112年03月21日","112年12月18日","112年12月20日","0.03","    288.00","","",
="039235","聯電兆豐2B購03","0.00","","2303","聯電","51.20","＋","認購","美式","112年03月21日","112年03月21日","112年11月16日","112年11月20日","0.30","    60.00","","",
="039236","瑞昱兆豐2B購01","0.81","","2379","瑞昱","388.00","＋","認購","美式","112年03月21日","112年03月21日","112年11月16日","112年11月20日","0.04","    480.00","","",
="039237","SGBR2X統一2C購02","0.00","",="00715L","期街口布蘭特正2","12.73","＋","認購","美式","112年03月21日","112年03月21日","112年12月18日","112年12月20日","0.25","    13.00","","",
="039238","潤泰全統一33購01","0.58","＋","2915","潤泰全","56.40","＋","認購","美式","112年03月21日","112年03月21日","113年03月18日","113年03月20日","0.06","    77.77","","",
="039239","新唐統一2C購01","0.44","＋","4919","新唐","130.50","＋","認購","美式","112年03月21日","112年03月21日","112年12月18日","112年12月20日","0.025","    157.00","","",
="03923U","國巨群益28售03","1.27","－","2327","國巨","508.00","＋","認售","歐式","112年02月02日","112年08月01日","112年07月28日","112年08月01日","0.033","    487.63","","",
="039240","SGBR2X中信2A購02","0.00","",="00715L","期街口布蘭特正2","12.73","＋","認購","歐式","112年03月21日","112年10月20日","112年10月18日","112年10月20日","0.20","    12.80","","",
="039241","美時中信2B購01","3.10","＋","1795","美時","330.50","＋","認購","歐式","112年03月21日","112年11月20日","112年11月16日","112年11月20日","0.036","    272.00","","",
="039242","裕隆中信29購01","0.00","","2201","裕隆","82.80","＋","認購","歐式","112年03月21日","112年09月20日","112年09月18日","112年09月20日","0.081","    80.00","","",
="039243","國巨中信29購02","1.13","－","2327","國巨","508.00","＋","認購","歐式","112年03月21日","112年09月20日","112年09月18日","112年09月20日","0.02","    515.00","","",
="039244","國泰金中信29購01","4.36","＋","2882","國泰金","44.75","＋","認購","歐式","112年03月21日","112年09月20日","112年09月18日","112年09月20日","1.00","    45.00","","",
="039245","元大金中信2A購01","1.82","－","2885","元大金","23.55","＋","認購","歐式","112年03月21日","112年10月20日","112年10月18日","112年10月20日","1.00","    25.00","","",
="039246","新光金中信2A購01","1.21","＋","2888","新光金","8.63","＋","認購","歐式","112年03月21日","112年10月20日","112年10月18日","112年10月20日","1.00","    8.00","","",
="039247","國票金中信2A購01","1.02","＋","2889","國票金","12.60","＋","認購","歐式","112年03月21日","112年10月20日","112年10月18日","112年10月20日","1.00","    14.00","","",
="039248","台灣50永豐2B購02","2.79","＋",="0050","元大台灣50","126.75","＋","認購","美式","112年03月21日","112年03月21日","112年11月16日","112年11月20日","0.25","    118.53","","",
="039249","台積電永豐2A購02","2.07","＋","2330","台積電","568.00","＋","認購","美式","112年03月21日","112年03月21日","112年10月18日","112年10月20日","0.05","    575.00","","",
="03924P","彩晶凱基26售01","0.00","","6116","彩晶","12.25","＋","認售","歐式","111年10月07日","112年06月06日","112年06月02日","112年06月06日","1.00","    9.50","","",
="03924U","微星群益28售01","0.00","","2377","微星","168.00","－","認售","歐式","112年02月02日","112年08月01日","112年07月28日","112年08月01日","0.20","    100.00","","",
="039250","光罩永豐2A購01","0.00","","2338","光罩","81.80","＋","認購","美式","112年03月21日","112年03月21日","112年10月18日","112年10月20日","0.154","    110.96","","",
="039251","潤泰新永豐29購01","0.49","","9945","潤泰新","35.00","＋","認購","美式","112年03月21日","112年03月21日","112年09月18日","112年09月20日","0.32","    45.86","","",
="039252","臺股指永豐29購04","0.00","","IX0001","臺股指數","16,636.30","","認購","歐式","112年03月21日","112年09月20日","112年09月18日","112年09月20日","0.003","    15,388.00","","",
="039253","臺股指永豐2C購02","2.57","＋","IX0001","臺股指數","16,636.30","","認購","歐式","112年03月21日","112年12月20日","112年12月18日","112年12月20日","0.004","    16,800.00","","",
="039254","台積電台新29購02","0.00","","2330","台積電","568.00","＋","認購","歐式","112年03月21日","112年09月20日","112年09月18日","112年09月20日","0.022","    540.75","","",
="039255","富邦金台新29購01","1.57","＋","2881","富邦金","61.10","＋","認購","歐式","112年03月21日","112年09月20日","112年09月18日","112年09月20日","0.22","    58.01","","",
="039256","元油反康和29購01","0.00","",="00673R","期元大S&P原油反1(原名：元大S&P原油反1)","9.03","－","認購","美式","112年03月21日","112年03月21日","112年09月18日","112年09月20日","1.00","    11.00","","",
="039257","元油反元富29購01","0.00","",="00673R","期元大S&P原油反1(原名：元大S&P原油反1)","9.03","－","認購","美式","112年03月21日","112年03月21日","112年09月18日","112年09月20日","1.00","    9.50","","",
="039258","美債2X元富29購01","0.00","",="00688L","國泰20年美債正2","10.74","＋","認購","美式","112年03月21日","112年03月21日","112年09月18日","112年09月20日","1.00","    12.30","","",
="039259","美債2X元富2C購01","0.00","",="00688L","國泰20年美債正2","10.74","＋","認購","美式","112年03月21日","112年03月21日","112年12月18日","112年12月20日","1.00","    13.50","","",
="03925U","宏達電群益29售02","1.11","","2498","宏達電","61.50","＋","認售","歐式","112年02月02日","112年09月01日","112年08月30日","112年09月01日","0.30","    53.00","","",
="039260","美債2X元富33購01","0.76","＋",="00688L","國泰20年美債正2","10.74","＋","認購","美式","112年03月21日","112年03月21日","113年03月18日","113年03月20日","1.00","    15.00","","",
="039261","SGBR2X元富29購01","2.25","＋",="00715L","期街口布蘭特正2","12.73","＋","認購","美式","112年03月21日","112年03月21日","112年09月18日","112年09月20日","1.00","    14.00","","",
="039262","SGBR2X元富2C購01","1.87","",="00715L","期街口布蘭特正2","12.73","＋","認購","美式","112年03月21日","112年03月21日","112年12月18日","112年12月20日","1.00","    16.00","","",
="039263","光寶科麥證29購01","3.71","＋","2301","光寶科","86.40","＋","認購","歐式","112年03月21日","112年09月20日","112年09月18日","112年09月20日","0.38","    80.00","","",
="039264","玉晶光麥證2A購01","0.81","","3406","玉晶光","400.00","＋","認購","歐式","112年03月21日","112年10月20日","112年10月18日","112年10月20日","0.016","    420.00","","",
="039265","宏全麥證29購01","1.32","＋","9939","宏全","106.50","＋","認購","歐式","112年03月21日","112年09月20日","112年09月18日","112年09月20日","0.16","    110.00","","",
="039266","聯電第一2B購03","0.51","＋","2303","聯電","51.20","＋","認購","美式","112年03月21日","112年03月21日","112年11月16日","112年11月20日","0.178","    61.18","","",
="039267","上証2X國票2A購02","0.00","",="00633L","富邦上証正2","35.01","－","認購","美式","112年03月21日","112年03月21日","112年10月18日","112年10月20日","0.80","    52.00","","",
="039268","滬深2X國票2C購02","0.00","",="00637L","元大滬深300正2","13.77","－","認購","美式","112年03月21日","112年03月21日","112年12月18日","112年12月20日","1.00","    22.00","","",
="039269","元石油國票29購01","0.00","",="00642U","期元大S&P石油(原名：元大S&P石油)","15.46","＋","認購","美式","112年03月21日","112年03月21日","112年09月18日","112年09月20日","1.00","    14.00","","",
="03926P","SGBR2X元大26售02","0.00","",="00715L","期街口布蘭特正2","12.73","＋","認售","歐式","111年10月07日","112年06月06日","112年06月02日","112年06月06日","0.30","    14.00","","",
="03926U","台驊控群益28售01","0.00","","2636","台驊投控","71.70","","認售","歐式","112年02月02日","112年08月01日","112年07月28日","112年08月01日","0.428","    46.73","","",
="039270","元石油國票29購02","0.00","",="00642U","期元大S&P石油(原名：元大S&P石油)","15.46","＋","認購","美式","112年03月21日","112年03月21日","112年09月18日","112年09月20日","1.00","    16.00","","",
="039271","元石油國票29購03","0.00","",="00642U","期元大S&P石油(原名：元大S&P石油)","15.46","＋","認購","美式","112年03月21日","112年03月21日","112年09月18日","112年09月20日","1.00","    18.00","","",
="039272","元石油國票2A購01","2.19","",="00642U","期元大S&P石油(原名：元大S&P石油)","15.46","＋","認購","美式","112年03月21日","112年03月21日","112年10月18日","112年10月20日","1.00","    15.00","","",
="039273","元石油國票2B購01","0.00","",="00642U","期元大S&P石油(原名：元大S&P石油)","15.46","＋","認購","美式","112年03月21日","112年03月21日","112年11月16日","112年11月20日","1.00","    20.00","","",
="039274","SGBR2X國票29購03","0.00","",="00715L","期街口布蘭特正2","12.73","＋","認購","美式","112年03月21日","112年03月21日","112年09月18日","112年09月20日","0.50","    12.00","","",
="039275","SGBR2X國票2B購01","0.00","",="00715L","期街口布蘭特正2","12.73","＋","認購","美式","112年03月21日","112年03月21日","112年11月16日","112年11月20日","0.65","    14.00","","",
="039276","中鴻國票2A購01","0.53","＋","2014","中鴻","23.15","＋","認購","美式","112年03月21日","112年03月21日","112年10月18日","112年10月20日","0.60","    30.00","","",
="039277","長榮國票2A購03","0.00","","2603","長榮","157.00","＋","認購","美式","112年03月21日","112年03月21日","112年10月18日","112年10月20日","0.10","    200.00","","",
="039278","新興國票2A購02","0.46","","2605","新興","21.45","＋","認購","美式","112年03月21日","112年03月21日","112年10月18日","112年10月20日","0.70","    30.00","","",
="039279","萬海國票2A購01","0.52","","2615","萬海","60.00","＋","認購","美式","112年03月21日","112年03月21日","112年10月18日","112年10月20日","0.20","    75.00","","",
="03927U","富邦金群益28售01","0.00","","2881","富邦金","61.10","＋","認售","歐式","112年02月02日","112年08月01日","112年07月28日","112年08月01日","0.55","    54.00","","",
="039280","臺企銀國票2A購02","0.73","＋","2834","臺企銀","14.10","＋","認購","美式","112年03月21日","112年03月21日","112年10月18日","112年10月20日","1.00","    15.00","","",
="039281","國泰金國票2A購01","1.52","＋","2882","國泰金","44.75","＋","認購","美式","112年03月21日","112年03月21日","112年10月18日","112年10月20日","1.00","    52.00","","",
="039282","總太國票29購01","0.00","","3056","總太","48.60","＋","認購","美式","112年03月21日","112年03月21日","112年09月18日","112年09月20日","0.20","    50.00","","",
="039283","嘉澤國票2A購01","0.00","","3533","嘉澤","909.00","－","認購","美式","112年03月21日","112年03月21日","112年10月18日","112年10月20日","0.025","    900.00","","",
="039284","敦泰國票2A購02","0.00","","3545","敦泰","83.70","＋","認購","美式","112年03月21日","112年03月21日","112年10月18日","112年10月20日","0.11","    82.00","","",
="039285","合勤控國票2A購02","2.65","＋","3704","合勤控","43.85","＋","認購","美式","112年03月21日","112年03月21日","112年10月18日","112年10月20日","1.00","    54.00","","",
="039286","緯穎國票2A購02","0.00","","6669","緯穎","1,205.00","＋","認購","美式","112年03月21日","112年03月21日","112年10月18日","112年10月20日","0.016","    1,000.00","","",
="039287","寶成國票2A購01","0.00","","9904","寶成","32.05","－","認購","美式","112年03月21日","112年03月21日","112年10月18日","112年10月20日","1.00","    40.00","","",
="039288","潤泰新國票2A購02","0.00","","9945","潤泰新","35.00","＋","認購","美式","112年03月21日","112年03月21日","112年10月18日","112年10月20日","0.80","    53.00","","",
="039289","電子類國票29購01","0.00","","IX0027","電子類","797.58","","認購","歐式","112年03月21日","112年09月20日","112年09月18日","112年09月20日","0.04","    700.00","","",
="03928U","聯詠群益28售02","0.00","","3034","聯詠","423.50","＋","認售","歐式","112年02月02日","112年08月01日","112年07月28日","112年08月01日","0.07","    300.00","","",
="039290","電子類國票29購02","0.00","","IX0027","電子類","797.58","","認購","歐式","112年03月21日","112年09月20日","112年09月18日","112年09月20日","0.07","    740.00","","",
="039291","電子類國票29購03","0.00","","IX0027","電子類","797.58","","認購","歐式","112年03月21日","112年09月20日","112年09月18日","112年09月20日","0.30","    850.00","","",
="039292","金融類國票29購01","0.00","","IX0039","金融類","1,620.43","","認購","歐式","112年03月21日","112年09月20日","112年09月18日","112年09月20日","0.02","    1,400.00","","",
="039293","金融類國票29購02","0.00","","IX0039","金融類","1,620.43","","認購","歐式","112年03月21日","112年09月20日","112年09月18日","112年09月20日","0.04","    1,500.00","","",
="039294","中興電國泰2B購01","2.40","＋","1513","中興電","113.50","＋","認購","美式","112年03月21日","112年03月21日","112年11月16日","112年11月20日","0.20","    121.06","","",
="039295","寶齡國泰2B購01","0.76","","1760","寶齡富錦","148.50","","認購","美式","112年03月21日","112年03月21日","112年11月16日","112年11月20日","0.08","    211.25","","",
="039296","聯發科國泰2B購05","0.92","＋","2454","聯發科","738.00","＋","認購","美式","112年03月21日","112年03月21日","112年11月16日","112年11月20日","0.035","    925.80","","",
="039297","長榮國泰2B購03","0.47","＋","2603","長榮","157.00","＋","認購","美式","112年03月21日","112年03月21日","112年11月16日","112年11月20日","0.15","    226.80","","",
="039298","SGBR2X富邦2B購01","0.00","",="00715L","期街口布蘭特正2","12.73","＋","認購","美式","112年03月21日","112年03月21日","112年11月16日","112年11月20日","0.18","    13.00","","",
="039299","美時富邦2B購01","1.77","－","1795","美時","330.50","＋","認購","美式","112年03月21日","112年03月21日","112年11月16日","112年11月20日","0.02","    265.00","","",
="03929U","嘉澤群益28售02","0.13","","3533","嘉澤","909.00","－","認售","歐式","112年02月02日","112年08月01日","112年07月28日","112年08月01日","0.02","    629.92","","",
="039300","台積電富邦2C購05","0.00","","2330","台積電","568.00","＋","認購","美式","112年03月21日","112年03月21日","112年12月18日","112年12月20日","0.023","    600.00","","",
="039301","台積電富邦2C購06","1.08","＋","2330","台積電","568.00","＋","認購","美式","112年03月21日","112年03月21日","112年12月18日","112年12月20日","0.018","    550.00","","",
="039302","長榮航富邦2C購01","2.53","＋","2618","長榮航","33.60","＋","認購","美式","112年03月21日","112年03月21日","112年12月18日","112年12月20日","0.40","    30.00","","",
="039303","元晶富邦31購01","0.63","＋","6443","元晶","36.20","＋","認購","美式","112年03月21日","112年03月21日","113年01月18日","113年01月22日","0.20","    45.00","","",
="039304","台灣50元大2B購09","0.00","",="0050","元大台灣50","126.75","＋","認購","美式","112年03月21日","112年03月21日","112年11月16日","112年11月20日","0.60","    137.00","","",
="039305","台灣50元大2B購10","0.00","",="0050","元大台灣50","126.75","＋","認購","美式","112年03月21日","112年03月21日","112年11月16日","112年11月20日","0.15","    119.00","","",
="039306","台灣50元大2C購03","0.00","",="0050","元大台灣50","126.75","＋","認購","美式","112年03月21日","112年03月21日","112年12月18日","112年12月20日","0.60","    141.00","","",
="039307","台灣50元大2C購04","2.30","＋",="0050","元大台灣50","126.75","＋","認購","美式","112年03月21日","112年03月21日","112年12月18日","112年12月20日","0.20","    121.00","","",
="039308","台灣50元大2C購05","0.00","",="0050","元大台灣50","126.75","＋","認購","美式","112年03月21日","112年03月21日","112年12月18日","112年12月20日","0.15","    118.00","","",
="039309","元石油元大2B購02","0.00","",="00642U","期元大S&P石油(原名：元大S&P石油)","15.46","＋","認購","美式","112年03月21日","112年03月21日","112年11月16日","112年11月20日","0.60","    17.50","","",
="03930U","敦泰群益29售01","0.34","","3545","敦泰","83.70","＋","認售","歐式","112年02月02日","112年09月01日","112年08月30日","112年09月01日","0.10","    63.50","","",
="039310","華城元大29購05","0.00","","1519","華城","141.00","＋","認購","美式","112年03月21日","112年03月21日","112年09月18日","112年09月20日","0.172","    78.60","","",
="039311","華新元大2A購23","0.87","","1605","華新","46.60","＋","認購","美式","112年03月21日","112年03月21日","112年10月18日","112年10月20日","0.483","    65.20","","",
="039312","中鋼元大29購02","0.00","","2002","中鋼","29.05","－","認購","美式","112年03月21日","112年03月21日","112年09月18日","112年09月20日","0.90","    35.00","","",
="039313","中鋼元大29購03","0.78","＋","2002","中鋼","29.05","－","認購","美式","112年03月21日","112年03月21日","112年09月18日","112年09月20日","0.70","    33.00","","",
="039314","中鋼元大2B購01","0.26","","2002","中鋼","29.05","－","認購","美式","112年03月21日","112年03月21日","112年11月16日","112年11月20日","1.00","    42.00","","",
="039315","為升元大29購06","1.43","－","2231","為升","172.50","＋","認購","美式","112年03月21日","112年03月21日","112年09月18日","112年09月20日","0.061","    168.00","","",
="039316","為升元大2B購04","1.35","－","2231","為升","172.50","＋","認購","美式","112年03月21日","112年03月21日","112年11月16日","112年11月20日","0.074","    196.00","","",
="039317","為升元大2C購01","0.00","","2231","為升","172.50","＋","認購","美式","112年03月21日","112年03月21日","112年12月18日","112年12月20日","0.057","    189.00","","",
="039318","光寶科元大29購01","4.48","＋","2301","光寶科","86.40","＋","認購","美式","112年03月21日","112年03月21日","112年09月18日","112年09月20日","0.424","    80.67","","",
="039319","台達電元大2A購07","2.05","－","2308","台達電","315.50","－","認購","美式","112年03月21日","112年03月21日","112年10月18日","112年10月20日","0.102","    340.50","","",
="03931U","台灣50麥證28售03","0.00","",="0050","元大台灣50","126.75","＋","認售","歐式","112年02月02日","112年08月01日","112年07月28日","112年08月01日","0.25","    115.00","","",
="039320","國巨元大2A購12","2.13","＋","2327","國巨","508.00","＋","認購","美式","112年03月21日","112年03月21日","112年10月18日","112年10月20日","0.028","    483.50","","",
="039321","國巨元大2B購06","1.83","＋","2327","國巨","508.00","＋","認購","美式","112年03月21日","112年03月21日","112年11月16日","112年11月20日","0.04","    578.00","","",
="039322","華邦電元大29購10","0.00","","2344","華邦電","26.90","＋","認購","美式","112年03月21日","112年03月21日","112年09月18日","112年09月20日","0.649","    26.50","","",
="039323","華邦電元大2B購03","0.00","","2344","華邦電","26.90","＋","認購","美式","112年03月21日","112年03月21日","112年11月16日","112年11月20日","0.935","    31.80","","",
="039324","順德元大29購02","0.85","","2351","順德","123.00","＋","認購","美式","112年03月21日","112年03月21日","112年09月18日","112年09月20日","0.068","    134.50","","",
="039325","微星元大29購04","1.78","＋","2377","微星","168.00","－","認購","美式","112年03月21日","112年03月21日","112年09月18日","112年09月20日","0.07","    151.50","","",
="039326","瑞昱元大29購04","1.00","＋","2379","瑞昱","388.00","＋","認購","美式","112年03月21日","112年03月21日","112年09月18日","112年09月20日","0.209","    588.00","","",
="039327","威盛元大2A購11","1.57","＋","2388","威盛","83.10","＋","認購","美式","112年03月21日","112年03月21日","112年10月18日","112年10月20日","0.12","    90.70","","",
="039328","威盛元大2B購05","0.00","","2388","威盛","83.10","＋","認購","美式","112年03月21日","112年03月21日","112年11月16日","112年11月20日","0.084","    101.50","","",
="039329","友達元大2A購08","0.00","","2409","友達","17.65","＋","認購","美式","112年03月21日","112年03月21日","112年10月18日","112年10月20日","0.636","    18.35","","",
="03932U","台灣50麥證29售01","0.00","",="0050","元大台灣50","126.75","＋","認售","歐式","112年02月02日","112年09月01日","112年08月30日","112年09月01日","0.70","    100.00","","",
="039330","友達元大2B購04","0.00","","2409","友達","17.65","＋","認購","美式","112年03月21日","112年03月21日","112年11月16日","112年11月20日","0.794","    20.65","","",
="039331","聯發科元大2A購10","1.77","＋","2454","聯發科","738.00","＋","認購","美式","112年03月21日","112年03月21日","112年10月18日","112年10月20日","0.045","    915.00","","",
="039332","聯發科元大2B購05","1.53","＋","2454","聯發科","738.00","＋","認購","美式","112年03月21日","112年03月21日","112年11月16日","112年11月20日","0.032","    905.00","","",
="039333","聯發科元大2C購03","1.36","＋","2454","聯發科","738.00","＋","認購","美式","112年03月21日","112年03月21日","112年12月18日","112年12月20日","0.046","    1,065.00","","",
="039334","陽明元大2A購09","1.17","＋","2609","陽明","62.00","＋","認購","美式","112年03月21日","112年03月21日","112年10月18日","112年10月20日","0.28","    69.80","","",
="039335","陽明元大2B購05","0.00","","2609","陽明","62.00","＋","認購","美式","112年03月21日","112年03月21日","112年11月16日","112年11月20日","0.37","    78.00","","",
="039336","陽明元大2C購03","1.16","＋","2609","陽明","62.00","＋","認購","美式","112年03月21日","112年03月21日","112年12月18日","112年12月20日","0.286","    75.30","","",
="039337","長榮航元大2A購12","0.00","","2618","長榮航","33.60","＋","認購","美式","112年03月21日","112年03月21日","112年10月18日","112年10月20日","0.636","    27.40","","",
="039338","漢翔元大2A購08","8.70","","2634","漢翔","55.80","＋","認購","美式","112年03月21日","112年03月21日","112年10月18日","112年10月20日","0.84","    51.90","","",
="039339","慧洋元大2A購01","0.00","","2637","慧洋-KY","60.30","＋","認購","美式","112年03月21日","112年03月21日","112年10月18日","112年10月20日","0.80","    89.22","","",
="03933P","微星元大26售02","0.00","","2377","微星","168.00","－","認售","歐式","111年10月07日","112年06月06日","112年06月02日","112年06月06日","1.00","    55.00","","",
="03933U","台積電麥證28售10","0.56","－","2330","台積電","568.00","＋","認售","歐式","112年02月02日","112年08月01日","112年07月28日","112年08月01日","0.038","    527.15","","",
="039340","富邦金元大29購01","0.00","","2881","富邦金","61.10","＋","認購","美式","112年03月21日","112年03月21日","112年09月18日","112年09月20日","0.303","    55.50","","",
="039341","威強電元大29購04","0.00","","3022","威強電","91.20","＋","認購","美式","112年03月21日","112年03月21日","112年09月18日","112年09月20日","0.177","    84.20","","",
="039342","聯詠元大29購10","1.11","","3034","聯詠","423.50","＋","認購","美式","112年03月21日","112年03月21日","112年09月18日","112年09月20日","0.143","    565.00","","",
="039343","欣興元大2A購10","0.00","","3037","欣興","182.50","－","認購","美式","112年03月21日","112年03月21日","112年10月18日","112年10月20日","0.12","    155.00","","",
="039344","緯創元大29購01","0.00","","3231","緯創","68.00","＋","認購","美式","112年03月21日","112年03月21日","112年09月18日","112年09月20日","1.00","    42.50","","",
="039345","緯創元大29購02","0.00","","3231","緯創","68.00","＋","認購","美式","112年03月21日","112年03月21日","112年09月18日","112年09月20日","1.00","    45.00","","",
="039346","群創元大2A購12","0.94","","3481","群創","14.10","＋","認購","美式","112年03月21日","112年03月21日","112年10月18日","112年10月20日","0.919","    16.05","","",
="039347","群創元大2B購09","0.00","","3481","群創","14.10","＋","認購","美式","112年03月21日","112年03月21日","112年11月16日","112年11月20日","0.726","    15.80","","",
="039348","台勝科元大29購03","0.00","","3532","台勝科","157.00","＋","認購","美式","112年03月21日","112年03月21日","112年09月18日","112年09月20日","0.078","    194.50","","",
="039349","貿聯元大2A購12","1.73","＋","3665","貿聯-KY","270.50","＋","認購","美式","112年03月21日","112年03月21日","112年10月18日","112年10月20日","0.053","    269.44","","",
="03934P","南亞科元大26售01","0.00","","2408","南亞科","71.20","－","認售","歐式","111年10月07日","112年06月06日","112年06月02日","112年06月06日","1.00","    30.00","","",
="03934U","聯發科麥證28售02","0.00","","2454","聯發科","738.00","＋","認售","歐式","112年02月02日","112年08月01日","112年07月28日","112年08月01日","0.25","    400.00","","",
="039350","承業醫元大29購03","0.00","","4164","承業醫","64.10","","認購","美式","112年03月21日","112年03月21日","112年09月18日","112年09月20日","0.234","    85.00","","",
="039351","承業醫元大2B購01","0.00","","4164","承業醫","64.10","","認購","美式","112年03月21日","112年03月21日","112年11月16日","112年11月20日","0.201","    95.00","","",
="039352","承業醫元大2C購01","0.00","","4164","承業醫","64.10","","認購","美式","112年03月21日","112年03月21日","112年12月18日","112年12月20日","0.215","    100.00","","",
="039353","致伸元大29購01","1.50","＋","4915","致伸","64.40","＋","認購","美式","112年03月21日","112年03月21日","112年09月18日","112年09月20日","0.71","    75.30","","",
="039354","致伸元大29購02","0.00","","4915","致伸","64.40","＋","認購","美式","112年03月21日","112年03月21日","112年09月18日","112年09月20日","0.233","    59.70","","",
="039355","中磊元大29購05","2.32","＋","5388","中磊","93.30","＋","認購","美式","112年03月21日","112年03月21日","112年09月18日","112年09月20日","0.312","    100.47","","",
="039356","愛普元大2A購06","0.00","","6531","愛普*","328.50","＋","認購","美式","112年03月21日","112年03月21日","112年10月18日","112年10月20日","0.034","    349.00","","",
="039357","帝寶元大29購06","2.50","","6605","帝寶","99.80","＋","認購","美式","112年03月21日","112年03月21日","112年09月18日","112年09月20日","0.16","    93.20","","",
="039358","AES元大2A購02","0.79","＋","6781","AES-KY","690.00","＋","認購","美式","112年03月21日","112年03月21日","112年10月18日","112年10月20日","0.013","    837.00","","",
="039359","東哥元大2A購10","0.00","","8478","東哥遊艇","520.00","＋","認購","美式","112年03月21日","112年03月21日","112年10月18日","112年10月20日","0.019","    364.00","","",
="03935P","南亞科元大26售02","0.00","","2408","南亞科","71.20","－","認售","歐式","111年10月07日","112年06月06日","112年06月02日","112年06月06日","1.00","    29.50","","",
="03935U","臺股指麥證28售04","0.43","－","IX0001","臺股指數","16,636.30","","認售","歐式","112年02月02日","112年08月01日","112年07月28日","112年08月01日","0.001","    15,500.00","","",
="039360","元債2X凱基2C購03","0.69","＋",="00680L","元大美債20正2","10.96","＋","認購","美式","112年03月21日","112年03月21日","112年12月18日","112年12月20日","1.00","    13.50","","",
="039361","SGBR2X凱基2B購02","0.00","",="00715L","期街口布蘭特正2","12.73","＋","認購","美式","112年03月21日","112年03月21日","112年11月16日","112年11月20日","0.40","    12.50","","",
="039362","SGBR2X凱基2C購02","0.00","",="00715L","期街口布蘭特正2","12.73","＋","認購","美式","112年03月21日","112年03月21日","112年12月18日","112年12月20日","0.60","    18.00","","",
="039363","FB越南凱基2B購01","1.11","＋",="00885","富邦越南","11.45","＋","認購","美式","112年03月21日","112年03月21日","112年11月16日","112年11月20日","1.00","    11.50","","",
="039364","中興電凱基29購08","0.00","","1513","中興電","113.50","＋","認購","美式","112年03月21日","112年03月21日","112年09月18日","112年09月20日","0.25","    125.00","","",
="039365","華新凱基2A購06","0.00","","1605","華新","46.60","＋","認購","美式","112年03月21日","112年03月21日","112年10月18日","112年10月20日","0.45","    75.00","","",
="039366","美時凱基29購03","2.53","＋","1795","美時","330.50","＋","認購","美式","112年03月21日","112年03月21日","112年09月18日","112年09月20日","0.03","    260.00","","",
="039367","美時凱基29購05","0.00","","1795","美時","330.50","＋","認購","美式","112年03月21日","112年03月21日","112年09月18日","112年09月20日","0.05","    290.00","","",
="039368","鴻海凱基2A購12","0.93","＋","2317","鴻海","105.50","＋","認購","美式","112年03月21日","112年03月21日","112年10月18日","112年10月20日","0.10","    103.00","","",
="039369","國巨凱基2B購02","1.55","","2327","國巨","508.00","＋","認購","美式","112年03月21日","112年03月21日","112年11月16日","112年11月20日","0.05","    620.00","","",
="03936U","華新元大28售04","0.00","","1605","華新","46.60","＋","認售","歐式","112年02月02日","112年08月01日","112年07月28日","112年08月01日","0.716","    35.95","","",
="039370","台積電凱基29購19","0.00","","2330","台積電","568.00","＋","認購","美式","112年03月21日","112年03月21日","112年09月18日","112年09月20日","0.03","    510.00","","",
="039371","台積電凱基29購20","0.00","","2330","台積電","568.00","＋","認購","美式","112年03月21日","112年03月21日","112年09月18日","112年09月20日","0.05","    550.00","","",
="039372","光罩凱基29購05","0.00","","2338","光罩","81.80","＋","認購","美式","112年03月21日","112年03月21日","112年09月18日","112年09月20日","0.13","    95.00","","",
="039373","智邦凱基29購03","3.24","＋","2345","智邦","357.50","＋","認購","美式","112年03月21日","112年03月21日","112年09月18日","112年09月20日","0.07","    340.00","","",
="039374","智邦凱基2A購02","0.00","","2345","智邦","357.50","＋","認購","美式","112年03月21日","112年03月21日","112年10月18日","112年10月20日","0.12","    440.00","","",
="039375","威盛凱基2C購01","0.00","","2388","威盛","83.10","＋","認購","美式","112年03月21日","112年03月21日","112年12月18日","112年12月20日","0.12","    117.00","","",
="039376","聯發科凱基2A購07","0.00","","2454","聯發科","738.00","＋","認購","美式","112年03月21日","112年03月21日","112年10月18日","112年10月20日","0.035","    880.00","","",
="039377","鉅祥凱基29購01","0.87","＋","2476","鉅祥","50.40","＋","認購","美式","112年03月21日","112年03月21日","112年09月18日","112年09月20日","0.22","    55.00","","",
="039378","怡利電凱基29購02","0.00","","2497","怡利電","71.30","＋","認購","美式","112年03月21日","112年03月21日","112年09月18日","112年09月20日","0.20","    90.00","","",
="039379","長榮凱基2A購11","0.70","＋","2603","長榮","157.00","＋","認購","美式","112年03月21日","112年03月21日","112年10月18日","112年10月20日","0.05","    167.00","","",
="03937U","聯電元大28售03","0.80","－","2303","聯電","51.20","＋","認售","歐式","112年02月02日","112年08月01日","112年07月28日","112年08月01日","0.319","    48.00","","",
="039380","新興凱基29購01","0.00","","2605","新興","21.45","＋","認購","美式","112年03月21日","112年03月21日","112年09月18日","112年09月20日","0.60","    29.00","","",
="039381","長榮航凱基29購07","3.74","","2618","長榮航","33.60","＋","認購","美式","112年03月21日","112年03月21日","112年09月18日","112年09月20日","0.55","    27.00","","",
="039382","大立光凱基29購07","1.04","＋","3008","大立光","2,305.00","＋","認購","美式","112年03月21日","112年03月21日","112年09月18日","112年09月20日","0.005","    2,400.00","","",
="039383","奇鋐凱基29購03","0.00","","3017","奇鋐","206.00","－","認購","美式","112年03月21日","112年03月21日","112年09月18日","112年09月20日","0.14","    165.00","","",
="039384","欣興凱基29購10","0.00","","3037","欣興","182.50","－","認購","美式","112年03月21日","112年03月21日","112年09月18日","112年09月20日","0.05","    132.00","","",
="039385","總太凱基29購01","0.00","","3056","總太","48.60","＋","認購","美式","112年03月21日","112年03月21日","112年09月18日","112年09月20日","0.40","    60.00","","",
="039386","台勝科凱基29購03","0.00","","3532","台勝科","157.00","＋","認購","美式","112年03月21日","112年03月21日","112年09月18日","112年09月20日","0.13","    240.00","","",
="039387","承業醫凱基2A購02","0.23","－","4164","承業醫","64.10","","認購","美式","112年03月21日","112年03月21日","112年10月18日","112年10月20日","0.09","    95.00","","",
="039388","新唐凱基29購04","0.00","","4919","新唐","130.50","＋","認購","美式","112年03月21日","112年03月21日","112年09月18日","112年09月20日","0.14","    190.00","","",
="039389","祥碩凱基29購03","0.74","＋","5269","祥碩","1,300.00","＋","認購","美式","112年03月21日","112年03月21日","112年09月18日","112年09月20日","0.01","    1,700.00","","",
="03938P","景碩康和27售02","0.00","","3189","景碩","116.00","＋","認售","歐式","111年12月07日","112年07月06日","112年07月04日","112年07月06日","0.08","    109.00","","",
="03938U","台積電元大28售12","0.00","","2330","台積電","568.00","＋","認售","歐式","112年02月02日","112年08月01日","112年07月28日","112年08月01日","0.05","    504.27","","",
="039390","愛普凱基29購05","0.99","＋","6531","愛普*","328.50","＋","認購","美式","112年03月21日","112年03月21日","112年09月18日","112年09月20日","0.05","    440.00","","",
="039391","力積電凱基29購03","0.00","","6770","力積電","30.85","＋","認購","美式","112年03月21日","112年03月21日","112年09月18日","112年09月20日","0.85","    40.00","","",
="039392","臺股指法興29購01","4.93","＋","IX0001","臺股指數","16,636.30","","認購","歐式","112年03月21日","112年09月20日","112年09月18日","112年09月20日","0.002","    13,850.00","","",
="039393","臺股指法興29購02","3.91","＋","IX0001","臺股指數","16,636.30","","認購","歐式","112年03月21日","112年09月20日","112年09月18日","112年09月20日","0.002","    14,400.00","","",
="039394","臺股指法興29購03","0.00","","IX0001","臺股指數","16,636.30","","認購","歐式","112年03月21日","112年09月20日","112年09月18日","112年09月20日","0.003","    14,900.00","","",
="039395","臺股指法興29購04","0.00","","IX0001","臺股指數","16,636.30","","認購","歐式","112年03月21日","112年09月20日","112年09月18日","112年09月20日","0.005","    15,350.00","","",
="039396","美債2X群益29購01","0.40","＋",="00688L","國泰20年美債正2","10.74","＋","認購","美式","112年03月21日","112年03月21日","112年09月18日","112年09月20日","1.00","    13.50","","",
="039397","美債2X群益2A購01","0.00","",="00688L","國泰20年美債正2","10.74","＋","認購","美式","112年03月21日","112年03月21日","112年10月18日","112年10月20日","1.00","    14.80","","",
="039398","SGBR2X群益29購03","0.00","",="00715L","期街口布蘭特正2","12.73","＋","認購","美式","112年03月21日","112年03月21日","112年09月18日","112年09月20日","0.40","    13.80","","",
="039399","聚陽群益29購01","1.32","","1477","聚陽","219.00","＋","認購","美式","112年03月21日","112年03月21日","112年09月18日","112年09月20日","0.192","    270.27","","",
="03939P","長榮中信26售03","0.00","","2603","長榮","157.00","＋","認售","歐式","111年10月20日","112年06月19日","112年06月15日","112年06月19日","0.20","    70.00","","",
="03939U","台積電元大28售13","0.00","","2330","台積電","568.00","＋","認售","歐式","112年02月02日","112年08月01日","112年07月28日","112年08月01日","0.04","    514.22","","",
="039400","聯電群益29購05","1.50","＋","2303","聯電","51.20","＋","認購","美式","112年03月21日","112年03月21日","112年09月18日","112年09月20日","0.50","    56.00","","",
="039401","聯電群益29購06","1.42","＋","2303","聯電","51.20","＋","認購","美式","112年03月21日","112年03月21日","112年09月18日","112年09月20日","0.75","    60.00","","",
="039402","全新群益29購01","8.55","＋","2455","全新","100.00","","認購","美式","112年03月21日","112年03月21日","112年09月18日","112年09月20日","0.60","    110.00","","",
="039403","群創群益2A購04","0.59","＋","3481","群創","14.10","＋","認購","美式","112年03月21日","112年03月21日","112年10月18日","112年10月20日","1.00","    16.80","","",
="039404","承業醫群益2A購03","0.00","","4164","承業醫","64.10","","認購","美式","112年03月21日","112年03月21日","112年10月18日","112年10月20日","0.08","    88.00","","",
="039405","樺漢群益29購03","2.45","＋","6414","樺漢","281.00","＋","認購","美式","112年03月21日","112年03月21日","112年09月18日","112年09月20日","0.15","    305.00","","",
="039406","晶碩群益29購01","1.14","＋","6491","晶碩","366.50","＋","認購","美式","112年03月21日","112年03月21日","112年09月18日","112年09月20日","0.10","    530.00","","",
="039407","力智群益29購01","1.25","＋","6719","力智","303.00","＋","認購","美式","112年03月21日","112年03月21日","112年09月18日","112年09月20日","0.059","    355.00","","",
="039408","東哥群益29購03","0.00","","8478","東哥遊艇","520.00","＋","認購","美式","112年03月21日","112年03月21日","112年09月18日","112年09月20日","0.045","    428.00","","",
="039409","臺股指群益29購17","0.00","","IX0001","臺股指數","16,636.30","","認購","歐式","112年03月21日","112年09月20日","112年09月18日","112年09月20日","0.003","    14,100.00","","",
="03940U","台積電元大28售14","0.87","－","2330","台積電","568.00","＋","認售","歐式","112年02月02日","112年08月01日","112年07月28日","112年08月01日","0.03","    534.11","","",
="039410","臺股指群益29購18","0.00","","IX0001","臺股指數","16,636.30","","認購","歐式","112年03月21日","112年09月20日","112年09月18日","112年09月20日","0.003","    14,500.00","","",
="039411","臺股指群益29購19","4.40","","IX0001","臺股指數","16,636.30","","認購","歐式","112年03月21日","112年09月20日","112年09月18日","112年09月20日","0.003","    14,900.00","","",
="039412","臺股指群益29購20","0.00","","IX0001","臺股指數","16,636.30","","認購","歐式","112年03月21日","112年09月20日","112年09月18日","112年09月20日","0.003","    15,200.00","","",
="039413","臺股指群益29購21","0.00","","IX0001","臺股指數","16,636.30","","認購","歐式","112年03月21日","112年09月20日","112年09月18日","112年09月20日","0.004","    15,500.00","","",
="039414","臺股指群益29購22","0.00","","IX0001","臺股指數","16,636.30","","認購","歐式","112年03月21日","112年09月20日","112年09月18日","112年09月20日","0.005","    16,000.00","","",
="039415","電子類群益29購03","0.00","","IX0027","電子類","797.58","","認購","歐式","112年03月21日","112年09月20日","112年09月18日","112年09月20日","0.05","    720.00","","",
="039416","金融類群益29購01","0.00","","IX0039","金融類","1,620.43","","認購","歐式","112年03月21日","112年09月20日","112年09月18日","112年09月20日","0.035","    1,500.00","","",
="039417","滬深2X第一2C購01","0.00","",="00637L","元大滬深300正2","13.77","－","認購","美式","112年03月22日","112年03月22日","112年12月19日","112年12月21日","0.40","    16.65","","",
="039418","T50反1中信33購03","0.00","",="00632R","元大台灣50反1","4.94","－","認購","歐式","112年03月22日","113年03月21日","113年03月19日","113年03月21日","1.00","    5.50","","",
="039419","SGBR2X中信2C購01","1.32","",="00715L","期街口布蘭特正2","12.73","＋","認購","歐式","112年03月22日","112年12月21日","112年12月19日","112年12月21日","0.50","    16.80","","",
="03941U","台積電元大28售18","0.37","","2330","台積電","568.00","＋","認售","歐式","112年02月02日","112年08月01日","112年07月28日","112年08月01日","0.055","    453.55","","",
="039420","臺企銀中信29購02","1.46","＋","2834","臺企銀","14.10","＋","認購","歐式","112年03月22日","112年09月21日","112年09月19日","112年09月21日","1.00","    14.00","","",
="039421","開發金中信29購01","1.01","－","2883","開發金","12.80","－","認購","歐式","112年03月22日","112年09月21日","112年09月19日","112年09月21日","1.00","    14.00","","",
="039422","SGBR2X永豐2B購01","0.00","",="00715L","期街口布蘭特正2","12.73","＋","認購","美式","112年03月22日","112年03月22日","112年11月17日","112年11月21日","0.40","    13.95","","",
="039423","宏碁永豐2A購01","2.03","－","2353","宏碁","31.05","＋","認購","美式","112年03月22日","112年03月22日","112年10月19日","112年10月23日","1.00","    33.43","","",
="039424","全新永豐2B購01","0.82","","2455","全新","100.00","","認購","美式","112年03月22日","112年03月22日","112年11月17日","112年11月21日","0.05","    100.00","","",
="039425","潤泰全永豐2A購01","0.98","","2915","潤泰全","56.40","＋","認購","美式","112年03月22日","112年03月22日","112年10月19日","112年10月23日","0.17","    61.82","","",
="039426","祥碩永豐2C購01","0.59","＋","5269","祥碩","1,300.00","＋","認購","美式","112年03月22日","112年03月22日","112年12月19日","112年12月21日","0.003","    1,592.50","","",
="039427","富邦媒永豐2A購01","0.00","","8454","富邦媒","703.00","＋","認購","美式","112年03月22日","112年03月22日","112年10月19日","112年10月23日","0.01","    950.00","","",
="039428","元石油康和29購01","0.00","",="00642U","期元大S&P石油(原名：元大S&P石油)","15.46","＋","認購","美式","112年03月22日","112年03月22日","112年09月19日","112年09月21日","1.00","    16.00","","",
="039429","新興康和29購01","0.00","","2605","新興","21.45","＋","認購","美式","112年03月22日","112年03月22日","112年09月19日","112年09月21日","0.35","    31.00","","",
="03942P","T50正2國票26售05","0.00","",="00631L","元大台灣50正2","129.10","＋","認售","歐式","111年12月07日","112年06月06日","112年06月02日","112年06月06日","0.20","    85.00","","",
="03942U","台積電元大28售19","1.08","－","2330","台積電","568.00","＋","認售","歐式","112年02月02日","112年08月01日","112年07月28日","112年08月01日","0.04","    527.15","","",
="039430","欣興康和29購02","3.43","－","3037","欣興","182.50","－","認購","美式","112年03月22日","112年03月22日","112年09月19日","112年09月21日","0.12","    168.00","","",
="039431","景碩康和29購02","0.00","","3189","景碩","116.00","＋","認購","美式","112年03月22日","112年03月22日","112年09月19日","112年09月21日","0.12","    147.00","","",
="039432","鴻海兆豐2C購02","0.55","＋","2317","鴻海","105.50","＋","認購","美式","112年03月22日","112年03月22日","112年12月19日","112年12月21日","0.14","    115.00","","",
="039433","鴻海兆豐31購01","0.50","","2317","鴻海","105.50","＋","認購","美式","112年03月22日","112年03月22日","113年01月18日","113年01月22日","0.15","    120.00","","",
="039434","台積電兆豐2C購02","2.01","＋","2330","台積電","568.00","＋","認購","美式","112年03月22日","112年03月22日","112年12月19日","112年12月21日","0.028","    530.00","","",
="039435","順德兆豐2A購01","0.72","","2351","順德","123.00","＋","認購","美式","112年03月22日","112年03月22日","112年10月19日","112年10月23日","0.04","    123.00","","",
="039436","正文兆豐2B購01","1.27","＋","4906","正文","31.40","＋","認購","美式","112年03月22日","112年03月22日","112年11月17日","112年11月21日","0.28","    29.80","","",
="039437","SGBR2X統一2B購01","1.60","＋",="00715L","期街口布蘭特正2","12.73","＋","認購","美式","112年03月22日","112年03月22日","112年11月17日","112年11月21日","0.50","    11.80","","",
="039438","中興電統一2B購04","1.25","＋","1513","中興電","113.50","＋","認購","美式","112年03月22日","112年03月22日","112年11月17日","112年11月21日","0.06","    110.40","","",
="039439","全新統一2C購01","0.81","－","2455","全新","100.00","","認購","美式","112年03月22日","112年03月22日","112年12月19日","112年12月21日","0.048","    104.70","","",
="03943U","台積電元大28售20","0.79","－","2330","台積電","568.00","＋","認售","歐式","112年02月02日","112年08月01日","112年07月28日","112年08月01日","0.04","    507.26","","",
="039440","立積統一2C購02","1.63","＋","4968","立積","170.00","＋","認購","美式","112年03月22日","112年03月22日","112年12月19日","112年12月21日","0.04","    160.90","","",
="039441","元晶統一2B購03","0.00","","6443","元晶","36.20","＋","認購","美式","112年03月22日","112年03月22日","112年11月17日","112年11月21日","0.15","    44.60","","",
="039442","美時凱基2B購04","2.60","","1795","美時","330.50","＋","認購","美式","112年03月22日","112年03月22日","112年11月17日","112年11月21日","0.03","    270.00","","",
="039443","鴻海凱基2A購13","0.66","＋","2317","鴻海","105.50","＋","認購","美式","112年03月22日","112年03月22日","112年10月19日","112年10月23日","0.12","    108.00","","",
="039444","微星凱基29購03","1.48","＋","2377","微星","168.00","－","認購","美式","112年03月22日","112年03月22日","112年09月19日","112年09月21日","0.055","    150.00","","",
="039445","微星凱基29購04","1.77","－","2377","微星","168.00","－","認購","美式","112年03月22日","112年03月22日","112年09月19日","112年09月21日","0.15","    180.00","","",
="039446","瑞昱凱基29購03","0.53","＋","2379","瑞昱","388.00","＋","認購","美式","112年03月22日","112年03月22日","112年09月19日","112年09月21日","0.18","    590.00","","",
="039447","威盛凱基2B購02","0.00","","2388","威盛","83.10","＋","認購","美式","112年03月22日","112年03月22日","112年11月17日","112年11月21日","0.12","    127.00","","",
="039448","友達凱基29購03","0.79","＋","2409","友達","17.65","＋","認購","美式","112年03月22日","112年03月22日","112年09月19日","112年09月21日","0.52","    18.00","","",
="039449","聯發科凱基2A購08","0.00","","2454","聯發科","738.00","＋","認購","美式","112年03月22日","112年03月22日","112年10月19日","112年10月23日","0.035","    920.00","","",
="03944U","華碩元大28售01","0.19","－","2357","華碩","303.50","－","認售","歐式","112年02月02日","112年08月01日","112年07月28日","112年08月01日","0.10","    232.48","","",
="039450","宏達電凱基2B購03","0.00","","2498","宏達電","61.50","＋","認購","美式","112年03月22日","112年03月22日","112年11月17日","112年11月21日","0.50","    92.00","","",
="039451","長榮凱基29購17","0.00","","2603","長榮","157.00","＋","認購","美式","112年03月22日","112年03月22日","112年09月19日","112年09月21日","0.13","    200.00","","",
="039452","陽明凱基29購08","0.83","","2609","陽明","62.00","＋","認購","美式","112年03月22日","112年03月22日","112年09月19日","112年09月21日","0.30","    70.00","","",
="039453","長榮航凱基2B購03","3.71","＋","2618","長榮航","33.60","＋","認購","美式","112年03月22日","112年03月22日","112年11月17日","112年11月21日","0.85","    32.50","","",
="039454","漢翔凱基2A購05","6.85","＋","2634","漢翔","55.80","＋","認購","美式","112年03月22日","112年03月22日","112年10月19日","112年10月23日","0.90","    54.00","","",
="039455","玉晶光凱基2A購03","0.00","","3406","玉晶光","400.00","＋","認購","美式","112年03月22日","112年03月22日","112年10月19日","112年10月23日","0.055","    480.00","","",
="039456","群創凱基2A購05","0.53","＋","3481","群創","14.10","＋","認購","美式","112年03月22日","112年03月22日","112年10月19日","112年10月23日","0.75","    16.00","","",
="039457","揚明光凱基29購01","0.00","","3504","揚明光","81.70","＋","認購","美式","112年03月22日","112年03月22日","112年09月19日","112年09月21日","0.40","    126.00","","",
="039458","台勝科凱基29購04","0.49","＋","3532","台勝科","157.00","＋","認購","美式","112年03月22日","112年03月22日","112年09月19日","112年09月21日","0.06","    185.00","","",
="039459","承業醫凱基2A購03","0.55","－","4164","承業醫","64.10","","認購","美式","112年03月22日","112年03月22日","112年10月19日","112年10月23日","0.10","    80.00","","",
="03945U","台光電元大28售01","0.64","－","2383","台光電","204.50","＋","認售","歐式","112年02月02日","112年08月01日","112年07月28日","112年08月01日","0.058","    181.00","","",
="039460","承業醫凱基2B購01","0.00","","4164","承業醫","64.10","","認購","美式","112年03月22日","112年03月22日","112年11月17日","112年11月21日","0.20","    100.00","","",
="039461","祥碩凱基31購01","0.76","＋","5269","祥碩","1,300.00","＋","認購","美式","112年03月22日","112年03月22日","113年01月18日","113年01月22日","0.006","    1,800.00","","",
="039462","愛普凱基29購06","1.15","","6531","愛普*","328.50","＋","認購","美式","112年03月22日","112年03月22日","112年09月19日","112年09月21日","0.05","    400.00","","",
="039463","緯穎凱基2A購03","3.00","＋","6669","緯穎","1,205.00","＋","認購","美式","112年03月22日","112年03月22日","112年10月19日","112年10月23日","0.015","    1,150.00","","",
="039464","矽創凱基29購02","0.85","＋","8016","矽創","225.50","＋","認購","美式","112年03月22日","112年03月22日","112年09月19日","112年09月21日","0.08","    270.00","","",
="039465","東哥凱基2A購03","0.00","","8478","東哥遊艇","520.00","＋","認購","美式","112年03月22日","112年03月22日","112年10月19日","112年10月23日","0.025","    420.00","","",
="039466","NASDAQ群益2B購01","2.28","＋",="00662","富邦NASDAQ","56.65","＋","認購","美式","112年03月22日","112年03月22日","112年11月17日","112年11月21日","0.35","    55.00","","",
="039467","美債2X群益2B購01","0.00","",="00688L","國泰20年美債正2","10.74","＋","認購","美式","112年03月22日","112年03月22日","112年11月17日","112年11月21日","1.00","    15.50","","",
="039468","SGBR2X群益29購04","1.34","＋",="00715L","期街口布蘭特正2","12.73","＋","認購","美式","112年03月22日","112年03月22日","112年09月19日","112年09月21日","0.50","    12.80","","",
="039469","堤維西群益29購01","0.00","","1522","堤維西","29.10","＋","認購","美式","112年03月22日","112年03月22日","112年09月19日","112年09月21日","0.70","    36.00","","",
="03946U","智原元大28售02","0.68","－","3035","智原","173.50","＋","認售","歐式","112年02月02日","112年08月01日","112年07月28日","112年08月01日","0.066","    151.50","","",
="039470","華新群益29購05","0.00","","1605","華新","46.60","＋","認購","美式","112年03月22日","112年03月22日","112年09月19日","112年09月21日","0.20","    56.00","","",
="039471","長榮鋼群益29購01","0.00","","2211","長榮鋼","60.90","＋","認購","美式","112年03月22日","112年03月22日","112年09月19日","112年09月21日","0.325","    66.88","","",
="039472","廣宇群益29購01","1.18","＋","2328","廣宇","39.40","＋","認購","美式","112年03月22日","112年03月22日","112年09月19日","112年09月21日","0.798","    46.88","","",
="039473","華碩群益29購01","0.00","","2357","華碩","303.50","－","認購","美式","112年03月22日","112年03月22日","112年09月19日","112年09月21日","0.10","    289.00","","",
="039474","瑞昱群益29購02","1.37","＋","2379","瑞昱","388.00","＋","認購","美式","112年03月22日","112年03月22日","112年09月19日","112年09月21日","0.138","    518.00","","",
="039475","凌陽群益29購01","0.96","＋","2401","凌陽","24.90","＋","認購","美式","112年03月22日","112年03月22日","112年09月19日","112年09月21日","1.00","    30.80","","",
="039476","鉅祥群益29購01","1.40","＋","2476","鉅祥","50.40","＋","認購","美式","112年03月22日","112年03月22日","112年09月19日","112年09月21日","0.75","    66.66","","",
="039477","漢翔群益29購03","5.25","＋","2634","漢翔","55.80","＋","認購","美式","112年03月22日","112年03月22日","112年09月19日","112年09月21日","0.962","    56.88","","",
="039478","玉山金群益29購01","0.00","","2884","玉山金","25.80","＋","認購","美式","112年03月22日","112年03月22日","112年09月19日","112年09月21日","1.009","    29.74","","",
="039479","總太群益2A購01","1.00","－","3056","總太","48.60","＋","認購","美式","112年03月22日","112年03月22日","112年10月19日","112年10月23日","0.28","    58.88","","",
="03947U","玉晶光元大28售02","0.00","","3406","玉晶光","400.00","＋","認售","歐式","112年02月02日","112年08月01日","112年07月28日","112年08月01日","0.041","    310.50","","",
="039480","健策群益29購03","15.70","＋","3653","健策","616.00","＋","認購","美式","112年03月22日","112年03月22日","112年09月19日","112年09月21日","0.13","    555.55","","",
="039481","祥碩群益2A購02","0.79","","5269","祥碩","1,300.00","＋","認購","美式","112年03月22日","112年03月22日","112年10月19日","112年10月23日","0.012","    1,850.00","","",
="039482","愛普群益2C購01","0.95","","6531","愛普*","328.50","＋","認購","美式","112年03月22日","112年03月22日","112年12月19日","112年12月21日","0.04","    455.00","","",
="039483","東哥群益29購04","5.45","＋","8478","東哥遊艇","520.00","＋","認購","美式","112年03月22日","112年03月22日","112年09月19日","112年09月21日","0.07","    555.00","","",
="039484","中興電元大2A購05","3.99","＋","1513","中興電","113.50","＋","認購","美式","112年03月22日","112年03月22日","112年10月19日","112年10月23日","0.514","    134.50","","",
="039485","華新元大2A購24","0.00","","1605","華新","46.60","＋","認購","美式","112年03月22日","112年03月22日","112年10月19日","112年10月23日","0.392","    60.80","","",
="039486","美時元大2A購03","3.68","＋","1795","美時","330.50","＋","認購","美式","112年03月22日","112年03月22日","112年10月19日","112年10月23日","0.051","    295.00","","",
="039487","美時元大2B購06","3.05","－","1795","美時","330.50","＋","認購","美式","112年03月22日","112年03月22日","112年11月17日","112年11月21日","0.037","    285.00","","",
="039488","美時元大2C購03","2.76","＋","1795","美時","330.50","＋","認購","美式","112年03月22日","112年03月22日","112年12月19日","112年12月21日","0.046","    345.00","","",
="039489","大成鋼元大29購01","1.40","＋","2027","大成鋼","45.25","＋","認購","美式","112年03月22日","112年03月22日","112年09月19日","112年09月21日","0.50","    48.50","","",
="03948U","晶心科元大28售02","0.23","－","6533","晶心科","511.00","＋","認售","歐式","112年02月02日","112年08月01日","112年07月28日","112年08月01日","0.095","    274.00","","",
="039490","光寶科元大29購02","0.00","","2301","光寶科","86.40","＋","認購","美式","112年03月22日","112年03月22日","112年09月19日","112年09月21日","0.215","    70.20","","",
="039491","鴻海元大2A購27","0.50","＋","2317","鴻海","105.50","＋","認購","美式","112年03月22日","112年03月22日","112年10月19日","112年10月23日","1.00","    153.50","","",
="039492","國巨元大2A購13","2.10","＋","2327","國巨","508.00","＋","認購","美式","112年03月22日","112年03月22日","112年10月19日","112年10月23日","0.029","    492.00","","",
="039493","華邦電元大29購11","2.04","＋","2344","華邦電","26.90","＋","認購","美式","112年03月22日","112年03月22日","112年09月19日","112年09月21日","0.88","    28.95","","",
="039494","佳世達元大29購01","5.75","＋","2352","佳世達","40.20","＋","認購","美式","112年03月22日","112年03月22日","112年09月19日","112年09月21日","1.00","    36.10","","",
="039495","英業達元大29購02","0.00","","2356","英業達","37.50","＋","認購","美式","112年03月22日","112年03月22日","112年09月19日","112年09月21日","0.836","    30.65","","",
="039496","微星元大29購05","0.00","","2377","微星","168.00","－","認購","美式","112年03月22日","112年03月22日","112年09月19日","112年09月21日","0.06","    145.00","","",
="039497","瑞昱元大29購05","0.00","","2379","瑞昱","388.00","＋","認購","美式","112年03月22日","112年03月22日","112年09月19日","112年09月21日","0.156","    565.00","","",
="039498","威盛元大2A購12","1.37","＋","2388","威盛","83.10","＋","認購","美式","112年03月22日","112年03月22日","112年10月19日","112年10月23日","0.10","    89.10","","",
="039499","威盛元大2B購06","1.26","＋","2388","威盛","83.10","＋","認購","美式","112年03月22日","112年03月22日","112年11月17日","112年11月21日","0.145","    113.50","","",
="03949U","台灣50元富28售04","0.00","",="0050","元大台灣50","126.75","＋","認售","歐式","112年02月02日","112年08月01日","112年07月28日","112年08月01日","0.30","    120.00","","",
="039500","威盛元大2C購03","1.13","","2388","威盛","83.10","＋","認購","美式","112年03月22日","112年03月22日","112年12月19日","112年12月21日","0.14","    125.00","","",
="039501","友達元大29購09","0.00","","2409","友達","17.65","＋","認購","美式","112年03月22日","112年03月22日","112年09月19日","112年09月21日","0.826","    20.25","","",
="039502","友達元大2B購05","0.00","","2409","友達","17.65","＋","認購","美式","112年03月22日","112年03月22日","112年11月17日","112年11月21日","1.00","    22.85","","",
="039503","長榮元大2A購25","1.39","＋","2603","長榮","157.00","＋","認購","美式","112年03月22日","112年03月22日","112年10月19日","112年10月23日","0.134","    185.00","","",
="039504","長榮元大2B購09","1.13","＋","2603","長榮","157.00","＋","認購","美式","112年03月22日","112年03月22日","112年11月17日","112年11月21日","0.226","    225.50","","",
="039505","長榮元大2C購04","1.05","","2603","長榮","157.00","＋","認購","美式","112年03月22日","112年03月22日","112年12月19日","112年12月21日","0.198","    232.00","","",
="039506","新興元大29購03","0.00","","2605","新興","21.45","＋","認購","美式","112年03月22日","112年03月22日","112年09月19日","112年09月21日","1.00","    36.90","","",
="039507","陽明元大2A購10","0.00","","2609","陽明","62.00","＋","認購","美式","112年03月22日","112年03月22日","112年10月19日","112年10月23日","0.262","    67.80","","",
="039508","陽明元大2B購06","0.00","","2609","陽明","62.00","＋","認購","美式","112年03月22日","112年03月22日","112年11月17日","112年11月21日","0.343","    75.70","","",
="039509","長榮航元大2A購13","4.83","＋","2618","長榮航","33.60","＋","認購","美式","112年03月22日","112年03月22日","112年10月19日","112年10月23日","0.554","    25.90","","",
="03950P","臺股指中信26售10","0.00","","IX0001","臺股指數","16,636.30","","認售","歐式","111年10月20日","112年06月19日","112年06月15日","112年06月19日","0.001","    10,000.00","","",
="03950U","上銀元富28售01","0.49","－","2049","上銀","235.50","＋","認售","歐式","112年02月02日","112年08月01日","112年07月28日","112年08月01日","0.10","    190.00","","",
="039510","欣興元大2A購11","4.72","－","3037","欣興","182.50","－","認購","美式","112年03月22日","112年03月22日","112年10月19日","112年10月23日","0.144","    169.00","","",
="039511","總太元大29購01","2.70","＋","3056","總太","48.60","＋","認購","美式","112年03月22日","112年03月22日","112年09月19日","112年09月21日","0.40","    49.11","","",
="039512","總太元大29購02","3.30","＋","3056","總太","48.60","＋","認購","美式","112年03月22日","112年03月22日","112年09月19日","112年09月21日","0.38","    44.84","","",
="039513","總太元大29購03","0.00","","3056","總太","48.60","＋","認購","美式","112年03月22日","112年03月22日","112年09月19日","112年09月21日","0.38","    53.38","","",
="039514","總太元大2B購01","0.00","","3056","總太","48.60","＋","認購","美式","112年03月22日","112年03月22日","112年11月17日","112年11月21日","0.30","    57.65","","",
="039515","總太元大33購01","0.00","","3056","總太","48.60","＋","認購","美式","112年03月22日","112年03月22日","113年03月19日","113年03月21日","0.20","    61.92","","",
="039516","緯創元大29購03","0.00","","3231","緯創","68.00","＋","認購","美式","112年03月22日","112年03月22日","112年09月19日","112年09月21日","0.60","    37.60","","",
="039517","嘉澤元大2A購06","3.26","－","3533","嘉澤","909.00","－","認購","美式","112年03月22日","112年03月22日","112年10月19日","112年10月23日","0.024","    877.00","","",
="039518","嘉澤元大2B購05","3.10","－","3533","嘉澤","909.00","－","認購","美式","112年03月22日","112年03月22日","112年11月17日","112年11月21日","0.026","    938.00","","",
="039519","嘉澤元大2C購01","3.12","－","3533","嘉澤","909.00","－","認購","美式","112年03月22日","112年03月22日","112年12月19日","112年12月21日","0.054","    1,190.00","","",
="03951U","台灣50國票28售05","0.23","－",="0050","元大台灣50","126.75","＋","認售","歐式","112年02月03日","112年08月02日","112年07月31日","112年08月02日","0.25","    117.50","","",
="039520","拓凱元大29購05","1.10","","4536","拓凱","196.50","＋","認購","美式","112年03月22日","112年03月22日","112年09月19日","112年09月21日","0.063","    225.00","","",
="039521","致伸元大29購03","1.59","＋","4915","致伸","64.40","＋","認購","美式","112年03月22日","112年03月22日","112年09月19日","112年09月21日","0.30","    65.00","","",
="039522","祥碩元大29購04","0.00","","5269","祥碩","1,300.00","＋","認購","美式","112年03月22日","112年03月22日","112年09月19日","112年09月21日","0.012","    1,830.00","","",
="039523","中租元大29購01","0.48","＋","5871","中租-KY","210.50","＋","認購","美式","112年03月22日","112年03月22日","112年09月19日","112年09月21日","0.092","    271.50","","",
="039524","中租元大2B購01","0.44","","5871","中租-KY","210.50","＋","認購","美式","112年03月22日","112年03月22日","112年11月17日","112年11月21日","0.178","    344.50","","",
="039525","亞翔元大29購01","0.00","","6139","亞翔","63.80","－","認購","美式","112年03月22日","112年03月22日","112年09月19日","112年09月21日","0.446","    53.80","","",
="039526","愛普元大2A購07","1.13","","6531","愛普*","328.50","＋","認購","美式","112年03月22日","112年03月22日","112年10月19日","112年10月23日","0.037","    430.00","","",
="039527","緯穎元大2A購04","5.05","＋","6669","緯穎","1,205.00","＋","認購","美式","112年03月22日","112年03月22日","112年10月19日","112年10月23日","0.041","    1,400.00","","",
="039528","力智元大2A購05","0.00","","6719","力智","303.00","＋","認購","美式","112年03月22日","112年03月22日","112年10月19日","112年10月23日","0.041","    415.50","","",
="039529","AES元大29購05","0.85","＋","6781","AES-KY","690.00","＋","認購","美式","112年03月22日","112年03月22日","112年09月19日","112年09月21日","0.013","    815.00","","",
="03952U","光罩國票29售01","0.00","","2338","光罩","81.80","＋","認售","歐式","112年02月03日","112年09月04日","112年08月31日","112年09月04日","0.572","    55.00","","",
="039530","富邦媒元大29購06","0.74","","8454","富邦媒","703.00","＋","認購","美式","112年03月22日","112年03月22日","112年09月19日","112年09月21日","0.023","    955.00","","",
="039531","富邦媒元大29購07","0.85","","8454","富邦媒","703.00","＋","認購","美式","112年03月22日","112年03月22日","112年09月19日","112年09月21日","0.016","    850.00","","",
="039532","富邦媒元大2B購01","0.00","","8454","富邦媒","703.00","＋","認購","美式","112年03月22日","112年03月22日","112年11月17日","112年11月21日","0.015","    935.00","","",
="039533","台灣50國票2A購06","2.32","",="0050","元大台灣50","126.75","＋","認購","美式","112年03月22日","112年03月22日","112年10月19日","112年10月23日","0.20","    118.50","","",
="039534","SGBR2X國票2A購03","1.83","＋",="00715L","期街口布蘭特正2","12.73","＋","認購","美式","112年03月22日","112年03月22日","112年10月19日","112年10月23日","1.00","    15.25","","",
="039535","SGBR2X國票2B購02","1.76","＋",="00715L","期街口布蘭特正2","12.73","＋","認購","美式","112年03月22日","112年03月22日","112年11月17日","112年11月21日","1.00","    16.75","","",
="039536","華新國票2A購05","0.00","","1605","華新","46.60","＋","認購","美式","112年03月22日","112年03月22日","112年10月19日","112年10月23日","0.40","    67.50","","",
="039537","中鋼國票2A購01","0.61","－","2002","中鋼","29.05","－","認購","美式","112年03月22日","112年03月22日","112年10月19日","112年10月23日","0.70","    34.00","","",
="039538","裕隆國票2A購03","1.84","＋","2201","裕隆","82.80","＋","認購","美式","112年03月22日","112年03月22日","112年10月19日","112年10月23日","0.145","    80.00","","",
="039539","宏碁國票2A購01","0.00","","2353","宏碁","31.05","＋","認購","美式","112年03月22日","112年03月22日","112年10月19日","112年10月23日","1.00","    32.00","","",
="03953U","瑞鼎國票29售01","0.00","","3592","瑞鼎","348.00","＋","認售","歐式","112年02月03日","112年09月04日","112年08月31日","112年09月04日","0.052","    260.00","","",
="039540","英業達國票2A購02","4.98","＋","2356","英業達","37.50","＋","認購","美式","112年03月22日","112年03月22日","112年10月19日","112年10月23日","1.00","    38.00","","",
="039541","微星國票2A購02","0.00","","2377","微星","168.00","－","認購","美式","112年03月22日","112年03月22日","112年10月19日","112年10月23日","0.05","    150.00","","",
="039542","漢唐國票2A購02","0.95","＋","2404","漢唐","227.50","＋","認購","美式","112年03月22日","112年03月22日","112年10月19日","112年10月23日","0.05","    240.00","","",
="039543","景碩國票2A購02","0.65","＋","3189","景碩","116.00","＋","認購","美式","112年03月22日","112年03月22日","112年10月19日","112年10月23日","0.10","    145.00","","",
="039544","聯合再國票2A購02","0.00","","3576","聯合再生","20.30","＋","認購","美式","112年03月22日","112年03月22日","112年10月19日","112年10月23日","1.00","    26.00","","",
="039545","健策國票2A購02","0.00","","3653","健策","616.00","＋","認購","美式","112年03月22日","112年03月22日","112年10月19日","112年10月23日","0.08","    500.00","","",
="039546","貿聯國票2A購03","1.12","＋","3665","貿聯-KY","270.50","＋","認購","美式","112年03月22日","112年03月22日","112年10月19日","112年10月23日","0.06","    298.82","","",
="039547","新唐國票2A購01","0.00","","4919","新唐","130.50","＋","認購","美式","112年03月22日","112年03月22日","112年10月19日","112年10月23日","0.09","    180.00","","",
="039548","南電國票2A購03","2.74","－","8046","南電","302.50","－","認購","美式","112年03月22日","112年03月22日","112年10月19日","112年10月23日","0.12","    360.00","","",
="039549","威盛國泰2B購03","0.00","","2388","威盛","83.10","＋","認購","美式","112年03月22日","112年03月22日","112年11月17日","112年11月21日","0.15","    120.00","","",
="03954U","晶心科國票28售05","0.00","","6533","晶心科","511.00","＋","認售","歐式","112年02月03日","112年08月02日","112年07月31日","112年08月02日","0.01","    525.00","","",
="039550","總太國泰2B購01","1.92","＋","3056","總太","48.60","＋","認購","美式","112年03月22日","112年03月22日","112年11月17日","112年11月21日","0.30","    51.24","","",
="039551","聯合再國泰2B購01","0.75","＋","3576","聯合再生","20.30","＋","認購","美式","112年03月22日","112年03月22日","112年11月17日","112年11月21日","0.70","    25.56","","",
="039552","健策國泰2B購02","7.00","＋","3653","健策","616.00","＋","認購","美式","112年03月22日","112年03月22日","112年11月17日","112年11月21日","0.05","    520.00","","",
="039553","貿聯國泰2B購01","0.98","＋","3665","貿聯-KY","270.50","＋","認購","美式","112年03月22日","112年03月22日","112年11月17日","112年11月21日","0.09","    348.63","","",
="039554","祥碩國泰2B購02","1.19","＋","5269","祥碩","1,300.00","＋","認購","美式","112年03月22日","112年03月22日","112年11月17日","112年11月21日","0.01","    1,700.00","","",
="039555","臺股指國泰2A購01","2.40","","IX0001","臺股指數","16,636.30","","認購","歐式","112年03月22日","112年10月23日","112年10月19日","112年10月23日","0.003","    16,000.00","","",
="039556","臺股指國泰2A購02","2.03","＋","IX0001","臺股指數","16,636.30","","認購","歐式","112年03月22日","112年10月23日","112年10月19日","112年10月23日","0.003","    16,250.00","","",
="039557","SGBR2X元富29購02","1.54","＋",="00715L","期街口布蘭特正2","12.73","＋","認購","美式","112年03月22日","112年03月22日","112年09月19日","112年09月21日","1.00","    15.00","","",
="039558","SGBR2X元富29購03","2.65","",="00715L","期街口布蘭特正2","12.73","＋","認購","美式","112年03月22日","112年03月22日","112年09月19日","112年09月21日","1.00","    13.00","","",
="039559","SGBR2X元富2C購02","0.00","",="00715L","期街口布蘭特正2","12.73","＋","認購","美式","112年03月22日","112年03月22日","112年12月19日","112年12月21日","0.50","    14.00","","",
="03955U","東哥國票29售02","0.00","","8478","東哥遊艇","520.00","＋","認售","歐式","112年02月03日","112年09月04日","112年08月31日","112年09月04日","0.015","    275.00","","",
="039560","SGBR2X元富2C購03","0.00","",="00715L","期街口布蘭特正2","12.73","＋","認購","美式","112年03月22日","112年03月22日","112年12月19日","112年12月21日","0.50","    12.00","","",
="039561","SGBR2X元富33購01","0.00","",="00715L","期街口布蘭特正2","12.73","＋","認購","美式","112年03月22日","112年03月22日","113年03月19日","113年03月21日","1.00","    15.00","","",
="039562","道瓊銅元富29購01","0.00","",="00763U","期街口道瓊銅","23.38","＋","認購","美式","112年03月22日","112年03月22日","112年09月19日","112年09月21日","0.58","    25.00","","",
="039563","寶齡元富2C購01","0.90","＋","1760","寶齡富錦","148.50","","認購","美式","112年03月22日","112年03月22日","112年12月19日","112年12月21日","0.065","    200.00","","",
="039564","全新元富2C購01","2.41","＋","2455","全新","100.00","","認購","美式","112年03月22日","112年03月22日","112年12月19日","112年12月21日","0.20","    115.00","","",
="039565","玉晶光元富2C購01","1.61","","3406","玉晶光","400.00","＋","認購","美式","112年03月22日","112年03月22日","112年12月19日","112年12月21日","0.05","    480.00","","",
="039566","祥碩元富2C購01","1.94","","5269","祥碩","1,300.00","＋","認購","美式","112年03月22日","112年03月22日","112年12月19日","112年12月21日","0.015","    1,600.00","","",
="039567","祥碩元富33購01","0.95","＋","5269","祥碩","1,300.00","＋","認購","美式","112年03月22日","112年03月22日","113年03月19日","113年03月21日","0.003","    1,300.00","","",
="039568","潤泰新元富29購01","0.88","－","9945","潤泰新","35.00","＋","認購","美式","112年03月22日","112年03月22日","112年09月19日","112年09月21日","0.15","    36.00","","",
="039569","潤泰新元富2C購01","0.00","","9945","潤泰新","35.00","＋","認購","美式","112年03月22日","112年03月22日","112年12月19日","112年12月21日","0.12","    40.00","","",
="03956U","東哥國票2A售02","0.21","－","8478","東哥遊艇","520.00","＋","認售","歐式","112年02月03日","112年10月02日","112年09月27日","112年10月02日","0.01","    325.00","","",
="039570","潤泰新元富33購01","1.36","","9945","潤泰新","35.00","＋","認購","美式","112年03月22日","112年03月22日","113年03月19日","113年03月21日","0.20","    45.00","","",
="039571","潤泰全麥證29購01","0.88","","2915","潤泰全","56.40","＋","認購","歐式","112年03月22日","112年09月21日","112年09月19日","112年09月21日","0.20","    63.00","","",
="039572","潤泰新麥證29購02","0.86","","9945","潤泰新","35.00","＋","認購","歐式","112年03月22日","112年09月21日","112年09月19日","112年09月21日","0.30","    40.00","","",
="039573","瑞昱富邦2B購01","0.81","＋","2379","瑞昱","388.00","＋","認購","美式","112年03月22日","112年03月22日","112年11月17日","112年11月21日","0.03","    450.00","","",
="039574","潤泰全富邦2C購01","0.67","","2915","潤泰全","56.40","＋","認購","美式","112年03月22日","112年03月22日","112年12月19日","112年12月21日","0.12","    70.00","","",
="039575","緯穎富邦29購01","0.00","","6669","緯穎","1,205.00","＋","認購","美式","112年03月22日","112年03月22日","112年09月19日","112年09月21日","0.005","    1,000.00","","",
="039576","潤泰新富邦2C購01","0.69","＋","9945","潤泰新","35.00","＋","認購","美式","112年03月22日","112年03月22日","112年12月19日","112年12月21日","0.20","    45.00","","",
="039577","彰銀中信29購01","1.81","＋","2801","彰銀","18.15","＋","認購","歐式","112年03月23日","112年09月22日","112年09月20日","112年09月22日","1.00","    18.00","","",
="039578","嘉晶中信29購01","0.34","","3016","嘉晶","65.10","＋","認購","歐式","112年03月23日","112年09月22日","112年09月20日","112年09月22日","0.50","    100.00","","",
="039579","瑞儀中信29購01","1.03","","6176","瑞儀","120.00","＋","認購","歐式","112年03月23日","112年09月22日","112年09月20日","112年09月22日","0.35","    155.00","","",
="03957U","台灣50永豐28售03","0.17","－",="0050","元大台灣50","126.75","＋","認售","歐式","112年02月03日","112年08月02日","112年07月31日","112年08月02日","0.33","    115.20","","",
="039580","宏達電康和2B購01","1.16","","2498","宏達電","61.50","＋","認購","美式","112年03月23日","112年03月23日","112年11月20日","112年11月22日","0.20","    72.00","","",
="039581","萬海康和29購01","0.00","","2615","萬海","60.00","＋","認購","美式","112年03月23日","112年03月23日","112年09月20日","112年09月22日","0.15","    75.00","","",
="039582","元晶康和2B購01","0.00","","6443","元晶","36.20","＋","認購","美式","112年03月23日","112年03月23日","112年11月20日","112年11月22日","0.21","    50.00","","",
="039583","滬深反永豐29購01","0.00","",="00638R","元大滬深300反1","9.79","＋","認購","美式","112年03月23日","112年03月23日","112年09月20日","112年09月22日","1.00","    9.49","","",
="039584","SGBR2X永豐2A購01","1.15","",="00715L","期街口布蘭特正2","12.73","＋","認購","美式","112年03月23日","112年03月23日","112年10月19日","112年10月23日","0.36","    11.67","","",
="039585","名軒永豐2B購01","0.00","","1442","名軒","32.90","","認購","美式","112年03月23日","112年03月23日","112年11月20日","112年11月22日","0.45","    43.65","","",
="039586","台積電永豐2C購02","2.01","","2330","台積電","568.00","＋","認購","美式","112年03月23日","112年03月23日","112年12月20日","112年12月22日","0.06","    622.00","","",
="039587","漢唐永豐29購01","0.34","","2404","漢唐","227.50","＋","認購","美式","112年03月23日","112年03月23日","112年09月20日","112年09月22日","0.105","    298.44","","",
="039588","聯發科永豐2B購01","0.61","＋","2454","聯發科","738.00","＋","認購","美式","112年03月23日","112年03月23日","112年11月20日","112年11月22日","0.049","    1,117.44","","",
="039589","國泰金永豐29購01","1.75","","2882","國泰金","44.75","＋","認購","美式","112年03月23日","112年03月23日","112年09月20日","112年09月22日","0.40","    43.10","","",
="03958U","臺股指永豐29售02","0.43","－","IX0001","臺股指數","16,636.30","","認售","歐式","112年02月03日","112年09月04日","112年08月31日","112年09月04日","0.002","    14,800.00","","",
="039590","緯創永豐2B購01","22.40","＋","3231","緯創","68.00","＋","認購","美式","112年03月23日","112年03月23日","112年11月20日","112年11月22日","1.00","    47.00","","",
="039591","嘉澤永豐2B購01","1.00","－","3533","嘉澤","909.00","－","認購","美式","112年03月23日","112年03月23日","112年11月20日","112年11月22日","0.02","    1,100.00","","",
="039592","穎崴永豐29購02","1.71","－","6515","穎崴","830.00","－","認購","美式","112年03月23日","112年03月23日","112年09月20日","112年09月22日","0.015","    858.13","","",
="039593","國巨元富29購02","2.09","＋","2327","國巨","508.00","＋","認購","美式","112年03月23日","112年03月23日","112年09月20日","112年09月22日","0.05","    530.00","","",
="039594","長榮航元富29購05","5.40","","2618","長榮航","33.60","＋","認購","美式","112年03月23日","112年03月23日","112年09月20日","112年09月22日","0.80","    28.00","","",
="039595","緯穎元富29購03","0.00","","6669","緯穎","1,205.00","＋","認購","美式","112年03月23日","112年03月23日","112年09月20日","112年09月22日","0.02","    1,100.00","","",
="039596","華新兆豐2A購03","0.00","","1605","華新","46.60","＋","認購","美式","112年03月23日","112年03月23日","112年10月19日","112年10月23日","0.12","    54.00","","",
="039597","旺宏兆豐31購01","1.08","＋","2337","旺宏","33.40","＋","認購","美式","112年03月23日","112年03月23日","113年01月18日","113年01月22日","0.28","    33.80","","",
="039598","技嘉兆豐31購01","0.00","","2376","技嘉","186.00","＋","認購","美式","112年03月23日","112年03月23日","113年01月18日","113年01月22日","0.043","    125.00","","",
="039599","欣興兆豐31購01","2.69","","3037","欣興","182.50","－","認購","美式","112年03月23日","112年03月23日","113年01月18日","113年01月22日","0.045","    128.00","","",
="03959U","國巨凱基28售02","0.00","","2327","國巨","508.00","＋","認售","歐式","112年02月03日","112年08月02日","112年07月31日","112年08月02日","0.03","    490.00","","",
="039600","緯穎兆豐31購01","2.37","＋","6669","緯穎","1,205.00","＋","認購","美式","112年03月23日","112年03月23日","113年01月18日","113年01月22日","0.009","    1,088.00","","",
="039601","南電兆豐31購01","1.57","－","8046","南電","302.50","－","認購","美式","112年03月23日","112年03月23日","113年01月18日","113年01月22日","0.025","    268.00","","",
="039602","SGBR2X群益29購05","0.00","",="00715L","期街口布蘭特正2","12.73","＋","認購","美式","112年03月23日","112年03月23日","112年09月20日","112年09月22日","0.36","    11.80","","",
="039603","群高息群益2B購01","0.00","",="00919","群益台灣精選高息","19.24","＋","認購","美式","112年03月23日","112年03月23日","112年11月20日","112年11月22日","1.00","    19.50","","",
="039604","華新群益29購06","0.00","","1605","華新","46.60","＋","認購","美式","112年03月23日","112年03月23日","112年09月20日","112年09月22日","0.35","    59.00","","",
="039605","美時群益29購03","3.66","＋","1795","美時","330.50","＋","認購","美式","112年03月23日","112年03月23日","112年09月20日","112年09月22日","0.10","    350.00","","",
="039606","美時群益2A購02","2.89","","1795","美時","330.50","＋","認購","美式","112年03月23日","112年03月23日","112年10月19日","112年10月23日","0.05","    305.00","","",
="039607","中鋼群益29購01","0.00","","2002","中鋼","29.05","－","認購","美式","112年03月23日","112年03月23日","112年09月20日","112年09月22日","1.00","    36.80","","",
="039608","中鋼群益2B購01","0.00","","2002","中鋼","29.05","－","認購","美式","112年03月23日","112年03月23日","112年11月20日","112年11月22日","1.00","    46.00","","",
="039609","聯電群益2A購01","0.47","＋","2303","聯電","51.20","＋","認購","美式","112年03月23日","112年03月23日","112年10月19日","112年10月23日","1.00","    68.00","","",
="03960U","台積電凱基29售07","0.59","－","2330","台積電","568.00","＋","認售","歐式","112年02月03日","112年09月04日","112年08月31日","112年09月04日","0.06","    497.31","","",
="039610","光罩群益29購02","0.00","","2338","光罩","81.80","＋","認購","美式","112年03月23日","112年03月23日","112年09月20日","112年09月22日","0.15","    129.00","","",
="039611","英業達群益2B購01","2.95","＋","2356","英業達","37.50","＋","認購","美式","112年03月23日","112年03月23日","112年11月20日","112年11月22日","1.00","    42.00","","",
="039612","漢唐群益29購02","0.31","","2404","漢唐","227.50","＋","認購","美式","112年03月23日","112年03月23日","112年09月20日","112年09月22日","0.15","    310.00","","",
="039613","臺企銀群益2A購01","0.00","","2834","臺企銀","14.10","＋","認購","美式","112年03月23日","112年03月23日","112年10月19日","112年10月23日","1.00","    14.20","","",
="039614","和碩群益2B購01","1.37","＋","4938","和碩","74.70","＋","認購","美式","112年03月23日","112年03月23日","112年11月20日","112年11月22日","1.00","    100.00","","",
="039615","立積群益29購03","5.65","－","4968","立積","170.00","＋","認購","美式","112年03月23日","112年03月23日","112年09月20日","112年09月22日","0.138","    148.00","","",
="039616","祥碩群益29購01","1.24","＋","5269","祥碩","1,300.00","＋","認購","美式","112年03月23日","112年03月23日","112年09月20日","112年09月22日","0.008","    1,360.00","","",
="039617","東哥群益29購05","0.00","","8478","東哥遊艇","520.00","＋","認購","美式","112年03月23日","112年03月23日","112年09月20日","112年09月22日","0.067","    518.88","","",
="039618","世紀鋼群益29購03","1.25","＋","9958","世紀鋼","109.50","＋","認購","美式","112年03月23日","112年03月23日","112年09月20日","112年09月22日","0.18","    123.00","","",
="039619","S&P反1凱基31購02","0.00","",="00648R","元大S&P500反1","6.93","－","認購","美式","112年03月23日","112年03月23日","113年01月18日","113年01月22日","1.00","    7.70","","",
="03961P","日月光元大26售01","0.00","","3711","日月光投控","109.00","－","認售","歐式","111年10月07日","112年06月06日","112年06月02日","112年06月06日","1.00","    47.60","","",
="03961U","台積電凱基2A售16","0.74","","2330","台積電","568.00","＋","認售","歐式","112年02月03日","112年10月02日","112年09月27日","112年10月02日","0.101","    457.52","","",
="039620","大成鋼凱基29購03","1.42","＋","2027","大成鋼","45.25","＋","認購","美式","112年03月23日","112年03月23日","112年09月20日","112年09月22日","0.45","    47.00","","",
="039621","旺宏凱基29購01","0.00","","2337","旺宏","33.40","＋","認購","美式","112年03月23日","112年03月23日","112年09月20日","112年09月22日","0.75","    42.00","","",
="039622","旺宏凱基2B購01","0.00","","2337","旺宏","33.40","＋","認購","美式","112年03月23日","112年03月23日","112年11月20日","112年11月22日","0.85","    46.00","","",
="039623","光罩凱基2B購01","0.00","","2338","光罩","81.80","＋","認購","美式","112年03月23日","112年03月23日","112年11月20日","112年11月22日","0.15","    140.00","","",
="039624","英業達凱基2A購01","6.30","＋","2356","英業達","37.50","＋","認購","美式","112年03月23日","112年03月23日","112年10月19日","112年10月23日","1.00","    33.00","","",
="039625","金像電凱基2A購03","0.00","","2368","金像電","121.50","","認購","美式","112年03月23日","112年03月23日","112年10月19日","112年10月23日","0.207","    91.76","","",
="039626","威盛凱基2B購03","0.00","","2388","威盛","83.10","＋","認購","美式","112年03月23日","112年03月23日","112年11月20日","112年11月22日","0.10","    105.00","","",
="039627","漢唐凱基29購02","0.00","","2404","漢唐","227.50","＋","認購","美式","112年03月23日","112年03月23日","112年09月20日","112年09月22日","0.09","    280.00","","",
="039628","聯發科凱基29購15","0.00","","2454","聯發科","738.00","＋","認購","美式","112年03月23日","112年03月23日","112年09月20日","112年09月22日","0.025","    830.00","","",
="039629","長榮航凱基29購08","0.00","","2618","長榮航","33.60","＋","認購","美式","112年03月23日","112年03月23日","112年09月20日","112年09月22日","0.60","    28.50","","",
="03962U","創意凱基28售03","0.00","","3443","創意","1,515.00","＋","認售","歐式","112年02月03日","112年08月02日","112年07月31日","112年08月02日","0.02","    580.00","","",
="039630","聯陽凱基29購01","5.65","＋","3014","聯陽","113.50","＋","認購","美式","112年03月23日","112年03月23日","112年09月20日","112年09月22日","0.40","    108.00","","",
="039631","總太凱基29購02","1.46","－","3056","總太","48.60","＋","認購","美式","112年03月23日","112年03月23日","112年09月20日","112年09月22日","0.25","    50.00","","",
="039632","總太凱基29購03","1.93","","3056","總太","48.60","＋","認購","美式","112年03月23日","112年03月23日","112年09月20日","112年09月22日","0.45","    55.00","","",
="039633","嘉澤凱基2A購03","0.56","－","3533","嘉澤","909.00","－","認購","美式","112年03月23日","112年03月23日","112年10月19日","112年10月23日","0.03","    1,300.00","","",
="039634","嘉澤凱基2B購02","1.57","－","3533","嘉澤","909.00","－","認購","美式","112年03月23日","112年03月23日","112年11月20日","112年11月22日","0.015","    930.00","","",
="039635","康普凱基29購01","0.00","","4739","康普","88.80","＋","認購","美式","112年03月23日","112年03月23日","112年09月20日","112年09月22日","0.15","    120.00","","",
="039636","立積凱基29購02","0.00","","4968","立積","170.00","＋","認購","美式","112年03月23日","112年03月23日","112年09月20日","112年09月22日","0.05","    130.00","","",
="039637","穎崴凱基29購06","2.71","－","6515","穎崴","830.00","－","認購","美式","112年03月23日","112年03月23日","112年09月20日","112年09月22日","0.015","    700.00","","",
="039638","緯穎凱基2A購04","3.58","＋","6669","緯穎","1,205.00","＋","認購","美式","112年03月23日","112年03月23日","112年10月19日","112年10月23日","0.025","    1,300.00","","",
="039639","嘉基凱基29購01","0.57","＋","6715","嘉基","145.50","＋","認購","美式","112年03月23日","112年03月23日","112年09月20日","112年09月22日","0.07","    190.00","","",
="03963U","日月光凱基29售01","0.41","＋","3711","日月光投控","109.00","－","認售","歐式","112年02月03日","112年09月04日","112年08月31日","112年09月04日","0.10","    95.00","","",
="039640","力智凱基29購05","0.00","","6719","力智","303.00","＋","認購","美式","112年03月23日","112年03月23日","112年09月20日","112年09月22日","0.055","    400.00","","",
="039641","威鋒電凱基29購02","0.98","","6756","威鋒電子","223.00","＋","認購","美式","112年03月23日","112年03月23日","112年09月20日","112年09月22日","0.052","    242.03","","",
="039642","威鋒電凱基29購03","0.64","","6756","威鋒電子","223.00","＋","認購","美式","112年03月23日","112年03月23日","112年09月20日","112年09月22日","0.062","    290.44","","",
="039643","力積電凱基2A購02","0.00","","6770","力積電","30.85","＋","認購","美式","112年03月23日","112年03月23日","112年10月19日","112年10月23日","1.00","    50.00","","",
="039644","東哥凱基29購04","0.00","","8478","東哥遊艇","520.00","＋","認購","美式","112年03月23日","112年03月23日","112年09月20日","112年09月22日","0.04","    540.00","","",
="039645","臺股指凱基2B購26","0.00","","IX0001","臺股指數","16,636.30","","認購","歐式","112年03月23日","112年11月22日","112年11月20日","112年11月22日","0.003","    16,088.00","","",
="039646","臺股指凱基2B購27","0.00","","IX0001","臺股指數","16,636.30","","認購","歐式","112年03月23日","112年11月22日","112年11月20日","112年11月22日","0.003","    16,000.00","","",
="039647","臺股指凱基2C購21","0.00","","IX0001","臺股指數","16,636.30","","認購","歐式","112年03月23日","112年12月22日","112年12月20日","112年12月22日","0.01","    17,900.00","","",
="039648","SGBR2X統一29購01","0.00","",="00715L","期街口布蘭特正2","12.73","＋","認購","美式","112年03月23日","112年03月23日","112年09月20日","112年09月22日","0.399","    12.00","","",
="039649","群創統一31購01","0.56","","3481","群創","14.10","＋","認購","美式","112年03月23日","112年03月23日","113年01月18日","113年01月22日","0.33","    15.40","","",
="03964U","聯發科中信28售02","0.00","","2454","聯發科","738.00","＋","認售","歐式","112年02月03日","112年08月02日","112年07月31日","112年08月02日","0.016","    688.00","","",
="039650","穎崴統一2B購03","1.21","－","6515","穎崴","830.00","－","認購","美式","112年03月23日","112年03月23日","112年11月20日","112年11月22日","0.006","    755.10","","",
="039651","臺股指統一2C購02","0.00","","IX0001","臺股指數","16,636.30","","認購","歐式","112年03月23日","112年12月22日","112年12月20日","112年12月22日","0.002","    21,808.00","","",
="039652","美債2X元大29購01","0.34","＋",="00688L","國泰20年美債正2","10.74","＋","認購","美式","112年03月23日","112年03月23日","112年09月20日","112年09月22日","0.70","    13.00","","",
="039653","美債2X元大2A購01","0.00","",="00688L","國泰20年美債正2","10.74","＋","認購","美式","112年03月23日","112年03月23日","112年10月19日","112年10月23日","0.80","    14.00","","",
="039654","美債2X元大2B購01","0.38","＋",="00688L","國泰20年美債正2","10.74","＋","認購","美式","112年03月23日","112年03月23日","112年11月20日","112年11月22日","1.00","    15.00","","",
="039655","道瓊2X元大29購01","0.82","",="00852L","國泰美國道瓊正2","18.51","＋","認購","美式","112年03月23日","112年03月23日","112年09月20日","112年09月22日","0.35","    19.00","","",
="039656","華新元大2A購25","0.00","","1605","華新","46.60","＋","認購","美式","112年03月23日","112年03月23日","112年10月19日","112年10月23日","0.402","    62.60","","",
="039657","鴻海元大2A購28","0.00","","2317","鴻海","105.50","＋","認購","美式","112年03月23日","112年03月23日","112年10月19日","112年10月23日","0.157","    106.00","","",
="039658","鴻海元大2B購17","1.31","＋","2317","鴻海","105.50","＋","認購","美式","112年03月23日","112年03月23日","112年11月20日","112年11月22日","0.204","    116.50","","",
="039659","鴻海元大2C購09","1.13","＋","2317","鴻海","105.50","＋","認購","美式","112年03月23日","112年03月23日","112年12月20日","112年12月22日","0.312","    131.50","","",
="03965P","世芯元富27售01","0.00","","3661","世芯-KY","1,660.00","＋","認售","歐式","111年10月07日","112年07月06日","112年07月04日","112年07月06日","0.012","    666.00","","",
="03965U","世芯中信29售02","0.02","－","3661","世芯-KY","1,660.00","＋","認售","歐式","112年02月03日","112年09月04日","112年08月31日","112年09月04日","0.02","    600.00","","",
="039660","國巨元大2A購14","1.85","＋","2327","國巨","508.00","＋","認購","美式","112年03月23日","112年03月23日","112年10月19日","112年10月23日","0.033","    530.00","","",
="039661","微星元大29購06","1.39","＋","2377","微星","168.00","－","認購","美式","112年03月23日","112年03月23日","112年09月20日","112年09月22日","0.08","    168.00","","",
="039662","瑞昱元大29購06","0.00","","2379","瑞昱","388.00","＋","認購","美式","112年03月23日","112年03月23日","112年09月20日","112年09月22日","0.07","    462.00","","",
="039663","威盛元大2A購13","1.47","＋","2388","威盛","83.10","＋","認購","美式","112年03月23日","112年03月23日","112年10月19日","112年10月23日","0.121","    93.80","","",
="039664","漢唐元大29購02","0.24","＋","2404","漢唐","227.50","＋","認購","美式","112年03月23日","112年03月23日","112年09月20日","112年09月22日","0.26","    352.00","","",
="039665","鉅祥元大29購02","0.74","","2476","鉅祥","50.40","＋","認購","美式","112年03月23日","112年03月23日","112年09月20日","112年09月22日","0.285","    62.50","","",
="039666","怡利電元大29購04","1.23","＋","2497","怡利電","71.30","＋","認購","美式","112年03月23日","112年03月23日","112年09月20日","112年09月22日","0.21","    85.30","","",
="039667","長榮元大2A購26","1.00","＋","2603","長榮","157.00","＋","認購","美式","112年03月23日","112年03月23日","112年10月19日","112年10月23日","0.279","    222.50","","",
="039668","長榮元大2B購10","1.00","＋","2603","長榮","157.00","＋","認購","美式","112年03月23日","112年03月23日","112年11月20日","112年11月22日","0.279","    235.00","","",
="039669","長榮元大2C購05","0.00","","2603","長榮","157.00","＋","認購","美式","112年03月23日","112年03月23日","112年12月20日","112年12月22日","0.266","    243.00","","",
="03966U","台灣50元大2A售14","0.47","－",="0050","元大台灣50","126.75","＋","認售","歐式","112年02月03日","112年10月02日","112年09月27日","112年10月02日","0.30","    110.00","","",
="039670","陽明元大2A購11","0.96","","2609","陽明","62.00","＋","認購","美式","112年03月23日","112年03月23日","112年10月19日","112年10月23日","0.405","    77.60","","",
="039671","陽明元大2B購07","1.12","","2609","陽明","62.00","＋","認購","美式","112年03月23日","112年03月23日","112年11月20日","112年11月22日","0.294","    73.90","","",
="039672","漢翔元大2A購09","0.00","","2634","漢翔","55.80","＋","認購","美式","112年03月23日","112年03月23日","112年10月19日","112年10月23日","0.565","    49.05","","",
="039673","慧洋元大2A購02","0.76","＋","2637","慧洋-KY","60.30","＋","認購","美式","112年03月23日","112年03月23日","112年10月19日","112年10月23日","0.231","    65.04","","",
="039674","玉晶光元大2A購05","1.59","＋","3406","玉晶光","400.00","＋","認購","美式","112年03月23日","112年03月23日","112年10月19日","112年10月23日","0.041","    433.00","","",
="039675","台勝科元大29購04","0.47","＋","3532","台勝科","157.00","＋","認購","美式","112年03月23日","112年03月23日","112年09月20日","112年09月22日","0.081","    210.00","","",
="039676","台勝科元大2B購01","0.66","＋","3532","台勝科","157.00","＋","認購","美式","112年03月23日","112年03月23日","112年11月20日","112年11月22日","0.079","    220.00","","",
="039677","聯合再元大29購01","0.25","＋","3576","聯合再生","20.30","＋","認購","美式","112年03月23日","112年03月23日","112年09月20日","112年09月22日","1.00","    30.00","","",
="039678","碩天元大29購04","0.00","","3617","碩天","191.00","－","認購","美式","112年03月23日","112年03月23日","112年09月20日","112年09月22日","0.06","    130.00","","",
="039679","祥碩元大29購05","0.00","","5269","祥碩","1,300.00","＋","認購","美式","112年03月23日","112年03月23日","112年09月20日","112年09月22日","0.006","    1,595.00","","",
="03967U","台灣50元大2B售02","0.48","",="0050","元大台灣50","126.75","＋","認售","歐式","112年02月03日","112年11月02日","112年10月31日","112年11月02日","0.50","    100.00","","",
="039680","祥碩元大29購06","0.95","＋","5269","祥碩","1,300.00","＋","認購","美式","112年03月23日","112年03月23日","112年09月20日","112年09月22日","0.004","    1,270.00","","",
="039681","祥碩元大2B購02","0.86","＋","5269","祥碩","1,300.00","＋","認購","美式","112年03月23日","112年03月23日","112年11月20日","112年11月22日","0.006","    1,715.00","","",
="039682","緯穎元大29購06","0.00","","6669","緯穎","1,205.00","＋","認購","美式","112年03月23日","112年03月23日","112年09月20日","112年09月22日","0.013","    1,000.00","","",
="039683","緯穎元大2A購05","4.18","＋","6669","緯穎","1,205.00","＋","認購","美式","112年03月23日","112年03月23日","112年10月19日","112年10月23日","0.033","    1,440.00","","",
="039684","緯穎元大2B購05","3.69","＋","6669","緯穎","1,205.00","＋","認購","美式","112年03月23日","112年03月23日","112年11月20日","112年11月22日","0.022","    1,375.00","","",
="039685","南電元大2A購06","2.66","－","8046","南電","302.50","－","認購","美式","112年03月23日","112年03月23日","112年10月19日","112年10月23日","0.158","    390.00","","",
="039686","臺股指元大2B購37","0.00","","IX0001","臺股指數","16,636.30","","認購","歐式","112年03月23日","112年11月22日","112年11月20日","112年11月22日","0.065","    21,000.00","","",
="039687","臺股指元大2B購38","0.00","","IX0001","臺股指數","16,636.30","","認購","歐式","112年03月23日","112年11月22日","112年11月20日","112年11月22日","0.025","    19,100.00","","",
="039688","臺股指元大2B購39","0.00","","IX0001","臺股指數","16,636.30","","認購","歐式","112年03月23日","112年11月22日","112年11月20日","112年11月22日","0.012","    18,300.00","","",
="039689","臺股指元大2B購40","0.00","","IX0001","臺股指數","16,636.30","","認購","歐式","112年03月23日","112年11月22日","112年11月20日","112年11月22日","0.002","    15,500.00","","",
="03968U","台灣50元大2C售02","0.00","",="0050","元大台灣50","126.75","＋","認售","歐式","112年02月03日","112年12月04日","112年11月30日","112年12月04日","0.50","    90.00","","",
="039690","臺股指元大2C購15","0.00","","IX0001","臺股指數","16,636.30","","認購","歐式","112年03月23日","112年12月22日","112年12月20日","112年12月22日","0.065","    21,500.00","","",
="039691","臺股指元大2C購16","0.00","","IX0001","臺股指數","16,636.30","","認購","歐式","112年03月23日","112年12月22日","112年12月20日","112年12月22日","0.035","    20,100.00","","",
="039692","臺股指元大2C購17","0.00","","IX0001","臺股指數","16,636.30","","認購","歐式","112年03月23日","112年12月22日","112年12月20日","112年12月22日","0.012","    18,600.00","","",
="039693","臺股指元大2C購18","0.00","","IX0001","臺股指數","16,636.30","","認購","歐式","112年03月23日","112年12月22日","112年12月20日","112年12月22日","0.006","    17,700.00","","",
="039694","臺股指元大2C購19","0.00","","IX0001","臺股指數","16,636.30","","認購","歐式","112年03月23日","112年12月22日","112年12月20日","112年12月22日","0.001","    14,700.00","","",
="039695","國巨國票29購04","0.92","＋","2327","國巨","508.00","＋","認購","美式","112年03月23日","112年03月23日","112年09月20日","112年09月22日","0.085","    650.00","","",
="039696","國巨國票2A購01","0.00","","2327","國巨","508.00","＋","認購","美式","112年03月23日","112年03月23日","112年10月19日","112年10月23日","0.05","    600.00","","",
="039697","光罩國票2A購01","0.67","＋","2338","光罩","81.80","＋","認購","美式","112年03月23日","112年03月23日","112年10月19日","112年10月23日","0.50","    141.00","","",
="039698","晶華國票2A購04","0.00","","2707","晶華","288.00","＋","認購","美式","112年03月23日","112年03月23日","112年10月19日","112年10月23日","0.221","    420.00","","",
="039699","潤泰全國票2A購03","0.00","","2915","潤泰全","56.40","＋","認購","美式","112年03月23日","112年03月23日","112年10月19日","112年10月23日","0.40","    83.00","","",
="03969U","中502X元大28售02","0.00","",="00753L","中信中國50正2","8.81","","認售","歐式","112年02月03日","112年08月02日","112年07月31日","112年08月02日","0.40","    12.50","","",
="039700","群創國票2B購02","0.95","＋","3481","群創","14.10","＋","認購","美式","112年03月23日","112年03月23日","112年11月20日","112年11月22日","1.00","    16.25","","",
="039701","立積國票29購03","0.00","","4968","立積","170.00","＋","認購","美式","112年03月23日","112年03月23日","112年09月20日","112年09月22日","0.06","    130.00","","",
="039702","立積國票2B購01","2.71","＋","4968","立積","170.00","＋","認購","美式","112年03月23日","112年03月23日","112年11月20日","112年11月22日","0.12","    194.00","","",
="039703","潤泰新國票2A購03","1.22","","9945","潤泰新","35.00","＋","認購","美式","112年03月23日","112年03月23日","112年10月19日","112年10月23日","0.70","    49.00","","",
="039704","臺股指國票29購12","0.00","","IX0001","臺股指數","16,636.30","","認購","歐式","112年03月23日","112年09月22日","112年09月20日","112年09月22日","0.002","    14,500.00","","",
="039705","臺股指國票2B購07","0.00","","IX0001","臺股指數","16,636.30","","認購","歐式","112年03月23日","112年11月22日","112年11月20日","112年11月22日","0.004","    15,788.00","","",
="039706","臺股指國票2C購04","0.00","","IX0001","臺股指數","16,636.30","","認購","歐式","112年03月23日","112年12月22日","112年12月20日","112年12月22日","0.01","    17,588.00","","",
="039707","元石油富邦2B購01","0.85","",="00642U","期元大S&P石油(原名：元大S&P石油)","15.46","＋","認購","美式","112年03月23日","112年03月23日","112年11月20日","112年11月22日","0.30","    14.00","","",
="039708","旺宏富邦2B購01","0.60","＋","2337","旺宏","33.40","＋","認購","美式","112年03月23日","112年03月23日","112年11月20日","112年11月22日","0.20","    36.00","","",
="039709","萬海富邦2A購02","0.00","","2615","萬海","60.00","＋","認購","美式","112年03月23日","112年03月23日","112年10月19日","112年10月23日","0.10","    80.00","","",
="03970P","威盛國票27售02","0.00","","2388","威盛","83.10","＋","認售","歐式","111年12月07日","112年07月06日","112年07月04日","112年07月06日","1.00","    38.00","","",
="03970U","台積電元大28售21","0.00","","2330","台積電","568.00","＋","認售","歐式","112年02月03日","112年08月02日","112年07月31日","112年08月02日","0.21","    375.97","","",
="039710","臺股指富邦2B購06","0.00","","IX0001","臺股指數","16,636.30","","認購","歐式","112年03月23日","112年11月22日","112年11月20日","112年11月22日","0.006","    16,500.00","","",
="039711","台積電康和29購05","1.78","","2330","台積電","568.00","＋","認購","美式","112年03月24日","112年03月24日","112年09月21日","112年09月25日","0.025","    510.00","","",
="039712","寶齡統一31購03","0.00","","1760","寶齡富錦","148.50","","認購","美式","112年03月24日","112年03月24日","113年01月19日","113年01月23日","0.015","    186.00","","",
="039713","漢翔統一31購02","1.31","＋","2634","漢翔","55.80","＋","認購","美式","112年03月24日","112年03月24日","113年01月19日","113年01月23日","0.10","    49.50","","",
="039714","晶睿統一31購01","0.29","","3454","晶睿","182.50","＋","認購","美式","112年03月24日","112年03月24日","113年01月19日","113年01月23日","0.01","    266.66","","",
="039715","南電統一29購05","0.00","","8046","南電","302.50","－","認購","美式","112年03月24日","112年03月24日","112年09月21日","112年09月25日","0.025","    300.00","","",
="039716","潤泰新統一29購01","0.94","","9945","潤泰新","35.00","＋","認購","美式","112年03月24日","112年03月24日","112年09月21日","112年09月25日","0.20","    38.70","","",
="039717","元石油中信2A購01","1.67","",="00642U","期元大S&P石油(原名：元大S&P石油)","15.46","＋","認購","歐式","112年03月24日","112年10月23日","112年10月19日","112年10月23日","1.00","    16.80","","",
="039718","香港2X中信2A購02","0.45","＋",="00650L","FH香港正2","11.60","＋","認購","歐式","112年03月24日","112年10月23日","112年10月19日","112年10月23日","0.50","    15.00","","",
="039719","建準中信29購01","0.00","","2421","建準","89.00","＋","認購","歐式","112年03月24日","112年09月25日","112年09月21日","112年09月25日","0.138","    58.80","","",
="03971P","創意國票27售02","0.01","－","3443","創意","1,515.00","＋","認售","歐式","111年12月07日","112年07月06日","112年07月04日","112年07月06日","0.01","    680.00","","",
="03971U","台積電元大28售22","0.00","","2330","台積電","568.00","＋","認售","歐式","112年02月03日","112年08月02日","112年07月31日","112年08月02日","0.064","    463.49","","",
="039720","欣興中信2C購01","1.85","－","3037","欣興","182.50","－","認購","歐式","112年03月24日","112年12月25日","112年12月21日","112年12月25日","0.05","    170.00","","",
="039721","上品中信29購01","1.30","＋","4770","上品","297.00","＋","認購","歐式","112年03月24日","112年09月25日","112年09月21日","112年09月25日","0.027","    276.71","","",
="039722","潤泰新中信29購01","0.50","","9945","潤泰新","35.00","＋","認購","歐式","112年03月24日","112年09月25日","112年09月21日","112年09月25日","0.12","    39.00","","",
="039723","台灣50第一2A購01","0.00","",="0050","元大台灣50","126.75","＋","認購","美式","112年03月24日","112年03月24日","112年10月19日","112年10月23日","0.15","    131.09","","",
="039724","聯發科第一2A購01","0.00","","2454","聯發科","738.00","＋","認購","美式","112年03月24日","112年03月24日","112年10月19日","112年10月23日","0.009","    849.96","","",
="039725","台灣50兆豐33購01","1.02","＋",="0050","元大台灣50","126.75","＋","認購","美式","112年03月24日","112年03月24日","113年03月21日","113年03月25日","0.10","    130.00","","",
="039726","金像電兆豐31購01","2.57","","2368","金像電","121.50","","認購","美式","112年03月24日","112年03月24日","113年01月19日","113年01月23日","0.091","    104.31","","",
="039727","新光鋼永豐29購02","0.77","－","2031","新光鋼","48.80","－","認購","美式","112年03月24日","112年03月24日","112年09月21日","112年09月25日","0.35","    57.42","","",
="039728","裕隆永豐2B購02","1.33","","2201","裕隆","82.80","＋","認購","美式","112年03月24日","112年03月24日","112年11月21日","112年11月23日","0.22","    105.00","","",
="039729","英業達永豐2A購01","3.75","＋","2356","英業達","37.50","＋","認購","美式","112年03月24日","112年03月24日","112年10月19日","112年10月23日","1.00","    37.73","","",
="03972U","台積電元大28售23","0.00","","2330","台積電","568.00","＋","認售","歐式","112年02月03日","112年08月02日","112年07月31日","112年08月02日","0.04","    520.19","","",
="039730","建準永豐2B購01","7.55","＋","2421","建準","89.00","＋","認購","美式","112年03月24日","112年03月24日","112年11月21日","112年11月23日","0.30","    68.72","","",
="039731","漢翔永豐2C購01","3.19","＋","2634","漢翔","55.80","＋","認購","美式","112年03月24日","112年03月24日","112年12月21日","112年12月25日","0.40","    56.99","","",
="039732","元石油群益29購03","0.00","",="00642U","期元大S&P石油(原名：元大S&P石油)","15.46","＋","認購","美式","112年03月24日","112年03月24日","112年09月21日","112年09月25日","1.00","    15.20","","",
="039733","台積電群益2A購07","3.27","＋","2330","台積電","568.00","＋","認購","美式","112年03月24日","112年03月24日","112年10月19日","112年10月23日","0.065","    563.00","","",
="039734","長榮群益2A購03","0.00","","2603","長榮","157.00","＋","認購","美式","112年03月24日","112年03月24日","112年10月19日","112年10月23日","0.20","    224.00","","",
="039735","長榮群益2C購01","0.92","＋","2603","長榮","157.00","＋","認購","美式","112年03月24日","112年03月24日","112年12月21日","112年12月25日","0.16","    207.00","","",
="039736","晶豪科群益29購01","3.01","－","3006","晶豪科","88.20","＋","認購","美式","112年03月24日","112年03月24日","112年09月21日","112年09月25日","0.519","    111.00","","",
="039737","欣興群益29購04","0.00","","3037","欣興","182.50","－","認購","美式","112年03月24日","112年03月24日","112年09月21日","112年09月25日","0.18","    207.00","","",
="039738","中磊群益29購02","2.71","＋","5388","中磊","93.30","＋","認購","美式","112年03月24日","112年03月24日","112年09月21日","112年09月25日","0.368","    103.68","","",
="039739","元晶群益29購01","0.00","","6443","元晶","36.20","＋","認購","美式","112年03月24日","112年03月24日","112年09月21日","112年09月25日","0.184","    45.00","","",
="03973U","技嘉元大28售02","0.00","","2376","技嘉","186.00","＋","認售","歐式","112年02月03日","112年08月02日","112年07月31日","112年08月02日","0.249","    84.70","","",
="039740","晶碩群益29購02","0.58","＋","6491","晶碩","366.50","＋","認購","美式","112年03月24日","112年03月24日","112年09月21日","112年09月25日","0.08","    644.25","","",
="039741","緯穎群益29購04","2.25","＋","6669","緯穎","1,205.00","＋","認購","美式","112年03月24日","112年03月24日","112年09月21日","112年09月25日","0.011","    1,150.00","","",
="039742","緯穎群益29購05","1.88","＋","6669","緯穎","1,205.00","＋","認購","美式","112年03月24日","112年03月24日","112年09月21日","112年09月25日","0.014","    1,400.00","","",
="039743","威鋒電群益29購01","0.63","","6756","威鋒電子","223.00","＋","認購","美式","112年03月24日","112年03月24日","112年09月21日","112年09月25日","0.052","    271.08","","",
="039744","南電群益29購01","3.61","－","8046","南電","302.50","－","認購","美式","112年03月24日","112年03月24日","112年09月21日","112年09月25日","0.18","    400.00","","",
="039745","台灣50凱基29購17","2.66","＋",="0050","元大台灣50","126.75","＋","認購","美式","112年03月24日","112年03月24日","112年09月21日","112年09月25日","1.00","    135.00","","",
="039746","台灣50凱基2C購07","0.00","",="0050","元大台灣50","126.75","＋","認購","美式","112年03月24日","112年03月24日","112年12月21日","112年12月25日","1.00","    144.00","","",
="039747","台灣50凱基33購01","1.06","",="0050","元大台灣50","126.75","＋","認購","美式","112年03月24日","112年03月24日","113年03月21日","113年03月25日","1.00","    168.00","","",
="039748","元金2X凱基31購01","0.53","－",="00708L","期元大S&P黃金正2(原名：元大S&P黃金正2)","26.72","－","認購","美式","112年03月24日","112年03月24日","113年01月19日","113年01月23日","0.21","    30.00","","",
="039749","中興電凱基2A購05","0.96","＋","1513","中興電","113.50","＋","認購","美式","112年03月24日","112年03月24日","112年10月19日","112年10月23日","0.141","    135.00","","",
="03974U","長榮航元大28售08","0.66","－","2618","長榮航","33.60","＋","認售","歐式","112年02月03日","112年08月02日","112年07月31日","112年08月02日","0.50","    29.00","","",
="039750","亞力凱基29購03","3.50","＋","1514","亞力","51.60","＋","認購","美式","112年03月24日","112年03月24日","112年09月21日","112年09月25日","0.72","    55.00","","",
="039751","華城凱基29購03","4.12","＋","1519","華城","141.00","＋","認購","美式","112年03月24日","112年03月24日","112年09月21日","112年09月25日","0.068","    82.00","","",
="039752","華新凱基2B購05","0.00","","1605","華新","46.60","＋","認購","美式","112年03月24日","112年03月24日","112年11月21日","112年11月23日","0.35","    72.00","","",
="039753","聯電凱基2B購04","0.00","","2303","聯電","51.20","＋","認購","美式","112年03月24日","112年03月24日","112年11月21日","112年11月23日","0.60","    73.00","","",
="039754","鴻海凱基2B購08","0.63","＋","2317","鴻海","105.50","＋","認購","美式","112年03月24日","112年03月24日","112年11月21日","112年11月23日","0.16","    116.00","","",
="039755","鴻海凱基2B購09","0.69","＋","2317","鴻海","105.50","＋","認購","美式","112年03月24日","112年03月24日","112年11月21日","112年11月23日","0.28","    132.00","","",
="039756","國巨凱基29購04","0.00","","2327","國巨","508.00","＋","認購","美式","112年03月24日","112年03月24日","112年09月21日","112年09月25日","0.09","    700.00","","",
="039757","台積電凱基29購22","0.00","","2330","台積電","568.00","＋","認購","美式","112年03月24日","112年03月24日","112年09月21日","112年09月25日","0.025","    500.00","","",
="039758","台積電凱基2A購19","2.04","＋","2330","台積電","568.00","＋","認購","美式","112年03月24日","112年03月24日","112年10月19日","112年10月23日","0.035","    540.00","","",
="039759","華邦電凱基2B購02","1.23","","2344","華邦電","26.90","＋","認購","美式","112年03月24日","112年03月24日","112年11月21日","112年11月23日","1.00","    35.00","","",
="03975P","台達電群益26售01","0.00","","2308","台達電","315.50","－","認售","歐式","111年10月07日","112年06月06日","112年06月02日","112年06月06日","0.40","    160.00","","",
="03975U","世紀鋼元大28售01","0.31","－","9958","世紀鋼","109.50","＋","認售","歐式","112年02月03日","112年08月02日","112年07月31日","112年08月02日","0.107","    88.60","","",
="039760","長榮凱基2A購12","0.47","","2603","長榮","157.00","＋","認購","美式","112年03月24日","112年03月24日","112年10月19日","112年10月23日","0.12","    206.00","","",
="039761","陽明凱基29購10","0.00","","2609","陽明","62.00","＋","認購","美式","112年03月24日","112年03月24日","112年09月21日","112年09月25日","0.90","    95.00","","",
="039762","華航凱基2A購02","1.53","＋","2610","華航","21.65","＋","認購","美式","112年03月24日","112年03月24日","112年10月19日","112年10月23日","0.55","    20.00","","",
="039763","慧洋凱基2A購01","0.68","＋","2637","慧洋-KY","60.30","＋","認購","美式","112年03月24日","112年03月24日","112年10月19日","112年10月23日","0.224","    62.45","","",
="039764","欣興凱基2B購04","2.12","－","3037","欣興","182.50","－","認購","美式","112年03月24日","112年03月24日","112年11月21日","112年11月23日","0.055","    152.00","","",
="039765","緯創凱基29購02","0.00","","3231","緯創","68.00","＋","認購","美式","112年03月24日","112年03月24日","112年09月21日","112年09月25日","0.55","    38.00","","",
="039766","群創凱基2C購02","0.28","＋","3481","群創","14.10","＋","認購","美式","112年03月24日","112年03月24日","112年12月21日","112年12月25日","1.00","    22.00","","",
="039767","碩天凱基29購04","0.00","","3617","碩天","191.00","－","認購","美式","112年03月24日","112年03月24日","112年09月21日","112年09月25日","0.06","    130.00","","",
="039768","健策凱基29購03","0.00","","3653","健策","616.00","＋","認購","美式","112年03月24日","112年03月24日","112年09月21日","112年09月25日","0.08","    530.00","","",
="039769","穎崴凱基29購07","2.55","＋","6515","穎崴","830.00","－","認購","美式","112年03月24日","112年03月24日","112年09月21日","112年09月25日","0.02","    860.00","","",
="03976U","台灣50群益28售05","0.00","",="0050","元大台灣50","126.75","＋","認售","歐式","112年02月03日","112年08月02日","112年07月31日","112年08月02日","0.50","    113.00","","",
="039770","緯穎凱基2B購01","1.31","＋","6669","緯穎","1,205.00","＋","認購","美式","112年03月24日","112年03月24日","112年11月21日","112年11月23日","0.01","    1,450.00","","",
="039771","緯穎凱基2B購02","1.31","＋","6669","緯穎","1,205.00","＋","認購","美式","112年03月24日","112年03月24日","112年11月21日","112年11月23日","0.007","    1,250.00","","",
="039772","矽創凱基29購03","0.00","","8016","矽創","225.50","＋","認購","美式","112年03月24日","112年03月24日","112年09月21日","112年09月25日","0.15","    340.00","","",
="039773","南電凱基2B購02","2.07","－","8046","南電","302.50","－","認購","美式","112年03月24日","112年03月24日","112年11月21日","112年11月23日","0.085","    360.00","","",
="039774","明基材凱基29購01","0.82","","8215","明基材","35.30","＋","認購","美式","112年03月24日","112年03月24日","112年09月21日","112年09月25日","0.50","    43.00","","",
="039775","臺股指凱基29購42","3.34","＋","IX0001","臺股指數","16,636.30","","認購","歐式","112年03月24日","112年09月25日","112年09月21日","112年09月25日","0.006","    16,500.00","","",
="039776","T50反1元富2C購02","0.00","",="00632R","元大台灣50反1","4.94","－","認購","美式","112年03月24日","112年03月24日","112年12月21日","112年12月25日","1.00","    5.00","","",
="039777","滬深2X元富2C購01","0.00","",="00637L","元大滬深300正2","13.77","－","認購","美式","112年03月24日","112年03月24日","112年12月21日","112年12月25日","1.00","    17.00","","",
="039778","華新元富29購02","2.67","","1605","華新","46.60","＋","認購","美式","112年03月24日","112年03月24日","112年09月21日","112年09月25日","1.00","    57.00","","",
="039779","台積電元富2C購01","2.04","＋","2330","台積電","568.00","＋","認購","美式","112年03月24日","112年03月24日","112年12月21日","112年12月25日","0.05","    600.00","","",
="03977U","台灣50群益28售06","0.00","",="0050","元大台灣50","126.75","＋","認售","歐式","112年02月03日","112年08月02日","112年07月31日","112年08月02日","0.30","    118.00","","",
="039780","聯發科元富33購02","2.40","＋","2454","聯發科","738.00","＋","認購","美式","112年03月24日","112年03月24日","113年03月21日","113年03月25日","0.032","    910.00","","",
="039781","宏達電元富29購01","0.57","","2498","宏達電","61.50","＋","認購","美式","112年03月24日","112年03月24日","112年09月21日","112年09月25日","0.20","    74.64","","",
="039782","漢翔元富29購02","0.00","","2634","漢翔","55.80","＋","認購","美式","112年03月24日","112年03月24日","112年09月21日","112年09月25日","0.30","    45.00","","",
="039783","晶睿元富2C購01","0.40","＋","3454","晶睿","182.50","＋","認購","美式","112年03月24日","112年03月24日","112年12月21日","112年12月25日","0.07","    350.00","","",
="039784","健策元富29購01","0.00","","3653","健策","616.00","＋","認購","美式","112年03月24日","112年03月24日","112年09月21日","112年09月25日","0.03","    450.00","","",
="039785","立積元富29購02","4.02","＋","4968","立積","170.00","＋","認購","美式","112年03月24日","112年03月24日","112年09月21日","112年09月25日","0.10","    140.00","","",
="039786","台表科元富29購01","0.00","","6278","台表科","100.50","＋","認購","美式","112年03月24日","112年03月24日","112年09月21日","112年09月25日","0.20","    111.00","","",
="039787","矽力元富2C購01","0.63","＋","6415","矽力*-KY","394.50","＋","認購","美式","112年03月24日","112年03月24日","112年12月21日","112年12月25日","0.03","    644.29","","",
="039788","穎崴元富33購01","3.41","＋","6515","穎崴","830.00","－","認購","美式","112年03月24日","112年03月24日","113年03月21日","113年03月25日","0.019","    850.00","","",
="039789","晶心科元富29購01","0.00","","6533","晶心科","511.00","＋","認購","美式","112年03月24日","112年03月24日","112年09月21日","112年09月25日","0.02","    600.00","","",
="03978U","台灣50群益28售07","0.69","－",="0050","元大台灣50","126.75","＋","認售","歐式","112年02月03日","112年08月02日","112年07月31日","112年08月02日","0.30","    121.00","","",
="039790","緯穎元富2C購01","2.78","＋","6669","緯穎","1,205.00","＋","認購","美式","112年03月24日","112年03月24日","112年12月21日","112年12月25日","0.015","    1,300.00","","",
="039791","臺股指元富29購08","0.00","","IX0001","臺股指數","16,636.30","","認購","歐式","112年03月24日","112年09月25日","112年09月21日","112年09月25日","0.007","    16,200.00","","",
="039792","中興電麥證2B購01","0.91","＋","1513","中興電","113.50","＋","認購","歐式","112年03月24日","112年11月23日","112年11月21日","112年11月23日","0.057","    118.88","","",
="039793","鴻海麥證2C購01","1.10","＋","2317","鴻海","105.50","＋","認購","歐式","112年03月24日","112年12月25日","112年12月21日","112年12月25日","0.70","    150.00","","",
="039794","鴻海麥證2C購02","0.52","＋","2317","鴻海","105.50","＋","認購","歐式","112年03月24日","112年12月25日","112年12月21日","112年12月25日","0.08","    110.00","","",
="039795","宏碁麥證29購01","1.52","－","2353","宏碁","31.05","＋","認購","歐式","112年03月24日","112年09月25日","112年09月21日","112年09月25日","1.00","    33.00","","",
="039796","英業達麥證29購01","5.55","＋","2356","英業達","37.50","＋","認購","歐式","112年03月24日","112年09月25日","112年09月21日","112年09月25日","1.00","    35.00","","",
="039797","緯創麥證2A購01","0.00","","3231","緯創","68.00","＋","認購","歐式","112年03月24日","112年10月23日","112年10月19日","112年10月23日","1.00","    45.00","","",
="039798","T50反1元大2C購05","0.00","",="00632R","元大台灣50反1","4.94","－","認購","美式","112年03月24日","112年03月24日","112年12月21日","112年12月25日","1.00","    5.00","","",
="039799","T50反1元大2C購06","0.00","",="00632R","元大台灣50反1","4.94","－","認購","美式","112年03月24日","112年03月24日","112年12月21日","112年12月25日","1.00","    5.05","","",
="03979P","智原群益26售02","0.00","","3035","智原","173.50","＋","認售","歐式","111年12月07日","112年06月06日","112年06月02日","112年06月06日","0.10","    140.00","","",
="03979U","FBNQ2X群益29售02","0.22","",="00670L","富邦NASDAQ正2","78.90","＋","認售","歐式","112年02月03日","112年09月04日","112年08月31日","112年09月04日","0.15","    52.00","","",
="039800","聯電元大2A購07","0.31","＋","2303","聯電","51.20","＋","認購","美式","112年03月24日","112年03月24日","112年10月19日","112年10月23日","1.00","    79.20","","",
="039801","國巨元大2A購15","0.00","","2327","國巨","508.00","＋","認購","美式","112年03月24日","112年03月24日","112年10月19日","112年10月23日","0.043","    655.00","","",
="039802","英業達元大29購03","3.09","＋","2356","英業達","37.50","＋","認購","美式","112年03月24日","112年03月24日","112年09月21日","112年09月25日","1.00","    37.60","","",
="039803","建準元大29購01","0.00","","2421","建準","89.00","＋","認購","美式","112年03月24日","112年03月24日","112年09月21日","112年09月25日","0.19","    53.45","","",
="039804","建準元大2B購01","0.00","","2421","建準","89.00","＋","認購","美式","112年03月24日","112年03月24日","112年11月21日","112年11月23日","0.206","    58.54","","",
="039805","聯發科元大2A購11","0.00","","2454","聯發科","738.00","＋","認購","美式","112年03月24日","112年03月24日","112年10月19日","112年10月23日","0.043","    918.00","","",
="039806","聯發科元大2B購06","1.46","＋","2454","聯發科","738.00","＋","認購","美式","112年03月24日","112年03月24日","112年11月21日","112年11月23日","0.041","    980.00","","",
="039807","聯發科元大2C購04","1.34","","2454","聯發科","738.00","＋","認購","美式","112年03月24日","112年03月24日","112年12月21日","112年12月25日","0.054","    1,120.00","","",
="039808","宏達電元大2A購11","1.49","＋","2498","宏達電","61.50","＋","認購","美式","112年03月24日","112年03月24日","112年10月19日","112年10月23日","0.232","    68.40","","",
="039809","長榮元大2A購27","0.00","","2603","長榮","157.00","＋","認購","美式","112年03月24日","112年03月24日","112年10月19日","112年10月23日","0.152","    192.50","","",
="03980U","元日2X群益2A售01","0.00","",="00706L","期元大S&P日圓正2(原名：元大S&P日圓正2)","8.72","－","認售","歐式","112年02月03日","112年10月02日","112年09月27日","112年10月02日","0.74","    10.00","","",
="039810","長榮元大2B購11","1.28","＋","2603","長榮","157.00","＋","認購","美式","112年03月24日","112年03月24日","112年11月21日","112年11月23日","0.133","    195.00","","",
="039811","長榮元大2C購06","0.00","","2603","長榮","157.00","＋","認購","美式","112年03月24日","112年03月24日","112年12月21日","112年12月25日","0.086","    179.50","","",
="039812","陽明元大29購10","0.89","","2609","陽明","62.00","＋","認購","美式","112年03月24日","112年03月24日","112年09月21日","112年09月25日","0.519","    78.90","","",
="039813","陽明元大2A購12","0.00","","2609","陽明","62.00","＋","認購","美式","112年03月24日","112年03月24日","112年10月19日","112年10月23日","0.579","    84.30","","",
="039814","陽明元大2B購08","0.95","＋","2609","陽明","62.00","＋","認購","美式","112年03月24日","112年03月24日","112年11月21日","112年11月23日","0.499","    84.90","","",
="039815","富邦金元大29購02","1.32","＋","2881","富邦金","61.10","＋","認購","美式","112年03月24日","112年03月24日","112年09月21日","112年09月25日","0.779","    72.20","","",
="039816","威強電元大29購05","0.00","","3022","威強電","91.20","＋","認購","美式","112年03月24日","112年03月24日","112年09月21日","112年09月25日","0.129","    75.90","","",
="039817","欣興元大2A購12","0.00","","3037","欣興","182.50","－","認購","美式","112年03月24日","112年03月24日","112年10月19日","112年10月23日","0.199","    205.00","","",
="039818","玉晶光元大2A購06","0.70","＋","3406","玉晶光","400.00","＋","認購","美式","112年03月24日","112年03月24日","112年10月19日","112年10月23日","0.04","    519.00","","",
="039819","台勝科元大29購05","0.46","","3532","台勝科","157.00","＋","認購","美式","112年03月24日","112年03月24日","112年09月21日","112年09月25日","0.082","    215.00","","",
="03981P","陽明群益26售01","0.00","","2609","陽明","62.00","＋","認售","歐式","111年10月07日","112年06月06日","112年06月02日","112年06月06日","1.00","    33.00","","",
="03981U","裕隆群益28售05","0.63","","2201","裕隆","82.80","＋","認售","歐式","112年02月03日","112年08月02日","112年07月31日","112年08月02日","0.20","    72.00","","",
="039820","台勝科元大29購06","0.75","＋","3532","台勝科","157.00","＋","認購","美式","112年03月24日","112年03月24日","112年09月21日","112年09月25日","0.05","    172.00","","",
="039821","台勝科元大2B購02","0.58","","3532","台勝科","157.00","＋","認購","美式","112年03月24日","112年03月24日","112年11月21日","112年11月23日","0.088","    234.00","","",
="039822","聯合再元大29購02","0.00","","3576","聯合再生","20.30","＋","認購","美式","112年03月24日","112年03月24日","112年09月21日","112年09月25日","1.00","    28.25","","",
="039823","碩天元大29購05","0.00","","3617","碩天","191.00","－","認購","美式","112年03月24日","112年03月24日","112年09月21日","112年09月25日","0.052","    122.00","","",
="039824","上緯控元大29購01","0.00","","3708","上緯投控","96.50","－","認購","美式","112年03月24日","112年03月24日","112年09月21日","112年09月25日","0.085","    130.00","","",
="039825","祥碩元大29購07","0.93","＋","5269","祥碩","1,300.00","＋","認購","美式","112年03月24日","112年03月24日","112年09月21日","112年09月25日","0.006","    1,480.00","","",
="039826","祥碩元大2B購03","0.91","＋","5269","祥碩","1,300.00","＋","認購","美式","112年03月24日","112年03月24日","112年11月21日","112年11月23日","0.007","    1,775.00","","",
="039827","樺漢元大29購05","0.00","","6414","樺漢","281.00","＋","認購","美式","112年03月24日","112年03月24日","112年09月21日","112年09月25日","0.102","    307.50","","",
="039828","矽力元大29購03","0.46","＋","6415","矽力*-KY","394.50","＋","認購","美式","112年03月24日","112年03月24日","112年09月21日","112年09月25日","0.02","    562.02","","",
="039829","矽力元大2B購01","0.47","","6415","矽力*-KY","394.50","＋","認購","美式","112年03月24日","112年03月24日","112年11月21日","112年11月23日","0.024","    691.87","","",
="03982P","愛普群益26售06","0.00","","6531","愛普*","328.50","＋","認售","歐式","111年12月07日","112年06月06日","112年06月02日","112年06月06日","0.034","    188.00","","",
="03982U","台積電群益28售08","0.00","","2330","台積電","568.00","＋","認售","歐式","112年02月03日","112年08月02日","112年07月31日","112年08月02日","0.065","    497.31","","",
="039830","緯穎元大2A購06","1.16","＋","6669","緯穎","1,205.00","＋","認購","美式","112年03月24日","112年03月24日","112年10月19日","112年10月23日","0.005","    1,135.00","","",
="039831","緯穎元大2B購06","1.27","＋","6669","緯穎","1,205.00","＋","認購","美式","112年03月24日","112年03月24日","112年11月21日","112年11月23日","0.01","    1,485.00","","",
="039832","威鋒電元大29購01","1.21","","6756","威鋒電子","223.00","＋","認購","美式","112年03月24日","112年03月24日","112年09月21日","112年09月25日","0.042","    235.26","","",
="039833","威鋒電元大29購02","1.10","","6756","威鋒電子","223.00","＋","認購","美式","112年03月24日","112年03月24日","112年09月21日","112年09月25日","0.038","    244.45","","",
="039834","威鋒電元大2B購01","0.69","＋","6756","威鋒電子","223.00","＋","認購","美式","112年03月24日","112年03月24日","112年11月21日","112年11月23日","0.036","    275.92","","",
="039835","東哥元大2A購11","3.37","","8478","東哥遊艇","520.00","＋","認購","美式","112年03月24日","112年03月24日","112年10月19日","112年10月23日","0.036","    580.00","","",
="039836","臺股指元大2C購22","0.00","","IX0001","臺股指數","16,636.30","","認購","歐式","112年03月24日","112年12月25日","112年12月21日","112年12月25日","0.003","    23,000.00","","",
="039837","SGBR2X國票2A購04","1.95","＋",="00715L","期街口布蘭特正2","12.73","＋","認購","美式","112年03月24日","112年03月24日","112年10月19日","112年10月23日","0.55","    11.00","","",
="039838","國巨國票2B購01","1.43","＋","2327","國巨","508.00","＋","認購","美式","112年03月24日","112年03月24日","112年11月21日","112年11月23日","0.025","    515.00","","",
="039839","華碩國票29購01","2.36","－","2357","華碩","303.50","－","認購","美式","112年03月24日","112年03月24日","112年09月21日","112年09月25日","0.09","    300.00","","",
="03983U","台積電群益28售09","0.73","－","2330","台積電","568.00","＋","認售","歐式","112年02月03日","112年08月02日","112年07月31日","112年08月02日","0.03","    547.04","","",
="039840","華航國票2A購02","2.05","","2610","華航","21.65","＋","認購","美式","112年03月24日","112年03月24日","112年10月19日","112年10月23日","0.60","    19.50","","",
="039841","長榮航國票29購04","0.00","","2618","長榮航","33.60","＋","認購","美式","112年03月24日","112年03月24日","112年09月21日","112年09月25日","0.65","    27.00","","",
="039842","慧洋國票2A購02","0.00","","2637","慧洋-KY","60.30","＋","認購","美式","112年03月24日","112年03月24日","112年10月19日","112年10月23日","0.616","    80.30","","",
="039843","群創國票2B購03","0.00","","3481","群創","14.10","＋","認購","美式","112年03月24日","112年03月24日","112年11月21日","112年11月23日","1.00","    20.00","","",
="039844","S&P反1富邦2B購01","0.00","",="00648R","元大S&P500反1","6.93","－","認購","美式","112年03月24日","112年03月24日","112年11月21日","112年11月23日","1.00","    7.50","","",
="039845","鴻海富邦2B購01","0.61","","2317","鴻海","105.50","＋","認購","美式","112年03月24日","112年03月24日","112年11月21日","112年11月23日","0.10","    110.00","","",
="039846","旺宏富邦2B購02","0.00","","2337","旺宏","33.40","＋","認購","美式","112年03月24日","112年03月24日","112年11月21日","112年11月23日","0.25","    40.00","","",
="039847","宏達電富邦2B購02","0.00","","2498","宏達電","61.50","＋","認購","美式","112年03月24日","112年03月24日","112年11月21日","112年11月23日","0.10","    78.00","","",
="039848","新唐富邦29購01","0.00","","4919","新唐","130.50","＋","認購","美式","112年03月24日","112年03月24日","112年09月21日","112年09月25日","0.025","    158.50","","",
="039849","嘉澤國泰2B購01","1.17","－","3533","嘉澤","909.00","－","認購","美式","112年03月24日","112年03月24日","112年11月21日","112年11月23日","0.025","    1,150.00","","",
="03984U","聯發科群益28售05","1.08","－","2454","聯發科","738.00","＋","認售","歐式","112年02月03日","112年08月02日","112年07月31日","112年08月02日","0.025","    715.00","","",
="039850","緯創兆豐31購01","0.00","","3231","緯創","68.00","＋","認購","美式","112年03月27日","112年03月27日","113年01月24日","113年01月26日","0.35","    41.80","","",
="039851","晶睿兆豐31購02","0.25","＋","3454","晶睿","182.50","＋","認購","美式","112年03月27日","112年03月27日","113年01月24日","113年01月26日","0.022","    318.00","","",
="039852","健策兆豐2A購01","4.57","＋","3653","健策","616.00","＋","認購","美式","112年03月27日","112年03月27日","112年10月24日","112年10月26日","0.03","    490.00","","",
="039853","建準中信29購02","3.41","＋","2421","建準","89.00","＋","認購","歐式","112年03月27日","112年09月26日","112年09月22日","112年09月26日","0.12","    62.80","","",
="039854","建準中信2A購01","3.31","＋","2421","建準","89.00","＋","認購","歐式","112年03月27日","112年10月26日","112年10月24日","112年10月26日","0.128","    72.80","","",
="039855","創意中信29購02","1.40","＋","3443","創意","1,515.00","＋","認購","歐式","112年03月27日","112年09月26日","112年09月22日","112年09月26日","0.004","    1,330.00","","",
="039856","緯穎中信2A購02","0.65","－","6669","緯穎","1,205.00","＋","認購","歐式","112年03月27日","112年10月26日","112年10月24日","112年10月26日","0.005","    1,480.00","","",
="039857","金像電永豐2A購01","1.49","－","2368","金像電","121.50","","認購","美式","112年03月27日","112年03月27日","112年10月24日","112年10月26日","0.053","    99.44","","",
="039858","瑞鼎永豐2A購01","0.00","","3592","瑞鼎","348.00","＋","認購","美式","112年03月27日","112年03月27日","112年10月24日","112年10月26日","0.033","    608.83","","",
="039859","樺漢永豐2B購01","0.00","","6414","樺漢","281.00","＋","認購","美式","112年03月27日","112年03月27日","112年11月23日","112年11月27日","0.042","    360.00","","",
="03985U","聯發科群益2A售01","0.00","","2454","聯發科","738.00","＋","認售","歐式","112年02月03日","112年10月02日","112年09月27日","112年10月02日","0.15","    500.00","","",
="039860","緯穎永豐2B購02","1.25","＋","6669","緯穎","1,205.00","＋","認購","美式","112年03月27日","112年03月27日","112年11月23日","112年11月27日","0.013","    1,504.20","","",
="039861","南電永豐2B購01","0.00","","8046","南電","302.50","－","認購","美式","112年03月27日","112年03月27日","112年11月23日","112年11月27日","0.062","    396.90","","",
="039862","東哥永豐2A購03","1.96","＋","8478","東哥遊艇","520.00","＋","認購","美式","112年03月27日","112年03月27日","112年10月24日","112年10月26日","0.029","    645.00","","",
="039863","SGBR2X統一2C購03","0.99","＋",="00715L","期街口布蘭特正2","12.73","＋","認購","美式","112年03月27日","112年03月27日","112年12月22日","112年12月26日","0.30","    14.00","","",
="039864","金像電統一29購01","2.43","－","2368","金像電","121.50","","認購","美式","112年03月27日","112年03月27日","112年09月22日","112年09月26日","0.104","    107.50","","",
="039865","聯發科統一33購03","0.84","","2454","聯發科","738.00","＋","認購","美式","112年03月27日","112年03月27日","113年03月22日","113年03月26日","0.008","    808.88","","",
="039866","創意統一2B購09","1.46","＋","3443","創意","1,515.00","＋","認購","美式","112年03月27日","112年03月27日","112年11月23日","112年11月27日","0.004","    1,392.40","","",
="039867","創意統一2C購04","1.50","＋","3443","創意","1,515.00","＋","認購","美式","112年03月27日","112年03月27日","112年12月22日","112年12月26日","0.003","    1,230.00","","",
="039868","創意統一2C購05","1.73","＋","3443","創意","1,515.00","＋","認購","美式","112年03月27日","112年03月27日","112年12月22日","112年12月26日","0.004","    1,300.00","","",
="039869","群創統一2B購02","0.69","＋","3481","群創","14.10","＋","認購","美式","112年03月27日","112年03月27日","112年11月23日","112年11月27日","0.50","    16.60","","",
="03986U","玉晶光群益28售01","1.07","","3406","玉晶光","400.00","＋","認售","歐式","112年02月03日","112年08月02日","112年07月31日","112年08月02日","0.06","    345.00","","",
="039870","緯穎統一31購02","0.75","＋","6669","緯穎","1,205.00","＋","認購","美式","112年03月27日","112年03月27日","113年01月24日","113年01月26日","0.003","    1,308.00","","",
="039871","威鋒電統一2A購01","0.00","","6756","威鋒電子","223.00","＋","認購","美式","112年03月27日","112年03月27日","112年10月24日","112年10月26日","0.021","    276.11","","",
="039872","威鋒電統一31購02","0.47","","6756","威鋒電子","223.00","＋","認購","美式","112年03月27日","112年03月27日","113年01月24日","113年01月26日","0.014","    283.28","","",
="039873","SGBR2X第一29購01","0.00","",="00715L","期街口布蘭特正2","12.73","＋","認購","美式","112年03月27日","112年03月27日","112年09月22日","112年09月26日","0.38","    13.44","","",
="039874","華新第一2B購01","0.00","","1605","華新","46.60","＋","認購","美式","112年03月27日","112年03月27日","112年11月23日","112年11月27日","0.119","    60.96","","",
="039875","華城麥證29購01","0.00","","1519","華城","141.00","＋","認購","歐式","112年03月27日","112年09月26日","112年09月22日","112年09月26日","0.05","    71.00","","",
="039876","長榮鋼麥證29購01","1.26","","2211","長榮鋼","60.90","＋","認購","歐式","112年03月27日","112年09月26日","112年09月22日","112年09月26日","0.50","    70.00","","",
="039877","台積電麥證2C購02","3.78","","2330","台積電","568.00","＋","認購","歐式","112年03月27日","112年12月26日","112年12月22日","112年12月26日","0.22","    700.00","","",
="039878","台積電麥證31購03","0.00","","2330","台積電","568.00","＋","認購","歐式","112年03月27日","113年01月26日","113年01月24日","113年01月26日","0.05","    600.00","","",
="039879","精英麥證29購01","2.06","＋","2331","精英","28.70","＋","認購","歐式","112年03月27日","112年09月26日","112年09月22日","112年09月26日","0.518","    27.89","","",
="03987U","鈺齊群益29售01","0.88","","9802","鈺齊-KY","124.00","－","認售","歐式","112年02月03日","112年09月04日","112年08月31日","112年09月04日","0.139","    99.08","","",
="039880","玉山金麥證29購01","1.29","－","2884","玉山金","25.80","＋","認購","歐式","112年03月27日","112年09月26日","112年09月22日","112年09月26日","0.706","    25.78","","",
="039881","國票金麥證29購01","0.47","－","2889","國票金","12.60","＋","認購","歐式","112年03月27日","112年09月26日","112年09月22日","112年09月26日","0.80","    14.00","","",
="039882","大聯大麥證29購01","1.07","＋","3702","大聯大","53.00","＋","認購","歐式","112年03月27日","112年09月26日","112年09月22日","112年09月26日","0.38","    55.00","","",
="039883","上証2X凱基2B購05","0.79","－",="00633L","富邦上証正2","35.01","－","認購","美式","112年03月27日","112年03月27日","112年11月23日","112年11月27日","0.50","    46.00","","",
="039884","上証2X凱基2C購01","0.79","－",="00633L","富邦上証正2","35.01","－","認購","美式","112年03月27日","112年03月27日","112年12月22日","112年12月26日","0.60","    50.00","","",
="039885","滬深2X凱基2A購12","0.00","",="00637L","元大滬深300正2","13.77","－","認購","美式","112年03月27日","112年03月27日","112年10月24日","112年10月26日","1.00","    17.00","","",
="039886","滬深2X凱基2C購05","0.00","",="00637L","元大滬深300正2","13.77","－","認購","美式","112年03月27日","112年03月27日","112年12月22日","112年12月26日","1.00","    18.00","","",
="039887","裕隆凱基2A購02","0.84","","2201","裕隆","82.80","＋","認購","美式","112年03月27日","112年03月27日","112年10月24日","112年10月26日","0.084","    87.00","","",
="039888","鴻海凱基2A購14","0.48","＋","2317","鴻海","105.50","＋","認購","美式","112年03月27日","112年03月27日","112年10月24日","112年10月26日","0.35","    135.50","","",
="039889","鴻海凱基2C購07","0.86","＋","2317","鴻海","105.50","＋","認購","美式","112年03月27日","112年03月27日","112年12月22日","112年12月26日","0.22","    127.00","","",
="03988U","台灣50元富28售05","0.00","",="0050","元大台灣50","126.75","＋","認售","歐式","112年02月03日","112年08月02日","112年07月31日","112年08月02日","0.30","    115.00","","",
="039890","英業達凱基29購01","3.35","＋","2356","英業達","37.50","＋","認購","美式","112年03月27日","112年03月27日","112年09月22日","112年09月26日","1.00","    38.00","","",
="039891","建準凱基29購01","0.00","","2421","建準","89.00","＋","認購","美式","112年03月27日","112年03月27日","112年09月22日","112年09月26日","0.22","    55.00","","",
="039892","建準凱基2A購01","0.00","","2421","建準","89.00","＋","認購","美式","112年03月27日","112年03月27日","112年10月24日","112年10月26日","0.28","    60.00","","",
="039893","聯發科凱基2C購02","1.01","＋","2454","聯發科","738.00","＋","認購","美式","112年03月27日","112年03月27日","112年12月22日","112年12月26日","0.05","    1,080.00","","",
="039894","長榮凱基2C購04","0.46","","2603","長榮","157.00","＋","認購","美式","112年03月27日","112年03月27日","112年12月22日","112年12月26日","0.14","    242.00","","",
="039895","智原凱基2C購01","0.00","","3035","智原","173.50","＋","認購","美式","112年03月27日","112年03月27日","112年12月22日","112年12月26日","0.055","    275.00","","",
="039896","創意凱基29購14","1.67","＋","3443","創意","1,515.00","＋","認購","美式","112年03月27日","112年03月27日","112年09月22日","112年09月26日","0.005","    1,320.00","","",
="039897","創意凱基29購15","1.78","＋","3443","創意","1,515.00","＋","認購","美式","112年03月27日","112年03月27日","112年09月22日","112年09月26日","0.007","    1,470.00","","",
="039898","創意凱基2C購03","2.00","＋","3443","創意","1,515.00","＋","認購","美式","112年03月27日","112年03月27日","112年12月22日","112年12月26日","0.007","    1,670.00","","",
="039899","嘉澤凱基29購05","1.33","－","3533","嘉澤","909.00","－","認購","美式","112年03月27日","112年03月27日","112年09月22日","112年09月26日","0.02","    1,000.00","","",
="03989U","台灣50元富28售06","0.00","",="0050","元大台灣50","126.75","＋","認售","歐式","112年02月03日","112年08月02日","112年07月31日","112年08月02日","0.30","    120.00","","",
="039900","瑞鼎凱基29購05","0.29","","3592","瑞鼎","348.00","＋","認購","美式","112年03月27日","112年03月27日","112年09月22日","112年09月26日","0.03","    500.00","","",
="039901","富采凱基29購02","0.00","","3714","富采","49.90","＋","認購","美式","112年03月27日","112年03月27日","112年09月22日","112年09月26日","0.40","    60.00","","",
="039902","緯穎凱基2A購05","0.89","＋","6669","緯穎","1,205.00","＋","認購","美式","112年03月27日","112年03月27日","112年10月24日","112年10月26日","0.011","    1,550.00","","",
="039903","緯穎凱基2B購03","1.09","－","6669","緯穎","1,205.00","＋","認購","美式","112年03月27日","112年03月27日","112年11月23日","112年11月27日","0.007","    1,350.00","","",
="039904","南電凱基29購10","2.12","－","8046","南電","302.50","－","認購","美式","112年03月27日","112年03月27日","112年09月22日","112年09月26日","0.05","    285.00","","",
="039905","富鼎凱基29購01","0.00","","8261","富鼎","106.50","＋","認購","美式","112年03月27日","112年03月27日","112年09月22日","112年09月26日","0.12","    140.00","","",
="039906","富鼎凱基29購02","0.00","","8261","富鼎","106.50","＋","認購","美式","112年03月27日","112年03月27日","112年09月22日","112年09月26日","0.05","    115.00","","",
="039907","東哥凱基2B購03","1.80","＋","8478","東哥遊艇","520.00","＋","認購","美式","112年03月27日","112年03月27日","112年11月23日","112年11月27日","0.025","    640.00","","",
="039908","中石化群益29購01","0.73","","1314","中石化","9.72","－","認購","美式","112年03月27日","112年03月27日","112年09月22日","112年09月26日","1.00","    10.00","","",
="039909","台積電群益2B購02","0.00","","2330","台積電","568.00","＋","認購","美式","112年03月27日","112年03月27日","112年11月23日","112年11月27日","0.065","    590.00","","",
="03990U","第一銅元富28售01","0.00","","2009","第一銅","32.10","＋","認售","歐式","112年02月03日","112年08月02日","112年07月31日","112年08月02日","0.70","    27.00","","",
="039910","友達群益2A購01","0.88","＋","2409","友達","17.65","＋","認購","美式","112年03月27日","112年03月27日","112年10月24日","112年10月26日","1.00","    20.58","","",
="039911","建準群益2A購01","0.00","","2421","建準","89.00","＋","認購","美式","112年03月27日","112年03月27日","112年10月24日","112年10月26日","0.28","    58.88","","",
="039912","聯發科群益2A購05","0.00","","2454","聯發科","738.00","＋","認購","美式","112年03月27日","112年03月27日","112年10月24日","112年10月26日","0.065","    1,060.00","","",
="039913","裕民群益29購02","1.35","＋","2606","裕民","49.75","＋","認購","美式","112年03月27日","112年03月27日","112年09月22日","112年09月26日","0.50","    68.88","","",
="039914","陽明群益2B購01","1.24","","2609","陽明","62.00","＋","認購","美式","112年03月27日","112年03月27日","112年11月23日","112年11月27日","0.95","    85.00","","",
="039915","創意群益29購06","4.37","＋","3443","創意","1,515.00","＋","認購","美式","112年03月27日","112年03月27日","112年09月22日","112年09月26日","0.015","    1,400.00","","",
="039916","亞翔群益2A購01","0.00","","6139","亞翔","63.80","－","認購","美式","112年03月27日","112年03月27日","112年10月24日","112年10月26日","0.25","    58.00","","",
="039917","緯穎群益2B購01","2.28","＋","6669","緯穎","1,205.00","＋","認購","美式","112年03月27日","112年03月27日","112年11月23日","112年11月27日","0.015","    1,627.50","","",
="039918","嘉基群益2A購01","0.58","＋","6715","嘉基","145.50","＋","認購","美式","112年03月27日","112年03月27日","112年10月24日","112年10月26日","0.075","    208.00","","",
="039919","潤泰新群益29購01","0.85","","9945","潤泰新","35.00","＋","認購","美式","112年03月27日","112年03月27日","112年09月22日","112年09月26日","0.487","    44.88","","",
="03991U","裕隆元富28售03","0.59","－","2201","裕隆","82.80","＋","認售","歐式","112年02月03日","112年08月02日","112年07月31日","112年08月02日","0.11","    77.00","","",
="039920","裕隆元富35購01","1.26","","2201","裕隆","82.80","＋","認購","美式","112年03月27日","112年03月27日","113年05月23日","113年05月27日","0.11","    105.00","","",
="039921","為升元富2C購01","0.00","","2231","為升","172.50","＋","認購","美式","112年03月27日","112年03月27日","112年12月22日","112年12月26日","0.25","    190.00","","",
="039922","微星元富2C購01","18.50","－","2377","微星","168.00","－","認購","美式","112年03月27日","112年03月27日","112年12月22日","112年12月26日","0.60","    160.00","","",
="039923","聯發科元富29購03","0.00","","2454","聯發科","738.00","＋","認購","美式","112年03月27日","112年03月27日","112年09月22日","112年09月26日","0.11","    815.00","","",
="039924","欣興元富29購03","15.40","","3037","欣興","182.50","－","認購","美式","112年03月27日","112年03月27日","112年09月22日","112年09月26日","0.50","    168.00","","",
="039925","玉晶光元富29購01","1.37","＋","3406","玉晶光","400.00","＋","認購","美式","112年03月27日","112年03月27日","112年09月22日","112年09月26日","0.04","    420.00","","",
="039926","創意元富29購04","0.00","","3443","創意","1,515.00","＋","認購","美式","112年03月27日","112年03月27日","112年09月22日","112年09月26日","0.005","    1,300.00","","",
="039927","創意元富29購05","0.00","","3443","創意","1,515.00","＋","認購","美式","112年03月27日","112年03月27日","112年09月22日","112年09月26日","0.004","    1,100.00","","",
="039928","緯穎元富2A購01","1.54","＋","6669","緯穎","1,205.00","＋","認購","美式","112年03月27日","112年03月27日","112年10月24日","112年10月26日","0.023","    1,627.50","","",
="039929","東哥元富2A購02","2.97","＋","8478","東哥遊艇","520.00","＋","認購","美式","112年03月27日","112年03月27日","112年10月24日","112年10月26日","0.041","    645.00","","",
="03992U","台積電元富28售08","0.00","","2330","台積電","568.00","＋","認售","歐式","112年02月03日","112年08月02日","112年07月31日","112年08月02日","0.07","    497.31","","",
="039930","寶齡國票2C購01","0.00","","1760","寶齡富錦","148.50","","認購","美式","112年03月27日","112年03月27日","112年12月22日","112年12月26日","0.079","    220.00","","",
="039931","台新金國票2A購01","1.70","－","2887","台新金","18.40","＋","認購","美式","112年03月27日","112年03月27日","112年10月24日","112年10月26日","1.00","    18.00","","",
="039932","玉晶光國票2A購03","1.20","＋","3406","玉晶光","400.00","＋","認購","美式","112年03月27日","112年03月27日","112年10月24日","112年10月26日","0.025","    400.00","","",
="039933","創意國票2A購10","1.57","＋","3443","創意","1,515.00","＋","認購","美式","112年03月27日","112年03月27日","112年10月24日","112年10月26日","0.004","    1,200.00","","",
="039934","創意國票2A購11","2.00","＋","3443","創意","1,515.00","＋","認購","美式","112年03月27日","112年03月27日","112年10月24日","112年10月26日","0.006","    1,340.00","","",
="039935","台積電國泰2B購04","1.58","－","2330","台積電","568.00","＋","認購","美式","112年03月27日","112年03月27日","112年11月23日","112年11月27日","0.16","    715.00","","",
="039936","威鋒電國泰2B購01","0.00","","6756","威鋒電子","223.00","＋","認購","美式","112年03月27日","112年03月27日","112年11月23日","112年11月27日","0.062","    234.29","","",
="039937","國巨富邦2B購01","0.60","＋","2327","國巨","508.00","＋","認購","美式","112年03月27日","112年03月27日","112年11月23日","112年11月27日","0.04","    700.00","","",
="039938","日月光富邦2B購01","0.54","－","3711","日月光投控","109.00","－","認購","美式","112年03月27日","112年03月27日","112年11月23日","112年11月27日","0.09","    130.00","","",
="039939","晶心科富邦29購02","0.00","","6533","晶心科","511.00","＋","認購","美式","112年03月27日","112年03月27日","112年09月22日","112年09月26日","0.007","    613.00","","",
="03993U","台積電元富2B售02","0.86","－","2330","台積電","568.00","＋","認售","歐式","112年02月03日","112年11月02日","112年10月31日","112年11月02日","0.09","    447.58","","",
="039940","美時元大2A購04","4.21","＋","1795","美時","330.50","＋","認購","美式","112年03月27日","112年03月27日","112年10月24日","112年10月26日","0.066","    315.00","","",
="039941","中華元大29購01","8.10","－","2204","中華","91.60","－","認購","美式","112年03月27日","112年03月27日","112年09月22日","112年09月26日","0.492","    81.40","","",
="039942","長榮鋼元大29購01","0.00","","2211","長榮鋼","60.90","＋","認購","美式","112年03月27日","112年03月27日","112年09月22日","112年09月26日","0.248","    58.64","","",
="039943","長榮鋼元大2B購01","0.00","","2211","長榮鋼","60.90","＋","認購","美式","112年03月27日","112年03月27日","112年11月23日","112年11月27日","0.242","    64.23","","",
="039944","鴻海元大2A購29","0.54","＋","2317","鴻海","105.50","＋","認購","美式","112年03月27日","112年03月27日","112年10月24日","112年10月26日","0.16","    125.00","","",
="039945","智邦元大29購02","2.20","＋","2345","智邦","357.50","＋","認購","美式","112年03月27日","112年03月27日","112年09月22日","112年09月26日","0.166","    460.00","","",
="039946","宏碁元大29購01","0.00","","2353","宏碁","31.05","＋","認購","美式","112年03月27日","112年03月27日","112年09月22日","112年09月26日","0.755","    32.17","","",
="039947","瑞昱元大29購07","1.73","＋","2379","瑞昱","388.00","＋","認購","美式","112年03月27日","112年03月27日","112年09月22日","112年09月26日","0.056","    420.50","","",
="039948","威盛元大2A購14","1.03","","2388","威盛","83.10","＋","認購","美式","112年03月27日","112年03月27日","112年10月24日","112年10月26日","0.15","    116.50","","",
="039949","漢唐元大29購03","0.00","","2404","漢唐","227.50","＋","認購","美式","112年03月27日","112年03月27日","112年09月22日","112年09月26日","0.083","    283.50","","",
="03994P","南電康和26售01","0.00","","8046","南電","302.50","－","認售","歐式","111年10月11日","112年06月12日","112年06月08日","112年06月12日","0.075","    168.80","","",
="03994U","台積電元富32售02","0.76","－","2330","台積電","568.00","＋","認售","歐式","112年02月03日","113年02月02日","113年01月31日","113年02月02日","0.101","    397.85","","",
="039950","漢唐元大2B購01","0.88","＋","2404","漢唐","227.50","＋","認購","美式","112年03月27日","112年03月27日","112年11月23日","112年11月27日","0.121","    325.00","","",
="039951","全新元大29購03","3.39","＋","2455","全新","100.00","","認購","美式","112年03月27日","112年03月27日","112年09月22日","112年09月26日","0.174","    90.00","","",
="039952","全新元大29購04","2.50","＋","2455","全新","100.00","","認購","美式","112年03月27日","112年03月27日","112年09月22日","112年09月26日","0.16","    100.00","","",
="039953","強茂元大29購02","1.00","＋","2481","強茂","70.20","＋","認購","美式","112年03月27日","112年03月27日","112年09月22日","112年09月26日","0.493","    93.30","","",
="039954","宏達電元大2A購12","1.52","","2498","宏達電","61.50","＋","認購","美式","112年03月27日","112年03月27日","112年10月24日","112年10月26日","0.19","    63.50","","",
="039955","長榮元大2A購28","0.00","","2603","長榮","157.00","＋","認購","美式","112年03月27日","112年03月27日","112年10月24日","112年10月26日","0.151","    189.50","","",
="039956","長榮元大2B購12","1.12","＋","2603","長榮","157.00","＋","認購","美式","112年03月27日","112年03月27日","112年11月23日","112年11月27日","0.314","    240.00","","",
="039957","長榮元大2C購07","1.22","＋","2603","長榮","157.00","＋","認購","美式","112年03月27日","112年03月27日","112年12月22日","112年12月26日","0.202","    229.00","","",
="039958","陽明元大2A購13","1.12","","2609","陽明","62.00","＋","認購","美式","112年03月27日","112年03月27日","112年10月24日","112年10月26日","0.354","    74.30","","",
="039959","陽明元大2B購09","0.94","＋","2609","陽明","62.00","＋","認購","美式","112年03月27日","112年03月27日","112年11月23日","112年11月27日","1.00","    95.40","","",
="03995U","創意元富28售06","0.00","","3443","創意","1,515.00","＋","認售","歐式","112年02月03日","112年08月02日","112年07月31日","112年08月02日","0.02","    600.00","","",
="039960","亞光元大29購02","1.22","＋","3019","亞光","65.20","＋","認購","美式","112年03月27日","112年03月27日","112年09月22日","112年09月26日","0.161","    66.00","","",
="039961","創意元大29購26","1.88","＋","3443","創意","1,515.00","＋","認購","美式","112年03月27日","112年03月27日","112年09月22日","112年09月26日","0.006","    1,445.00","","",
="039962","創意元大2A購04","1.70","＋","3443","創意","1,515.00","＋","認購","美式","112年03月27日","112年03月27日","112年10月24日","112年10月26日","0.007","    1,710.00","","",
="039963","創意元大2B購03","1.70","＋","3443","創意","1,515.00","＋","認購","美式","112年03月27日","112年03月27日","112年11月23日","112年11月27日","0.006","    1,670.00","","",
="039964","創意元大2C購05","1.79","＋","3443","創意","1,515.00","＋","認購","美式","112年03月27日","112年03月27日","112年12月22日","112年12月26日","0.006","    1,690.00","","",
="039965","創意元大33購02","2.20","＋","3443","創意","1,515.00","＋","認購","美式","112年03月27日","112年03月27日","113年03月22日","113年03月26日","0.006","    1,725.00","","",
="039966","台勝科元大29購07","0.63","＋","3532","台勝科","157.00","＋","認購","美式","112年03月27日","112年03月27日","112年09月22日","112年09月26日","0.055","    183.50","","",
="039967","健策元大2A購09","8.70","－","3653","健策","616.00","＋","認購","美式","112年03月27日","112年03月27日","112年10月24日","112年10月26日","0.085","    584.00","","",
="039968","承業醫元大29購04","0.00","","4164","承業醫","64.10","","認購","美式","112年03月27日","112年03月27日","112年09月22日","112年09月26日","0.25","    90.00","","",
="039969","拓凱元大2A購02","0.00","","4536","拓凱","196.50","＋","認購","美式","112年03月27日","112年03月27日","112年10月24日","112年10月26日","0.06","    235.00","","",
="03996U","貿聯元富28售01","0.00","","3665","貿聯-KY","270.50","＋","認售","歐式","112年02月03日","112年08月02日","112年07月31日","112年08月02日","0.07","    239.06","","",
="039970","台表科元大29購03","2.02","","6278","台表科","100.50","＋","認購","美式","112年03月27日","112年03月27日","112年09月22日","112年09月26日","0.234","    106.00","","",
="039971","矽力元大29購04","0.42","＋","6415","矽力*-KY","394.50","＋","認購","美式","112年03月27日","112年03月27日","112年09月22日","112年09月26日","0.026","    621.50","","",
="039972","緯穎元大2A購07","1.88","＋","6669","緯穎","1,205.00","＋","認購","美式","112年03月27日","112年03月27日","112年10月24日","112年10月26日","0.01","    1,250.00","","",
="039973","緯穎元大2B購07","1.72","＋","6669","緯穎","1,205.00","＋","認購","美式","112年03月27日","112年03月27日","112年11月23日","112年11月27日","0.016","    1,585.00","","",
="039974","嘉基元大29購01","0.00","","6715","嘉基","145.50","＋","認購","美式","112年03月27日","112年03月27日","112年09月22日","112年09月26日","0.054","    208.50","","",
="039975","南電元大2A購07","0.00","","8046","南電","302.50","－","認購","美式","112年03月27日","112年03月27日","112年10月24日","112年10月26日","0.077","    345.50","","",
="039976","南電元大2B購07","0.00","","8046","南電","302.50","－","認購","美式","112年03月27日","112年03月27日","112年11月23日","112年11月27日","0.106","    403.50","","",
="039977","南電元大2C購03","2.01","","8046","南電","302.50","－","認購","美式","112年03月27日","112年03月27日","112年12月22日","112年12月26日","0.085","    399.00","","",
="039978","美時康和29購01","2.09","－","1795","美時","330.50","＋","認購","美式","112年03月28日","112年03月28日","112年09月25日","112年09月27日","0.035","    300.00","","",
="039979","中興電永豐29購03","2.48","＋","1513","中興電","113.50","＋","認購","美式","112年03月28日","112年03月28日","112年09月25日","112年09月27日","0.25","    120.00","","",
="03997U","台灣50富邦2B售01","0.08","－",="0050","元大台灣50","126.75","＋","認售","歐式","112年02月03日","112年11月02日","112年10月31日","112年11月02日","0.25","    95.00","","",
="039980","欣興永豐2A購01","2.33","＋","3037","欣興","182.50","－","認購","美式","112年03月28日","112年03月28日","112年10月25日","112年10月27日","0.08","    183.44","","",
="039981","元晶永豐2C購01","0.71","","6443","元晶","36.20","＋","認購","美式","112年03月28日","112年03月28日","112年12月25日","112年12月27日","0.181","    43.87","","",
="039982","緯穎永豐2A購01","1.09","＋","6669","緯穎","1,205.00","＋","認購","美式","112年03月28日","112年03月28日","112年10月25日","112年10月27日","0.008","    1,378.13","","",
="039983","台積電兆豐31購02","0.00","","2330","台積電","568.00","＋","認購","美式","112年03月28日","112年03月28日","113年01月25日","113年01月29日","0.033","    628.00","","",
="039984","創意兆豐2B購01","1.71","＋","3443","創意","1,515.00","＋","認購","美式","112年03月28日","112年03月28日","112年11月23日","112年11月27日","0.005","    1,400.00","","",
="039985","力智兆豐2B購02","0.40","＋","6719","力智","303.00","＋","認購","美式","112年03月28日","112年03月28日","112年11月23日","112年11月27日","0.022","    400.00","","",
="039986","華新群益29購07","0.83","","1605","華新","46.60","＋","認購","美式","112年03月28日","112年03月28日","112年09月25日","112年09月27日","0.388","    57.00","","",
="039987","大成鋼群益29購01","1.42","＋","2027","大成鋼","45.25","＋","認購","美式","112年03月28日","112年03月28日","112年09月25日","112年09月27日","0.70","    50.88","","",
="039988","上銀群益2B購01","1.10","＋","2049","上銀","235.50","＋","認購","美式","112年03月28日","112年03月28日","112年11月23日","112年11月27日","0.20","    330.00","","",
="039989","光寶科群益2A購01","3.55","＋","2301","光寶科","86.40","＋","認購","美式","112年03月28日","112年03月28日","112年10月25日","112年10月27日","1.00","    100.00","","",
="03998U","臺股指富邦29售03","0.00","","IX0001","臺股指數","16,636.30","","認售","歐式","112年02月03日","112年09月04日","112年08月31日","112年09月04日","0.001","    14,500.00","","",
="039990","台達電群益29購02","2.22","－","2308","台達電","315.50","－","認購","美式","112年03月28日","112年03月28日","112年09月25日","112年09月27日","0.15","    348.00","","",
="039991","智邦群益29購01","0.00","","2345","智邦","357.50","＋","認購","美式","112年03月28日","112年03月28日","112年09月25日","112年09月27日","0.12","    398.00","","",
="039992","威盛群益29購06","0.57","","2388","威盛","83.10","＋","認購","美式","112年03月28日","112年03月28日","112年09月25日","112年09月27日","0.10","    95.00","","",
="039993","友達群益29購04","0.98","＋","2409","友達","17.65","＋","認購","美式","112年03月28日","112年03月28日","112年09月25日","112年09月27日","1.00","    19.50","","",
="039994","富邦金群益29購01","2.46","＋","2881","富邦金","61.10","＋","認購","美式","112年03月28日","112年03月28日","112年09月25日","112年09月27日","0.70","    62.88","","",
="039995","群創群益2A購05","0.00","","3481","群創","14.10","＋","認購","美式","112年03月28日","112年03月28日","112年10月25日","112年10月27日","0.75","    15.80","","",
="039996","瑞鼎群益29購01","0.00","","3592","瑞鼎","348.00","＋","認購","美式","112年03月28日","112年03月28日","112年09月25日","112年09月27日","0.08","    645.00","","",
="039997","貿聯群益29購04","0.00","","3665","貿聯-KY","270.50","＋","認購","美式","112年03月28日","112年03月28日","112年09月25日","112年09月27日","0.156","    366.56","","",
="039998","采鈺群益29購02","2.54","＋","6789","采鈺","224.00","＋","認購","美式","112年03月28日","112年03月28日","112年09月25日","112年09月27日","0.16","    260.00","","",
="039999","台灣50凱基2C購09","0.00","",="0050","元大台灣50","126.75","＋","認購","美式","112年03月28日","112年03月28日","112年12月25日","112年12月27日","0.20","    121.00","","",
="03999U","聯電統一28售02","0.17","－","2303","聯電","51.20","＋","認售","歐式","112年02月03日","112年08月02日","112年07月31日","112年08月02日","0.25","    45.00","","",
="040000","台灣50凱基2C購10","0.00","",="0050","元大台灣50","126.75","＋","認購","美式","112年03月28日","112年03月28日","112年12月25日","112年12月27日","0.50","    137.00","","",
="040001","T50反1凱基33購01","0.00","",="00632R","元大台灣50反1","4.94","－","認購","美式","112年03月28日","112年03月28日","113年03月25日","113年03月27日","1.00","    5.20","","",
="040002","華新凱基2C購06","0.00","","1605","華新","46.60","＋","認購","美式","112年03月28日","112年03月28日","112年12月25日","112年12月27日","0.25","    68.50","","",
="040003","中華凱基29購02","0.00","","2204","中華","91.60","－","認購","美式","112年03月28日","112年03月28日","112年09月25日","112年09月27日","0.40","    80.00","","",
="040004","長榮鋼凱基29購01","1.86","＋","2211","長榮鋼","60.90","＋","認購","美式","112年03月28日","112年03月28日","112年09月25日","112年09月27日","0.25","    58.00","","",
="040005","台積電凱基2B購08","0.00","","2330","台積電","568.00","＋","認購","美式","112年03月28日","112年03月28日","112年11月23日","112年11月27日","0.035","    570.00","","",
="040006","台積電凱基2C購14","2.54","＋","2330","台積電","568.00","＋","認購","美式","112年03月28日","112年03月28日","112年12月25日","112年12月27日","0.065","    620.00","","",
="040007","智邦凱基29購04","2.86","＋","2345","智邦","357.50","＋","認購","美式","112年03月28日","112年03月28日","112年09月25日","112年09月27日","0.17","    460.00","","",
="040008","威盛凱基2A購06","0.00","","2388","威盛","83.10","＋","認購","美式","112年03月28日","112年03月28日","112年10月25日","112年10月27日","0.12","    103.00","","",
="040009","漢唐凱基2B購01","0.93","","2404","漢唐","227.50","＋","認購","美式","112年03月28日","112年03月28日","112年11月23日","112年11月27日","0.15","    335.00","","",
="04000U","台積電統一28售04","0.14","－","2330","台積電","568.00","＋","認售","歐式","112年02月03日","112年08月02日","112年07月31日","112年08月02日","0.03","    497.31","","",
="040010","聯發科凱基2A購09","0.46","","2454","聯發科","738.00","＋","認購","美式","112年03月28日","112年03月28日","112年10月25日","112年10月27日","0.06","    1,150.00","","",
="040011","強茂凱基29購02","0.86","＋","2481","強茂","70.20","＋","認購","美式","112年03月28日","112年03月28日","112年09月25日","112年09月27日","0.50","    90.00","","",
="040012","長榮凱基2B購06","0.41","","2603","長榮","157.00","＋","認購","美式","112年03月28日","112年03月28日","112年11月23日","112年11月27日","0.13","    227.50","","",
="040013","富邦金凱基29購01","1.68","＋","2881","富邦金","61.10","＋","認購","美式","112年03月28日","112年03月28日","112年09月25日","112年09月27日","0.26","    58.00","","",
="040014","智原凱基2B購02","0.41","＋","3035","智原","173.50","＋","認購","美式","112年03月28日","112年03月28日","112年11月23日","112年11月27日","0.035","    215.00","","",
="040015","欣興凱基2C購02","2.05","－","3037","欣興","182.50","－","認購","美式","112年03月28日","112年03月28日","112年12月25日","112年12月27日","0.065","    180.00","","",
="040016","緯創凱基2A購02","18.90","","3231","緯創","68.00","＋","認購","美式","112年03月28日","112年03月28日","112年10月25日","112年10月27日","1.00","    50.00","","",
="040017","玉晶光凱基2A購04","0.60","＋","3406","玉晶光","400.00","＋","認購","美式","112年03月28日","112年03月28日","112年10月25日","112年10月27日","0.057","    560.00","","",
="040018","創意凱基29購20","1.35","＋","3443","創意","1,515.00","＋","認購","美式","112年03月28日","112年03月28日","112年09月25日","112年09月27日","0.006","    1,525.00","","",
="040019","創意凱基2A購07","1.22","＋","3443","創意","1,515.00","＋","認購","美式","112年03月28日","112年03月28日","112年10月25日","112年10月27日","0.006","    1,700.00","","",
="04001U","台積電統一29售06","0.00","","2330","台積電","568.00","＋","認售","歐式","112年02月03日","112年09月04日","112年08月31日","112年09月04日","0.038","    497.31","","",
="040020","創意凱基33購02","1.98","＋","3443","創意","1,515.00","＋","認購","美式","112年03月28日","112年03月28日","113年03月25日","113年03月27日","0.006","    1,790.00","","",
="040021","台勝科凱基29購05","0.31","","3532","台勝科","157.00","＋","認購","美式","112年03月28日","112年03月28日","112年09月25日","112年09月27日","0.076","    210.00","","",
="040022","瑞鼎凱基2A購01","0.00","","3592","瑞鼎","348.00","＋","認購","美式","112年03月28日","112年03月28日","112年10月25日","112年10月27日","0.05","    580.00","","",
="040023","大聯大凱基29購01","1.87","＋","3702","大聯大","53.00","＋","認購","美式","112年03月28日","112年03月28日","112年09月25日","112年09月27日","0.50","    55.00","","",
="040024","承業醫凱基29購02","0.00","","4164","承業醫","64.10","","認購","美式","112年03月28日","112年03月28日","112年09月25日","112年09月27日","0.25","    90.00","","",
="040025","拓凱凱基2A購02","0.00","","4536","拓凱","196.50","＋","認購","美式","112年03月28日","112年03月28日","112年10月25日","112年10月27日","0.049","    290.00","","",
="040026","元晶凱基2B購01","0.50","＋","6443","元晶","36.20","＋","認購","美式","112年03月28日","112年03月28日","112年11月23日","112年11月27日","0.268","    45.00","","",
="040027","緯穎凱基2B購04","0.87","＋","6669","緯穎","1,205.00","＋","認購","美式","112年03月28日","112年03月28日","112年11月23日","112年11月27日","0.009","    1,500.00","","",
="040028","東哥凱基2A購04","1.35","－","8478","東哥遊艇","520.00","＋","認購","美式","112年03月28日","112年03月28日","112年10月25日","112年10月27日","0.015","    580.00","","",
="040029","東哥凱基2A購05","1.01","＋","8478","東哥遊艇","520.00","＋","認購","美式","112年03月28日","112年03月28日","112年10月25日","112年10月27日","0.02","    700.00","","",
="04002U","台積電統一32售02","0.45","－","2330","台積電","568.00","＋","認售","歐式","112年02月03日","113年02月02日","113年01月31日","113年02月02日","0.01","    521.48","","",
="040030","東哥凱基2B購04","1.52","＋","8478","東哥遊艇","520.00","＋","認購","美式","112年03月28日","112年03月28日","112年11月23日","112年11月27日","0.012","    500.00","","",
="040031","宏全凱基29購02","1.39","＋","9939","宏全","106.50","＋","認購","美式","112年03月28日","112年03月28日","112年09月25日","112年09月27日","0.13","    106.00","","",
="040032","威強電元富29購01","2.33","＋","3022","威強電","91.20","＋","認購","美式","112年03月28日","112年03月28日","112年09月25日","112年09月27日","0.20","    93.69","","",
="040033","威強電元富2C購01","0.00","","3022","威強電","91.20","＋","認購","美式","112年03月28日","112年03月28日","112年12月25日","112年12月27日","0.20","    108.75","","",
="040034","健策元富29購02","0.00","","3653","健策","616.00","＋","認購","美式","112年03月28日","112年03月28日","112年09月25日","112年09月27日","0.03","    450.00","","",
="040035","SGBR2X統一2B購02","0.00","",="00715L","期街口布蘭特正2","12.73","＋","認購","美式","112年03月28日","112年03月28日","112年11月23日","112年11月27日","0.50","    13.10","","",
="040036","SGBR2X統一33購01","0.73","＋",="00715L","期街口布蘭特正2","12.73","＋","認購","美式","112年03月28日","112年03月28日","113年03月25日","113年03月27日","0.20","    14.30","","",
="040037","宏達電統一2A購04","0.52","","2498","宏達電","61.50","＋","認購","美式","112年03月28日","112年03月28日","112年10月25日","112年10月27日","0.08","    72.70","","",
="040038","威強電統一2B購04","0.79","","3022","威強電","91.20","＋","認購","美式","112年03月28日","112年03月28日","112年11月23日","112年11月27日","0.05","    96.10","","",
="040039","威強電統一31購01","0.72","＋","3022","威強電","91.20","＋","認購","美式","112年03月28日","112年03月28日","113年01月25日","113年01月29日","0.04","    100.30","","",
="04003P","亞光群益26售01","0.00","","3019","亞光","65.20","＋","認售","歐式","111年10月11日","112年06月12日","112年06月08日","112年06月12日","0.30","    45.00","","",
="04003U","東哥統一28售01","0.22","","8478","東哥遊艇","520.00","＋","認售","歐式","112年02月03日","112年08月02日","112年07月31日","112年08月02日","0.013","    333.33","","",
="040040","創意統一2B購11","1.13","＋","3443","創意","1,515.00","＋","認購","美式","112年03月28日","112年03月28日","112年11月23日","112年11月27日","0.003","    1,348.30","","",
="040041","創意統一34購01","1.02","＋","3443","創意","1,515.00","＋","認購","美式","112年03月28日","112年03月28日","113年04月25日","113年04月29日","0.002","    1,688.88","","",
="040042","台勝科統一2B購02","0.00","","3532","台勝科","157.00","＋","認購","美式","112年03月28日","112年03月28日","112年11月23日","112年11月27日","0.03","    200.00","","",
="040043","敦泰統一2B購05","0.99","＋","3545","敦泰","83.70","＋","認購","美式","112年03月28日","112年03月28日","112年11月23日","112年11月27日","0.06","    82.40","","",
="040044","瑞鼎統一2C購02","0.00","","3592","瑞鼎","348.00","＋","認購","美式","112年03月28日","112年03月28日","112年12月25日","112年12月27日","0.009","    499.10","","",
="040045","瑞鼎統一31購02","0.00","","3592","瑞鼎","348.00","＋","認購","美式","112年03月28日","112年03月28日","113年01月25日","113年01月29日","0.008","    507.60","","",
="040046","健策統一31購02","1.27","＋","3653","健策","616.00","＋","認購","美式","112年03月28日","112年03月28日","113年01月25日","113年01月29日","0.008","    563.40","","",
="040047","健策統一31購03","1.35","＋","3653","健策","616.00","＋","認購","美式","112年03月28日","112年03月28日","113年01月25日","113年01月29日","0.006","    499.99","","",
="040048","新唐統一2A購01","0.00","","4919","新唐","130.50","＋","認購","美式","112年03月28日","112年03月28日","112年10月25日","112年10月27日","0.033","    184.20","","",
="040049","威鋒電統一31購03","0.00","","6756","威鋒電子","223.00","＋","認購","美式","112年03月28日","112年03月28日","113年01月25日","113年01月29日","0.015","    282.60","","",
="04004U","台積電台新32售01","3.19","－","2330","台積電","568.00","＋","認售","歐式","112年02月03日","113年02月02日","113年01月31日","113年02月02日","0.261","    397.85","","",
="040050","富邦媒統一2B購02","0.00","","8454","富邦媒","703.00","＋","認購","美式","112年03月28日","112年03月28日","112年11月23日","112年11月27日","0.006","    1,000.00","","",
="040051","元債2X元大2A購02","0.00","",="00680L","元大美債20正2","10.96","＋","認購","美式","112年03月28日","112年03月28日","112年10月25日","112年10月27日","0.80","    14.50","","",
="040052","SGBR2X元大29購03","0.00","",="00715L","期街口布蘭特正2","12.73","＋","認購","美式","112年03月28日","112年03月28日","112年09月25日","112年09月27日","0.30","    13.50","","",
="040053","SGBR2X元大2A購03","0.73","＋",="00715L","期街口布蘭特正2","12.73","＋","認購","美式","112年03月28日","112年03月28日","112年10月25日","112年10月27日","0.30","    14.50","","",
="040054","SGBR2X元大2A購04","0.84","＋",="00715L","期街口布蘭特正2","12.73","＋","認購","美式","112年03月28日","112年03月28日","112年10月25日","112年10月27日","0.25","    12.50","","",
="040055","華新元大2A購26","1.17","＋","1605","華新","46.60","＋","認購","美式","112年03月28日","112年03月28日","112年10月25日","112年10月27日","0.274","    54.20","","",
="040056","美時元大2A購05","4.09","","1795","美時","330.50","＋","認購","美式","112年03月28日","112年03月28日","112年10月25日","112年10月27日","0.049","    275.00","","",
="040057","台積電元大2A購30","3.66","＋","2330","台積電","568.00","＋","認購","美式","112年03月28日","112年03月28日","112年10月25日","112年10月27日","0.397","    764.00","","",
="040058","台積電元大2B購14","3.31","＋","2330","台積電","568.00","＋","認購","美式","112年03月28日","112年03月28日","112年11月23日","112年11月27日","0.323","    793.00","","",
="040059","英業達元大29購04","3.53","＋","2356","英業達","37.50","＋","認購","美式","112年03月28日","112年03月28日","112年09月25日","112年09月27日","0.756","    34.95","","",
="04005U","台積電永豐28售02","0.33","","2330","台積電","568.00","＋","認售","歐式","112年02月06日","112年08月07日","112年08月03日","112年08月07日","0.051","    484.28","","",
="040060","台光電元大29購01","0.00","","2383","台光電","204.50","＋","認購","美式","112年03月28日","112年03月28日","112年09月25日","112年09月27日","0.144","    265.00","","",
="040061","威盛元大2A購15","1.38","＋","2388","威盛","83.10","＋","認購","美式","112年03月28日","112年03月28日","112年10月25日","112年10月27日","0.159","    108.00","","",
="040062","建準元大29購02","0.00","","2421","建準","89.00","＋","認購","美式","112年03月28日","112年03月28日","112年09月25日","112年09月27日","0.217","    57.00","","",
="040063","強茂元大29購03","1.27","＋","2481","強茂","70.20","＋","認購","美式","112年03月28日","112年03月28日","112年09月25日","112年09月27日","0.318","    82.80","","",
="040064","強茂元大2B購01","1.40","＋","2481","強茂","70.20","＋","認購","美式","112年03月28日","112年03月28日","112年11月23日","112年11月27日","0.221","    80.40","","",
="040065","宏達電元大2A購13","1.49","＋","2498","宏達電","61.50","＋","認購","美式","112年03月28日","112年03月28日","112年10月25日","112年10月27日","0.231","    69.20","","",
="040066","長榮元大2A購29","0.00","","2603","長榮","157.00","＋","認購","美式","112年03月28日","112年03月28日","112年10月25日","112年10月27日","0.149","    188.00","","",
="040067","長榮元大2B購13","0.00","","2603","長榮","157.00","＋","認購","美式","112年03月28日","112年03月28日","112年11月23日","112年11月27日","0.134","    192.00","","",
="040068","長榮元大2C購08","1.28","＋","2603","長榮","157.00","＋","認購","美式","112年03月28日","112年03月28日","112年12月25日","112年12月27日","0.133","    203.00","","",
="040069","陽明元大2A購14","1.25","＋","2609","陽明","62.00","＋","認購","美式","112年03月28日","112年03月28日","112年10月25日","112年10月27日","0.342","    72.30","","",
="04006P","台灣50永豐26售03","0.00","",="0050","元大台灣50","126.75","＋","認售","歐式","111年12月07日","112年06月06日","112年06月02日","112年06月06日","0.256","    108.13","","",
="04006U","華新凱基28售05","0.00","","1605","華新","46.60","＋","認售","歐式","112年02月06日","112年08月07日","112年08月03日","112年08月07日","0.35","    46.00","","",
="040070","漢翔元大29購07","0.00","","2634","漢翔","55.80","＋","認購","美式","112年03月28日","112年03月28日","112年09月25日","112年09月27日","0.62","    42.35","","",
="040071","漢翔元大2A購10","0.00","","2634","漢翔","55.80","＋","認購","美式","112年03月28日","112年03月28日","112年10月25日","112年10月27日","0.443","    45.20","","",
="040072","漢翔元大2B購06","8.00","＋","2634","漢翔","55.80","＋","認購","美式","112年03月28日","112年03月28日","112年11月23日","112年11月27日","0.754","    53.80","","",
="040073","慧洋元大2A購03","0.85","＋","2637","慧洋-KY","60.30","＋","認購","美式","112年03月28日","112年03月28日","112年10月25日","112年10月27日","0.308","    68.08","","",
="040074","欣興元大2A購13","3.63","－","3037","欣興","182.50","－","認購","美式","112年03月28日","112年03月28日","112年10月25日","112年10月27日","0.108","    166.50","","",
="040075","欣興元大2B購10","0.00","","3037","欣興","182.50","－","認購","美式","112年03月28日","112年03月28日","112年11月23日","112年11月27日","0.157","    199.50","","",
="040076","創意元大29購33","3.50","＋","3443","創意","1,515.00","＋","認購","美式","112年03月28日","112年03月28日","112年09月25日","112年09月27日","0.008","    1,220.00","","",
="040077","創意元大2A購05","3.16","＋","3443","創意","1,515.00","＋","認購","美式","112年03月28日","112年03月28日","112年10月25日","112年10月27日","0.009","    1,370.00","","",
="040078","創意元大2B購05","3.37","＋","3443","創意","1,515.00","＋","認購","美式","112年03月28日","112年03月28日","112年11月23日","112年11月27日","0.01","    1,525.00","","",
="040079","創意元大2C購06","3.16","＋","3443","創意","1,515.00","＋","認購","美式","112年03月28日","112年03月28日","112年12月25日","112年12月27日","0.01","    1,640.00","","",
="04007U","台積電凱基29售08","0.76","－","2330","台積電","568.00","＋","認售","歐式","112年02月06日","112年09月05日","112年09月01日","112年09月05日","0.06","    507.26","","",
="040080","創意元大33購03","2.84","＋","3443","創意","1,515.00","＋","認購","美式","112年03月28日","112年03月28日","113年03月25日","113年03月27日","0.008","    1,755.00","","",
="040081","揚明光元大29購02","0.81","＋","3504","揚明光","81.70","＋","認購","美式","112年03月28日","112年03月28日","112年09月25日","112年09月27日","0.10","    90.00","","",
="040082","台勝科元大29購08","0.00","","3532","台勝科","157.00","＋","認購","美式","112年03月28日","112年03月28日","112年09月25日","112年09月27日","0.131","    255.00","","",
="040083","瑞鼎元大29購06","0.45","","3592","瑞鼎","348.00","＋","認購","美式","112年03月28日","112年03月28日","112年09月25日","112年09月27日","0.05","    521.00","","",
="040084","健策元大2A購10","6.90","＋","3653","健策","616.00","＋","認購","美式","112年03月28日","112年03月28日","112年10月25日","112年10月27日","0.044","    495.00","","",
="040085","健策元大2B購04","6.90","＋","3653","健策","616.00","＋","認購","美式","112年03月28日","112年03月28日","112年11月23日","112年11月27日","0.079","    649.00","","",
="040086","承業醫元大29購05","0.00","","4164","承業醫","64.10","","認購","美式","112年03月28日","112年03月28日","112年09月25日","112年09月27日","0.214","    80.90","","",
="040087","亞翔元大29購02","3.91","","6139","亞翔","63.80","－","認購","美式","112年03月28日","112年03月28日","112年09月25日","112年09月27日","0.237","    48.95","","",
="040088","緯穎元大29購07","1.80","＋","6669","緯穎","1,205.00","＋","認購","美式","112年03月28日","112年03月28日","112年09月25日","112年09月27日","0.008","    1,120.00","","",
="040089","緯穎元大2A購08","1.51","＋","6669","緯穎","1,205.00","＋","認購","美式","112年03月28日","112年03月28日","112年10月25日","112年10月27日","0.016","    1,560.00","","",
="04008U","台積電凱基29售09","0.45","－","2330","台積電","568.00","＋","認售","歐式","112年02月06日","112年09月05日","112年09月01日","112年09月05日","0.06","    487.36","","",
="040090","緯穎元大2B購08","1.60","＋","6669","緯穎","1,205.00","＋","認購","美式","112年03月28日","112年03月28日","112年11月23日","112年11月27日","0.014","    1,535.00","","",
="040091","力智元大2A購06","1.06","＋","6719","力智","303.00","＋","認購","美式","112年03月28日","112年03月28日","112年10月25日","112年10月27日","0.036","    370.50","","",
="040092","南電元大2A購08","2.27","－","8046","南電","302.50","－","認購","美式","112年03月28日","112年03月28日","112年10月25日","112年10月27日","0.052","    300.00","","",
="040093","南電元大2B購08","0.00","","8046","南電","302.50","－","認購","美式","112年03月28日","112年03月28日","112年11月23日","112年11月27日","0.074","    357.50","","",
="040094","南電元大2C購04","2.04","－","8046","南電","302.50","－","認購","美式","112年03月28日","112年03月28日","112年12月25日","112年12月27日","0.078","    384.00","","",
="040095","東哥元大2A購12","1.34","＋","8478","東哥遊艇","520.00","＋","認購","美式","112年03月28日","112年03月28日","112年10月25日","112年10月27日","0.022","    700.00","","",
="040096","鈺齊元大29購07","0.00","","9802","鈺齊-KY","124.00","－","認購","美式","112年03月28日","112年03月28日","112年09月25日","112年09月27日","0.071","    161.50","","",
="040097","金像電麥證2A購01","0.00","","2368","金像電","121.50","","認購","歐式","112年03月28日","112年10月27日","112年10月25日","112年10月27日","0.08","    96.59","","",
="040098","創意麥證29購02","1.78","＋","3443","創意","1,515.00","＋","認購","歐式","112年03月28日","112年09月27日","112年09月25日","112年09月27日","0.007","    1,750.00","","",
="040099","創意麥證2A購03","1.93","","3443","創意","1,515.00","＋","認購","歐式","112年03月28日","112年10月27日","112年10月25日","112年10月27日","0.005","    1,350.00","","",
="04009U","晶睿凱基28售02","0.72","－","3454","晶睿","182.50","＋","認售","歐式","112年02月06日","112年08月07日","112年08月03日","112年08月07日","0.03","    180.00","","",
="040100","創意麥證31購02","1.56","＋","3443","創意","1,515.00","＋","認購","歐式","112年03月28日","113年01月29日","113年01月25日","113年01月29日","0.005","    1,700.00","","",
="040101","嘉澤麥證29購02","0.62","－","3533","嘉澤","909.00","－","認購","歐式","112年03月28日","112年09月27日","112年09月25日","112年09月27日","0.038","    1,330.00","","",
="040102","台達電國票2A購02","1.60","－","2308","台達電","315.50","－","認購","美式","112年03月28日","112年03月28日","112年10月25日","112年10月27日","0.075","    330.00","","",
="040103","台積電國票2C購01","0.00","","2330","台積電","568.00","＋","認購","美式","112年03月28日","112年03月28日","112年12月25日","112年12月27日","0.20","    800.00","","",
="040104","台積電第一27購01","0.07","＋","2330","台積電","568.00","＋","認購","美式","110年07月26日","110年07月26日","112年07月21日","112年07月25日","0.005","    733.34","","",
="040105","全新國票29購01","1.89","＋","2455","全新","100.00","","認購","美式","112年03月28日","112年03月28日","112年09月25日","112年09月27日","0.15","    100.00","","",
="040106","鉅祥國票2A購01","0.00","","2476","鉅祥","50.40","＋","認購","美式","112年03月28日","112年03月28日","112年10月25日","112年10月27日","0.35","    68.00","","",
="040107","宏達電國票2C購01","0.00","","2498","宏達電","61.50","＋","認購","美式","112年03月28日","112年03月28日","112年12月25日","112年12月27日","0.40","    85.00","","",
="040108","長榮航國票2A購01","4.61","＋","2618","長榮航","33.60","＋","認購","美式","112年03月28日","112年03月28日","112年10月25日","112年10月27日","1.00","    31.00","","",
="040109","威強電國票2A購01","1.79","＋","3022","威強電","91.20","＋","認購","美式","112年03月28日","112年03月28日","112年10月25日","112年10月27日","0.12","    85.00","","",
="04010P","T50正2永豐28售01","0.00","",="00631L","元大台灣50正2","129.10","＋","認售","歐式","111年12月07日","112年08月07日","112年08月03日","112年08月07日","0.18","    82.00","","",
="04010U","華新統一28售01","0.00","","1605","華新","46.60","＋","認售","歐式","112年02月06日","112年08月07日","112年08月03日","112年08月07日","0.12","    51.68","","",
="040110","東哥國票29購06","1.35","＋","8478","東哥遊艇","520.00","＋","認購","美式","112年03月28日","112年03月28日","112年09月25日","112年09月27日","0.025","    650.00","","",
="040111","東哥國票2A購05","1.47","＋","8478","東哥遊艇","520.00","＋","認購","美式","112年03月28日","112年03月28日","112年10月25日","112年10月27日","0.02","    600.00","","",
="040112","東哥國票2B購03","1.59","＋","8478","東哥遊艇","520.00","＋","認購","美式","112年03月28日","112年03月28日","112年11月23日","112年11月27日","0.025","    700.00","","",
="040113","聯電國泰2B購04","0.75","＋","2303","聯電","51.20","＋","認購","美式","112年03月28日","112年03月28日","112年11月23日","112年11月27日","0.30","    59.00","","",
="040114","長榮國泰2B購04","0.77","＋","2603","長榮","157.00","＋","認購","美式","112年03月28日","112年03月28日","112年11月23日","112年11月27日","0.07","    181.65","","",
="040115","新唐國泰2B購01","0.00","","4919","新唐","130.50","＋","認購","美式","112年03月28日","112年03月28日","112年11月23日","112年11月27日","0.06","    195.00","","",
="040116","緯穎國泰2B購02","1.02","－","6669","緯穎","1,205.00","＋","認購","美式","112年03月28日","112年03月28日","112年11月23日","112年11月27日","0.01","    1,455.30","","",
="040117","元債2X富邦31購01","0.48","＋",="00680L","元大美債20正2","10.96","＋","認購","美式","112年03月28日","112年03月28日","113年01月25日","113年01月29日","0.60","    13.50","","",
="040118","台積電富邦2C購10","0.54","－","2330","台積電","568.00","＋","認購","美式","112年03月28日","112年03月28日","112年12月25日","112年12月27日","0.05","    720.00","","",
="040119","漢唐富邦29購01","0.00","","2404","漢唐","227.50","＋","認購","美式","112年03月28日","112年03月28日","112年09月25日","112年09月27日","0.03","    275.50","","",
="04011P","長榮凱基26售02","0.00","","2603","長榮","157.00","＋","認售","歐式","111年10月11日","112年06月12日","112年06月08日","112年06月12日","0.10","    135.00","","",
="04011U","FBNQ2X元大28售04","0.08","－",="00670L","富邦NASDAQ正2","78.90","＋","認售","歐式","112年02月06日","112年08月07日","112年08月03日","112年08月07日","0.15","    50.00","","",
="040120","富采富邦2A購01","0.54","＋","3714","富采","49.90","＋","認購","美式","112年03月28日","112年03月28日","112年10月25日","112年10月27日","0.50","    70.00","","",
="040121","穎崴富邦2A購01","2.04","－","6515","穎崴","830.00","－","認購","美式","112年03月28日","112年03月28日","112年10月25日","112年10月27日","0.015","    800.00","","",
="040122","臺股指富邦29購08","0.00","","IX0001","臺股指數","16,636.30","","認購","歐式","112年03月28日","112年09月27日","112年09月25日","112年09月27日","0.006","    18,250.00","","",
="040123","美時中信29購01","1.48","＋","1795","美時","330.50","＋","認購","歐式","112年03月29日","112年09月28日","112年09月26日","112年09月28日","0.022","    296.00","","",
="040124","漢唐中信29購02","0.35","－","2404","漢唐","227.50","＋","認購","歐式","112年03月29日","112年09月28日","112年09月26日","112年09月28日","0.15","    320.00","","",
="040125","正崴永豐2A購01","0.46","＋","2392","正崴","40.30","＋","認購","美式","112年03月29日","112年03月29日","112年10月26日","112年10月30日","0.74","    53.60","","",
="040126","南亞科永豐2B購01","0.00","","2408","南亞科","71.20","－","認購","美式","112年03月29日","112年03月29日","112年11月24日","112年11月28日","0.23","    86.73","","",
="040127","景碩永豐2B購01","0.00","","3189","景碩","116.00","＋","認購","美式","112年03月29日","112年03月29日","112年11月24日","112年11月28日","0.066","    165.66","","",
="040128","富采永豐2B購01","0.54","＋","3714","富采","49.90","＋","認購","美式","112年03月29日","112年03月29日","112年11月24日","112年11月28日","0.25","    64.38","","",
="040129","穎崴永豐2A購02","0.87","－","6515","穎崴","830.00","－","認購","美式","112年03月29日","112年03月29日","112年10月26日","112年10月30日","0.009","    1,000.00","","",
="04012U","FBNQ2X元大2A售01","0.28","－",="00670L","富邦NASDAQ正2","78.90","＋","認售","歐式","112年02月06日","112年10月05日","112年10月03日","112年10月05日","0.10","    55.00","","",
="040130","大立光第一2B購01","0.75","","3008","大立光","2,305.00","＋","認購","美式","112年03月29日","112年03月29日","112年11月24日","112年11月28日","0.003","    2,475.30","","",
="040131","東陽凱基29購01","1.45","","1319","東陽","49.90","＋","認購","美式","112年03月29日","112年03月29日","112年09月26日","112年09月28日","0.40","    54.00","","",
="040132","華城凱基29購04","0.00","","1519","華城","141.00","＋","認購","美式","112年03月29日","112年03月29日","112年09月26日","112年09月28日","0.182","    90.00","","",
="040133","華新凱基29購12","0.00","","1605","華新","46.60","＋","認購","美式","112年03月29日","112年03月29日","112年09月26日","112年09月28日","0.55","    79.00","","",
="040134","興農凱基29購01","0.00","","1712","興農","35.25","＋","認購","美式","112年03月29日","112年03月29日","112年09月26日","112年09月28日","0.55","    42.00","","",
="040135","鴻海凱基2A購15","0.97","＋","2317","鴻海","105.50","＋","認購","美式","112年03月29日","112年03月29日","112年10月26日","112年10月30日","0.15","    110.00","","",
="040136","國巨凱基2A購05","0.00","","2327","國巨","508.00","＋","認購","美式","112年03月29日","112年03月29日","112年10月26日","112年10月30日","0.03","    590.00","","",
="040137","台積電凱基29購24","1.64","＋","2330","台積電","568.00","＋","認購","美式","112年03月29日","112年03月29日","112年09月26日","112年09月28日","0.15","    670.00","","",
="040138","台積電凱基2A購21","1.02","＋","2330","台積電","568.00","＋","認購","美式","112年03月29日","112年03月29日","112年10月26日","112年10月30日","0.11","    700.00","","",
="040139","光罩凱基29購06","0.00","","2338","光罩","81.80","＋","認購","美式","112年03月29日","112年03月29日","112年09月26日","112年09月28日","0.20","    130.00","","",
="04013U","華新元大28售05","0.00","","1605","華新","46.60","＋","認售","歐式","112年02月06日","112年08月07日","112年08月03日","112年08月07日","0.187","    53.70","","",
="040140","漢唐凱基29購03","1.92","＋","2404","漢唐","227.50","＋","認購","美式","112年03月29日","112年03月29日","112年09月26日","112年09月28日","0.065","    220.00","","",
="040141","漢翔凱基29購02","5.00","","2634","漢翔","55.80","＋","認購","美式","112年03月29日","112年03月29日","112年09月26日","112年09月28日","0.35","    43.00","","",
="040142","八方凱基29購03","0.00","","2753","八方雲集","167.00","","認購","美式","112年03月29日","112年03月29日","112年09月26日","112年09月28日","0.08","    250.00","","",
="040143","智原凱基2B購03","0.00","","3035","智原","173.50","＋","認購","美式","112年03月29日","112年03月29日","112年11月24日","112年11月28日","0.07","    320.00","","",
="040144","敦泰凱基29購04","0.75","","3545","敦泰","83.70","＋","認購","美式","112年03月29日","112年03月29日","112年09月26日","112年09月28日","0.251","    115.00","","",
="040145","健策凱基29購04","5.90","＋","3653","健策","616.00","＋","認購","美式","112年03月29日","112年03月29日","112年09月26日","112年09月28日","0.06","    570.00","","",
="040146","健策凱基2A購03","6.65","＋","3653","健策","616.00","＋","認購","美式","112年03月29日","112年03月29日","112年10月26日","112年10月30日","0.085","    650.00","","",
="040147","富采凱基2A購01","0.00","","3714","富采","49.90","＋","認購","美式","112年03月29日","112年03月29日","112年10月26日","112年10月30日","0.60","    80.00","","",
="040148","新唐凱基2A購03","0.00","","4919","新唐","130.50","＋","認購","美式","112年03月29日","112年03月29日","112年10月26日","112年10月30日","0.12","    210.00","","",
="040149","新唐凱基2B購01","0.28","","4919","新唐","130.50","＋","認購","美式","112年03月29日","112年03月29日","112年11月24日","112年11月28日","0.14","    230.00","","",
="04014P","敦泰國泰26售01","0.00","","3545","敦泰","83.70","＋","認售","歐式","111年10月11日","112年06月12日","112年06月08日","112年06月12日","0.16","    56.00","","",
="04014U","裕隆元大28售06","0.92","－","2201","裕隆","82.80","＋","認售","歐式","112年02月06日","112年08月07日","112年08月03日","112年08月07日","0.158","    75.20","","",
="040150","晶心科凱基2C購01","0.00","","6533","晶心科","511.00","＋","認購","美式","112年03月29日","112年03月29日","112年12月26日","112年12月28日","0.025","    700.00","","",
="040151","南電凱基2C購02","0.00","","8046","南電","302.50","－","認購","美式","112年03月29日","112年03月29日","112年12月26日","112年12月28日","0.075","    390.00","","",
="040152","智邦兆豐2B購01","1.36","＋","2345","智邦","357.50","＋","認購","美式","112年03月29日","112年03月29日","112年11月24日","112年11月28日","0.035","    380.00","","",
="040153","健策兆豐2C購01","2.17","－","3653","健策","616.00","＋","認購","美式","112年03月29日","112年03月29日","112年12月26日","112年12月28日","0.018","    550.00","","",
="040154","樺漢兆豐2B購01","1.59","＋","6414","樺漢","281.00","＋","認購","美式","112年03月29日","112年03月29日","112年11月24日","112年11月28日","0.055","    300.00","","",
="040155","緯穎兆豐31購02","0.86","＋","6669","緯穎","1,205.00","＋","認購","美式","112年03月29日","112年03月29日","113年01月25日","113年01月29日","0.005","    1,288.00","","",
="040156","力積電兆豐2B購01","0.00","","6770","力積電","30.85","＋","認購","美式","112年03月29日","112年03月29日","112年11月24日","112年11月28日","0.40","    40.00","","",
="040157","台亞統一32購01","0.00","","2340","台亞","36.30","＋","認購","美式","112年03月29日","112年03月29日","113年02月26日","113年02月29日","0.105","    56.66","","",
="040158","順德統一2C購02","0.45","","2351","順德","123.00","＋","認購","美式","112年03月29日","112年03月29日","112年12月26日","112年12月28日","0.022","    149.50","","",
="040159","順德統一31購01","0.45","","2351","順德","123.00","＋","認購","美式","112年03月29日","112年03月29日","113年01月25日","113年01月29日","0.022","    162.50","","",
="04015U","台積電元大28售27","0.00","","2330","台積電","568.00","＋","認售","歐式","112年02月06日","112年08月07日","112年08月03日","112年08月07日","0.051","    490.35","","",
="040160","金像電統一31購01","1.11","","2368","金像電","121.50","","認購","美式","112年03月29日","112年03月29日","113年01月25日","113年01月29日","0.041","    113.39","","",
="040161","宏達電統一2A購05","0.00","","2498","宏達電","61.50","＋","認購","美式","112年03月29日","112年03月29日","112年10月26日","112年10月30日","0.08","    70.00","","",
="040162","威強電統一29購01","0.93","","3022","威強電","91.20","＋","認購","美式","112年03月29日","112年03月29日","112年09月26日","112年09月28日","0.065","    90.00","","",
="040163","欣興統一2A購05","1.56","－","3037","欣興","182.50","－","認購","美式","112年03月29日","112年03月29日","112年10月26日","112年10月30日","0.04","    166.10","","",
="040164","欣興統一31購01","1.21","－","3037","欣興","182.50","－","認購","美式","112年03月29日","112年03月29日","113年01月25日","113年01月29日","0.028","    170.40","","",
="040165","景碩統一31購01","0.54","＋","3189","景碩","116.00","＋","認購","美式","112年03月29日","112年03月29日","113年01月25日","113年01月29日","0.032","    137.10","","",
="040166","創意統一31購06","1.17","＋","3443","創意","1,515.00","＋","認購","美式","112年03月29日","112年03月29日","113年01月25日","113年01月29日","0.003","    1,535.00","","",
="040167","群創統一33購01","0.58","","3481","群創","14.10","＋","認購","美式","112年03月29日","112年03月29日","113年03月26日","113年03月28日","0.35","    16.66","","",
="040168","嘉澤統一2A購01","0.77","－","3533","嘉澤","909.00","－","認購","美式","112年03月29日","112年03月29日","112年10月26日","112年10月30日","0.008","    1,000.00","","",
="040169","嘉澤統一31購01","0.50","－","3533","嘉澤","909.00","－","認購","美式","112年03月29日","112年03月29日","113年01月25日","113年01月29日","0.004","    1,100.40","","",
="04016U","台積電元大28售28","0.00","","2330","台積電","568.00","＋","認售","歐式","112年02月06日","112年08月07日","112年08月03日","112年08月07日","0.049","    475.43","","",
="040170","新唐統一2C購02","0.00","","4919","新唐","130.50","＋","認購","美式","112年03月29日","112年03月29日","112年12月26日","112年12月28日","0.022","    178.50","","",
="040171","新唐統一31購03","0.00","","4919","新唐","130.50","＋","認購","美式","112年03月29日","112年03月29日","113年01月25日","113年01月29日","0.022","    178.50","","",
="040172","祥碩統一31購01","0.85","＋","5269","祥碩","1,300.00","＋","認購","美式","112年03月29日","112年03月29日","113年01月25日","113年01月29日","0.003","    1,407.00","","",
="040173","穎崴統一33購01","0.90","－","6515","穎崴","830.00","－","認購","美式","112年03月29日","112年03月29日","113年03月26日","113年03月28日","0.005","    999.00","","",
="040174","滬深2X元富2C購02","1.54","－",="00637L","元大滬深300正2","13.77","－","認購","美式","112年03月29日","112年03月29日","112年12月26日","112年12月28日","1.00","    15.00","","",
="040175","南亞科元富2C購01","0.00","","2408","南亞科","71.20","－","認購","美式","112年03月29日","112年03月29日","112年12月26日","112年12月28日","0.73","    93.00","","",
="040176","緯創元富29購01","0.00","","3231","緯創","68.00","＋","認購","美式","112年03月29日","112年03月29日","112年09月26日","112年09月28日","1.00","    50.00","","",
="040177","緯創元富29購02","0.00","","3231","緯創","68.00","＋","認購","美式","112年03月29日","112年03月29日","112年09月26日","112年09月28日","1.00","    45.00","","",
="040178","穎崴元富2C購03","2.48","－","6515","穎崴","830.00","－","認購","美式","112年03月29日","112年03月29日","112年12月26日","112年12月28日","0.02","    900.00","","",
="040179","為升元大29購07","0.57","","2231","為升","172.50","＋","認購","美式","112年03月29日","112年03月29日","112年09月26日","112年09月28日","0.112","    243.00","","",
="04017U","台積電元大28售29","0.00","","2330","台積電","568.00","＋","認售","歐式","112年02月06日","112年08月07日","112年08月03日","112年08月07日","0.035","    499.30","","",
="040180","台積電元大2A購31","0.00","","2330","台積電","568.00","＋","認購","美式","112年03月29日","112年03月29日","112年10月26日","112年10月30日","0.35","    752.00","","",
="040181","台積電元大2B購15","2.54","－","2330","台積電","568.00","＋","認購","美式","112年03月29日","112年03月29日","112年11月24日","112年11月28日","0.359","    806.00","","",
="040182","威盛元大29購07","0.00","","2388","威盛","83.10","＋","認購","美式","112年03月29日","112年03月29日","112年09月26日","112年09月28日","0.09","    110.00","","",
="040183","聯發科元大2A購12","0.00","","2454","聯發科","738.00","＋","認購","美式","112年03月29日","112年03月29日","112年10月26日","112年10月30日","0.099","    1,150.00","","",
="040184","聯發科元大2B購07","0.00","","2454","聯發科","738.00","＋","認購","美式","112年03月29日","112年03月29日","112年11月24日","112年11月28日","0.073","    1,170.00","","",
="040185","宏達電元大2A購14","1.49","＋","2498","宏達電","61.50","＋","認購","美式","112年03月29日","112年03月29日","112年10月26日","112年10月30日","0.232","    67.70","","",
="040186","長榮元大2A購30","1.44","＋","2603","長榮","157.00","＋","認購","美式","112年03月29日","112年03月29日","112年10月26日","112年10月30日","0.156","    191.00","","",
="040187","長榮元大2B購14","1.27","＋","2603","長榮","157.00","＋","認購","美式","112年03月29日","112年03月29日","112年11月24日","112年11月28日","0.221","    221.00","","",
="040188","陽明元大2A購15","1.25","","2609","陽明","62.00","＋","認購","美式","112年03月29日","112年03月29日","112年10月26日","112年10月30日","0.406","    74.90","","",
="040189","大立光元大2A購06","1.04","","3008","大立光","2,305.00","＋","認購","美式","112年03月29日","112年03月29日","112年10月26日","112年10月30日","0.007","    2,755.00","","",
="04018P","聯電永豐27售01","0.00","","2303","聯電","51.20","＋","認售","歐式","111年12月07日","112年07月06日","112年07月04日","112年07月06日","0.46","    35.96","","",
="04018U","光罩元大28售03","0.00","","2338","光罩","81.80","＋","認售","歐式","112年02月06日","112年08月07日","112年08月03日","112年08月07日","0.033","    90.00","","",
="040190","大立光元大2B購04","1.21","＋","3008","大立光","2,305.00","＋","認購","美式","112年03月29日","112年03月29日","112年11月24日","112年11月28日","0.005","    2,535.00","","",
="040191","緯創元大29購04","0.00","","3231","緯創","68.00","＋","認購","美式","112年03月29日","112年03月29日","112年09月26日","112年09月28日","1.00","    50.60","","",
="040192","創意元大2A購06","2.80","＋","3443","創意","1,515.00","＋","認購","美式","112年03月29日","112年03月29日","112年10月26日","112年10月30日","0.012","    1,740.00","","",
="040193","瑞鼎元大29購07","0.00","","3592","瑞鼎","348.00","＋","認購","美式","112年03月29日","112年03月29日","112年09月26日","112年09月28日","0.086","    609.00","","",
="040194","健策元大2A購11","0.00","","3653","健策","616.00","＋","認購","美式","112年03月29日","112年03月29日","112年10月26日","112年10月30日","0.036","    482.00","","",
="040195","健策元大2B購05","5.70","－","3653","健策","616.00","＋","認購","美式","112年03月29日","112年03月29日","112年11月24日","112年11月28日","0.059","    622.00","","",
="040196","臻鼎元大2B購01","0.88","＋","4958","臻鼎-KY","114.50","＋","認購","美式","112年03月29日","112年03月29日","112年11月24日","112年11月28日","0.18","    145.00","","",
="040197","臻鼎元大2C購01","0.00","","4958","臻鼎-KY","114.50","＋","認購","美式","112年03月29日","112年03月29日","112年12月26日","112年12月28日","0.09","    133.50","","",
="040198","穎崴元大2B購01","1.82","＋","6515","穎崴","830.00","－","認購","美式","112年03月29日","112年03月29日","112年11月24日","112年11月28日","0.02","    1,115.00","","",
="040199","力智元大2B購01","0.00","","6719","力智","303.00","＋","認購","美式","112年03月29日","112年03月29日","112年11月24日","112年11月28日","0.046","    439.50","","",
="04019P","裕隆元大28售03","0.00","","2201","裕隆","82.80","＋","認售","歐式","111年12月07日","112年08月07日","112年08月03日","112年08月07日","0.09","    65.00","","",
="04019U","技嘉元大28售03","0.05","－","2376","技嘉","186.00","＋","認售","歐式","112年02月06日","112年08月07日","112年08月03日","112年08月07日","0.082","    116.50","","",
="040200","矽力麥證29購01","0.32","＋","6415","矽力*-KY","394.50","＋","認購","歐式","112年03月29日","112年09月28日","112年09月26日","112年09月28日","0.025","    600.00","","",
="040201","中興電群益29購04","4.85","＋","1513","中興電","113.50","＋","認購","美式","112年03月29日","112年03月29日","112年09月26日","112年09月28日","0.394","    112.00","","",
="040202","台積電群益29購17","0.00","","2330","台積電","568.00","＋","認購","美式","112年03月29日","112年03月29日","112年09月26日","112年09月28日","0.10","    657.00","","",
="040203","台積電群益29購18","0.00","","2330","台積電","568.00","＋","認購","美式","112年03月29日","112年03月29日","112年09月26日","112年09月28日","0.10","    700.00","","",
="040204","全新群益29購02","0.95","＋","2455","全新","100.00","","認購","美式","112年03月29日","112年03月29日","112年09月26日","112年09月28日","0.052","    90.00","","",
="040205","晶華群益29購03","0.00","","2707","晶華","288.00","＋","認購","美式","112年03月29日","112年03月29日","112年09月26日","112年09月28日","0.08","    360.00","","",
="040206","緯創群益2A購01","13.50","＋","3231","緯創","68.00","＋","認購","美式","112年03月29日","112年03月29日","112年10月26日","112年10月30日","0.70","    50.00","","",
="040207","日月光群益29購02","0.50","－","3711","日月光投控","109.00","－","認購","美式","112年03月29日","112年03月29日","112年09月26日","112年09月28日","0.08","    120.00","","",
="040208","富采群益2A購01","0.00","","3714","富采","49.90","＋","認購","美式","112年03月29日","112年03月29日","112年10月26日","112年10月30日","0.80","    80.00","","",
="040209","全訊群益2A購01","2.06","＋","5222","全訊","198.00","＋","認購","美式","112年03月29日","112年03月29日","112年10月26日","112年10月30日","0.152","    260.76","","",
="04020U","義隆元大28售01","0.35","－","2458","義隆","104.00","＋","認售","歐式","112年02月06日","112年08月07日","112年08月03日","112年08月07日","0.058","    97.98","","",
="040210","富鼎群益29購02","0.75","＋","8261","富鼎","106.50","＋","認購","美式","112年03月29日","112年03月29日","112年09月26日","112年09月28日","0.12","    125.88","","",
="040211","華城國票2A購01","29.20","＋","1519","華城","141.00","＋","認購","美式","112年03月29日","112年03月29日","112年10月26日","112年10月30日","0.601","    100.00","","",
="040212","大亞國票2A購01","2.08","＋","1609","大亞","31.00","＋","認購","美式","112年03月29日","112年03月29日","112年10月26日","112年10月30日","1.00","    38.00","","",
="040213","為升國票2A購01","0.00","","2231","為升","172.50","＋","認購","美式","112年03月29日","112年03月29日","112年10月26日","112年10月30日","0.285","    260.00","","",
="040214","順德國票2A購01","0.28","＋","2351","順德","123.00","＋","認購","美式","112年03月29日","112年03月29日","112年10月26日","112年10月30日","0.12","    200.00","","",
="040215","南亞科國票2A購01","0.00","","2408","南亞科","71.20","－","認購","美式","112年03月29日","112年03月29日","112年10月26日","112年10月30日","1.00","    94.00","","",
="040216","強茂國票29購01","0.00","","2481","強茂","70.20","＋","認購","美式","112年03月29日","112年03月29日","112年09月26日","112年09月28日","0.70","    100.00","","",
="040217","強茂國票2A購01","1.30","＋","2481","強茂","70.20","＋","認購","美式","112年03月29日","112年03月29日","112年10月26日","112年10月30日","0.15","    70.00","","",
="040218","欣興國票2A購03","1.63","－","3037","欣興","182.50","－","認購","美式","112年03月29日","112年03月29日","112年10月26日","112年10月30日","0.14","    220.00","","",
="040219","景碩國票2A購03","0.47","＋","3189","景碩","116.00","＋","認購","美式","112年03月29日","112年03月29日","112年10月26日","112年10月30日","0.17","    170.00","","",
="04021U","台驊控元大28售01","0.45","＋","2636","台驊投控","71.70","","認售","歐式","112年02月06日","112年08月07日","112年08月03日","112年08月07日","0.128","    61.21","","",
="040220","緯創國票2A購03","19.30","","3231","緯創","68.00","＋","認購","美式","112年03月29日","112年03月29日","112年10月26日","112年10月30日","1.00","    50.00","","",
="040221","嘉澤國票2A購02","1.87","－","3533","嘉澤","909.00","－","認購","美式","112年03月29日","112年03月29日","112年10月26日","112年10月30日","0.04","    1,100.00","","",
="040222","健策國票2A購03","8.40","＋","3653","健策","616.00","＋","認購","美式","112年03月29日","112年03月29日","112年10月26日","112年10月30日","0.12","    670.00","","",
="040223","富采國票2A購01","0.00","","3714","富采","49.90","＋","認購","美式","112年03月29日","112年03月29日","112年10月26日","112年10月30日","0.80","    80.00","","",
="040224","新唐國票2A購02","0.00","","4919","新唐","130.50","＋","認購","美式","112年03月29日","112年03月29日","112年10月26日","112年10月30日","0.10","    210.00","","",
="040225","康舒國票2A購01","2.53","＋","6282","康舒","44.05","＋","認購","美式","112年03月29日","112年03月29日","112年10月26日","112年10月30日","0.785","    52.00","","",
="040226","緯穎國票2A購03","0.66","＋","6669","緯穎","1,205.00","＋","認購","美式","112年03月29日","112年03月29日","112年10月26日","112年10月30日","0.012","    1,600.00","","",
="040227","南電國票2A購04","1.34","－","8046","南電","302.50","－","認購","美式","112年03月29日","112年03月29日","112年10月26日","112年10月30日","0.16","    420.00","","",
="040228","鴻海國泰2B購02","0.69","＋","2317","鴻海","105.50","＋","認購","美式","112年03月29日","112年03月29日","112年11月24日","112年11月28日","0.16","    118.00","","",
="040229","國巨國泰2B購02","0.36","＋","2327","國巨","508.00","＋","認購","美式","112年03月29日","112年03月29日","112年11月24日","112年11月28日","0.03","    680.00","","",
="04022U","晶技元大28售01","0.97","","3042","晶技","89.40","＋","認售","歐式","112年02月06日","112年08月07日","112年08月03日","112年08月07日","0.12","    85.74","","",
="040230","晶豪科國泰2B購01","1.66","＋","3006","晶豪科","88.20","＋","認購","美式","112年03月29日","112年03月29日","112年11月24日","112年11月28日","0.20","    100.00","","",
="040231","正崴富邦2A購01","0.00","","2392","正崴","40.30","＋","認購","美式","112年03月29日","112年03月29日","112年10月26日","112年10月30日","0.70","    58.00","","",
="040232","聯詠富邦2C購01","0.37","＋","3034","聯詠","423.50","＋","認購","美式","112年03月29日","112年03月29日","112年12月26日","112年12月28日","0.03","    550.00","","",
="040233","健策富邦2A購02","2.03","＋","3653","健策","616.00","＋","認購","美式","112年03月29日","112年03月29日","112年10月26日","112年10月30日","0.02","    600.00","","",
="040234","鴻海法興29購02","1.00","","2317","鴻海","105.50","＋","認購","歐式","112年03月29日","112年09月28日","112年09月26日","112年09月28日","0.18","    108.00","","",
="040235","台積電法興29購02","0.00","","2330","台積電","568.00","＋","認購","歐式","112年03月29日","112年09月28日","112年09月26日","112年09月28日","0.05","    580.00","","",
="040236","技嘉法興29購02","4.39","＋","2376","技嘉","186.00","＋","認購","歐式","112年03月29日","112年09月28日","112年09月26日","112年09月28日","0.12","    160.00","","",
="040237","友達法興29購01","0.49","＋","2409","友達","17.65","＋","認購","歐式","112年03月29日","112年09月28日","112年09月26日","112年09月28日","1.00","    22.50","","",
="040238","聯發科法興29購02","0.76","＋","2454","聯發科","738.00","＋","認購","歐式","112年03月29日","112年09月28日","112年09月26日","112年09月28日","0.03","    950.00","","",
="040239","聯詠法興29購01","0.65","＋","3034","聯詠","423.50","＋","認購","歐式","112年03月29日","112年09月28日","112年09月26日","112年09月28日","0.05","    540.00","","",
="04023U","玉晶光元大28售03","0.00","","3406","玉晶光","400.00","＋","認售","歐式","112年02月06日","112年08月07日","112年08月03日","112年08月07日","0.032","    343.00","","",
="040240","景碩法興29購02","0.00","","3189","景碩","116.00","＋","認購","歐式","112年03月29日","112年09月28日","112年09月26日","112年09月28日","0.10","    155.00","","",
="040241","群創法興29購01","0.37","","3481","群創","14.10","＋","認購","歐式","112年03月29日","112年09月28日","112年09月26日","112年09月28日","1.00","    18.00","","",
="040242","新唐法興29購02","0.00","","4919","新唐","130.50","＋","認購","歐式","112年03月29日","112年09月28日","112年09月26日","112年09月28日","0.10","    210.00","","",
="040243","台積電第一32購01","0.82","","2330","台積電","568.00","＋","認購","美式","112年03月30日","112年03月30日","113年02月26日","113年02月29日","0.013","    588.16","","",
="040244","國巨康和2A購01","0.74","＋","2327","國巨","508.00","＋","認購","美式","112年03月30日","112年03月30日","112年09月27日","112年10月02日","0.02","    550.00","","",
="040245","華邦電康和2B購01","1.05","＋","2344","華邦電","26.90","＋","認購","美式","112年03月30日","112年03月30日","112年11月27日","112年11月29日","0.80","    35.00","","",
="040246","威盛康和2A購01","0.33","＋","2388","威盛","83.10","＋","認購","美式","112年03月30日","112年03月30日","112年09月27日","112年10月02日","0.09","    110.00","","",
="040247","長榮康和2B購02","0.53","＋","2603","長榮","157.00","＋","認購","美式","112年03月30日","112年03月30日","112年11月27日","112年11月29日","0.12","    210.00","","",
="040248","新唐康和2A購01","0.00","","4919","新唐","130.50","＋","認購","美式","112年03月30日","112年03月30日","112年09月27日","112年10月02日","0.075","    190.00","","",
="040249","光罩兆豐31購01","0.00","","2338","光罩","81.80","＋","認購","美式","112年03月30日","112年03月30日","113年01月25日","113年01月29日","0.085","    112.80","","",
="04024U","世芯元大28售03","0.04","－","3661","世芯-KY","1,660.00","＋","認售","歐式","112年02月06日","112年08月07日","112年08月03日","112年08月07日","0.01","    801.00","","",
="040250","金像電兆豐31購02","2.10","＋","2368","金像電","121.50","","認購","美式","112年03月30日","112年03月30日","113年01月25日","113年01月29日","0.088","    113.97","","",
="040251","晶豪科兆豐31購01","1.24","＋","3006","晶豪科","88.20","＋","認購","美式","112年03月30日","112年03月30日","113年01月25日","113年01月29日","0.09","    91.80","","",
="040252","台亞永豐2B購02","0.51","＋","2340","台亞","36.30","＋","認購","美式","112年03月30日","112年03月30日","112年11月27日","112年11月29日","0.26","    46.98","","",
="040253","美食永豐2A購02","1.33","－","2723","美食-KY","152.50","－","認購","美式","112年03月30日","112年03月30日","112年09月27日","112年10月02日","0.058","    148.06","","",
="040254","緯創永豐2A購02","0.00","","3231","緯創","68.00","＋","認購","美式","112年03月30日","112年03月30日","112年10月26日","112年10月30日","0.58","    51.32","","",
="040255","康舒永豐2B購01","1.17","＋","6282","康舒","44.05","＋","認購","美式","112年03月30日","112年03月30日","112年11月27日","112年11月29日","0.18","    43.68","","",
="040256","八貫國票2A購01","0.00","","1342","八貫","126.50","＋","認購","美式","112年03月30日","112年03月30日","112年10月26日","112年10月30日","0.065","    200.00","","",
="040257","八貫國票2B購01","0.00","","1342","八貫","126.50","＋","認購","美式","112年03月30日","112年03月30日","112年11月27日","112年11月29日","0.08","    245.00","","",
="040258","全新國票2A購01","1.68","＋","2455","全新","100.00","","認購","美式","112年03月30日","112年03月30日","112年10月26日","112年10月30日","0.177","    115.00","","",
="040259","玉晶光國票31購01","1.56","＋","3406","玉晶光","400.00","＋","認購","美式","112年03月30日","112年03月30日","113年01月25日","113年01月29日","0.075","    550.00","","",
="04025U","祥碩元大28售03","0.00","","5269","祥碩","1,300.00","＋","認售","歐式","112年02月06日","112年08月07日","112年08月03日","112年08月07日","0.007","    906.00","","",
="040260","創意國票2A購12","2.59","＋","3443","創意","1,515.00","＋","認購","美式","112年03月30日","112年03月30日","112年10月26日","112年10月30日","0.012","    1,620.00","","",
="040261","敦泰國票2A購03","2.48","","3545","敦泰","83.70","＋","認購","美式","112年03月30日","112年03月30日","112年10月26日","112年10月30日","0.328","    100.00","","",
="040262","晶心科國票2A購03","0.86","","6533","晶心科","511.00","＋","認購","美式","112年03月30日","112年03月30日","112年09月27日","112年10月02日","0.02","    575.00","","",
="040263","八貫國泰2B購01","0.00","","1342","八貫","126.50","＋","認購","美式","112年03月30日","112年03月30日","112年11月27日","112年11月29日","0.08","    215.00","","",
="040264","大亞富邦2A購01","1.04","＋","1609","大亞","31.00","＋","認購","美式","112年03月30日","112年03月30日","112年10月26日","112年10月30日","0.30","    33.00","","",
="040265","美時富邦32購01","1.50","＋","1795","美時","330.50","＋","認購","美式","112年03月30日","112年03月30日","113年02月26日","113年02月29日","0.02","    330.00","","",
="040266","台積電富邦2C購12","1.07","＋","2330","台積電","568.00","＋","認購","美式","112年03月30日","112年03月30日","112年12月27日","112年12月29日","0.03","    600.00","","",
="040267","緯創富邦2A購01","8.65","＋","3231","緯創","68.00","＋","認購","美式","112年03月30日","112年03月30日","112年09月27日","112年10月02日","0.50","    52.00","","",
="040268","八貫凱基2A購01","0.20","＋","1342","八貫","126.50","＋","認購","美式","112年03月30日","112年03月30日","112年09月27日","112年10月02日","0.055","    190.00","","",
="040269","大亞凱基2A購01","2.51","＋","1609","大亞","31.00","＋","認購","美式","112年03月30日","112年03月30日","112年09月27日","112年10月02日","0.80","    32.00","","",
="04026U","矽力元大28售01","0.00","","6415","矽力*-KY","394.50","＋","認售","歐式","112年02月06日","112年08月07日","112年08月03日","112年08月07日","0.012","    524.36","","",
="040270","美時凱基2C購01","0.00","","1795","美時","330.50","＋","認購","美式","112年03月30日","112年03月30日","112年12月27日","112年12月29日","0.06","    350.00","","",
="040271","國巨凱基2A購06","0.86","－","2327","國巨","508.00","＋","認購","美式","112年03月30日","112年03月30日","112年10月26日","112年10月30日","0.025","    560.00","","",
="040272","台亞凱基2A購01","0.00","","2340","台亞","36.30","＋","認購","美式","112年03月30日","112年03月30日","112年09月27日","112年10月02日","0.60","    48.00","","",
="040273","華邦電凱基2A購02","1.53","＋","2344","華邦電","26.90","＋","認購","美式","112年03月30日","112年03月30日","112年09月27日","112年10月02日","1.00","    30.00","","",
="040274","金像電凱基2A購04","4.52","","2368","金像電","121.50","","認購","美式","112年03月30日","112年03月30日","112年10月26日","112年10月30日","0.207","    106.24","","",
="040275","正崴凱基2A購01","0.00","","2392","正崴","40.30","＋","認購","美式","112年03月30日","112年03月30日","112年09月27日","112年10月02日","0.65","    49.00","","",
="040276","可成凱基2B購02","0.95","＋","2474","可成","189.00","＋","認購","美式","112年03月30日","112年03月30日","112年11月27日","112年11月29日","0.12","    220.00","","",
="040277","鉅祥凱基2A購01","0.00","","2476","鉅祥","50.40","＋","認購","美式","112年03月30日","112年03月30日","112年09月27日","112年10月02日","0.30","    68.00","","",
="040278","宏達電凱基2B購04","0.79","＋","2498","宏達電","61.50","＋","認購","美式","112年03月30日","112年03月30日","112年11月27日","112年11月29日","0.30","    84.00","","",
="040279","漢翔凱基2A購06","2.78","＋","2634","漢翔","55.80","＋","認購","美式","112年03月30日","112年03月30日","112年10月26日","112年10月30日","0.567","    60.00","","",
="04027U","南電元大28售08","0.62","＋","8046","南電","302.50","－","認售","歐式","112年02月06日","112年08月07日","112年08月03日","112年08月07日","0.04","    255.00","","",
="040280","八方凱基2A購01","0.00","","2753","八方雲集","167.00","","認購","美式","112年03月30日","112年03月30日","112年09月27日","112年10月02日","0.05","    230.00","","",
="040281","晶豪科凱基2A購01","1.83","＋","3006","晶豪科","88.20","＋","認購","美式","112年03月30日","112年03月30日","112年09月27日","112年10月02日","0.28","    100.00","","",
="040282","智原凱基2A購04","0.00","","3035","智原","173.50","＋","認購","美式","112年03月30日","112年03月30日","112年10月26日","112年10月30日","0.085","    300.00","","",
="040283","晶技凱基2A購01","1.33","＋","3042","晶技","89.40","＋","認購","美式","112年03月30日","112年03月30日","112年09月27日","112年10月02日","0.25","    100.00","","",
="040284","緯創凱基2B購01","0.00","","3231","緯創","68.00","＋","認購","美式","112年03月30日","112年03月30日","112年11月27日","112年11月29日","1.00","    55.00","","",
="040285","玉晶光凱基2A購05","1.44","＋","3406","玉晶光","400.00","＋","認購","美式","112年03月30日","112年03月30日","112年10月26日","112年10月30日","0.03","    400.00","","",
="040286","創意凱基2B購07","1.88","＋","3443","創意","1,515.00","＋","認購","美式","112年03月30日","112年03月30日","112年11月27日","112年11月29日","0.008","    1,750.00","","",
="040287","和碩凱基2A購01","2.20","＋","4938","和碩","74.70","＋","認購","美式","112年03月30日","112年03月30日","112年09月27日","112年10月02日","0.40","    76.00","","",
="040288","全訊凱基2A購02","0.76","＋","5222","全訊","198.00","＋","認購","美式","112年03月30日","112年03月30日","112年10月26日","112年10月30日","0.056","    255.84","","",
="040289","乙盛凱基2A購01","3.42","－","5243","乙盛-KY","83.70","＋","認購","美式","112年03月30日","112年03月30日","112年09月27日","112年10月02日","0.20","    70.00","","",
="04028U","東哥元大28售02","0.00","","8478","東哥遊艇","520.00","＋","認售","歐式","112年02月06日","112年08月07日","112年08月03日","112年08月07日","0.03","    290.00","","",
="040290","盛群凱基2A購01","0.00","","6202","盛群","69.70","＋","認購","美式","112年03月30日","112年03月30日","112年09月27日","112年10月02日","0.35","    100.00","","",
="040291","樺漢凱基2A購01","1.82","＋","6414","樺漢","281.00","＋","認購","美式","112年03月30日","112年03月30日","112年09月27日","112年10月02日","0.10","    300.00","","",
="040292","晶心科凱基2B購02","0.00","","6533","晶心科","511.00","＋","認購","美式","112年03月30日","112年03月30日","112年11月27日","112年11月29日","0.028","    780.00","","",
="040293","力智凱基2A購02","0.87","","6719","力智","303.00","＋","認購","美式","112年03月30日","112年03月30日","112年09月27日","112年10月02日","0.045","    360.00","","",
="040294","臺股指凱基2B購29","0.00","","IX0001","臺股指數","16,636.30","","認購","歐式","112年03月30日","112年11月29日","112年11月27日","112年11月29日","0.008","    18,000.00","","",
="040295","臺股指凱基2B購30","0.00","","IX0001","臺股指數","16,636.30","","認購","歐式","112年03月30日","112年11月29日","112年11月27日","112年11月29日","0.025","    19,500.00","","",
="040296","臺股指凱基2C購25","1.20","","IX0001","臺股指數","16,636.30","","認購","歐式","112年03月30日","112年12月29日","112年12月27日","112年12月29日","0.06","    21,000.00","","",
="040297","臺股指凱基31購06","0.00","","IX0001","臺股指數","16,636.30","","認購","歐式","112年03月30日","113年01月29日","113年01月25日","113年01月29日","0.06","    21,500.00","","",
="040298","FB越南群益2A購01","0.89","",="00885","富邦越南","11.45","＋","認購","美式","112年03月30日","112年03月30日","112年09月27日","112年10月02日","0.65","    10.88","","",
="040299","八貫群益2A購01","0.34","","1342","八貫","126.50","＋","認購","美式","112年03月30日","112年03月30日","112年10月26日","112年10月30日","0.05","    180.00","","",
="04029U","臺股指元大2A售48","0.00","","IX0001","臺股指數","16,636.30","","認售","歐式","112年02月06日","112年10月05日","112年10月03日","112年10月05日","0.002","    13,300.00","","",
="040300","八貫群益2A購02","0.00","","1342","八貫","126.50","＋","認購","美式","112年03月30日","112年03月30日","112年10月26日","112年10月30日","0.075","    198.00","","",
="040301","八貫群益2A購03","0.00","","1342","八貫","126.50","＋","認購","美式","112年03月30日","112年03月30日","112年10月26日","112年10月30日","0.08","    218.00","","",
="040302","寶齡群益2A購01","0.87","－","1760","寶齡富錦","148.50","","認購","美式","112年03月30日","112年03月30日","112年09月27日","112年10月02日","0.086","    190.00","","",
="040303","金像電群益2A購01","6.90","－","2368","金像電","121.50","","認購","美式","112年03月30日","112年03月30日","112年09月27日","112年10月02日","0.437","    115.90","","",
="040304","創意群益2A購01","4.49","＋","3443","創意","1,515.00","＋","認購","美式","112年03月30日","112年03月30日","112年09月27日","112年10月02日","0.02","    1,566.00","","",
="040305","健策群益2A購01","6.50","＋","3653","健策","616.00","＋","認購","美式","112年03月30日","112年03月30日","112年09月27日","112年10月02日","0.08","    711.00","","",
="040306","全訊群益2B購01","1.50","＋","5222","全訊","198.00","＋","認購","美式","112年03月30日","112年03月30日","112年11月27日","112年11月29日","0.102","    289.30","","",
="040307","樺漢群益2A購01","1.91","＋","6414","樺漢","281.00","＋","認購","美式","112年03月30日","112年03月30日","112年10月26日","112年10月30日","0.20","    366.00","","",
="040308","元晶群益2A購01","0.00","","6443","元晶","36.20","＋","認購","美式","112年03月30日","112年03月30日","112年09月27日","112年10月02日","0.742","    48.00","","",
="040309","東陽統一31購01","0.74","＋","1319","東陽","49.90","＋","認購","美式","112年03月30日","112年03月30日","113年01月25日","113年01月29日","0.088","    56.66","","",
="04030U","臺股指元大2A售49","0.00","","IX0001","臺股指數","16,636.30","","認售","歐式","112年02月06日","112年10月05日","112年10月03日","112年10月05日","0.002","    13,700.00","","",
="040310","華城統一33購01","4.00","","1519","華城","141.00","＋","認購","美式","112年03月30日","112年03月30日","113年03月27日","113年03月29日","0.055","    77.77","","",
="040311","大亞統一2A購03","1.03","＋","1609","大亞","31.00","＋","認購","美式","112年03月30日","112年03月30日","112年10月26日","112年10月30日","0.18","    31.20","","",
="040312","美時統一2B購04","1.59","＋","1795","美時","330.50","＋","認購","美式","112年03月30日","112年03月30日","112年11月27日","112年11月29日","0.02","    317.50","","",
="040313","華通統一2C購01","0.66","＋","2313","華通","44.30","＋","認購","美式","112年03月30日","112年03月30日","112年12月27日","112年12月29日","0.101","    48.97","","",
="040314","鴻海統一33購02","0.40","＋","2317","鴻海","105.50","＋","認購","美式","112年03月30日","112年03月30日","113年03月27日","113年03月29日","0.035","    110.00","","",
="040315","台亞統一2C購02","0.00","","2340","台亞","36.30","＋","認購","美式","112年03月30日","112年03月30日","112年12月27日","112年12月29日","0.106","    46.66","","",
="040316","台亞統一33購01","0.00","","2340","台亞","36.30","＋","認購","美式","112年03月30日","112年03月30日","113年03月27日","113年03月29日","0.10","    51.68","","",
="040317","技嘉統一31購01","1.57","－","2376","技嘉","186.00","＋","認購","美式","112年03月30日","112年03月30日","113年01月25日","113年01月29日","0.03","    154.80","","",
="040318","微星統一31購01","0.94","＋","2377","微星","168.00","－","認購","美式","112年03月30日","112年03月30日","113年01月25日","113年01月29日","0.028","    171.30","","",
="040319","正崴統一2C購01","0.00","","2392","正崴","40.30","＋","認購","美式","112年03月30日","112年03月30日","112年12月27日","112年12月29日","0.08","    50.00","","",
="04031U","臺股指元大2A售50","0.00","","IX0001","臺股指數","16,636.30","","認售","歐式","112年02月06日","112年10月05日","112年10月03日","112年10月05日","0.002","    13,900.00","","",
="040320","緯創統一2A購01","0.00","","3231","緯創","68.00","＋","認購","美式","112年03月30日","112年03月30日","112年09月27日","112年10月02日","0.30","    44.20","","",
="040321","緯創統一31購01","3.10","＋","3231","緯創","68.00","＋","認購","美式","112年03月30日","112年03月30日","113年01月25日","113年01月29日","0.13","    47.30","","",
="040322","玉晶光統一2B購03","0.76","＋","3406","玉晶光","400.00","＋","認購","美式","112年03月30日","112年03月30日","112年11月27日","112年11月29日","0.016","    450.00","","",
="040323","創意統一2C購06","0.90","＋","3443","創意","1,515.00","＋","認購","美式","112年03月30日","112年03月30日","112年12月27日","112年12月29日","0.003","    1,688.88","","",
="040324","台勝科統一31購02","0.45","","3532","台勝科","157.00","＋","認購","美式","112年03月30日","112年03月30日","113年01月25日","113年01月29日","0.018","    195.90","","",
="040325","富采統一2B購01","0.00","","3714","富采","49.90","＋","認購","美式","112年03月30日","112年03月30日","112年11月27日","112年11月29日","0.125","    61.70","","",
="040326","富采統一2C購01","0.00","","3714","富采","49.90","＋","認購","美式","112年03月30日","112年03月30日","112年12月27日","112年12月29日","0.10","    61.10","","",
="040327","臻鼎統一31購01","0.55","＋","4958","臻鼎-KY","114.50","＋","認購","美式","112年03月30日","112年03月30日","113年01月25日","113年01月29日","0.033","    126.00","","",
="040328","祥碩統一2A購02","0.91","＋","5269","祥碩","1,300.00","＋","認購","美式","112年03月30日","112年03月30日","112年09月27日","112年10月02日","0.004","    1,333.80","","",
="040329","聯茂統一2C購01","0.46","－","6213","聯茂","72.30","＋","認購","美式","112年03月30日","112年03月30日","112年12月27日","112年12月29日","0.055","    88.88","","",
="04032U","臺股指元大2A售51","0.25","－","IX0001","臺股指數","16,636.30","","認售","歐式","112年02月06日","112年10月05日","112年10月03日","112年10月05日","0.001","    14,400.00","","",
="040330","樺漢統一32購01","0.80","＋","6414","樺漢","281.00","＋","認購","美式","112年03月30日","112年03月30日","113年02月26日","113年02月29日","0.016","    345.67","","",
="040331","緯穎統一31購03","0.76","＋","6669","緯穎","1,205.00","＋","認購","美式","112年03月30日","112年03月30日","113年01月25日","113年01月29日","0.003","    1,250.60","","",
="040332","威鋒電統一2A購02","0.47","＋","6756","威鋒電子","223.00","＋","認購","美式","112年03月30日","112年03月30日","112年10月26日","112年10月30日","0.018","    261.40","","",
="040333","南電統一2A購03","0.94","－","8046","南電","302.50","－","認購","美式","112年03月30日","112年03月30日","112年10月26日","112年10月30日","0.022","    319.10","","",
="040334","上証2X元大2B購01","0.00","",="00633L","富邦上証正2","35.01","－","認購","美式","112年03月30日","112年03月30日","112年11月27日","112年11月29日","0.30","    48.00","","",
="040335","滬深2X元大2B購04","0.00","",="00637L","元大滬深300正2","13.77","－","認購","美式","112年03月30日","112年03月30日","112年11月27日","112年11月29日","0.60","    16.50","","",
="040336","中興電元大2A購06","1.20","＋","1513","中興電","113.50","＋","認購","美式","112年03月30日","112年03月30日","112年10月26日","112年10月30日","0.076","    111.50","","",
="040337","中砂元大2A購01","0.56","","1560","中砂","114.50","－","認購","美式","112年03月30日","112年03月30日","112年10月26日","112年10月30日","0.05","    125.00","","",
="040338","美時元大2A購06","4.35","＋","1795","美時","330.50","＋","認購","美式","112年03月30日","112年03月30日","112年10月26日","112年10月30日","0.106","    375.00","","",
="040339","長榮鋼元大2A購01","0.00","","2211","長榮鋼","60.90","＋","認購","美式","112年03月30日","112年03月30日","112年09月27日","112年10月02日","0.57","    72.50","","",
="04033P","國巨元大26售02","0.00","","2327","國巨","508.00","＋","認售","歐式","111年12月07日","112年06月06日","112年06月02日","112年06月06日","0.051","    381.00","","",
="04033U","臺股指元大2A售52","0.30","－","IX0001","臺股指數","16,636.30","","認售","歐式","112年02月06日","112年10月05日","112年10月03日","112年10月05日","0.001","    14,600.00","","",
="040340","台積電元大2A購32","3.72","＋","2330","台積電","568.00","＋","認購","美式","112年03月30日","112年03月30日","112年10月26日","112年10月30日","0.128","    635.00","","",
="040341","台積電元大2B購16","0.00","","2330","台積電","568.00","＋","認購","美式","112年03月30日","112年03月30日","112年11月27日","112年11月29日","0.104","    650.00","","",
="040342","台亞元大2A購01","0.00","","2340","台亞","36.30","＋","認購","美式","112年03月30日","112年03月30日","112年09月27日","112年10月02日","0.913","    50.90","","",
="040343","宏碁元大2A購01","0.00","","2353","宏碁","31.05","＋","認購","美式","112年03月30日","112年03月30日","112年09月27日","112年10月02日","0.462","    28.00","","",
="040344","華碩元大2A購01","2.00","－","2357","華碩","303.50","－","認購","美式","112年03月30日","112年03月30日","112年09月27日","112年10月02日","0.066","    305.50","","",
="040345","金像電元大2A購07","0.00","","2368","金像電","121.50","","認購","美式","112年03月30日","112年03月30日","112年10月26日","112年10月30日","0.259","    135.22","","",
="040346","聯發科元大2A購13","0.78","","2454","聯發科","738.00","＋","認購","美式","112年03月30日","112年03月30日","112年09月27日","112年10月02日","0.075","    1,100.00","","",
="040347","聯發科元大2A購14","1.60","＋","2454","聯發科","738.00","＋","認購","美式","112年03月30日","112年03月30日","112年09月27日","112年10月02日","0.03","    825.00","","",
="040348","鉅祥元大2A購01","0.00","","2476","鉅祥","50.40","＋","認購","美式","112年03月30日","112年03月30日","112年09月27日","112年10月02日","0.30","    66.30","","",
="040349","長榮元大2A購31","0.00","","2603","長榮","157.00","＋","認購","美式","112年03月30日","112年03月30日","112年10月26日","112年10月30日","0.168","    189.00","","",
="04034U","臺股指元大2A售53","0.24","－","IX0001","臺股指數","16,636.30","","認售","歐式","112年02月06日","112年10月05日","112年10月03日","112年10月05日","0.001","    14,200.00","","",
="040350","長榮元大2B購15","1.68","","2603","長榮","157.00","＋","認購","美式","112年03月30日","112年03月30日","112年11月27日","112年11月29日","0.107","    173.50","","",
="040351","晶豪科元大2A購01","1.95","＋","3006","晶豪科","88.20","＋","認購","美式","112年03月30日","112年03月30日","112年09月27日","112年10月02日","0.18","    90.00","","",
="040352","欣興元大2A購14","1.96","－","3037","欣興","182.50","－","認購","美式","112年03月30日","112年03月30日","112年09月27日","112年10月02日","0.06","    164.00","","",
="040353","玉晶光元大2A購07","1.58","＋","3406","玉晶光","400.00","＋","認購","美式","112年03月30日","112年03月30日","112年10月26日","112年10月30日","0.061","    482.00","","",
="040354","創意元大2B購06","1.81","＋","3443","創意","1,515.00","＋","認購","美式","112年03月30日","112年03月30日","112年11月27日","112年11月29日","0.004","    1,280.00","","",
="040355","創意元大2B購07","1.56","＋","3443","創意","1,515.00","＋","認購","美式","112年03月30日","112年03月30日","112年11月27日","112年11月29日","0.004","    1,410.00","","",
="040356","晶睿元大2A購01","0.25","","3454","晶睿","182.50","＋","認購","美式","112年03月30日","112年03月30日","112年10月26日","112年10月30日","0.048","    360.00","","",
="040357","台勝科元大2A購01","0.64","＋","3532","台勝科","157.00","＋","認購","美式","112年03月30日","112年03月30日","112年09月27日","112年10月02日","0.048","    178.00","","",
="040358","台勝科元大2B購03","0.68","＋","3532","台勝科","157.00","＋","認購","美式","112年03月30日","112年03月30日","112年11月27日","112年11月29日","0.059","    203.00","","",
="040359","南電元大2A購09","2.26","","8046","南電","302.50","－","認購","美式","112年03月30日","112年03月30日","112年10月26日","112年10月30日","0.137","    417.00","","",
="04035U","嘉澤中信28售02","0.00","","3533","嘉澤","909.00","－","認售","歐式","112年02月06日","112年08月07日","112年08月03日","112年08月07日","0.035","    497.57","","",
="040360","南電元大2B購09","2.26","＋","8046","南電","302.50","－","認購","美式","112年03月30日","112年03月30日","112年11月27日","112年11月29日","0.119","    425.50","","",
="040361","臺股指元大2A購64","2.07","","IX0001","臺股指數","16,636.30","","認購","歐式","112年03月30日","112年10月30日","112年10月26日","112年10月30日","0.025","    19,300.00","","",
="040362","臺股指元大2A購65","1.67","＋","IX0001","臺股指數","16,636.30","","認購","歐式","112年03月30日","112年10月02日","112年09月27日","112年10月02日","0.02","    18,900.00","","",
="040363","臺股指元大2A購66","0.00","","IX0001","臺股指數","16,636.30","","認購","歐式","112年03月30日","112年10月30日","112年10月26日","112年10月30日","0.012","    18,600.00","","",
="040364","臺股指元大2A購67","1.87","＋","IX0001","臺股指數","16,636.30","","認購","歐式","112年03月30日","112年10月02日","112年09月27日","112年10月02日","0.005","    17,200.00","","",
="040365","臺股指元大2A購68","0.00","","IX0001","臺股指數","16,636.30","","認購","歐式","112年03月30日","112年10月30日","112年10月26日","112年10月30日","0.002","    15,600.00","","",
="040366","臺股指元大2A購69","1.57","","IX0001","臺股指數","16,636.30","","認購","歐式","112年03月30日","112年10月02日","112年09月27日","112年10月02日","0.001","    15,000.00","","",
="040367","威強電元富2C購02","0.00","","3022","威強電","91.20","＋","認購","美式","112年03月30日","112年03月30日","112年12月27日","112年12月29日","0.25","    123.67","","",
="040368","立積元富2A購01","0.00","","4968","立積","170.00","＋","認購","美式","112年03月30日","112年03月30日","112年09月27日","112年10月02日","0.10","    130.00","","",
="040369","鴻海麥證2A購03","0.63","＋","2317","鴻海","105.50","＋","認購","歐式","112年03月30日","112年10月02日","112年09月27日","112年10月02日","0.60","    130.00","","",
="04036P","台積電元大26售26","0.00","","2330","台積電","568.00","＋","認售","歐式","111年12月07日","112年06月06日","112年06月02日","112年06月06日","0.065","    394.59","","",
="04036U","臺股指中信2A售10","0.00","","IX0001","臺股指數","16,636.30","","認售","歐式","112年02月06日","112年10月05日","112年10月03日","112年10月05日","0.001","    15,168.00","","",
="040370","台積電麥證2A購11","3.25","＋","2330","台積電","568.00","＋","認購","歐式","112年03月30日","112年10月02日","112年09月27日","112年10月02日","0.30","    666.00","","",
="040371","台積電麥證2B購03","0.00","","2330","台積電","568.00","＋","認購","歐式","112年03月30日","112年11月29日","112年11月27日","112年11月29日","0.08","    600.00","","",
="040372","台積電麥證2B購04","1.49","－","2330","台積電","568.00","＋","認購","歐式","112年03月30日","112年11月29日","112年11月27日","112年11月29日","0.30","    750.00","","",
="040373","台積電麥證2C購03","0.00","","2330","台積電","568.00","＋","認購","歐式","112年03月30日","112年12月29日","112年12月27日","112年12月29日","0.08","    630.00","","",
="040374","長榮麥證2C購01","2.14","＋","2603","長榮","157.00","＋","認購","歐式","112年03月30日","112年12月29日","112年12月27日","112年12月29日","0.38","    235.00","","",
="040375","智原麥證2B購01","0.00","","3035","智原","173.50","＋","認購","歐式","112年03月30日","112年11月29日","112年11月27日","112年11月29日","0.07","    308.88","","",
="040376","中502X中信31購01","0.59","＋",="00753L","中信中國50正2","8.81","","認購","歐式","112年03月31日","113年01月02日","112年12月28日","113年01月02日","0.70","    16.00","","",
="040377","可成中信2A購01","0.00","","2474","可成","189.00","＋","認購","歐式","112年03月31日","112年10月30日","112年10月26日","112年10月30日","0.20","    280.00","","",
="040378","健策中信2A購01","1.26","＋","3653","健策","616.00","＋","認購","歐式","112年03月31日","112年10月30日","112年10月26日","112年10月30日","0.012","    588.00","","",
="040379","為升兆豐31購01","0.68","－","2231","為升","172.50","＋","認購","美式","112年03月31日","112年03月31日","113年01月26日","113年01月30日","0.04","    208.00","","",
="04037P","臺股指中信26售08","0.00","","IX0001","臺股指數","16,636.30","","認售","歐式","111年10月11日","112年06月12日","112年06月08日","112年06月12日","0.003","    8,888.00","","",
="04037U","華新群益28售01","0.00","","1605","華新","46.60","＋","認售","歐式","112年02月06日","112年08月07日","112年08月03日","112年08月07日","0.40","    43.00","","",
="040380","瑞鼎兆豐2A購01","0.00","","3592","瑞鼎","348.00","＋","認購","美式","112年03月31日","112年03月31日","112年10月26日","112年10月30日","0.015","    460.00","","",
="040381","慧洋康和2A購01","0.00","","2637","慧洋-KY","60.30","＋","認購","美式","112年03月31日","112年03月31日","112年09月27日","112年10月02日","0.28","    71.38","","",
="040382","康舒康和2A購01","1.79","","6282","康舒","44.05","＋","認購","美式","112年03月31日","112年03月31日","112年09月27日","112年10月02日","0.40","    46.00","","",
="040383","道瓊2X永豐2B購01","0.60","",="00852L","國泰美國道瓊正2","18.51","＋","認購","美式","112年03月31日","112年03月31日","112年11月28日","112年11月30日","0.23","    19.54","","",
="040384","奇鋐永豐2A購02","0.00","","3017","奇鋐","206.00","－","認購","美式","112年03月31日","112年03月31日","112年10月26日","112年10月30日","0.049","    159.32","","",
="040385","玉晶光永豐31購01","0.00","","3406","玉晶光","400.00","＋","認購","美式","112年03月31日","112年03月31日","112年12月28日","113年01月02日","0.057","    550.00","","",
="040386","健策永豐2B購01","2.35","＋","3653","健策","616.00","＋","認購","美式","112年03月31日","112年03月31日","112年11月28日","112年11月30日","0.02","    569.40","","",
="040387","華城統一2B購05","6.60","＋","1519","華城","141.00","＋","認購","美式","112年03月31日","112年03月31日","112年11月28日","112年11月30日","0.12","    90.00","","",
="040388","美時統一34購01","1.34","＋","1795","美時","330.50","＋","認購","美式","112年03月31日","112年03月31日","113年03月28日","113年04月01日","0.013","    368.88","","",
="040389","為升統一2B購01","0.00","","2231","為升","172.50","＋","認購","美式","112年03月31日","112年03月31日","112年11月28日","112年11月30日","0.022","    212.00","","",
="04038U","寶齡群益28售02","0.54","＋","1760","寶齡富錦","148.50","","認售","歐式","112年02月06日","112年08月07日","112年08月03日","112年08月07日","0.028","    145.00","","",
="040390","台亞統一2A購01","0.00","","2340","台亞","36.30","＋","認購","美式","112年03月31日","112年03月31日","112年09月27日","112年10月02日","0.175","    43.20","","",
="040391","台亞統一31購01","0.00","","2340","台亞","36.30","＋","認購","美式","112年03月31日","112年03月31日","113年01月26日","113年01月30日","0.08","    46.30","","",
="040392","漢唐統一2B購01","1.07","＋","2404","漢唐","227.50","＋","認購","美式","112年03月31日","112年03月31日","112年11月28日","112年11月30日","0.03","    229.60","","",
="040393","漢唐統一31購01","0.78","＋","2404","漢唐","227.50","＋","認購","美式","112年03月31日","112年03月31日","113年01月26日","113年01月30日","0.025","    250.50","","",
="040394","建準統一2A購01","3.52","＋","2421","建準","89.00","＋","認購","美式","112年03月31日","112年03月31日","112年10月26日","112年10月30日","0.111","    59.50","","",
="040395","奇鋐統一2A購01","2.36","＋","3017","奇鋐","206.00","－","認購","美式","112年03月31日","112年03月31日","112年09月27日","112年10月02日","0.04","    162.10","","",
="040396","奇鋐統一2A購02","2.04","－","3017","奇鋐","206.00","－","認購","美式","112年03月31日","112年03月31日","112年10月26日","112年10月30日","0.04","    177.80","","",
="040397","奇鋐統一2B購01","1.99","＋","3017","奇鋐","206.00","－","認購","美式","112年03月31日","112年03月31日","112年11月28日","112年11月30日","0.032","    160.00","","",
="040398","奇鋐統一31購01","2.18","＋","3017","奇鋐","206.00","－","認購","美式","112年03月31日","112年03月31日","113年01月26日","113年01月30日","0.022","    133.33","","",
="040399","奇鋐統一31購02","1.62","","3017","奇鋐","206.00","－","認購","美式","112年03月31日","112年03月31日","113年01月26日","113年01月30日","0.02","    163.50","","",
="04039U","鴻海群益28售03","0.00","","2317","鴻海","105.50","＋","認售","歐式","112年02月06日","112年08月07日","112年08月03日","112年08月07日","0.30","    90.00","","",
="040400","奇鋐統一31購03","1.75","－","3017","奇鋐","206.00","－","認購","美式","112年03月31日","112年03月31日","113年01月26日","113年01月30日","0.03","    170.70","","",
="040401","奇鋐統一34購01","1.31","－","3017","奇鋐","206.00","－","認購","美式","112年03月31日","112年03月31日","113年03月28日","113年04月01日","0.015","    168.88","","",
="040402","奇鋐統一34購02","1.08","－","3017","奇鋐","206.00","－","認購","美式","112年03月31日","112年03月31日","113年03月28日","113年04月01日","0.015","    208.88","","",
="040403","玉晶光統一34購02","0.84","＋","3406","玉晶光","400.00","＋","認購","美式","112年03月31日","112年03月31日","113年03月28日","113年04月01日","0.01","    405.00","","",
="040404","創意統一31購07","1.43","＋","3443","創意","1,515.00","＋","認購","美式","112年03月31日","112年03月31日","113年01月26日","113年01月30日","0.003","    1,300.00","","",
="040405","健策統一31購04","1.45","＋","3653","健策","616.00","＋","認購","美式","112年03月31日","112年03月31日","113年01月26日","113年01月30日","0.01","    666.66","","",
="040406","康舒統一34購01","0.94","＋","6282","康舒","44.05","＋","認購","美式","112年03月31日","112年03月31日","113年03月28日","113年04月01日","0.10","    48.00","","",
="040407","中砂元大2A購02","0.61","－","1560","中砂","114.50","－","認購","美式","112年03月31日","112年03月31日","112年10月26日","112年10月30日","0.15","    155.00","","",
="040408","裕隆元大2B購01","2.37","＋","2201","裕隆","82.80","＋","認購","美式","112年03月31日","112年03月31日","112年11月28日","112年11月30日","0.282","    99.50","","",
="040409","光寶科元大2A購01","0.00","","2301","光寶科","86.40","＋","認購","美式","112年03月31日","112年03月31日","112年09月27日","112年10月02日","0.256","    75.40","","",
="04040U","新唐群益28售02","0.00","","4919","新唐","130.50","＋","認售","歐式","112年02月06日","112年08月07日","112年08月03日","112年08月07日","0.10","    125.00","","",
="040410","金寶元大2A購01","0.61","","2312","金寶","13.50","＋","認購","美式","112年03月31日","112年03月31日","112年09月27日","112年10月02日","0.578","    14.55","","",
="040411","順德元大2A購04","0.40","＋","2351","順德","123.00","＋","認購","美式","112年03月31日","112年03月31日","112年09月27日","112年10月02日","0.07","    165.00","","",
="040412","南亞科元大2A購03","1.44","－","2408","南亞科","71.20","－","認購","美式","112年03月31日","112年03月31日","112年09月27日","112年10月02日","1.00","    93.70","","",
="040413","長榮元大2A購34","1.64","","2603","長榮","157.00","＋","認購","美式","112年03月31日","112年03月31日","112年10月26日","112年10月30日","0.094","    163.50","","",
="040414","長榮元大2B購16","1.27","＋","2603","長榮","157.00","＋","認購","美式","112年03月31日","112年03月31日","112年11月28日","112年11月30日","0.244","    224.00","","",
="040415","慧洋元大2A購04","0.99","＋","2637","慧洋-KY","60.30","＋","認購","美式","112年03月31日","112年03月31日","112年10月26日","112年10月30日","0.236","    61.83","","",
="040416","三商壽元大31購01","0.00","","2867","三商壽","5.22","＋","認購","美式","112年03月31日","112年03月31日","112年12月28日","113年01月02日","1.00","    5.55","","",
="040417","欣興元大2A購15","0.00","","3037","欣興","182.50","－","認購","美式","112年03月31日","112年03月31日","112年10月26日","112年10月30日","0.149","    190.50","","",
="040418","景碩元大2A購02","0.63","＋","3189","景碩","116.00","＋","認購","美式","112年03月31日","112年03月31日","112年09月27日","112年10月02日","0.052","    123.50","","",
="040419","景碩元大2B購01","0.79","＋","3189","景碩","116.00","＋","認購","美式","112年03月31日","112年03月31日","112年11月28日","112年11月30日","0.045","    117.00","","",
="04041P","台積電元富27售13","0.00","","2330","台積電","568.00","＋","認售","歐式","111年10月11日","112年07月10日","112年07月06日","112年07月10日","0.102","    326.34","","",
="04041U","祥碩群益28售03","0.00","","5269","祥碩","1,300.00","＋","認售","歐式","112年02月06日","112年08月07日","112年08月03日","112年08月07日","0.02","    700.00","","",
="040420","緯創元大2A購01","0.00","","3231","緯創","68.00","＋","認購","美式","112年03月31日","112年03月31日","112年10月26日","112年10月30日","0.866","    47.25","","",
="040421","緯創元大2B購01","17.20","＋","3231","緯創","68.00","＋","認購","美式","112年03月31日","112年03月31日","112年11月28日","112年11月30日","1.00","    54.80","","",
="040422","緯創元大31購01","0.00","","3231","緯創","68.00","＋","認購","美式","112年03月31日","112年03月31日","112年12月28日","113年01月02日","1.00","    59.10","","",
="040423","大聯大元大2A購01","0.00","","3702","大聯大","53.00","＋","認購","美式","112年03月31日","112年03月31日","112年09月27日","112年10月02日","0.689","    57.39","","",
="040424","正文元大2A購01","1.38","＋","4906","正文","31.40","＋","認購","美式","112年03月31日","112年03月31日","112年09月27日","112年10月02日","0.549","    33.25","","",
="040425","新唐元大2A購03","0.47","","4919","新唐","130.50","＋","認購","美式","112年03月31日","112年03月31日","112年10月26日","112年10月30日","0.051","    161.00","","",
="040426","全訊元大2A購02","1.01","＋","5222","全訊","198.00","＋","認購","美式","112年03月31日","112年03月31日","112年10月26日","112年10月30日","0.061","    250.92","","",
="040427","全訊元大2A購03","0.92","＋","5222","全訊","198.00","＋","認購","美式","112年03月31日","112年03月31日","112年09月27日","112年10月02日","0.051","    231.24","","",
="040428","康舒元大2A購04","2.46","＋","6282","康舒","44.05","＋","認購","美式","112年03月31日","112年03月31日","112年10月26日","112年10月30日","0.325","    42.60","","",
="040429","啟碁元大2A購02","1.41","＋","6285","啟碁","87.50","＋","認購","美式","112年03月31日","112年03月31日","112年10月26日","112年10月30日","0.244","    100.00","","",
="04042P","台積電元富27售14","0.00","","2330","台積電","568.00","＋","認售","歐式","111年10月11日","112年07月10日","112年07月06日","112年07月10日","0.05","    346.13","","",
="04042U","力成群益28售01","0.00","","6239","力成","98.70","＋","認售","歐式","112年02月06日","112年08月07日","112年08月03日","112年08月07日","0.40","    70.00","","",
="040430","啟碁元大2B購01","0.94","＋","6285","啟碁","87.50","＋","認購","美式","112年03月31日","112年03月31日","112年11月28日","112年11月30日","0.401","    124.00","","",
="040431","愛普元大2B購01","0.00","","6531","愛普*","328.50","＋","認購","美式","112年03月31日","112年03月31日","112年11月28日","112年11月30日","0.037","    464.50","","",
="040432","力積電元大2A購02","0.00","","6770","力積電","30.85","＋","認購","美式","112年03月31日","112年03月31日","112年10月26日","112年10月30日","0.411","    33.45","","",
="040433","力積電元大2B購01","0.68","＋","6770","力積電","30.85","＋","認購","美式","112年03月31日","112年03月31日","112年11月28日","112年11月30日","0.941","    43.50","","",
="040434","AES元大2A購03","0.96","","6781","AES-KY","690.00","＋","認購","美式","112年03月31日","112年03月31日","112年10月26日","112年10月30日","0.015","    859.00","","",
="040435","AES元大2B購01","0.86","－","6781","AES-KY","690.00","＋","認購","美式","112年03月31日","112年03月31日","112年11月28日","112年11月30日","0.017","    935.00","","",
="040436","南電元大2A購10","2.32","－","8046","南電","302.50","－","認購","美式","112年03月31日","112年03月31日","112年10月26日","112年10月30日","0.046","    290.00","","",
="040437","南電元大2B購10","2.13","－","8046","南電","302.50","－","認購","美式","112年03月31日","112年03月31日","112年11月28日","112年11月30日","0.08","    370.00","","",
="040438","世紀鋼元大2A購02","2.15","＋","9958","世紀鋼","109.50","＋","認購","美式","112年03月31日","112年03月31日","112年09月27日","112年10月02日","0.129","    105.00","","",
="040439","S&P正2群益2A購02","1.29","",="00647L","元大S&P500正2","57.80","＋","認購","美式","112年03月31日","112年03月31日","112年09月27日","112年10月02日","0.146","    55.00","","",
="04043P","台積電元富27售15","0.00","","2330","台積電","568.00","＋","認售","歐式","111年10月11日","112年07月10日","112年07月06日","112年07月10日","0.03","    395.57","","",
="04043U","聯電富邦2A售04","0.00","","2303","聯電","51.20","＋","認售","歐式","112年02月06日","112年10月05日","112年10月03日","112年10月05日","0.35","    40.00","","",
="040440","道瓊銀群益2A購01","0.00","",="00738U","期元大道瓊白銀(原名：元大道瓊白銀)","22.79","＋","認購","美式","112年03月31日","112年03月31日","112年09月27日","112年10月02日","0.30","    22.22","","",
="040441","中興電群益2A購01","1.99","＋","1513","中興電","113.50","＋","認購","美式","112年03月31日","112年03月31日","112年09月27日","112年10月02日","0.33","    133.88","","",
="040442","美時群益2A購03","0.00","","1795","美時","330.50","＋","認購","美式","112年03月31日","112年03月31日","112年09月27日","112年10月02日","0.05","    252.00","","",
="040443","裕隆群益2A購02","3.26","＋","2201","裕隆","82.80","＋","認購","美式","112年03月31日","112年03月31日","112年09月27日","112年10月02日","1.00","    111.50","","",
="040444","台積電群益2A購09","2.45","＋","2330","台積電","568.00","＋","認購","美式","112年03月31日","112年03月31日","112年09月27日","112年10月02日","0.06","    568.00","","",
="040445","台積電群益2A購10","0.00","","2330","台積電","568.00","＋","認購","美式","112年03月31日","112年03月31日","112年09月27日","112年10月02日","0.09","    669.00","","",
="040446","台積電群益2A購11","0.79","＋","2330","台積電","568.00","＋","認購","美式","112年03月31日","112年03月31日","112年09月27日","112年10月02日","0.10","    706.00","","",
="040447","金像電群益2A購02","3.89","－","2368","金像電","121.50","","認購","美式","112年03月31日","112年03月31日","112年09月27日","112年10月02日","0.354","    134.14","","",
="040448","威盛群益2A購03","0.70","＋","2388","威盛","83.10","＋","認購","美式","112年03月31日","112年03月31日","112年09月27日","112年10月02日","0.10","    91.50","","",
="040449","奇鋐群益2A購01","3.36","＋","3017","奇鋐","206.00","－","認購","美式","112年03月31日","112年03月31日","112年09月27日","112年10月02日","0.08","    188.88","","",
="04044U","台積電富邦2A售10","0.00","","2330","台積電","568.00","＋","認售","歐式","112年02月06日","112年10月05日","112年10月03日","112年10月05日","0.03","    447.58","","",
="040450","嘉澤群益2A購01","2.14","－","3533","嘉澤","909.00","－","認購","美式","112年03月31日","112年03月31日","112年09月27日","112年10月02日","0.028","    1,000.00","","",
="040451","元晶群益2A購02","0.00","","6443","元晶","36.20","＋","認購","美式","112年03月31日","112年03月31日","112年09月27日","112年10月02日","0.238","    42.00","","",
="040452","愛普群益2A購03","0.00","","6531","愛普*","328.50","＋","認購","美式","112年03月31日","112年03月31日","112年10月26日","112年10月30日","0.19","    410.00","","",
="040453","力智群益2A購01","0.00","","6719","力智","303.00","＋","認購","美式","112年03月31日","112年03月31日","112年09月27日","112年10月02日","0.02","    358.00","","",
="040454","鈺齊群益2A購01","0.60","－","9802","鈺齊-KY","124.00","－","認購","美式","112年03月31日","112年03月31日","112年10月26日","112年10月30日","0.08","    158.00","","",
="040455","S&P反1凱基31購03","0.00","",="00648R","元大S&P500反1","6.93","－","認購","美式","112年03月31日","112年03月31日","113年01月26日","113年01月30日","0.84","    7.00","","",
="040456","中石化凱基2A購01","0.78","","1314","中石化","9.72","－","認購","美式","112年03月31日","112年03月31日","112年09月27日","112年10月02日","1.00","    10.00","","",
="040457","八貫凱基2A購02","0.00","","1342","八貫","126.50","＋","認購","美式","112年03月31日","112年03月31日","112年10月26日","112年10月30日","0.08","    220.00","","",
="040458","裕隆凱基2A購03","1.17","","2201","裕隆","82.80","＋","認購","美式","112年03月31日","112年03月31日","112年09月27日","112年10月02日","0.35","    103.00","","",
="040459","長榮鋼凱基2A購02","0.00","","2211","長榮鋼","60.90","＋","認購","美式","112年03月31日","112年03月31日","112年09月27日","112年10月02日","0.85","    75.00","","",
="04045P","臺股指永豐26售01","0.00","","IX0001","臺股指數","16,636.30","","認售","歐式","111年10月12日","112年06月12日","112年06月08日","112年06月12日","0.004","    12,000.00","","",
="04045U","華新元富28售05","0.00","","1605","華新","46.60","＋","認售","歐式","112年02月06日","112年08月07日","112年08月03日","112年08月07日","0.35","    47.50","","",
="040460","為升凱基2A購02","0.60","－","2231","為升","172.50","＋","認購","美式","112年03月31日","112年03月31日","112年09月27日","112年10月02日","0.10","    220.00","","",
="040461","為升凱基2B購02","0.83","","2231","為升","172.50","＋","認購","美式","112年03月31日","112年03月31日","112年11月28日","112年11月30日","0.12","    244.00","","",
="040462","國巨凱基2A購07","0.40","－","2327","國巨","508.00","＋","認購","美式","112年03月31日","112年03月31日","112年10月26日","112年10月30日","0.08","    750.00","","",
="040463","聯強凱基2A購01","1.45","＋","2347","聯強","64.40","－","認購","美式","112年03月31日","112年03月31日","112年09月27日","112年10月02日","0.55","    70.00","","",
="040464","佳世達凱基2A購01","5.05","＋","2352","佳世達","40.20","＋","認購","美式","112年03月31日","112年03月31日","112年09月27日","112年10月02日","1.00","    37.00","","",
="040465","華碩凱基2A購01","2.76","","2357","華碩","303.50","－","認購","美式","112年03月31日","112年03月31日","112年09月27日","112年10月02日","0.12","    310.00","","",
="040466","金像電凱基2A購05","2.96","－","2368","金像電","121.50","","認購","美式","112年03月31日","112年03月31日","112年09月27日","112年10月02日","0.228","    120.73","","",
="040467","微星凱基2A購01","1.51","－","2377","微星","168.00","－","認購","美式","112年03月31日","112年03月31日","112年09月27日","112年10月02日","0.22","    200.00","","",
="040468","威盛凱基31購01","0.00","","2388","威盛","83.10","＋","認購","美式","112年03月31日","112年03月31日","112年12月28日","113年01月02日","0.15","    123.00","","",
="040469","漢唐凱基2A購02","1.80","＋","2404","漢唐","227.50","＋","認購","美式","112年03月31日","112年03月31日","112年09月27日","112年10月02日","0.12","    260.00","","",
="04046U","華新元富28售06","0.00","","1605","華新","46.60","＋","認售","歐式","112年02月06日","112年08月07日","112年08月03日","112年08月07日","0.30","    52.00","","",
="040470","友達凱基2A購05","0.68","＋","2409","友達","17.65","＋","認購","美式","112年03月31日","112年03月31日","112年09月27日","112年10月02日","0.85","    20.00","","",
="040471","聯發科凱基2B購08","0.61","＋","2454","聯發科","738.00","＋","認購","美式","112年03月31日","112年03月31日","112年11月28日","112年11月30日","0.055","    1,120.00","","",
="040472","宏達電凱基2A購07","0.80","＋","2498","宏達電","61.50","＋","認購","美式","112年03月31日","112年03月31日","112年09月27日","112年10月02日","0.35","    78.00","","",
="040473","長榮凱基2B購07","0.00","","2603","長榮","157.00","＋","認購","美式","112年03月31日","112年03月31日","112年11月28日","112年11月30日","0.11","    196.00","","",
="040474","新興凱基2A購02","0.57","－","2605","新興","21.45","＋","認購","美式","112年03月31日","112年03月31日","112年09月27日","112年10月02日","0.50","    26.00","","",
="040475","中航凱基2A購01","1.47","＋","2612","中航","39.70","＋","認購","美式","112年03月31日","112年03月31日","112年10月26日","112年10月30日","0.70","    55.00","","",
="040476","奇鋐凱基2A購01","4.80","－","3017","奇鋐","206.00","－","認購","美式","112年03月31日","112年03月31日","112年09月27日","112年10月02日","0.16","    200.00","","",
="040477","緯創凱基2A購03","0.00","","3231","緯創","68.00","＋","認購","美式","112年03月31日","112年03月31日","112年09月27日","112年10月02日","1.00","    47.00","","",
="040478","承業醫凱基2A購04","1.23","＋","4164","承業醫","64.10","","認購","美式","112年03月31日","112年03月31日","112年09月27日","112年10月02日","0.15","    70.00","","",
="040479","全訊凱基2B購01","1.09","＋","5222","全訊","198.00","＋","認購","美式","112年03月31日","112年03月31日","112年11月28日","112年11月30日","0.066","    270.60","","",
="04047U","裕隆元富29售02","0.00","","2201","裕隆","82.80","＋","認售","歐式","112年02月06日","112年09月05日","112年09月01日","112年09月05日","0.17","    70.00","","",
="040480","中租凱基2A購01","0.51","","5871","中租-KY","210.50","＋","認購","美式","112年03月31日","112年03月31日","112年09月27日","112年10月02日","0.12","    280.00","","",
="040481","啟碁凱基2A購02","0.94","＋","6285","啟碁","87.50","＋","認購","美式","112年03月31日","112年03月31日","112年09月27日","112年10月02日","0.15","    95.00","","",
="040482","樺漢凱基2A購02","0.77","＋","6414","樺漢","281.00","＋","認購","美式","112年03月31日","112年03月31日","112年10月26日","112年10月30日","0.125","    370.00","","",
="040483","矽力凱基2A購02","0.47","＋","6415","矽力*-KY","394.50","＋","認購","美式","112年03月31日","112年03月31日","112年09月27日","112年10月02日","0.022","    565.00","","",
="040484","GIS凱基2A購01","0.61","","6456","GIS-KY","75.40","＋","認購","美式","112年03月31日","112年03月31日","112年09月27日","112年10月02日","0.189","    85.82","","",
="040485","AES凱基2A購02","0.00","","6781","AES-KY","690.00","＋","認購","美式","112年03月31日","112年03月31日","112年09月27日","112年10月02日","0.015","    830.00","","",
="040486","威盛元富2A購01","0.72","＋","2388","威盛","83.10","＋","認購","美式","112年03月31日","112年03月31日","112年09月27日","112年10月02日","0.07","    85.00","","",
="040487","奇鋐元富31購01","0.00","","3017","奇鋐","206.00","－","認購","美式","112年03月31日","112年03月31日","112年12月28日","113年01月02日","0.25","    170.00","","",
="040488","明泰元富31購01","1.94","","3380","明泰","37.30","＋","認購","美式","112年03月31日","112年03月31日","112年12月28日","113年01月02日","0.35","    40.00","","",
="040489","創意元富2A購01","0.00","","3443","創意","1,515.00","＋","認購","美式","112年03月31日","112年03月31日","112年09月27日","112年10月02日","0.003","    1,000.00","","",
="04048U","聯發科元富28售01","0.00","","2454","聯發科","738.00","＋","認售","歐式","112年02月06日","112年08月07日","112年08月03日","112年08月07日","0.045","    650.00","","",
="040490","緯穎元富31購01","1.27","＋","6669","緯穎","1,205.00","＋","認購","美式","112年03月31日","112年03月31日","113年01月26日","113年01月30日","0.01","    1,500.00","","",
="040491","南電元富34購01","2.03","－","8046","南電","302.50","－","認購","美式","112年03月31日","112年03月31日","113年03月28日","113年04月01日","0.06","    370.00","","",
="040492","富邦媒元富34購01","0.59","","8454","富邦媒","703.00","＋","認購","美式","112年03月31日","112年03月31日","113年03月28日","113年04月01日","0.013","    1,250.00","","",
="040493","裕隆麥證2A購02","0.00","","2201","裕隆","82.80","＋","認購","歐式","112年03月31日","112年10月02日","112年09月27日","112年10月02日","0.134","    80.00","","",
="040494","建準麥證2A購01","0.00","","2421","建準","89.00","＋","認購","歐式","112年03月31日","112年10月02日","112年09月27日","112年10月02日","0.50","    65.00","","",
="040495","緯創麥證2A購02","15.70","＋","3231","緯創","68.00","＋","認購","歐式","112年03月31日","112年10月30日","112年10月26日","112年10月30日","1.00","    55.00","","",
="040496","FBNQ2X國票2A購02","0.00","",="00670L","富邦NASDAQ正2","78.90","＋","認購","美式","112年03月31日","112年03月31日","112年09月27日","112年10月02日","0.50","    85.00","","",
="040497","東陽國票2A購01","1.86","＋","1319","東陽","49.90","＋","認購","美式","112年03月31日","112年03月31日","112年09月27日","112年10月02日","0.35","    50.00","","",
="040498","美時國票2B購03","0.00","","1795","美時","330.50","＋","認購","美式","112年03月31日","112年03月31日","112年11月28日","112年11月30日","0.03","    265.00","","",
="040499","國巨國票2A購02","0.64","","2327","國巨","508.00","＋","認購","美式","112年03月31日","112年03月31日","112年10月26日","112年10月30日","0.10","    750.00","","",
="04049U","同欣電元富28售02","0.00","","6271","同欣電","179.50","＋","認售","歐式","112年02月06日","112年08月07日","112年08月03日","112年08月07日","0.05","    210.00","","",
="040500","友訊國票2A購02","0.00","","2332","友訊","19.95","＋","認購","美式","112年03月31日","112年03月31日","112年10月26日","112年10月30日","1.00","    24.00","","",
="040501","旺宏國票2A購01","1.10","＋","2337","旺宏","33.40","＋","認購","美式","112年03月31日","112年03月31日","112年09月27日","112年10月02日","0.50","    35.00","","",
="040502","旺宏國票2A購02","0.97","","2337","旺宏","33.40","＋","認購","美式","112年03月31日","112年03月31日","112年10月26日","112年10月30日","0.75","    40.00","","",
="040503","全新國票2B購01","2.28","＋","2455","全新","100.00","","認購","美式","112年03月31日","112年03月31日","112年11月28日","112年11月30日","0.30","    130.00","","",
="040504","八方國票2A購02","0.00","","2753","八方雲集","167.00","","認購","美式","112年03月31日","112年03月31日","112年10月26日","112年10月30日","0.105","    280.00","","",
="040505","三商壽國票2B購01","0.64","＋","2867","三商壽","5.22","＋","認購","美式","112年03月31日","112年03月31日","112年11月28日","112年11月30日","1.00","    5.00","","",
="040506","奇鋐國票2A購02","4.54","＋","3017","奇鋐","206.00","－","認購","美式","112年03月31日","112年03月31日","112年10月26日","112年10月30日","0.16","    210.00","","",
="040507","創意國票2A購13","2.66","＋","3443","創意","1,515.00","＋","認購","美式","112年03月31日","112年03月31日","112年10月26日","112年10月30日","0.009","    1,440.00","","",
="040508","碩天國票2A購03","0.00","","3617","碩天","191.00","－","認購","美式","112年03月31日","112年03月31日","112年10月26日","112年10月30日","0.10","    150.00","","",
="040509","和碩國票2A購01","1.97","＋","4938","和碩","74.70","＋","認購","美式","112年03月31日","112年03月31日","112年10月26日","112年10月30日","0.60","    85.00","","",
="04050P","聯發科元大26售19","0.00","","2454","聯發科","738.00","＋","認售","歐式","111年12月07日","112年06月06日","112年06月02日","112年06月06日","0.023","    723.00","","",
="04050U","華新麥證28售01","0.00","","1605","華新","46.60","＋","認售","歐式","112年02月06日","112年08月07日","112年08月03日","112年08月07日","0.20","    51.00","","",
="040510","臻鼎國票2B購01","0.74","＋","4958","臻鼎-KY","114.50","＋","認購","美式","112年03月31日","112年03月31日","112年11月28日","112年11月30日","0.085","    125.00","","",
="040511","臻鼎國票31購01","0.80","＋","4958","臻鼎-KY","114.50","＋","認購","美式","112年03月31日","112年03月31日","112年12月28日","113年01月02日","0.25","    165.00","","",
="040512","亞翔國票2A購01","0.00","","6139","亞翔","63.80","－","認購","美式","112年03月31日","112年03月31日","112年09月27日","112年10月02日","0.35","    55.00","","",
="040513","啟碁國票2A購02","0.00","","6285","啟碁","87.50","＋","認購","美式","112年03月31日","112年03月31日","112年10月26日","112年10月30日","0.60","    125.00","","",
="040514","力智國票2A購01","0.00","","6719","力智","303.00","＋","認購","美式","112年03月31日","112年03月31日","112年10月26日","112年10月30日","0.05","    410.00","","",
="040515","力智國票2B購02","0.00","","6719","力智","303.00","＋","認購","美式","112年03月31日","112年03月31日","112年11月28日","112年11月30日","0.066","    460.00","","",
="040516","上銀國泰2B購01","0.77","＋","2049","上銀","235.50","＋","認購","美式","112年03月31日","112年03月31日","112年11月28日","112年11月30日","0.18","    345.00","","",
="040517","威盛國泰2B購04","1.20","＋","2388","威盛","83.10","＋","認購","美式","112年03月31日","112年03月31日","112年11月28日","112年11月30日","0.15","    106.00","","",
="040518","長榮航國泰2B購01","0.00","","2618","長榮航","33.60","＋","認購","美式","112年03月31日","112年03月31日","112年11月28日","112年11月30日","0.70","    30.50","","",
="040519","奇鋐國泰2B購01","4.55","－","3017","奇鋐","206.00","－","認購","美式","112年03月31日","112年03月31日","112年11月28日","112年11月30日","0.10","    177.81","","",
="04051P","聯發科元大26售20","0.36","","2454","聯發科","738.00","＋","認售","歐式","111年12月07日","112年06月06日","112年06月02日","112年06月06日","0.021","    735.00","","",
="04051U","聯電麥證2A售01","0.00","","2303","聯電","51.20","＋","認售","歐式","112年02月06日","112年10月05日","112年10月03日","112年10月05日","0.60","    45.00","","",
="040520","緯創國泰2B購01","0.00","","3231","緯創","68.00","＋","認購","美式","112年03月31日","112年03月31日","112年11月28日","112年11月30日","1.00","    49.10","","",
="040521","創意國泰2B購04","2.91","","3443","創意","1,515.00","＋","認購","美式","112年03月31日","112年03月31日","112年11月28日","112年11月30日","0.01","    1,580.00","","",
="040522","聯發科富邦2B購03","0.57","＋","2454","聯發科","738.00","＋","認購","美式","112年03月31日","112年03月31日","112年11月28日","112年11月30日","0.01","    800.00","","",
="040523","奇鋐中信2A購02","2.41","－","3017","奇鋐","206.00","－","認購","歐式","112年04月06日","112年10月05日","112年10月03日","112年10月05日","0.05","    170.00","","",
="040524","奇鋐康和2C購01","4.02","＋","3017","奇鋐","206.00","－","認購","美式","112年04月06日","112年04月06日","112年12月01日","112年12月05日","0.10","    200.00","","",
="040525","嘉澤康和2A購01","0.67","","3533","嘉澤","909.00","－","認購","美式","112年04月06日","112年04月06日","112年10月03日","112年10月05日","0.018","    1,111.00","","",
="040526","緯穎康和2A購01","1.50","＋","6669","緯穎","1,205.00","＋","認購","美式","112年04月06日","112年04月06日","112年10月03日","112年10月05日","0.011","    1,314.00","","",
="040527","奇鋐永豐2C購01","2.65","－","3017","奇鋐","206.00","－","認購","美式","112年04月06日","112年04月06日","112年12月01日","112年12月05日","0.06","    185.37","","",
="040528","FBNQ2X凱基31購01","3.30","＋",="00670L","富邦NASDAQ正2","78.90","＋","認購","美式","112年04月06日","112年04月06日","113年01月03日","113年01月05日","0.20","    75.00","","",
="040529","台塑凱基2C購01","1.49","＋","1301","台塑","93.30","－","認購","美式","112年04月06日","112年04月06日","112年12月01日","112年12月05日","0.27","    100.00","","",
="04052U","裕隆凱基28售05","0.00","","2201","裕隆","82.80","＋","認售","歐式","112年02月07日","112年08月07日","112年08月03日","112年08月07日","0.15","    75.00","","",
="040530","八貫凱基2B購01","0.40","","1342","八貫","126.50","＋","認購","美式","112年04月06日","112年04月06日","112年11月02日","112年11月06日","0.04","    160.00","","",
="040531","美時凱基2A購07","0.00","","1795","美時","330.50","＋","認購","美式","112年04月06日","112年04月06日","112年10月03日","112年10月05日","0.05","    310.00","","",
="040532","裕隆凱基2A購04","2.00","＋","2201","裕隆","82.80","＋","認購","美式","112年04月06日","112年04月06日","112年10月03日","112年10月05日","0.20","    84.00","","",
="040533","金寶凱基2B購01","0.96","＋","2312","金寶","13.50","＋","認購","美式","112年04月06日","112年04月06日","112年11月02日","112年11月06日","1.00","    15.00","","",
="040534","鴻海凱基2B購10","0.51","＋","2317","鴻海","105.50","＋","認購","美式","112年04月06日","112年04月06日","112年11月02日","112年11月06日","0.50","    142.00","","",
="040535","華邦電凱基2A購03","2.02","＋","2344","華邦電","26.90","＋","認購","美式","112年04月06日","112年04月06日","112年10月03日","112年10月05日","0.75","    27.00","","",
="040536","威盛凱基2B購04","1.08","","2388","威盛","83.10","＋","認購","美式","112年04月06日","112年04月06日","112年11月02日","112年11月06日","0.10","    89.00","","",
="040537","友達凱基2B購03","0.70","＋","2409","友達","17.65","＋","認購","美式","112年04月06日","112年04月06日","112年11月02日","112年11月06日","1.00","    21.00","","",
="040538","長榮凱基31購04","1.09","＋","2603","長榮","157.00","＋","認購","美式","112年04月06日","112年04月06日","113年01月03日","113年01月05日","0.085","    180.00","","",
="040539","富邦金凱基2A購02","1.30","＋","2881","富邦金","61.10","＋","認購","美式","112年04月06日","112年04月06日","112年10月03日","112年10月05日","1.00","    72.00","","",
="04053U","鴻海凱基28售05","0.00","","2317","鴻海","105.50","＋","認售","歐式","112年02月07日","112年08月07日","112年08月03日","112年08月07日","1.00","    77.00","","",
="040540","奇鋐凱基2A購03","4.96","＋","3017","奇鋐","206.00","－","認購","美式","112年04月06日","112年04月06日","112年10月03日","112年10月05日","0.13","    185.00","","",
="040541","建漢凱基2C購01","1.05","","3062","建漢","22.45","＋","認購","美式","112年04月06日","112年04月06日","112年12月01日","112年12月05日","0.70","    30.00","","",
="040542","玉晶光凱基2B購01","1.01","","3406","玉晶光","400.00","＋","認購","美式","112年04月06日","112年04月06日","112年11月02日","112年11月06日","0.052","    500.00","","",
="040543","和碩凱基2B購01","1.83","＋","4938","和碩","74.70","＋","認購","美式","112年04月06日","112年04月06日","112年11月02日","112年11月06日","0.60","    85.00","","",
="040544","嘉聯益凱基2C購01","1.18","","6153","嘉聯益","23.15","＋","認購","美式","112年04月06日","112年04月06日","112年12月01日","112年12月05日","0.50","    26.00","","",
="040545","康舒凱基2B購02","1.98","＋","6282","康舒","44.05","＋","認購","美式","112年04月06日","112年04月06日","112年11月02日","112年11月06日","0.207","    38.50","","",
="040546","啟碁凱基2C購02","0.00","","6285","啟碁","87.50","＋","認購","美式","112年04月06日","112年04月06日","112年12月01日","112年12月05日","0.40","    126.00","","",
="040547","愛普凱基2C購01","1.16","","6531","愛普*","328.50","＋","認購","美式","112年04月06日","112年04月06日","112年12月01日","112年12月05日","0.06","    455.00","","",
="040548","富鼎凱基2A購02","0.00","","8261","富鼎","106.50","＋","認購","美式","112年04月06日","112年04月06日","112年10月03日","112年10月05日","0.20","    145.00","","",
="040549","中砂群益2B購01","0.65","－","1560","中砂","114.50","－","認購","美式","112年04月06日","112年04月06日","112年11月02日","112年11月06日","0.12","    146.80","","",
="04054U","鴻海凱基28售06","0.28","－","2317","鴻海","105.50","＋","認售","歐式","112年02月07日","112年08月07日","112年08月03日","112年08月07日","0.30","    90.00","","",
="040550","台亞群益2A購01","0.00","","2340","台亞","36.30","＋","認購","美式","112年04月06日","112年04月06日","112年10月03日","112年10月05日","1.00","    55.00","","",
="040551","智邦群益2A購01","0.00","","2345","智邦","357.50","＋","認購","美式","112年04月06日","112年04月06日","112年10月03日","112年10月05日","0.05","    333.33","","",
="040552","萬海群益2A購01","0.00","","2615","萬海","60.00","＋","認購","美式","112年04月06日","112年04月06日","112年10月03日","112年10月05日","0.30","    80.00","","",
="040553","萬海群益2A購02","0.47","","2615","萬海","60.00","＋","認購","美式","112年04月06日","112年04月06日","112年10月03日","112年10月05日","0.60","    88.00","","",
="040554","漢翔群益2A購01","0.00","","2634","漢翔","55.80","＋","認購","美式","112年04月06日","112年04月06日","112年10月03日","112年10月05日","0.50","    48.00","","",
="040555","漢翔群益2B購01","6.45","＋","2634","漢翔","55.80","＋","認購","美式","112年04月06日","112年04月06日","112年11月02日","112年11月06日","1.00","    58.88","","",
="040556","嘉澤群益2A購02","1.59","－","3533","嘉澤","909.00","－","認購","美式","112年04月06日","112年04月06日","112年10月03日","112年10月05日","0.037","    1,111.00","","",
="040557","大聯大群益2A購01","1.71","＋","3702","大聯大","53.00","＋","認購","美式","112年04月06日","112年04月06日","112年10月03日","112年10月05日","0.70","    59.00","","",
="040558","立積群益2A購01","0.00","","4968","立積","170.00","＋","認購","美式","112年04月06日","112年04月06日","112年10月03日","112年10月05日","0.16","    138.88","","",
="040559","AES群益2B購02","2.50","＋","6781","AES-KY","690.00","＋","認購","美式","112年04月06日","112年04月06日","112年11月02日","112年11月06日","0.06","    940.00","","",
="04055P","世芯國票26售03","0.00","","3661","世芯-KY","1,660.00","＋","認售","歐式","111年10月12日","112年06月12日","112年06月08日","112年06月12日","0.015","    600.00","","",
="04055U","創意凱基28售04","0.00","","3443","創意","1,515.00","＋","認售","歐式","112年02月07日","112年08月07日","112年08月03日","112年08月07日","0.017","    620.00","","",
="040560","鈺齊群益2B購01","0.00","","9802","鈺齊-KY","124.00","－","認購","美式","112年04月06日","112年04月06日","112年11月02日","112年11月06日","0.05","    148.00","","",
="040561","新光鋼統一31購01","0.70","－","2031","新光鋼","48.80","－","認購","美式","112年04月06日","112年04月06日","113年01月03日","113年01月05日","0.088","    55.00","","",
="040562","飛宏統一2A購01","1.62","＋","2457","飛宏","76.40","＋","認購","美式","112年04月06日","112年04月06日","112年10月03日","112年10月05日","0.10","    69.60","","",
="040563","奇鋐統一34購03","1.44","－","3017","奇鋐","206.00","－","認購","美式","112年04月06日","112年04月06日","113年04月02日","113年04月08日","0.02","    188.88","","",
="040564","明泰統一2C購01","0.75","＋","3380","明泰","37.30","＋","認購","美式","112年04月06日","112年04月06日","112年12月01日","112年12月05日","0.118","    40.00","","",
="040565","創意統一32購01","0.00","","3443","創意","1,515.00","＋","認購","美式","112年04月06日","112年04月06日","113年02月01日","113年02月05日","0.003","    1,166.88","","",
="040566","健策統一32購01","1.25","＋","3653","健策","616.00","＋","認購","美式","112年04月06日","112年04月06日","113年02月01日","113年02月05日","0.008","    573.60","","",
="040567","台積電台新2A購03","0.00","","2330","台積電","568.00","＋","認購","歐式","112年04月06日","112年10月05日","112年10月03日","112年10月05日","0.03","    560.70","","",
="040568","華城元大2A購01","0.00","","1519","華城","141.00","＋","認購","美式","112年04月06日","112年04月06日","112年10月03日","112年10月05日","0.133","    76.20","","",
="040569","中砂元大2C購01","0.58","－","1560","中砂","114.50","－","認購","美式","112年04月06日","112年04月06日","112年12月01日","112年12月05日","0.09","    150.00","","",
="04056U","敦泰凱基28售02","0.00","","3545","敦泰","83.70","＋","認售","歐式","112年02月07日","112年08月07日","112年08月03日","112年08月07日","0.195","    50.00","","",
="040570","美時元大2B購07","3.66","＋","1795","美時","330.50","＋","認購","美式","112年04月06日","112年04月06日","112年11月02日","112年11月06日","0.06","    325.00","","",
="040571","聯電元大2B購05","0.78","＋","2303","聯電","51.20","＋","認購","美式","112年04月06日","112年04月06日","112年11月02日","112年11月06日","0.345","    61.80","","",
="040572","鴻海元大2B購18","0.77","＋","2317","鴻海","105.50","＋","認購","美式","112年04月06日","112年04月06日","112年11月02日","112年11月06日","0.08","    105.50","","",
="040573","鴻海元大2C購10","0.00","","2317","鴻海","105.50","＋","認購","美式","112年04月06日","112年04月06日","112年12月01日","112年12月05日","0.20","    133.50","","",
="040574","台積電元大2B購17","0.00","","2330","台積電","568.00","＋","認購","美式","112年04月06日","112年04月06日","112年11月02日","112年11月06日","0.107","    632.00","","",
="040575","台積電元大2C購03","2.58","","2330","台積電","568.00","＋","認購","美式","112年04月06日","112年04月06日","112年12月01日","112年12月05日","0.28","    786.00","","",
="040576","宏碁元大2A購02","0.00","","2353","宏碁","31.05","＋","認購","美式","112年04月06日","112年04月06日","112年10月03日","112年10月05日","0.506","    30.10","","",
="040577","英業達元大2C購01","2.35","＋","2356","英業達","37.50","＋","認購","美式","112年04月06日","112年04月06日","112年12月01日","112年12月05日","1.00","    42.00","","",
="040578","建準元大2A購01","10.80","＋","2421","建準","89.00","＋","認購","美式","112年04月06日","112年04月06日","112年10月03日","112年10月05日","0.414","    67.90","","",
="040579","建準元大2C購01","11.80","＋","2421","建準","89.00","＋","認購","美式","112年04月06日","112年04月06日","112年12月01日","112年12月05日","0.561","    77.00","","",
="04057U","天鈺凱基28售02","0.00","","4961","天鈺","154.00","＋","認售","歐式","112年02月07日","112年08月07日","112年08月03日","112年08月07日","0.069","    120.00","","",
="040580","聯發科元大2B購08","1.95","＋","2454","聯發科","738.00","＋","認購","美式","112年04月06日","112年04月06日","112年11月02日","112年11月06日","0.031","    832.00","","",
="040581","聯發科元大2C購05","1.74","＋","2454","聯發科","738.00","＋","認購","美式","112年04月06日","112年04月06日","112年12月01日","112年12月05日","0.02","    784.00","","",
="040582","聯發科元大31購01","1.52","＋","2454","聯發科","738.00","＋","認購","美式","112年04月06日","112年04月06日","113年01月03日","113年01月05日","0.035","    995.00","","",
="040583","宏達電元大2B購05","1.35","＋","2498","宏達電","61.50","＋","認購","美式","112年04月06日","112年04月06日","112年11月02日","112年11月06日","0.33","    74.00","","",
="040584","長榮元大2B購17","1.40","","2603","長榮","157.00","＋","認購","美式","112年04月06日","112年04月06日","112年11月02日","112年11月06日","0.143","    186.50","","",
="040585","長榮元大2C購09","1.41","＋","2603","長榮","157.00","＋","認購","美式","112年04月06日","112年04月06日","112年12月01日","112年12月05日","0.121","    187.50","","",
="040586","晶豪科元大2A購03","2.45","","3006","晶豪科","88.20","＋","認購","美式","112年04月06日","112年04月06日","112年10月03日","112年10月05日","0.596","    115.00","","",
="040587","大立光元大2B購05","1.17","","3008","大立光","2,305.00","＋","認購","美式","112年04月06日","112年04月06日","112年11月02日","112年11月06日","0.005","    2,460.00","","",
="040588","奇鋐元大2C購01","3.18","＋","3017","奇鋐","206.00","－","認購","美式","112年04月06日","112年04月06日","112年12月01日","112年12月05日","0.085","    200.00","","",
="040589","智原元大2B購04","0.77","＋","3035","智原","173.50","＋","認購","美式","112年04月06日","112年04月06日","112年11月02日","112年11月06日","0.053","    224.00","","",
="04058P","景碩康和26售01","0.00","","3189","景碩","116.00","＋","認售","歐式","111年10月12日","112年06月12日","112年06月08日","112年06月12日","0.10","    74.80","","",
="04058U","祥碩凱基28售01","0.00","","5269","祥碩","1,300.00","＋","認售","歐式","112年02月07日","112年08月07日","112年08月03日","112年08月07日","0.015","    800.00","","",
="040590","欣興元大2B購11","0.00","","3037","欣興","182.50","－","認購","美式","112年04月06日","112年04月06日","112年11月02日","112年11月06日","0.149","    197.50","","",
="040591","景碩元大2C購01","0.62","＋","3189","景碩","116.00","＋","認購","美式","112年04月06日","112年04月06日","112年12月01日","112年12月05日","0.061","    146.00","","",
="040592","景碩元大2C購02","0.68","＋","3189","景碩","116.00","＋","認購","美式","112年04月06日","112年04月06日","112年12月01日","112年12月05日","0.06","    137.00","","",
="040593","玉晶光元大2B購01","1.63","＋","3406","玉晶光","400.00","＋","認購","美式","112年04月06日","112年04月06日","112年11月02日","112年11月06日","0.037","    426.00","","",
="040594","台勝科元大2A購02","0.00","","3532","台勝科","157.00","＋","認購","美式","112年04月06日","112年04月06日","112年10月03日","112年10月05日","0.057","    197.00","","",
="040595","嘉澤元大2B購06","1.58","＋","3533","嘉澤","909.00","－","認購","美式","112年04月06日","112年04月06日","112年11月02日","112年11月06日","0.059","    1,350.00","","",
="040596","富采元大2A購01","0.00","","3714","富采","49.90","＋","認購","美式","112年04月06日","112年04月06日","112年10月03日","112年10月05日","0.309","    64.40","","",
="040597","新唐元大2B購01","0.40","","4919","新唐","130.50","＋","認購","美式","112年04月06日","112年04月06日","112年11月02日","112年11月06日","0.053","    170.50","","",
="040598","新唐元大2C購01","0.53","＋","4919","新唐","130.50","＋","認購","美式","112年04月06日","112年04月06日","112年12月01日","112年12月05日","0.044","    158.00","","",
="040599","帆宣元大2C購01","0.00","","6196","帆宣","131.50","","認購","美式","112年04月06日","112年04月06日","112年12月01日","112年12月05日","0.09","    164.50","","",
="04059U","矽力凱基28售02","0.00","","6415","矽力*-KY","394.50","＋","認售","歐式","112年02月07日","112年08月07日","112年08月03日","112年08月07日","0.015","    495.61","","",
="040600","緯穎元大2B購09","1.05","＋","6669","緯穎","1,205.00","＋","認購","美式","112年04月06日","112年04月06日","112年11月02日","112年11月06日","0.008","    1,400.00","","",
="040601","緯穎元大2B購10","1.15","＋","6669","緯穎","1,205.00","＋","認購","美式","112年04月06日","112年04月06日","112年11月02日","112年11月06日","0.007","    1,300.00","","",
="040602","AES元大2A購04","1.28","＋","6781","AES-KY","690.00","＋","認購","美式","112年04月06日","112年04月06日","112年10月03日","112年10月05日","0.014","    743.00","","",
="040603","AES元大2C購01","1.05","－","6781","AES-KY","690.00","＋","認購","美式","112年04月06日","112年04月06日","112年12月01日","112年12月05日","0.025","    993.00","","",
="040604","南電元大2B購11","2.23","－","8046","南電","302.50","－","認購","美式","112年04月06日","112年04月06日","112年11月02日","112年11月06日","0.045","    287.50","","",
="040605","南電元大2C購05","2.23","－","8046","南電","302.50","－","認購","美式","112年04月06日","112年04月06日","112年12月01日","112年12月05日","0.056","    326.00","","",
="040606","台達化國票2B購01","0.00","","1309","台達化","19.90","－","認購","美式","112年04月06日","112年04月06日","112年11月02日","112年11月06日","0.50","    24.00","","",
="040607","八貫國票2A購02","0.00","","1342","八貫","126.50","＋","認購","美式","112年04月06日","112年04月06日","112年10月03日","112年10月05日","0.05","    160.00","","",
="040608","八貫國票2A購03","0.00","","1342","八貫","126.50","＋","認購","美式","112年04月06日","112年04月06日","112年10月03日","112年10月05日","0.085","    220.00","","",
="040609","八貫國票2C購01","0.00","","1342","八貫","126.50","＋","認購","美式","112年04月06日","112年04月06日","112年12月01日","112年12月05日","0.05","    180.00","","",
="04060P","大立光元大26售12","0.00","","3008","大立光","2,305.00","＋","認售","歐式","111年12月07日","112年06月06日","112年06月02日","112年06月06日","0.214","    1,122.25","","",
="04060U","晶心科凱基28售04","0.86","","6533","晶心科","511.00","＋","認售","歐式","112年02月07日","112年08月07日","112年08月03日","112年08月07日","0.02","    460.00","","",
="040610","台玻國票2C購01","0.00","","1802","台玻","18.50","＋","認購","美式","112年04月06日","112年04月06日","112年12月01日","112年12月05日","1.00","    30.00","","",
="040611","長榮鋼國票2B購01","0.00","","2211","長榮鋼","60.90","＋","認購","美式","112年04月06日","112年04月06日","112年11月02日","112年11月06日","0.80","    80.00","","",
="040612","佳世達國票2B購01","4.26","＋","2352","佳世達","40.20","＋","認購","美式","112年04月06日","112年04月06日","112年11月02日","112年11月06日","1.00","    40.00","","",
="040613","群創國票2B購04","0.44","","3481","群創","14.10","＋","認購","美式","112年04月06日","112年04月06日","112年11月02日","112年11月06日","1.00","    19.00","","",
="040614","承業醫國票2B購02","0.00","","4164","承業醫","64.10","","認購","美式","112年04月06日","112年04月06日","112年11月02日","112年11月06日","0.10","    65.00","","",
="040615","元晶國票2C購02","0.00","","6443","元晶","36.20","＋","認購","美式","112年04月06日","112年04月06日","112年12月01日","112年12月05日","0.46","    52.00","","",
="040616","AES國票2A購01","1.10","＋","6781","AES-KY","690.00","＋","認購","美式","112年04月06日","112年04月06日","112年10月03日","112年10月05日","0.015","    750.00","","",
="040617","AES國票2B購01","1.06","＋","6781","AES-KY","690.00","＋","認購","美式","112年04月06日","112年04月06日","112年11月02日","112年11月06日","0.02","    850.00","","",
="040618","T50反1國泰2C購01","0.00","",="00632R","元大台灣50反1","4.94","－","認購","美式","112年04月06日","112年04月06日","112年12月01日","112年12月05日","1.00","    5.30","","",
="040619","裕隆國泰2C購01","1.87","＋","2201","裕隆","82.80","＋","認購","美式","112年04月06日","112年04月06日","112年12月01日","112年12月05日","0.20","    89.00","","",
="04061P","聯電凱基28售04","0.00","","2303","聯電","51.20","＋","認售","歐式","111年12月07日","112年08月07日","112年08月03日","112年08月07日","0.80","    38.00","","",
="04061U","台灣50國票28售06","0.00","",="0050","元大台灣50","126.75","＋","認售","歐式","112年02月07日","112年08月07日","112年08月03日","112年08月07日","0.40","    112.50","","",
="040620","金像電富邦33購01","1.70","－","2368","金像電","121.50","","認購","美式","112年04月06日","112年04月06日","113年03月01日","113年03月05日","0.052","    96.59","","",
="040621","大亞元富2A購01","2.66","＋","1609","大亞","31.00","＋","認購","美式","112年04月06日","112年04月06日","112年10月03日","112年10月05日","0.59","    30.00","","",
="040622","金寶元富34購01","0.00","","2312","金寶","13.50","＋","認購","美式","112年04月06日","112年04月06日","113年04月02日","113年04月08日","1.00","    17.00","","",
="040623","佳世達元富2A購01","6.80","＋","2352","佳世達","40.20","＋","認購","美式","112年04月06日","112年04月06日","112年10月03日","112年10月05日","1.00","    35.00","","",
="040624","佳世達元富31購01","4.92","＋","2352","佳世達","40.20","＋","認購","美式","112年04月06日","112年04月06日","113年01月03日","113年01月05日","1.00","    40.00","","",
="040625","飛宏元富2A購01","3.52","＋","2457","飛宏","76.40","＋","認購","美式","112年04月06日","112年04月06日","112年10月03日","112年10月05日","0.37","    80.00","","",
="040626","奇鋐元富31購02","4.56","＋","3017","奇鋐","206.00","－","認購","美式","112年04月06日","112年04月06日","113年01月03日","113年01月05日","0.11","    200.00","","",
="040627","創意元富31購01","1.62","＋","3443","創意","1,515.00","＋","認購","美式","112年04月06日","112年04月06日","113年01月03日","113年01月05日","0.003","    1,100.00","","",
="040628","健策元富2A購01","2.19","＋","3653","健策","616.00","＋","認購","美式","112年04月06日","112年04月06日","112年10月03日","112年10月05日","0.02","    550.00","","",
="040629","健策元富31購01","2.39","－","3653","健策","616.00","＋","認購","美式","112年04月06日","112年04月06日","113年01月03日","113年01月05日","0.02","    600.00","","",
="04062U","台灣50國票29售02","0.00","",="0050","元大台灣50","126.75","＋","認售","歐式","112年02月07日","112年09月06日","112年09月04日","112年09月06日","0.30","    115.00","","",
="040630","富采元富2A購01","0.74","＋","3714","富采","49.90","＋","認購","美式","112年04月06日","112年04月06日","112年10月03日","112年10月05日","0.31","    60.00","","",
="040631","南亞麥證2A購01","1.16","","1303","南亞","78.40","－","認購","歐式","112年04月06日","112年10月05日","112年10月03日","112年10月05日","0.30","    83.00","","",
="040632","名軒麥證2A購01","1.28","＋","1442","名軒","32.90","","認購","歐式","112年04月06日","112年10月05日","112年10月03日","112年10月05日","0.70","    38.00","","",
="040633","仁寶麥證2A購01","2.48","＋","2324","仁寶","28.15","＋","認購","歐式","112年04月06日","112年10月05日","112年10月03日","112年10月05日","1.049","    27.64","","",
="040634","華碩麥證2A購01","2.44","－","2357","華碩","303.50","－","認購","歐式","112年04月06日","112年10月05日","112年10月03日","112年10月05日","0.15","    333.00","","",
="040635","美律麥證2B購01","1.19","","2439","美律","88.60","＋","認購","歐式","112年04月06日","112年11月06日","112年11月02日","112年11月06日","0.20","    99.00","","",
="040636","可成麥證2A購01","0.95","＋","2474","可成","189.00","＋","認購","歐式","112年04月06日","112年10月05日","112年10月03日","112年10月05日","0.125","    210.00","","",
="040637","興富發麥證2A購01","1.41","－","2542","興富發","42.10","－","認購","歐式","112年04月06日","112年10月05日","112年10月03日","112年10月05日","0.60","    46.00","","",
="040638","嘉晶麥證2A購01","0.77","","3016","嘉晶","65.10","＋","認購","歐式","112年04月06日","112年10月05日","112年10月03日","112年10月05日","0.30","    85.00","","",
="040639","奇鋐麥證2A購01","3.44","－","3017","奇鋐","206.00","－","認購","歐式","112年04月06日","112年10月05日","112年10月03日","112年10月05日","0.15","    213.68","","",
="04063U","台灣50國票29售03","0.88","－",="0050","元大台灣50","126.75","＋","認售","歐式","112年02月07日","112年09月06日","112年09月04日","112年09月06日","0.30","    120.00","","",
="040640","樺漢麥證2C購01","1.09","","6414","樺漢","281.00","＋","認購","歐式","112年04月06日","112年12月05日","112年12月01日","112年12月05日","0.056","    350.00","","",
="040641","GIS麥證2B購01","0.85","＋","6456","GIS-KY","75.40","＋","認購","歐式","112年04月06日","112年11月06日","112年11月02日","112年11月06日","0.315","    95.36","","",
="040642","振樺電麥證2A購01","0.64","－","8114","振樺電","108.00","","認購","歐式","112年04月06日","112年10月05日","112年10月03日","112年10月05日","0.08","    130.00","","",
="040643","台積電法興2A購01","1.63","＋","2330","台積電","568.00","＋","認購","歐式","112年04月06日","112年10月05日","112年10月03日","112年10月05日","0.06","    620.00","","",
="040644","旺宏法興2A購01","0.56","－","2337","旺宏","33.40","＋","認購","歐式","112年04月06日","112年10月05日","112年10月03日","112年10月05日","0.50","    40.00","","",
="040645","長榮法興2A購01","0.71","＋","2603","長榮","157.00","＋","認購","歐式","112年04月06日","112年10月05日","112年10月03日","112年10月05日","0.08","    185.00","","",
="040646","富邦金法興2A購01","0.93","＋","2881","富邦金","61.10","＋","認購","歐式","112年04月06日","112年10月05日","112年10月03日","112年10月05日","0.60","    70.00","","",
="040647","嘉澤法興2A購01","0.70","－","3533","嘉澤","909.00","－","認購","歐式","112年04月06日","112年10月05日","112年10月03日","112年10月05日","0.02","    1,200.00","","",
="040648","日月光法興2A購01","0.70","－","3711","日月光投控","109.00","－","認購","歐式","112年04月06日","112年10月05日","112年10月03日","112年10月05日","0.25","    140.00","","",
="040649","台表科法興2A購01","1.02","＋","6278","台表科","100.50","＋","認購","歐式","112年04月06日","112年10月05日","112年10月03日","112年10月05日","0.15","    115.00","","",
="04064U","滬深2X國票29售03","0.00","",="00637L","元大滬深300正2","13.77","－","認售","歐式","112年02月07日","112年09月06日","112年09月04日","112年09月06日","1.00","    14.00","","",
="040650","啟碁法興2A購01","0.00","","6285","啟碁","87.50","＋","認購","歐式","112年04月06日","112年10月05日","112年10月03日","112年10月05日","0.20","    115.00","","",
="040651","力積電法興2A購01","0.00","","6770","力積電","30.85","＋","認購","歐式","112年04月06日","112年10月05日","112年10月03日","112年10月05日","0.60","    42.00","","",
="040652","南電法興2A購01","0.00","","8046","南電","302.50","－","認購","歐式","112年04月06日","112年10月05日","112年10月03日","112年10月05日","0.04","    340.00","","",
="040653","緯創中信2B購01","11.10","＋","3231","緯創","68.00","＋","認購","歐式","112年04月07日","112年11月06日","112年11月02日","112年11月06日","0.91","    60.00","","",
="040654","世芯中信32購01","2.56","＋","3661","世芯-KY","1,660.00","＋","認購","歐式","112年04月07日","113年02月15日","113年02月02日","113年02月15日","0.005","    1,380.00","","",
="040655","啟碁中信2A購01","0.00","","6285","啟碁","87.50","＋","認購","歐式","112年04月07日","112年10月06日","112年10月04日","112年10月06日","0.25","    150.00","","",
="040656","旺宏康和2A購01","0.00","","2337","旺宏","33.40","＋","認購","美式","112年04月07日","112年04月07日","112年10月04日","112年10月06日","1.00","    45.00","","",
="040657","世芯康和2A購01","2.34","＋","3661","世芯-KY","1,660.00","＋","認購","美式","112年04月07日","112年04月07日","112年10月04日","112年10月06日","0.007","    1,450.00","","",
="040658","世芯永豐31購01","1.74","＋","3661","世芯-KY","1,660.00","＋","認購","美式","112年04月07日","112年04月07日","113年01月04日","113年01月08日","0.004","    1,592.50","","",
="040659","世芯永豐32購01","2.20","＋","3661","世芯-KY","1,660.00","＋","認購","美式","112年04月07日","112年04月07日","113年02月02日","113年02月15日","0.005","    1,770.00","","",
="04065U","晶睿國票28售02","0.00","","3454","晶睿","182.50","＋","認售","歐式","112年02月07日","112年08月07日","112年08月03日","112年08月07日","0.025","    210.00","","",
="040660","中磊永豐2C購01","0.00","","5388","中磊","93.30","＋","認購","美式","112年04月07日","112年04月07日","112年12月04日","112年12月06日","0.11","    132.15","","",
="040661","啟碁永豐2B購01","0.00","","6285","啟碁","87.50","＋","認購","美式","112年04月07日","112年04月07日","112年11月02日","112年11月06日","0.079","    127.81","","",
="040662","富鼎永豐2C購01","0.00","","8261","富鼎","106.50","＋","認購","美式","112年04月07日","112年04月07日","112年12月04日","112年12月06日","0.07","    119.60","","",
="040663","緯創台新2A購01","0.00","","3231","緯創","68.00","＋","認購","歐式","112年04月07日","112年10月06日","112年10月04日","112年10月06日","0.65","    47.87","","",
="040664","長榮第一33購01","0.63","＋","2603","長榮","157.00","＋","認購","美式","112年04月07日","112年04月07日","113年03月04日","113年03月06日","0.035","    178.82","","",
="040665","欣興第一34購01","1.28","－","3037","欣興","182.50","－","認購","美式","112年04月07日","112年04月07日","113年04月02日","113年04月08日","0.025","    163.24","","",
="040666","亞泥凱基2C購01","0.00","","1102","亞泥","43.85","－","認購","美式","112年04月07日","112年04月07日","112年12月04日","112年12月06日","0.75","    50.00","","",
="040667","中化凱基2C購01","0.95","","1701","中化","25.95","＋","認購","美式","112年04月07日","112年04月07日","112年12月04日","112年12月06日","0.35","    30.00","","",
="040668","允強凱基2C購01","0.00","","2034","允強","28.65","－","認購","美式","112年04月07日","112年04月07日","112年12月04日","112年12月06日","0.70","    35.00","","",
="040669","國巨凱基2A購08","0.00","","2327","國巨","508.00","＋","認購","美式","112年04月07日","112年04月07日","112年10月04日","112年10月06日","0.065","    680.00","","",
="04066U","晶睿國票29售01","0.00","","3454","晶睿","182.50","＋","認售","歐式","112年02月07日","112年09月06日","112年09月04日","112年09月06日","0.03","    180.00","","",
="040670","華泰凱基2B購01","0.88","","2329","華泰","20.55","＋","認購","美式","112年04月07日","112年04月07日","112年11月02日","112年11月06日","0.80","    26.00","","",
="040671","宏碁凱基2A購01","1.85","＋","2353","宏碁","31.05","＋","認購","美式","112年04月07日","112年04月07日","112年10月04日","112年10月06日","1.00","    33.00","","",
="040672","微星凱基2C購01","2.01","＋","2377","微星","168.00","－","認購","美式","112年04月07日","112年04月07日","112年12月04日","112年12月06日","0.10","    170.00","","",
="040673","威盛凱基2B購05","0.00","","2388","威盛","83.10","＋","認購","美式","112年04月07日","112年04月07日","112年11月02日","112年11月06日","0.125","    113.00","","",
="040674","全新凱基2A購01","1.95","－","2455","全新","100.00","","認購","美式","112年04月07日","112年04月07日","112年10月04日","112年10月06日","0.155","    100.00","","",
="040675","興富發凱基2C購01","2.73","","2542","興富發","42.10","－","認購","美式","112年04月07日","112年04月07日","112年12月04日","112年12月06日","0.85","    50.00","","",
="040676","漢翔凱基2B購04","0.00","","2634","漢翔","55.80","＋","認購","美式","112年04月07日","112年04月07日","112年11月02日","112年11月06日","0.425","    49.00","","",
="040677","嘉晶凱基2C購01","0.84","＋","3016","嘉晶","65.10","＋","認購","美式","112年04月07日","112年04月07日","112年12月04日","112年12月06日","0.22","    85.00","","",
="040678","緯創凱基31購01","0.00","","3231","緯創","68.00","＋","認購","美式","112年04月07日","112年04月07日","113年01月04日","113年01月08日","1.00","    60.00","","",
="040679","世芯凱基2A購06","2.89","＋","3661","世芯-KY","1,660.00","＋","認購","美式","112年04月07日","112年04月07日","112年10月04日","112年10月06日","0.008","    1,600.00","","",
="04067U","日月光國票29售01","0.26","","3711","日月光投控","109.00","－","認售","歐式","112年02月07日","112年09月06日","112年09月04日","112年09月06日","0.10","    90.00","","",
="040680","世芯凱基2A購07","2.59","","3661","世芯-KY","1,660.00","＋","認購","美式","112年04月07日","112年04月07日","112年10月04日","112年10月06日","0.007","    1,430.00","","",
="040681","世芯凱基2B購03","2.20","＋","3661","世芯-KY","1,660.00","＋","認購","美式","112年04月07日","112年04月07日","112年11月02日","112年11月06日","0.008","    1,700.00","","",
="040682","世芯凱基2B購04","2.14","＋","3661","世芯-KY","1,660.00","＋","認購","美式","112年04月07日","112年04月07日","112年11月02日","112年11月06日","0.005","    1,330.00","","",
="040683","世芯凱基32購01","2.55","＋","3661","世芯-KY","1,660.00","＋","認購","美式","112年04月07日","112年04月07日","113年02月02日","113年02月15日","0.006","    1,530.00","","",
="040684","大聯大凱基2C購01","1.47","＋","3702","大聯大","53.00","＋","認購","美式","112年04月07日","112年04月07日","112年12月04日","112年12月06日","0.85","    65.00","","",
="040685","承業醫凱基2A購05","0.00","","4164","承業醫","64.10","","認購","美式","112年04月07日","112年04月07日","112年10月04日","112年10月06日","0.22","    82.00","","",
="040686","智伸科凱基2C購01","0.56","","4551","智伸科","129.00","－","認購","美式","112年04月07日","112年04月07日","112年12月04日","112年12月06日","0.08","    175.00","","",
="040687","瑞儀凱基2C購01","1.20","－","6176","瑞儀","120.00","＋","認購","美式","112年04月07日","112年04月07日","112年12月04日","112年12月06日","0.09","    130.00","","",
="040688","啟碁凱基2B購01","0.22","＋","6285","啟碁","87.50","＋","認購","美式","112年04月07日","112年04月07日","112年11月02日","112年11月06日","0.065","    112.00","","",
="040689","啟碁凱基2C購03","0.16","＋","6285","啟碁","87.50","＋","認購","美式","112年04月07日","112年04月07日","112年12月04日","112年12月06日","0.16","    150.00","","",
="04068P","東鹼凱基26售01","0.00","","1708","東鹼","36.40","＋","認售","歐式","111年10月12日","112年06月12日","112年06月08日","112年06月12日","0.44","    30.00","","",
="04068U","立積國票29售01","0.20","－","4968","立積","170.00","＋","認售","歐式","112年02月07日","112年09月06日","112年09月04日","112年09月06日","0.08","    95.00","","",
="040690","愛普凱基2C購02","1.12","＋","6531","愛普*","328.50","＋","認購","美式","112年04月07日","112年04月07日","112年12月04日","112年12月06日","0.06","    465.00","","",
="040691","緯穎凱基2C購01","0.84","＋","6669","緯穎","1,205.00","＋","認購","美式","112年04月07日","112年04月07日","112年12月04日","112年12月06日","0.009","    1,690.00","","",
="040692","力智凱基2B購02","0.46","＋","6719","力智","303.00","＋","認購","美式","112年04月07日","112年04月07日","112年11月02日","112年11月06日","0.016","    340.00","","",
="040693","南茂凱基2C購01","1.70","＋","8150","南茂","39.55","＋","認購","美式","112年04月07日","112年04月07日","112年12月04日","112年12月06日","1.00","    54.00","","",
="040694","大亞兆豐2C購01","1.82","＋","1609","大亞","31.00","＋","認購","美式","112年04月07日","112年04月07日","112年12月04日","112年12月06日","0.35","    28.80","","",
="040695","健策兆豐2C購02","2.71","＋","3653","健策","616.00","＋","認購","美式","112年04月07日","112年04月07日","112年12月04日","112年12月06日","0.025","    580.00","","",
="040696","啟碁兆豐31購01","0.00","","6285","啟碁","87.50","＋","認購","美式","112年04月07日","112年04月07日","113年01月04日","113年01月08日","0.10","    130.00","","",
="040697","美時群益31購01","5.90","＋","1795","美時","330.50","＋","認購","美式","112年04月07日","112年04月07日","113年01月04日","113年01月08日","0.10","    340.00","","",
="040698","鴻海群益2B購02","1.16","＋","2317","鴻海","105.50","＋","認購","美式","112年04月07日","112年04月07日","112年11月02日","112年11月06日","0.60","    135.00","","",
="040699","華碩群益2A購03","2.35","","2357","華碩","303.50","－","認購","美式","112年04月07日","112年04月07日","112年10月04日","112年10月06日","0.25","    350.00","","",
="04069P","寶齡凱基28售02","0.00","","1760","寶齡富錦","148.50","","認售","歐式","111年10月12日","112年08月11日","112年08月09日","112年08月11日","0.07","    110.00","","",
="04069U","世紀鋼國票28售02","0.38","－","9958","世紀鋼","109.50","＋","認售","歐式","112年02月07日","112年08月07日","112年08月03日","112年08月07日","0.07","    100.00","","",
="040700","微星群益2C購01","1.53","－","2377","微星","168.00","－","認購","美式","112年04月07日","112年04月07日","112年12月04日","112年12月06日","0.10","    210.00","","",
="040701","潤泰全群益2C購01","1.74","","2915","潤泰全","56.40","＋","認購","美式","112年04月07日","112年04月07日","112年12月04日","112年12月06日","0.50","    80.00","","",
="040702","力成群益2C購01","1.04","＋","6239","力成","98.70","＋","認購","美式","112年04月07日","112年04月07日","112年12月04日","112年12月06日","0.10","    130.00","","",
="040703","大亞統一2A購04","0.00","","1609","大亞","31.00","＋","認購","美式","112年04月07日","112年04月07日","112年10月04日","112年10月06日","0.30","    31.80","","",
="040704","裕隆統一2C購02","1.17","","2201","裕隆","82.80","＋","認購","美式","112年04月07日","112年04月07日","112年12月04日","112年12月06日","0.075","    80.00","","",
="040705","宏碁統一32購01","0.85","＋","2353","宏碁","31.05","＋","認購","美式","112年04月07日","112年04月07日","113年02月02日","113年02月15日","0.25","    33.90","","",
="040706","微星統一2C購01","1.34","－","2377","微星","168.00","－","認購","美式","112年04月07日","112年04月07日","112年12月04日","112年12月06日","0.05","    168.00","","",
="040707","台光電統一32購01","0.98","＋","2383","台光電","204.50","＋","認購","美式","112年04月07日","112年04月07日","113年02月02日","113年02月15日","0.03","    216.30","","",
="040708","南亞科統一2B購01","0.72","＋","2408","南亞科","71.20","－","認購","美式","112年04月07日","112年04月07日","112年11月02日","112年11月06日","0.085","    77.00","","",
="040709","南亞科統一32購01","0.86","＋","2408","南亞科","71.20","－","認購","美式","112年04月07日","112年04月07日","113年02月02日","113年02月15日","0.065","    80.88","","",
="04070U","臺股指國票28售12","0.37","－","IX0001","臺股指數","16,636.30","","認售","歐式","112年02月07日","112年08月07日","112年08月03日","112年08月07日","0.002","    15,000.00","","",
="040710","全新統一32購01","0.76","－","2455","全新","100.00","","認購","美式","112年04月07日","112年04月07日","113年02月02日","113年02月15日","0.04","    112.00","","",
="040711","世芯統一2C購04","1.35","＋","3661","世芯-KY","1,660.00","＋","認購","美式","112年04月07日","112年04月07日","112年12月04日","112年12月06日","0.003","    1,457.70","","",
="040712","世芯統一2C購05","0.00","","3661","世芯-KY","1,660.00","＋","認購","美式","112年04月07日","112年04月07日","112年12月04日","112年12月06日","0.003","    1,323.00","","",
="040713","世芯統一31購03","1.61","＋","3661","世芯-KY","1,660.00","＋","認購","美式","112年04月07日","112年04月07日","113年01月04日","113年01月08日","0.003","    1,408.70","","",
="040714","世芯統一32購04","1.19","＋","3661","世芯-KY","1,660.00","＋","認購","美式","112年04月07日","112年04月07日","113年02月02日","113年02月15日","0.002","    1,400.00","","",
="040715","世芯統一32購05","2.72","","3661","世芯-KY","1,660.00","＋","認購","美式","112年04月07日","112年04月07日","113年02月02日","113年02月15日","0.006","    1,592.50","","",
="040716","世芯統一32購06","0.00","","3661","世芯-KY","1,660.00","＋","認購","美式","112年04月07日","112年04月07日","113年02月02日","113年02月15日","0.004","    1,588.88","","",
="040717","世芯統一36購01","1.23","＋","3661","世芯-KY","1,660.00","＋","認購","美式","112年04月07日","112年04月07日","113年06月04日","113年06月06日","0.002","    1,688.88","","",
="040718","世芯統一36購02","1.87","＋","3661","世芯-KY","1,660.00","＋","認購","美式","112年04月07日","112年04月07日","113年06月04日","113年06月06日","0.002","    888.88","","",
="040719","富采統一32購01","0.46","＋","3714","富采","49.90","＋","認購","美式","112年04月07日","112年04月07日","113年02月02日","113年02月15日","0.08","    63.30","","",
="04071U","創意統一29售02","0.17","－","3443","創意","1,515.00","＋","認售","歐式","112年02月07日","112年09月06日","112年09月04日","112年09月06日","0.012","    777.77","","",
="040720","啟碁統一32購01","0.39","","6285","啟碁","87.50","＋","認購","美式","112年04月07日","112年04月07日","113年02月02日","113年02月15日","0.032","    128.88","","",
="040721","樺漢統一33購02","0.85","＋","6414","樺漢","281.00","＋","認購","美式","112年04月07日","112年04月07日","113年03月04日","113年03月06日","0.016","    317.40","","",
="040722","矽力統一2A購01","0.38","＋","6415","矽力*-KY","394.50","＋","認購","美式","112年04月07日","112年04月07日","112年10月04日","112年10月06日","0.013","    525.00","","",
="040723","T50反1元富34購01","0.00","",="00632R","元大台灣50反1","4.94","－","認購","美式","112年04月07日","112年04月07日","113年04月02日","113年04月08日","1.00","    5.00","","",
="040724","聚陽元富2A購01","0.00","","1477","聚陽","219.00","＋","認購","美式","112年04月07日","112年04月07日","112年10月04日","112年10月06日","0.10","    270.00","","",
="040725","為升元富31購01","0.83","","2231","為升","172.50","＋","認購","美式","112年04月07日","112年04月07日","113年01月04日","113年01月08日","0.048","    225.00","","",
="040726","精英元富2A購01","3.02","＋","2331","精英","28.70","＋","認購","美式","112年04月07日","112年04月07日","112年10月04日","112年10月06日","0.50","    25.00","","",
="040727","精英元富31購01","2.34","＋","2331","精英","28.70","＋","認購","美式","112年04月07日","112年04月07日","113年01月04日","113年01月08日","0.50","    30.00","","",
="040728","南亞科元富2C購02","7.25","－","2408","南亞科","71.20","－","認購","美式","112年04月07日","112年04月07日","112年12月04日","112年12月06日","1.00","    75.00","","",
="040729","晶豪科元富31購01","2.59","","3006","晶豪科","88.20","＋","認購","美式","112年04月07日","112年04月07日","113年01月04日","113年01月08日","0.247","    105.00","","",
="04072U","創意國泰2A售03","0.11","－","3443","創意","1,515.00","＋","認售","歐式","112年02月07日","112年10月06日","112年10月04日","112年10月06日","0.015","    670.00","","",
="040730","大立光元富34購01","2.08","＋","3008","大立光","2,305.00","＋","認購","美式","112年04月07日","112年04月07日","113年04月02日","113年04月08日","0.007","    2,500.00","","",
="040731","群創元富2A購01","0.55","＋","3481","群創","14.10","＋","認購","美式","112年04月07日","112年04月07日","112年10月04日","112年10月06日","1.00","    17.50","","",
="040732","世芯元富2A購01","4.90","＋","3661","世芯-KY","1,660.00","＋","認購","美式","112年04月07日","112年04月07日","112年10月04日","112年10月06日","0.023","    1,770.00","","",
="040733","啟碁元富31購01","0.37","＋","6285","啟碁","87.50","＋","認購","美式","112年04月07日","112年04月07日","113年01月04日","113年01月08日","0.15","    130.00","","",
="040734","台塑麥證2A購02","1.41","－","1301","台塑","93.30","－","認購","歐式","112年04月07日","112年10月06日","112年10月04日","112年10月06日","0.23","    97.00","","",
="040735","中興電麥證2A購01","0.00","","1513","中興電","113.50","＋","認購","歐式","112年04月07日","112年10月06日","112年10月04日","112年10月06日","0.092","    99.00","","",
="040736","華碩麥證31購01","2.36","－","2357","華碩","303.50","－","認購","歐式","112年04月07日","113年01月08日","113年01月04日","113年01月08日","0.08","    350.00","","",
="040737","緯創麥證2C購01","6.20","＋","3231","緯創","68.00","＋","認購","歐式","112年04月07日","112年12月06日","112年12月04日","112年12月06日","0.20","    40.00","","",
="040738","和碩麥證2B購01","2.54","＋","4938","和碩","74.70","＋","認購","歐式","112年04月07日","112年11月06日","112年11月02日","112年11月06日","0.41","    75.00","","",
="040739","台郡麥證2B購01","1.03","＋","6269","台郡","99.00","＋","認購","歐式","112年04月07日","112年11月06日","112年11月02日","112年11月06日","0.15","    110.00","","",
="04073U","創意國泰2A售04","0.00","","3443","創意","1,515.00","＋","認售","歐式","112年02月07日","112年10月06日","112年10月04日","112年10月06日","0.015","    620.00","","",
="040740","穎崴麥證2A購01","2.85","－","6515","穎崴","830.00","－","認購","歐式","112年04月07日","112年10月06日","112年10月04日","112年10月06日","0.03","    900.00","","",
="040741","中化國票2A購01","0.00","","1701","中化","25.95","＋","認購","美式","112年04月07日","112年04月07日","112年10月04日","112年10月06日","0.50","    30.00","","",
="040742","飛宏國票2B購01","3.28","＋","2457","飛宏","76.40","＋","認購","美式","112年04月07日","112年04月07日","112年11月02日","112年11月06日","0.30","    75.00","","",
="040743","美食國票2B購01","0.00","","2723","美食-KY","152.50","－","認購","美式","112年04月07日","112年04月07日","112年11月02日","112年11月06日","0.048","    160.00","","",
="040744","智原國票2B購01","0.00","","3035","智原","173.50","＋","認購","美式","112年04月07日","112年04月07日","112年11月02日","112年11月06日","0.142","    280.00","","",
="040745","晶睿國票2C購01","0.00","","3454","晶睿","182.50","＋","認購","美式","112年04月07日","112年04月07日","112年12月04日","112年12月06日","0.077","    350.00","","",
="040746","世芯國票2A購05","3.64","＋","3661","世芯-KY","1,660.00","＋","認購","美式","112年04月07日","112年04月07日","112年10月04日","112年10月06日","0.01","    1,450.00","","",
="040747","世芯國票2B購07","3.07","＋","3661","世芯-KY","1,660.00","＋","認購","美式","112年04月07日","112年04月07日","112年11月02日","112年11月06日","0.01","    1,600.00","","",
="040748","世芯國票2C購04","3.60","＋","3661","世芯-KY","1,660.00","＋","認購","美式","112年04月07日","112年04月07日","112年12月04日","112年12月06日","0.012","    1,700.00","","",
="040749","乙盛國票2B購01","4.71","＋","5243","乙盛-KY","83.70","＋","認購","美式","112年04月07日","112年04月07日","112年11月02日","112年11月06日","0.70","    99.00","","",
="04074P","南亞科凱基29售01","0.00","","2408","南亞科","71.20","－","認售","歐式","111年10月12日","112年09月11日","112年09月07日","112年09月11日","1.00","    28.00","","",
="04074U","美費半群益2A售01","0.43","",="00830","國泰費城半導體","31.65","＋","認售","歐式","112年02月07日","112年10月06日","112年10月04日","112年10月06日","0.55","    24.00","","",
="040750","中磊國票2B購01","1.96","＋","5388","中磊","93.30","＋","認購","美式","112年04月07日","112年04月07日","112年11月02日","112年11月06日","0.63","    133.32","","",
="040751","世芯國泰2C購01","3.61","＋","3661","世芯-KY","1,660.00","＋","認購","美式","112年04月07日","112年04月07日","112年12月04日","112年12月06日","0.01","    1,550.00","","",
="040752","元晶國泰2C購01","0.64","","6443","元晶","36.20","＋","認購","美式","112年04月07日","112年04月07日","112年12月04日","112年12月06日","0.50","    48.83","","",
="040753","滬深2X元大2B購05","0.59","＋",="00637L","元大滬深300正2","13.77","－","認購","美式","112年04月07日","112年04月07日","112年11月02日","112年11月06日","0.70","    17.00","","",
="040754","東陽元大2A購02","1.75","＋","1319","東陽","49.90","＋","認購","美式","112年04月07日","112年04月07日","112年10月04日","112年10月06日","0.37","    53.70","","",
="040755","新光鋼元大2A購01","0.00","","2031","新光鋼","48.80","－","認購","美式","112年04月07日","112年04月07日","112年10月04日","112年10月06日","0.344","    50.10","","",
="040756","裕隆元大2B購02","0.00","","2201","裕隆","82.80","＋","認購","美式","112年04月07日","112年04月07日","112年11月02日","112年11月06日","0.137","    78.80","","",
="040757","聯電元大2B購06","0.00","","2303","聯電","51.20","＋","認購","美式","112年04月07日","112年04月07日","112年11月02日","112年11月06日","0.877","    76.20","","",
="040758","台積電元大2B購18","2.92","－","2330","台積電","568.00","＋","認購","美式","112年04月07日","112年04月07日","112年11月02日","112年11月06日","0.175","    695.00","","",
="040759","台積電元大2C購04","0.00","","2330","台積電","568.00","＋","認購","美式","112年04月07日","112年04月07日","112年12月04日","112年12月06日","0.122","    698.00","","",
="04075P","宏達電凱基27售01","0.00","","2498","宏達電","61.50","＋","認售","歐式","111年10月12日","112年07月11日","112年07月07日","112年07月11日","0.70","    28.00","","",
="04075U","華新科群益29售01","0.67","－","2492","華新科","101.00","＋","認售","歐式","112年02月07日","112年09月06日","112年09月04日","112年09月06日","0.30","    72.80","","",
="040760","台亞元大2A購02","0.00","","2340","台亞","36.30","＋","認購","美式","112年04月07日","112年04月07日","112年10月04日","112年10月06日","0.542","    47.95","","",
="040761","宏碁元大2B購01","0.00","","2353","宏碁","31.05","＋","認購","美式","112年04月07日","112年04月07日","112年11月02日","112年11月06日","1.00","    36.70","","",
="040762","友達元大2B購07","0.00","","2409","友達","17.65","＋","認購","美式","112年04月07日","112年04月07日","112年11月02日","112年11月06日","1.00","    25.65","","",
="040763","宏達電元大2B購06","1.42","＋","2498","宏達電","61.50","＋","認購","美式","112年04月07日","112年04月07日","112年11月02日","112年11月06日","0.277","    72.30","","",
="040764","晶豪科元大2A購04","2.51","＋","3006","晶豪科","88.20","＋","認購","美式","112年04月07日","112年04月07日","112年10月04日","112年10月06日","0.215","    88.60","","",
="040765","奇鋐元大2A購03","2.69","＋","3017","奇鋐","206.00","－","認購","美式","112年04月07日","112年04月07日","112年10月04日","112年10月06日","0.072","    187.00","","",
="040766","奇鋐元大2C購02","3.02","＋","3017","奇鋐","206.00","－","認購","美式","112年04月07日","112年04月07日","112年12月04日","112年12月06日","0.091","    210.00","","",
="040767","欣興元大2B購12","0.00","","3037","欣興","182.50","－","認購","美式","112年04月07日","112年04月07日","112年11月02日","112年11月06日","0.158","    212.50","","",
="040768","景碩元大2C購03","0.00","","3189","景碩","116.00","＋","認購","美式","112年04月07日","112年04月07日","112年12月04日","112年12月06日","0.10","    166.00","","",
="040769","景碩元大2C購04","0.74","＋","3189","景碩","116.00","＋","認購","美式","112年04月07日","112年04月07日","112年12月04日","112年12月06日","0.075","    143.00","","",
="04076U","晶睿群益28售02","0.00","","3454","晶睿","182.50","＋","認售","歐式","112年02月07日","112年08月07日","112年08月03日","112年08月07日","0.08","    168.88","","",
="040770","緯創元大2B購02","0.00","","3231","緯創","68.00","＋","認購","美式","112年04月07日","112年04月07日","112年11月02日","112年11月06日","0.436","    43.75","","",
="040771","緯創元大2C購01","0.00","","3231","緯創","68.00","＋","認購","美式","112年04月07日","112年04月07日","112年12月04日","112年12月06日","0.618","    48.60","","",
="040772","玉晶光元大2B購02","0.91","＋","3406","玉晶光","400.00","＋","認購","美式","112年04月07日","112年04月07日","112年11月02日","112年11月06日","0.023","    439.50","","",
="040773","世芯元大2A購09","3.00","＋","3661","世芯-KY","1,660.00","＋","認購","美式","112年04月07日","112年04月07日","112年10月04日","112年10月06日","0.008","    1,500.00","","",
="040774","世芯元大2B購01","3.22","＋","3661","世芯-KY","1,660.00","＋","認購","美式","112年04月07日","112年04月07日","112年11月02日","112年11月06日","0.007","    1,400.00","","",
="040775","世芯元大2B購02","2.90","","3661","世芯-KY","1,660.00","＋","認購","美式","112年04月07日","112年04月07日","112年11月02日","112年11月06日","0.006","    1,300.00","","",
="040776","大聯大元大2A購02","0.00","","3702","大聯大","53.00","＋","認購","美式","112年04月07日","112年04月07日","112年10月04日","112年10月06日","0.50","    54.80","","",
="040777","日月光元大2C購01","0.52","－","3711","日月光投控","109.00","－","認購","美式","112年04月07日","112年04月07日","112年12月04日","112年12月06日","0.08","    135.00","","",
="040778","和碩元大2A購01","1.14","＋","4938","和碩","74.70","＋","認購","美式","112年04月07日","112年04月07日","112年10月04日","112年10月06日","0.64","    90.80","","",
="040779","臻鼎元大2A購01","0.66","","4958","臻鼎-KY","114.50","＋","認購","美式","112年04月07日","112年04月07日","112年10月04日","112年10月06日","0.10","    127.00","","",
="04077U","世芯群益28售02","0.00","","3661","世芯-KY","1,660.00","＋","認售","歐式","112年02月07日","112年08月07日","112年08月03日","112年08月07日","0.025","    588.00","","",
="040780","乙盛元大2A購01","2.89","＋","5243","乙盛-KY","83.70","＋","認購","美式","112年04月07日","112年04月07日","112年10月04日","112年10月06日","0.241","    79.00","","",
="040781","乙盛元大2C購01","3.91","＋","5243","乙盛-KY","83.70","＋","認購","美式","112年04月07日","112年04月07日","112年12月04日","112年12月06日","0.369","    85.60","","",
="040782","啟碁元大2B購02","0.57","＋","6285","啟碁","87.50","＋","認購","美式","112年04月07日","112年04月07日","112年11月02日","112年11月06日","0.199","    116.00","","",
="040783","GIS元大2A購01","0.64","","6456","GIS-KY","75.40","＋","認購","美式","112年04月07日","112年04月07日","112年10月04日","112年10月06日","0.169","    86.68","","",
="040784","愛普元大2B購02","1.37","＋","6531","愛普*","328.50","＋","認購","美式","112年04月07日","112年04月07日","112年11月02日","112年11月06日","0.049","    452.50","","",
="040785","緯穎元大2C購01","0.89","＋","6669","緯穎","1,205.00","＋","認購","美式","112年04月07日","112年04月07日","112年12月04日","112年12月06日","0.005","    1,350.00","","",
="040786","緯穎元大2C購02","0.88","＋","6669","緯穎","1,205.00","＋","認購","美式","112年04月07日","112年04月07日","112年12月04日","112年12月06日","0.004","    1,200.00","","",
="040787","威鋒電元大2A購01","0.00","","6756","威鋒電子","223.00","＋","認購","美式","112年04月07日","112年04月07日","112年10月04日","112年10月06日","0.071","    306.41","","",
="040788","威鋒電元大2C購01","0.00","","6756","威鋒電子","223.00","＋","認購","美式","112年04月07日","112年04月07日","112年12月04日","112年12月06日","0.072","    329.17","","",
="040789","AES元大2B購02","1.15","＋","6781","AES-KY","690.00","＋","認購","美式","112年04月07日","112年04月07日","112年11月02日","112年11月06日","0.012","    768.00","","",
="04078U","威鋒電群益28售01","0.00","","6756","威鋒電子","223.00","＋","認售","歐式","112年02月07日","112年08月07日","112年08月03日","112年08月07日","0.052","    169.42","","",
="040790","南電元大2B購12","0.00","","8046","南電","302.50","－","認購","美式","112年04月07日","112年04月07日","112年11月02日","112年11月06日","0.129","    412.50","","",
="040791","世紀鋼元大2A購03","2.13","＋","9958","世紀鋼","109.50","＋","認購","美式","112年04月07日","112年04月07日","112年10月04日","112年10月06日","0.147","    109.50","","",
="040792","華邦電中信2A購01","0.00","","2344","華邦電","26.90","＋","認購","歐式","112年04月10日","112年10月11日","112年10月05日","112年10月11日","0.50","    38.88","","",
="040793","佳世達中信2C購01","3.99","＋","2352","佳世達","40.20","＋","認購","歐式","112年04月10日","112年12月11日","112年12月07日","112年12月11日","1.00","    45.00","","",
="040794","飛宏康和2A購01","2.70","＋","2457","飛宏","76.40","＋","認購","美式","112年04月10日","112年04月10日","112年10月05日","112年10月11日","0.26","    75.00","","",
="040795","陽明康和2A購01","0.67","＋","2609","陽明","62.00","＋","認購","美式","112年04月10日","112年04月10日","112年10月05日","112年10月11日","0.40","    80.00","","",
="040796","中磊康和2A購01","0.66","＋","5388","中磊","93.30","＋","認購","美式","112年04月10日","112年04月10日","112年10月05日","112年10月11日","0.21","    114.27","","",
="040797","啟碁康和2C購01","0.42","","6285","啟碁","87.50","＋","認購","美式","112年04月10日","112年04月10日","112年12月07日","112年12月11日","0.10","    125.00","","",
="040798","乙盛國票2B購02","4.50","＋","5243","乙盛-KY","83.70","＋","認購","美式","112年04月10日","112年04月10日","112年11月07日","112年11月09日","0.394","    86.00","","",
="040799","力成國票2B購01","1.55","＋","6239","力成","98.70","＋","認購","美式","112年04月10日","112年04月10日","112年11月07日","112年11月09日","0.30","    120.00","","",
="04079P","上緯控凱基27售01","0.17","－","3708","上緯投控","96.50","－","認售","歐式","111年10月12日","112年07月11日","112年07月07日","112年07月11日","0.16","    70.00","","",
="04079U","臺股指群益2A售09","0.00","","IX0001","臺股指數","16,636.30","","認售","歐式","112年02月07日","112年10月06日","112年10月04日","112年10月06日","0.002","    14,000.00","","",
="040800","穎崴國票2B購01","2.61","－","6515","穎崴","830.00","－","認購","美式","112年04月10日","112年04月10日","112年11月07日","112年11月09日","0.04","    1,070.00","","",
="040801","南茂國票2B購01","0.67","＋","8150","南茂","39.55","＋","認購","美式","112年04月10日","112年04月10日","112年11月07日","112年11月09日","1.00","    55.00","","",
="040802","光罩國泰2C購01","0.00","","2338","光罩","81.80","＋","認購","美式","112年04月10日","112年04月10日","112年12月07日","112年12月11日","0.20","    116.25","","",
="040803","聯發科國泰2C購01","0.91","＋","2454","聯發科","738.00","＋","認購","美式","112年04月10日","112年04月10日","112年12月07日","112年12月11日","0.025","    900.00","","",
="040804","長榮國泰2C購01","0.65","＋","2603","長榮","157.00","＋","認購","美式","112年04月10日","112年04月10日","112年12月07日","112年12月11日","0.15","    217.01","","",
="040805","長榮國泰2C購02","0.76","＋","2603","長榮","157.00","＋","認購","美式","112年04月10日","112年04月10日","112年12月07日","112年12月11日","0.08","    184.86","","",
="040806","微星富邦2C購01","1.20","－","2377","微星","168.00","－","認購","美式","112年04月10日","112年04月10日","112年12月07日","112年12月11日","0.035","    145.00","","",
="040807","全新富邦2A購01","1.10","＋","2455","全新","100.00","","認購","美式","112年04月10日","112年04月10日","112年10月05日","112年10月11日","0.10","    110.00","","",
="040808","南電富邦31購01","0.00","","8046","南電","302.50","－","認購","美式","112年04月10日","112年04月10日","113年01月05日","113年01月09日","0.03","    380.00","","",
="040809","SGBR2X統一2C購04","0.00","",="00715L","期街口布蘭特正2","12.73","＋","認購","美式","112年04月10日","112年04月10日","112年12月07日","112年12月11日","0.30","    18.88","","",
="04080U","臺股指群益2A售10","0.00","","IX0001","臺股指數","16,636.30","","認售","歐式","112年02月07日","112年10月06日","112年10月04日","112年10月06日","0.002","    14,700.00","","",
="040810","為升統一32購01","0.00","","2231","為升","172.50","＋","認購","美式","112年04月10日","112年04月10日","113年02月02日","113年02月15日","0.02","    256.66","","",
="040811","華泰統一32購01","0.59","＋","2329","華泰","20.55","＋","認購","美式","112年04月10日","112年04月10日","113年02月02日","113年02月15日","0.22","    25.00","","",
="040812","華邦電統一2B購01","0.73","","2344","華邦電","26.90","＋","認購","美式","112年04月10日","112年04月10日","112年11月07日","112年11月09日","0.20","    28.90","","",
="040813","正崴統一34購01","0.00","","2392","正崴","40.30","＋","認購","美式","112年04月10日","112年04月10日","113年04月03日","113年04月09日","0.077","    56.66","","",
="040814","長榮統一2C購05","0.55","＋","2603","長榮","157.00","＋","認購","美式","112年04月10日","112年04月10日","112年12月07日","112年12月11日","0.025","    151.68","","",
="040815","萬海統一2C購02","0.00","","2615","萬海","60.00","＋","認購","美式","112年04月10日","112年04月10日","112年12月07日","112年12月11日","0.08","    68.88","","",
="040816","緯創統一2A購02","6.50","＋","3231","緯創","68.00","＋","認購","美式","112年04月10日","112年04月10日","112年10月05日","112年10月11日","0.30","    48.30","","",
="040817","嘉澤統一32購01","0.70","－","3533","嘉澤","909.00","－","認購","美式","112年04月10日","112年04月10日","113年02月02日","113年02月15日","0.005","    1,096.80","","",
="040818","世芯統一31購04","0.00","","3661","世芯-KY","1,660.00","＋","認購","美式","112年04月10日","112年04月10日","113年01月05日","113年01月09日","0.003","    1,451.68","","",
="040819","中磊統一32購01","0.71","＋","5388","中磊","93.30","＋","認購","美式","112年04月10日","112年04月10日","113年02月02日","113年02月15日","0.053","    108.56","","",
="04081P","臺股指麥證29售03","0.00","","IX0001","臺股指數","16,636.30","","認售","歐式","111年10月12日","112年09月11日","112年09月07日","112年09月11日","0.003","    12,400.00","","",
="04081U","聯電元富28售01","0.00","","2303","聯電","51.20","＋","認售","歐式","112年02月07日","112年08月07日","112年08月03日","112年08月07日","0.50","    45.00","","",
="040820","穎崴統一2A購01","1.22","－","6515","穎崴","830.00","－","認購","美式","112年04月10日","112年04月10日","112年10月05日","112年10月11日","0.008","    832.80","","",
="040821","緯穎統一2B購01","0.90","＋","6669","緯穎","1,205.00","＋","認購","美式","112年04月10日","112年04月10日","112年11月07日","112年11月09日","0.005","    1,288.00","","",
="040822","台塑永豐2C購01","1.36","＋","1301","台塑","93.30","－","認購","美式","112年04月10日","112年04月10日","112年12月07日","112年12月11日","0.162","    100.21","","",
="040823","南亞永豐2C購01","1.30","＋","1303","南亞","78.40","－","認購","美式","112年04月10日","112年04月10日","112年12月07日","112年12月11日","0.21","    89.01","","",
="040824","生達永豐2B購01","0.00","","1720","生達","70.80","＋","認購","美式","112年04月10日","112年04月10日","112年11月07日","112年11月09日","0.125","    66.66","","",
="040825","允強永豐2C購01","0.00","","2034","允強","28.65","－","認購","美式","112年04月10日","112年04月10日","112年12月07日","112年12月11日","0.33","    33.52","","",
="040826","金寶永豐2C購01","0.65","＋","2312","金寶","13.50","＋","認購","美式","112年04月10日","112年04月10日","112年12月07日","112年12月11日","0.70","    15.78","","",
="040827","精英永豐31購01","2.24","＋","2331","精英","28.70","＋","認購","美式","112年04月10日","112年04月10日","113年01月05日","113年01月09日","0.55","    30.00","","",
="040828","聯強永豐2C購01","1.47","＋","2347","聯強","64.40","－","認購","美式","112年04月10日","112年04月10日","112年12月07日","112年12月11日","0.469","    76.36","","",
="040829","佳世達永豐2C購01","2.03","＋","2352","佳世達","40.20","＋","認購","美式","112年04月10日","112年04月10日","112年12月07日","112年12月11日","0.232","    33.29","","",
="04082U","聯電元富28售02","0.89","－","2303","聯電","51.20","＋","認售","歐式","112年02月07日","112年08月07日","112年08月03日","112年08月07日","0.40","    49.00","","",
="040830","華碩永豐2C購01","2.43","＋","2357","華碩","303.50","－","認購","美式","112年04月10日","112年04月10日","112年12月07日","112年12月11日","0.13","    354.03","","",
="040831","微星永豐31購01","1.94","－","2377","微星","168.00","－","認購","美式","112年04月10日","112年04月10日","113年01月05日","113年01月09日","0.12","    184.96","","",
="040832","南亞科永豐2C購01","0.00","","2408","南亞科","71.20","－","認購","美式","112年04月10日","112年04月10日","112年12月07日","112年12月11日","0.23","    99.75","","",
="040833","美律永豐2C購01","0.75","","2439","美律","88.60","＋","認購","美式","112年04月10日","112年04月10日","112年12月07日","112年12月11日","0.062","    90.90","","",
="040834","超豐永豐2C購01","1.08","－","2441","超豐","56.90","－","認購","美式","112年04月10日","112年04月10日","112年12月07日","112年12月11日","0.27","    67.50","","",
="040835","興富發永豐2C購01","1.29","－","2542","興富發","42.10","－","認購","美式","112年04月10日","112年04月10日","112年12月07日","112年12月11日","0.47","    49.53","","",
="040836","健和興永豐2C購01","1.60","＋","3003","健和興","79.20","＋","認購","美式","112年04月10日","112年04月10日","112年12月07日","112年12月11日","0.185","    86.86","","",
="040837","嘉晶永豐2C購01","0.75","","3016","嘉晶","65.10","＋","認購","美式","112年04月10日","112年04月10日","112年12月07日","112年12月11日","0.18","    91.07","","",
="040838","嘉澤永豐2C購01","0.62","－","3533","嘉澤","909.00","－","認購","美式","112年04月10日","112年04月10日","112年12月07日","112年12月11日","0.015","    1,279.60","","",
="040839","大聯大永豐2B購01","1.23","＋","3702","大聯大","53.00","＋","認購","美式","112年04月10日","112年04月10日","112年11月07日","112年11月09日","0.50","    59.41","","",
="04083U","威盛元富2B售02","0.74","－","2388","威盛","83.10","＋","認售","歐式","112年02月07日","112年11月06日","112年11月02日","112年11月06日","0.10","    70.00","","",
="040840","智伸科永豐2C購01","0.61","－","4551","智伸科","129.00","－","認購","美式","112年04月10日","112年04月10日","112年12月07日","112年12月11日","0.066","    175.28","","",
="040841","立積永豐2B購01","2.10","＋","4968","立積","170.00","＋","認購","美式","112年04月10日","112年04月10日","112年11月07日","112年11月09日","0.05","    140.00","","",
="040842","中租永豐2C購01","0.68","＋","5871","中租-KY","210.50","＋","認購","美式","112年04月10日","112年04月10日","112年12月07日","112年12月11日","0.071","    286.38","","",
="040843","上海銀永豐2C購01","1.05","＋","5876","上海商銀","45.85","＋","認購","美式","112年04月10日","112年04月10日","112年12月07日","112年12月11日","0.30","    52.00","","",
="040844","力成永豐2C購01","1.66","＋","6239","力成","98.70","＋","認購","美式","112年04月10日","112年04月10日","112年12月07日","112年12月11日","0.168","    102.82","","",
="040845","晶碩永豐2A購01","0.45","＋","6491","晶碩","366.50","＋","認購","美式","112年04月10日","112年04月10日","112年10月05日","112年10月11日","0.02","    461.45","","",
="040846","志強永豐2C購01","0.00","","6768","志強-KY","69.70","","認購","美式","112年04月10日","112年04月10日","112年12月07日","112年12月11日","0.12","    94.91","","",
="040847","振樺電永豐2C購01","0.62","","8114","振樺電","108.00","","認購","美式","112年04月10日","112年04月10日","112年12月07日","112年12月11日","0.06","    148.63","","",
="040848","南茂永豐2C購01","1.12","＋","8150","南茂","39.55","＋","認購","美式","112年04月10日","112年04月10日","112年12月07日","112年12月11日","0.63","    52.84","","",
="040849","南亞凱基2C購01","1.73","","1303","南亞","78.40","－","認購","美式","112年04月10日","112年04月10日","112年12月07日","112年12月11日","0.40","    90.00","","",
="04084U","創意元富28售07","0.00","","3443","創意","1,515.00","＋","認售","歐式","112年02月07日","112年08月07日","112年08月03日","112年08月07日","0.02","    700.00","","",
="040850","台達化凱基2B購01","0.67","＋","1309","台達化","19.90","－","認購","美式","112年04月10日","112年04月10日","112年11月07日","112年11月09日","1.00","    27.00","","",
="040851","中砂凱基2A購01","0.52","","1560","中砂","114.50","－","認購","美式","112年04月10日","112年04月10日","112年10月05日","112年10月11日","0.06","    125.00","","",
="040852","台玻凱基2C購01","0.61","＋","1802","台玻","18.50","＋","認購","美式","112年04月10日","112年04月10日","112年12月07日","112年12月11日","0.60","    23.00","","",
="040853","裕隆凱基2B購02","1.76","－","2201","裕隆","82.80","＋","認購","美式","112年04月10日","112年04月10日","112年11月07日","112年11月09日","0.315","    98.00","","",
="040854","光罩凱基2A購02","0.00","","2338","光罩","81.80","＋","認購","美式","112年04月10日","112年04月10日","112年10月05日","112年10月11日","0.114","    105.00","","",
="040855","佳世達凱基2C購01","3.69","＋","2352","佳世達","40.20","＋","認購","美式","112年04月10日","112年04月10日","112年12月07日","112年12月11日","1.00","    41.00","","",
="040856","華碩凱基2A購03","0.00","","2357","華碩","303.50","－","認購","美式","112年04月10日","112年04月10日","112年10月05日","112年10月11日","0.18","    350.00","","",
="040857","超豐凱基2C購01","1.62","＋","2441","超豐","56.90","－","認購","美式","112年04月10日","112年04月10日","112年12月07日","112年12月11日","0.50","    70.00","","",
="040858","全新凱基2B購01","1.55","＋","2455","全新","100.00","","認購","美式","112年04月10日","112年04月10日","112年11月07日","112年11月09日","0.179","    120.00","","",
="040859","美食凱基2A購02","1.36","－","2723","美食-KY","152.50","－","認購","美式","112年04月10日","112年04月10日","112年10月05日","112年10月11日","0.09","    165.00","","",
="04085P","T50反1元富27售08","0.00","",="00632R","元大台灣50反1","4.94","－","認售","歐式","111年10月20日","112年07月19日","112年07月17日","112年07月19日","1.00","    6.60","","",
="04085U","台灣50麥證29售02","0.02","－",="0050","元大台灣50","126.75","＋","認售","歐式","112年02月07日","112年09月06日","112年09月04日","112年09月06日","1.00","    80.88","","",
="040860","奇鋐凱基2B購01","0.00","","3017","奇鋐","206.00","－","認購","美式","112年04月10日","112年04月10日","112年11月07日","112年11月09日","0.05","    145.00","","",
="040861","智易凱基2B購01","1.01","","3596","智易","115.00","＋","認購","美式","112年04月10日","112年04月10日","112年11月07日","112年11月09日","0.08","    120.00","","",
="040862","世芯凱基2C購03","1.95","＋","3661","世芯-KY","1,660.00","＋","認購","美式","112年04月10日","112年04月10日","112年12月07日","112年12月11日","0.007","    1,800.00","","",
="040863","世芯凱基2C購04","1.64","＋","3661","世芯-KY","1,660.00","＋","認購","美式","112年04月10日","112年04月10日","112年12月07日","112年12月11日","0.005","    1,630.00","","",
="040864","日月光凱基2A購01","0.51","－","3711","日月光投控","109.00","－","認購","美式","112年04月10日","112年04月10日","112年10月05日","112年10月11日","0.07","    115.00","","",
="040865","日月光凱基2B購01","0.44","－","3711","日月光投控","109.00","－","認購","美式","112年04月10日","112年04月10日","112年11月07日","112年11月09日","0.125","    135.00","","",
="040866","三福化凱基2A購01","0.80","＋","4755","三福化","131.00","＋","認購","美式","112年04月10日","112年04月10日","112年10月05日","112年10月11日","0.075","    150.00","","",
="040867","中磊凱基2A購01","1.28","＋","5388","中磊","93.30","＋","認購","美式","112年04月10日","112年04月10日","112年10月05日","112年10月11日","0.21","    104.75","","",
="040868","中磊凱基2B購02","0.00","","5388","中磊","93.30","＋","認購","美式","112年04月10日","112年04月10日","112年11月07日","112年11月09日","0.287","    123.80","","",
="040869","中租凱基2C購01","1.15","＋","5871","中租-KY","210.50","＋","認購","美式","112年04月10日","112年04月10日","112年12月07日","112年12月11日","0.065","    240.00","","",
="04086U","臺股指麥證29售04","0.85","－","IX0001","臺股指數","16,636.30","","認售","歐式","112年02月07日","112年09月06日","112年09月04日","112年09月06日","0.003","    15,000.00","","",
="040870","上海銀凱基2C購01","1.26","＋","5876","上海商銀","45.85","＋","認購","美式","112年04月10日","112年04月10日","112年12月07日","112年12月11日","0.65","    56.00","","",
="040871","力成凱基2C購01","1.41","＋","6239","力成","98.70","＋","認購","美式","112年04月10日","112年04月10日","112年12月07日","112年12月11日","0.25","    120.00","","",
="040872","元晶凱基31購01","1.12","＋","6443","元晶","36.20","＋","認購","美式","112年04月10日","112年04月10日","113年01月05日","113年01月09日","0.50","    49.00","","",
="040873","愛普凱基2A購10","1.39","＋","6531","愛普*","328.50","＋","認購","美式","112年04月10日","112年04月10日","112年10月05日","112年10月11日","0.05","    375.00","","",
="040874","嘉基凱基2A購01","0.00","","6715","嘉基","145.50","＋","認購","美式","112年04月10日","112年04月10日","112年10月05日","112年10月11日","0.075","    210.00","","",
="040875","亞泥元大2A購01","1.03","＋","1102","亞泥","43.85","－","認購","美式","112年04月10日","112年04月10日","112年10月05日","112年10月11日","0.75","    51.99","","",
="040876","台玻元大2A購01","0.41","＋","1802","台玻","18.50","＋","認購","美式","112年04月10日","112年04月10日","112年10月05日","112年10月11日","1.00","    25.22","","",
="040877","鴻海元大2C購11","0.00","","2317","鴻海","105.50","＋","認購","美式","112年04月10日","112年04月10日","112年12月07日","112年12月11日","0.10","    120.00","","",
="040878","鴻海元大2C購12","0.81","＋","2317","鴻海","105.50","＋","認購","美式","112年04月10日","112年04月10日","112年12月07日","112年12月11日","0.08","    110.00","","",
="040879","台積電元大2B購19","0.00","","2330","台積電","568.00","＋","認購","美式","112年04月10日","112年04月10日","112年11月07日","112年11月09日","0.281","    747.00","","",
="04087P","台達電凱基26售05","0.00","","2308","台達電","315.50","－","認售","歐式","111年12月07日","112年06月06日","112年06月02日","112年06月06日","0.15","    250.00","","",
="04087U","聚陽元大28售03","0.68","－","1477","聚陽","219.00","＋","認售","歐式","112年02月07日","112年08月07日","112年08月03日","112年08月07日","0.047","    200.82","","",
="040880","台積電元大2C購05","0.00","","2330","台積電","568.00","＋","認購","美式","112年04月10日","112年04月10日","112年12月07日","112年12月11日","0.286","    799.00","","",
="040881","聯強元大2A購01","1.55","－","2347","聯強","64.40","－","認購","美式","112年04月10日","112年04月10日","112年10月05日","112年10月11日","0.75","    75.75","","",
="040882","佳世達元大2C購01","3.54","＋","2352","佳世達","40.20","＋","認購","美式","112年04月10日","112年04月10日","112年12月07日","112年12月11日","1.00","    42.00","","",
="040883","正崴元大2A購01","0.00","","2392","正崴","40.30","＋","認購","美式","112年04月10日","112年04月10日","112年10月05日","112年10月11日","0.75","    52.50","","",
="040884","仲琦元大2A購01","0.00","","2419","仲琦","26.70","＋","認購","美式","112年04月10日","112年04月10日","112年10月05日","112年10月11日","0.50","    35.00","","",
="040885","偉詮電元大2A購01","0.94","＋","2436","偉詮電","51.60","＋","認購","美式","112年04月10日","112年04月10日","112年10月05日","112年10月11日","0.50","    65.00","","",
="040886","美律元大2A購01","0.77","－","2439","美律","88.60","＋","認購","美式","112年04月10日","112年04月10日","112年10月05日","112年10月11日","0.25","    110.31","","",
="040887","超豐元大2A購01","1.39","－","2441","超豐","56.90","－","認購","美式","112年04月10日","112年04月10日","112年10月05日","112年10月11日","0.40","    65.00","","",
="040888","聯發科元大2B購09","0.00","","2454","聯發科","738.00","＋","認購","美式","112年04月10日","112年04月10日","112年11月07日","112年11月09日","0.034","    895.00","","",
="040889","聯發科元大2C購06","1.29","＋","2454","聯發科","738.00","＋","認購","美式","112年04月10日","112年04月10日","112年12月07日","112年12月11日","0.045","    1,020.00","","",
="04088P","台積電凱基2C售12","0.00","","2330","台積電","568.00","＋","認售","歐式","111年12月07日","112年12月06日","112年12月04日","112年12月06日","0.05","    405.46","","",
="04088U","第一銅元大28售02","0.00","","2009","第一銅","32.10","＋","認售","歐式","112年02月07日","112年08月07日","112年08月03日","112年08月07日","0.255","    36.20","","",
="040890","強茂元大2A購02","1.40","＋","2481","強茂","70.20","＋","認購","美式","112年04月10日","112年04月10日","112年10月05日","112年10月11日","0.197","    73.20","","",
="040891","強茂元大2C購01","0.00","","2481","強茂","70.20","＋","認購","美式","112年04月10日","112年04月10日","112年12月07日","112年12月11日","0.313","    89.30","","",
="040892","嘉晶元大2A購01","0.63","＋","3016","嘉晶","65.10","＋","認購","美式","112年04月10日","112年04月10日","112年10月05日","112年10月11日","0.15","    85.38","","",
="040893","奇鋐元大2B購03","2.93","＋","3017","奇鋐","206.00","－","認購","美式","112年04月10日","112年04月10日","112年11月07日","112年11月09日","0.055","    169.50","","",
="040894","奇鋐元大2C購03","2.82","＋","3017","奇鋐","206.00","－","認購","美式","112年04月10日","112年04月10日","112年12月07日","112年12月11日","0.055","    173.50","","",
="040895","華晶科元大2A購01","0.77","＋","3059","華晶科","34.60","＋","認購","美式","112年04月10日","112年04月10日","112年10月05日","112年10月11日","0.55","    45.00","","",
="040896","建漢元大2A購01","0.76","＋","3062","建漢","22.45","＋","認購","美式","112年04月10日","112年04月10日","112年10月05日","112年10月11日","0.80","    30.00","","",
="040897","緯創元大2B購03","0.00","","3231","緯創","68.00","＋","認購","美式","112年04月10日","112年04月10日","112年11月07日","112年11月09日","0.418","    46.15","","",
="040898","緯創元大2C購02","12.30","＋","3231","緯創","68.00","＋","認購","美式","112年04月10日","112年04月10日","112年12月07日","112年12月11日","0.648","    52.70","","",
="040899","世芯元大2C購04","3.42","＋","3661","世芯-KY","1,660.00","＋","認購","美式","112年04月10日","112年04月10日","112年12月07日","112年12月11日","0.012","    1,850.00","","",
="04089P","南亞科凱基28售02","0.00","","2408","南亞科","71.20","－","認售","歐式","111年12月07日","112年08月07日","112年08月03日","112年08月07日","0.65","    45.00","","",
="04089U","裕隆元大28售07","0.00","","2201","裕隆","82.80","＋","認售","歐式","112年02月07日","112年08月07日","112年08月03日","112年08月07日","0.182","    70.10","","",
="040900","日月光元大2C購02","0.54","－","3711","日月光投控","109.00","－","認購","美式","112年04月10日","112年04月10日","112年12月07日","112年12月11日","0.15","    152.00","","",
="040901","智伸科元大2C購01","0.48","","4551","智伸科","129.00","－","認購","美式","112年04月10日","112年04月10日","112年12月07日","112年12月11日","0.06","    178.13","","",
="040902","正文元大2A購02","1.08","","4906","正文","31.40","＋","認購","美式","112年04月10日","112年04月10日","112年10月05日","112年10月11日","0.592","    35.15","","",
="040903","嘉聯益元大2A購01","0.00","","6153","嘉聯益","23.15","＋","認購","美式","112年04月10日","112年04月10日","112年10月05日","112年10月11日","0.81","    31.55","","",
="040904","嘉聯益元大2A購02","0.94","＋","6153","嘉聯益","23.15","＋","認購","美式","112年04月10日","112年04月10日","112年10月05日","112年10月11日","0.398","    24.25","","",
="040905","力成元大2A購01","1.42","＋","6239","力成","98.70","＋","認購","美式","112年04月10日","112年04月10日","112年10月05日","112年10月11日","0.30","    110.00","","",
="040906","台郡元大31購01","0.60","＋","6269","台郡","99.00","＋","認購","美式","112年04月10日","112年04月10日","113年01月05日","113年01月09日","0.075","    120.00","","",
="040907","緯穎元大2B購11","1.24","＋","6669","緯穎","1,205.00","＋","認購","美式","112年04月10日","112年04月10日","112年11月07日","112年11月09日","0.005","    1,100.00","","",
="040908","緯穎元大2B購12","0.83","＋","6669","緯穎","1,205.00","＋","認購","美式","112年04月10日","112年04月10日","112年11月07日","112年11月09日","0.005","    1,280.00","","",
="040909","力智元大2B購02","0.00","","6719","力智","303.00","＋","認購","美式","112年04月10日","112年04月10日","112年11月07日","112年11月09日","0.025","    312.00","","",
="04090P","宏達電元富27售02","0.00","","2498","宏達電","61.50","＋","認售","歐式","111年10月20日","112年07月19日","112年07月17日","112年07月19日","0.15","    40.00","","",
="04090U","台積電元大28售30","1.29","－","2330","台積電","568.00","＋","認售","歐式","112年02月07日","112年08月07日","112年08月03日","112年08月07日","0.048","    523.17","","",
="040910","南電元大2B購13","0.00","","8046","南電","302.50","－","認購","美式","112年04月10日","112年04月10日","112年11月07日","112年11月09日","0.081","    367.50","","",
="040911","南電元大2C購06","1.80","－","8046","南電","302.50","－","認購","美式","112年04月10日","112年04月10日","112年12月07日","112年12月11日","0.107","    420.00","","",
="040912","振樺電元大31購01","0.67","－","8114","振樺電","108.00","","認購","美式","112年04月10日","112年04月10日","113年01月05日","113年01月09日","0.05","    145.00","","",
="040913","亞泥群益2C購01","0.76","","1102","亞泥","43.85","－","認購","美式","112年04月10日","112年04月10日","112年12月07日","112年12月11日","0.55","    55.00","","",
="040914","台塑群益2C購01","0.00","","1301","台塑","93.30","－","認購","美式","112年04月10日","112年04月10日","112年12月07日","112年12月11日","0.15","    115.00","","",
="040915","名軒群益2C購01","0.00","","1442","名軒","32.90","","認購","美式","112年04月10日","112年04月10日","112年12月07日","112年12月11日","0.50","    42.50","","",
="040916","亞力群益2B購01","4.00","","1514","亞力","51.60","＋","認購","美式","112年04月10日","112年04月10日","112年11月07日","112年11月09日","0.48","    52.50","","",
="040917","中化群益2B購01","1.12","","1701","中化","25.95","＋","認購","美式","112年04月10日","112年04月10日","112年11月07日","112年11月09日","0.75","    35.00","","",
="040918","台玻群益2C購01","0.38","＋","1802","台玻","18.50","＋","認購","美式","112年04月10日","112年04月10日","112年12月07日","112年12月11日","0.65","    27.50","","",
="040919","允強群益2B購01","0.00","","2034","允強","28.65","－","認購","美式","112年04月10日","112年04月10日","112年11月07日","112年11月09日","0.58","    36.00","","",
="04091U","台積電元大28售31","0.00","","2330","台積電","568.00","＋","認售","歐式","112年02月07日","112年08月07日","112年08月03日","112年08月07日","0.045","    482.89","","",
="040920","長榮鋼群益2C購01","1.73","","2211","長榮鋼","60.90","＋","認購","美式","112年04月10日","112年04月10日","112年12月07日","112年12月11日","0.65","    74.50","","",
="040921","長榮鋼群益2C購02","0.00","","2211","長榮鋼","60.90","＋","認購","美式","112年04月10日","112年04月10日","112年12月07日","112年12月11日","0.80","    82.50","","",
="040922","為升群益2B購01","0.00","","2231","為升","172.50","＋","認購","美式","112年04月10日","112年04月10日","112年11月07日","112年11月09日","0.07","    218.00","","",
="040923","金寶群益2C購01","0.80","＋","2312","金寶","13.50","＋","認購","美式","112年04月10日","112年04月10日","112年12月07日","112年12月11日","1.00","    16.50","","",
="040924","仁寶群益2B購01","2.07","＋","2324","仁寶","28.15","＋","認購","美式","112年04月10日","112年04月10日","112年11月07日","112年11月09日","0.787","    28.60","","",
="040925","精英群益2C購01","2.18","＋","2331","精英","28.70","＋","認購","美式","112年04月10日","112年04月10日","112年12月07日","112年12月11日","0.75","    32.80","","",
="040926","旺宏群益2B購01","0.35","","2337","旺宏","33.40","＋","認購","美式","112年04月10日","112年04月10日","112年11月07日","112年11月09日","1.00","    48.00","","",
="040927","華邦電群益2B購01","1.03","","2344","華邦電","26.90","＋","認購","美式","112年04月10日","112年04月10日","112年11月07日","112年11月09日","0.70","    32.80","","",
="040928","聯強群益2A購01","1.37","－","2347","聯強","64.40","－","認購","美式","112年04月10日","112年04月10日","112年10月05日","112年10月11日","0.613","    77.77","","",
="040929","南亞科群益2B購01","2.07","－","2408","南亞科","71.20","－","認購","美式","112年04月10日","112年04月10日","112年11月07日","112年11月09日","0.32","    77.00","","",
="04092P","祥碩凱基27售03","0.00","","5269","祥碩","1,300.00","＋","認售","歐式","111年12月07日","112年07月06日","112年07月04日","112年07月06日","0.02","    600.00","","",
="04092U","台積電元大28售32","0.00","","2330","台積電","568.00","＋","認售","歐式","112年02月07日","112年08月07日","112年08月03日","112年08月07日","0.04","    510.24","","",
="040930","仲琦群益2B購01","0.00","","2419","仲琦","26.70","＋","認購","美式","112年04月10日","112年04月10日","112年11月07日","112年11月09日","0.45","    38.00","","",
="040931","美律群益2C購01","0.00","","2439","美律","88.60","＋","認購","美式","112年04月10日","112年04月10日","112年12月07日","112年12月11日","0.12","    118.00","","",
="040932","可成群益2C購01","0.69","＋","2474","可成","189.00","＋","認購","美式","112年04月10日","112年04月10日","112年12月07日","112年12月11日","0.10","    238.00","","",
="040933","興富發群益2C購01","1.17","－","2542","興富發","42.10","－","認購","美式","112年04月10日","112年04月10日","112年12月07日","112年12月11日","0.48","    52.50","","",
="040934","長榮群益2A購06","0.00","","2603","長榮","157.00","＋","認購","美式","112年04月10日","112年04月10日","112年10月05日","112年10月11日","0.20","    200.00","","",
="040935","榮運群益2C購01","0.00","","2607","榮運","27.35","＋","認購","美式","112年04月10日","112年04月10日","112年12月07日","112年12月11日","0.45","    34.80","","",
="040936","健和興群益2C購01","2.15","＋","3003","健和興","79.20","＋","認購","美式","112年04月10日","112年04月10日","112年12月07日","112年12月11日","0.206","    86.31","","",
="040937","嘉晶群益2C購01","0.95","＋","3016","嘉晶","65.10","＋","認購","美式","112年04月10日","112年04月10日","112年12月07日","112年12月11日","0.20","    88.80","","",
="040938","智原群益2A購01","0.74","","3035","智原","173.50","＋","認購","美式","112年04月10日","112年04月10日","112年10月05日","112年10月11日","0.10","    227.00","","",
="040939","智原群益2C購01","0.00","","3035","智原","173.50","＋","認購","美式","112年04月10日","112年04月10日","112年12月07日","112年12月11日","0.07","    282.00","","",
="04093P","T50正2元富27售01","0.00","",="00631L","元大台灣50正2","129.10","＋","認售","歐式","111年12月07日","112年07月06日","112年07月04日","112年07月06日","0.31","    66.00","","",
="04093U","玉晶光元大28售04","0.00","","3406","玉晶光","400.00","＋","認售","歐式","112年02月07日","112年08月07日","112年08月03日","112年08月07日","0.069","    244.00","","",
="040940","台勝科群益2B購01","0.86","＋","3532","台勝科","157.00","＋","認購","美式","112年04月10日","112年04月10日","112年11月07日","112年11月09日","0.08","    198.80","","",
="040941","永信群益2C購01","0.00","","3705","永信","46.25","＋","認購","美式","112年04月10日","112年04月10日","112年12月07日","112年12月11日","0.20","    58.00","","",
="040942","中磊群益2B購01","0.56","＋","5388","中磊","93.30","＋","認購","美式","112年04月10日","112年04月10日","112年11月07日","112年11月09日","0.105","    112.37","","",
="040943","松翰群益2C購01","0.67","","5471","松翰","51.10","＋","認購","美式","112年04月10日","112年04月10日","112年12月07日","112年12月11日","0.20","    75.00","","",
="040944","中租群益2C購01","0.69","＋","5871","中租-KY","210.50","＋","認購","美式","112年04月10日","112年04月10日","112年12月07日","112年12月11日","0.08","    328.00","","",
="040945","嘉聯益群益2C購01","0.00","","6153","嘉聯益","23.15","＋","認購","美式","112年04月10日","112年04月10日","112年12月07日","112年12月11日","0.75","    36.00","","",
="040946","聯茂群益2A購01","0.94","＋","6213","聯茂","72.30","＋","認購","美式","112年04月10日","112年04月10日","112年10月05日","112年10月11日","0.30","    100.00","","",
="040947","台郡群益2C購01","0.80","＋","6269","台郡","99.00","＋","認購","美式","112年04月10日","112年04月10日","112年12月07日","112年12月11日","0.135","    128.00","","",
="040948","樺漢群益2C購01","1.61","＋","6414","樺漢","281.00","＋","認購","美式","112年04月10日","112年04月10日","112年12月07日","112年12月11日","0.18","    397.50","","",
="040949","訊芯群益2C購01","0.77","","6451","訊芯-KY","88.60","＋","認購","美式","112年04月10日","112年04月10日","112年12月07日","112年12月11日","0.10","    108.00","","",
="04094P","智邦元富26售01","0.00","","2345","智邦","357.50","＋","認售","歐式","111年12月07日","112年06月06日","112年06月02日","112年06月06日","0.10","    185.00","","",
="04094U","世芯元大28售04","0.08","－","3661","世芯-KY","1,660.00","＋","認售","歐式","112年02月07日","112年08月07日","112年08月03日","112年08月07日","0.007","    917.00","","",
="040950","志強群益2C購01","0.00","","6768","志強-KY","69.70","","認購","美式","112年04月10日","112年04月10日","112年12月07日","112年12月11日","0.25","    88.80","","",
="040951","南茂群益2C購01","1.18","＋","8150","南茂","39.55","＋","認購","美式","112年04月10日","112年04月10日","112年12月07日","112年12月11日","0.35","    45.00","","",
="040952","富邦媒群益2A購01","0.00","","8454","富邦媒","703.00","＋","認購","美式","112年04月10日","112年04月10日","112年10月05日","112年10月11日","0.02","    1,300.00","","",
="040953","生達元富2A購02","3.23","＋","1720","生達","70.80","＋","認購","美式","112年04月10日","112年04月10日","112年10月05日","112年10月11日","0.19","    60.00","","",
="040954","台積電元富2A購05","9.95","－","2330","台積電","568.00","＋","認購","美式","112年04月10日","112年04月10日","112年10月05日","112年10月11日","1.00","    650.00","","",
="040955","美律元富34購01","0.00","","2439","美律","88.60","＋","認購","美式","112年04月10日","112年04月10日","113年04月03日","113年04月09日","0.20","    120.00","","",
="040956","永信元富2A購01","1.64","－","3705","永信","46.25","＋","認購","美式","112年04月10日","112年04月10日","112年10月05日","112年10月11日","0.19","    45.00","","",
="040957","立積元富34購01","4.57","＋","4968","立積","170.00","＋","認購","美式","112年04月10日","112年04月10日","113年04月03日","113年04月09日","0.10","    155.00","","",
="040958","中租元富2A購01","0.76","－","5871","中租-KY","210.50","＋","認購","美式","112年04月10日","112年04月10日","112年10月05日","112年10月11日","0.059","    260.00","","",
="040959","康舒元富2A購01","1.50","＋","6282","康舒","44.05","＋","認購","美式","112年04月10日","112年04月10日","112年10月05日","112年10月11日","0.295","    45.90","","",
="04095U","晶心科元大28售03","0.64","－","6533","晶心科","511.00","＋","認售","歐式","112年02月07日","112年08月07日","112年08月03日","112年08月07日","0.027","    390.50","","",
="040960","台玻麥證2A購01","0.48","","1802","台玻","18.50","＋","認購","歐式","112年04月10日","112年10月11日","112年10月05日","112年10月11日","1.00","    25.00","","",
="040961","金寶麥證2B購01","0.99","＋","2312","金寶","13.50","＋","認購","歐式","112年04月10日","112年11月09日","112年11月07日","112年11月09日","0.90","    14.50","","",
="040962","旺宏麥證2A購01","0.00","","2337","旺宏","33.40","＋","認購","歐式","112年04月10日","112年10月11日","112年10月05日","112年10月11日","1.00","    51.00","","",
="040963","華邦電麥證2B購01","0.00","","2344","華邦電","26.90","＋","認購","歐式","112年04月10日","112年11月09日","112年11月07日","112年11月09日","1.00","    39.75","","",
="040964","聯強麥證2A購01","2.19","－","2347","聯強","64.40","－","認購","歐式","112年04月10日","112年10月11日","112年10月05日","112年10月11日","0.50","    68.00","","",
="040965","微星麥證2C購01","1.81","－","2377","微星","168.00","－","認購","歐式","112年04月10日","112年12月11日","112年12月07日","112年12月11日","0.10","    170.00","","",
="040966","可成麥證31購01","1.23","＋","2474","可成","189.00","＋","認購","歐式","112年04月10日","113年01月09日","113年01月05日","113年01月09日","0.18","    240.00","","",
="040967","八方麥證2C購01","0.38","","2753","八方雲集","167.00","","認購","歐式","112年04月10日","112年12月11日","112年12月07日","112年12月11日","0.017","    195.00","","",
="040968","富邦金麥證2B購01","1.34","＋","2881","富邦金","61.10","＋","認購","歐式","112年04月10日","112年11月09日","112年11月07日","112年11月09日","1.00","    80.00","","",
="040969","緯創麥證2A購03","9.60","＋","3231","緯創","68.00","＋","認購","歐式","112年04月10日","112年10月11日","112年10月05日","112年10月11日","0.50","    50.00","","",
="04096U","國巨國票28售02","1.44","＋","2327","國巨","508.00","＋","認售","歐式","112年02月08日","112年08月07日","112年08月03日","112年08月07日","0.02","    550.00","","",
="040970","中租麥證2C購01","0.82","＋","5871","中租-KY","210.50","＋","認購","歐式","112年04月10日","112年12月11日","112年12月07日","112年12月11日","0.07","    260.00","","",
="040971","上海銀麥證2B購01","1.31","","5876","上海商銀","45.85","＋","認購","歐式","112年04月10日","112年11月09日","112年11月07日","112年11月09日","0.50","    52.00","","",
="040972","嘉聯益麥證2B購01","1.02","","6153","嘉聯益","23.15","＋","認購","歐式","112年04月10日","112年11月09日","112年11月07日","112年11月09日","1.00","    30.00","","",
="040973","力成麥證2B購01","1.89","＋","6239","力成","98.70","＋","認購","歐式","112年04月10日","112年11月09日","112年11月07日","112年11月09日","0.40","    110.00","","",
="040974","啟碁麥證2A購01","0.09","","6285","啟碁","87.50","＋","認購","歐式","112年04月10日","112年10月11日","112年10月05日","112年10月11日","0.38","    150.00","","",
="040975","士電中信2A購01","0.00","","1503","士電","143.50","＋","認購","歐式","112年04月11日","112年10月11日","112年10月05日","112年10月11日","0.10","    92.80","","",
="040976","東元中信2A購01","1.51","＋","1504","東元","51.80","＋","認購","歐式","112年04月11日","112年10月11日","112年10月05日","112年10月11日","0.16","    48.80","","",
="040977","亞德客中信2A購01","0.39","","1590","亞德客-KY","1,040.00","＋","認購","歐式","112年04月11日","112年10月11日","112年10月05日","112年10月11日","0.01","    1,500.00","","",
="040978","興勤中信2A購01","0.54","＋","2428","興勤","156.50","＋","認購","歐式","112年04月11日","112年10月11日","112年10月05日","112年10月11日","0.06","    200.00","","",
="040979","總太中信2A購01","0.00","","3056","總太","48.60","＋","認購","歐式","112年04月11日","112年10月11日","112年10月05日","112年10月11日","0.30","    70.00","","",
="04097U","國巨國票29售03","0.00","","2327","國巨","508.00","＋","認售","歐式","112年02月08日","112年09月07日","112年09月05日","112年09月07日","0.025","    500.00","","",
="040980","揚明光中信2A購01","0.26","＋","3504","揚明光","81.70","＋","認購","歐式","112年04月11日","112年10月11日","112年10月05日","112年10月11日","0.20","    132.00","","",
="040981","碩天中信2A購01","0.00","","3617","碩天","191.00","－","認購","歐式","112年04月11日","112年10月11日","112年10月05日","112年10月11日","0.06","    146.00","","",
="040982","大眾控中信2A購01","1.81","＋","3701","大眾控","67.10","＋","認購","歐式","112年04月11日","112年10月11日","112年10月05日","112年10月11日","0.35","    77.00","","",
="040983","上緯控中信2A購01","0.27","－","3708","上緯投控","96.50","－","認購","歐式","112年04月11日","112年10月11日","112年10月05日","112年10月11日","0.25","    154.00","","",
="040984","承業醫中信2B購01","0.00","","4164","承業醫","64.10","","認購","歐式","112年04月11日","112年11月10日","112年11月08日","112年11月10日","0.06","    80.00","","",
="040985","康普中信2A購01","0.00","","4739","康普","88.80","＋","認購","歐式","112年04月11日","112年10月11日","112年10月05日","112年10月11日","0.25","    135.00","","",
="040986","亞翔中信2A購01","1.75","－","6139","亞翔","63.80","－","認購","歐式","112年04月11日","112年10月11日","112年10月05日","112年10月11日","0.14","    56.00","","",
="040987","華孚中信2A購01","3.80","","6235","華孚","123.50","＋","認購","歐式","112年04月11日","112年10月11日","112年10月05日","112年10月11日","0.108","    92.80","","",
="040988","華孚中信2B購01","2.59","＋","6235","華孚","123.50","＋","認購","歐式","112年04月11日","112年11月10日","112年11月08日","112年11月10日","0.088","    108.80","","",
="040989","美時兆豐2C購02","2.00","＋","1795","美時","330.50","＋","認購","美式","112年04月11日","112年04月11日","112年12月07日","112年12月11日","0.036","    333.00","","",
="04098U","瑞昱國票28售02","0.49","－","2379","瑞昱","388.00","＋","認售","歐式","112年02月08日","112年08月07日","112年08月03日","112年08月07日","0.03","    350.00","","",
="040990","緯創兆豐2C購02","8.60","＋","3231","緯創","68.00","＋","認購","美式","112年04月11日","112年04月11日","112年12月07日","112年12月11日","0.38","    46.80","","",
="040991","愛普兆豐2B購01","0.00","","6531","愛普*","328.50","＋","認購","美式","112年04月11日","112年04月11日","112年11月08日","112年11月10日","0.025","    380.00","","",
="040992","東元康和2A購01","1.93","＋","1504","東元","51.80","＋","認購","美式","112年04月11日","112年04月11日","112年10月05日","112年10月11日","0.25","    50.00","","",
="040993","智原康和2A購01","0.33","＋","3035","智原","173.50","＋","認購","美式","112年04月11日","112年04月11日","112年10月05日","112年10月11日","0.055","    240.00","","",
="040994","創意康和2A購03","3.05","＋","3443","創意","1,515.00","＋","認購","美式","112年04月11日","112年04月11日","112年10月05日","112年10月11日","0.01","    1,314.00","","",
="040995","華孚康和2A購01","3.39","＋","6235","華孚","123.50","＋","認購","美式","112年04月11日","112年04月11日","112年10月05日","112年10月11日","0.10","    99.50","","",
="040996","愛普康和2A購01","0.79","＋","6531","愛普*","328.50","＋","認購","美式","112年04月11日","112年04月11日","112年10月05日","112年10月11日","0.035","    399.00","","",
="040997","東元元富31購01","2.72","＋","1504","東元","51.80","＋","認購","美式","112年04月11日","112年04月11日","113年01月08日","113年01月10日","0.30","    55.00","","",
="040998","友訊元富31購01","2.62","","2332","友訊","19.95","＋","認購","美式","112年04月11日","112年04月11日","113年01月08日","113年01月10日","1.00","    22.00","","",
="040999","興勤元富31購01","1.86","－","2428","興勤","156.50","＋","認購","美式","112年04月11日","112年04月11日","113年01月08日","113年01月10日","0.08","    166.10","","",
="04099U","華擎國票29售02","0.00","","3515","華擎","154.00","＋","認售","歐式","112年02月08日","112年09月07日","112年09月05日","112年09月07日","0.131","    115.00","","",
="041000","總太元富2A購01","2.11","＋","3056","總太","48.60","＋","認購","美式","112年04月11日","112年04月11日","112年10月05日","112年10月11日","0.50","    55.20","","",
="041001","碩天元富2A購01","0.00","","3617","碩天","191.00","－","認購","美式","112年04月11日","112年04月11日","112年10月05日","112年10月11日","0.10","    153.60","","",
="041002","上緯控元富31購01","1.05","＋","3708","上緯投控","96.50","－","認購","美式","112年04月11日","112年04月11日","113年01月08日","113年01月10日","0.15","    130.00","","",
="041003","承業醫元富31購01","0.00","","4164","承業醫","64.10","","認購","美式","112年04月11日","112年04月11日","113年01月08日","113年01月10日","0.15","    85.00","","",
="041004","穎崴元富34購01","2.78","－","6515","穎崴","830.00","－","認購","美式","112年04月11日","112年04月11日","113年04月08日","113年04月10日","0.02","    950.00","","",
="041005","東元麥證2A購01","2.04","＋","1504","東元","51.80","＋","認購","歐式","112年04月11日","112年10月11日","112年10月05日","112年10月11日","0.20","    45.00","","",
="041006","堤維西麥證2A購01","0.56","","1522","堤維西","29.10","＋","認購","歐式","112年04月11日","112年10月11日","112年10月05日","112年10月11日","0.50","    38.00","","",
="041007","興勤麥證2A購01","0.93","＋","2428","興勤","156.50","＋","認購","歐式","112年04月11日","112年10月11日","112年10月05日","112年10月11日","0.08","    180.00","","",
="041008","TPK麥證2A購01","2.06","＋","3673","TPK-KY","41.75","＋","認購","歐式","112年04月11日","112年10月11日","112年10月05日","112年10月11日","0.38","    40.00","","",
="041009","承業醫麥證2A購01","0.57","－","4164","承業醫","64.10","","認購","歐式","112年04月11日","112年10月11日","112年10月05日","112年10月11日","0.12","    78.00","","",
="04100U","啟碁國票29售02","1.02","","6285","啟碁","87.50","＋","認售","歐式","112年02月08日","112年09月07日","112年09月05日","112年09月07日","0.294","    72.00","","",
="041010","士電元大2B購01","0.00","","1503","士電","143.50","＋","認購","美式","112年04月11日","112年04月11日","112年11月08日","112年11月10日","0.157","    96.03","","",
="041011","東元元大2B購01","0.00","","1504","東元","51.80","＋","認購","美式","112年04月11日","112年04月11日","112年11月08日","112年11月10日","0.151","    45.68","","",
="041012","東元元大2C購01","1.81","＋","1504","東元","51.80","＋","認購","美式","112年04月11日","112年04月11日","112年12月07日","112年12月11日","0.162","    50.03","","",
="041013","東元元大31購01","1.81","＋","1504","東元","51.80","＋","認購","美式","112年04月11日","112年04月11日","113年01月08日","113年01月10日","0.172","    54.38","","",
="041014","中興電元大2C購01","2.52","＋","1513","中興電","113.50","＋","認購","美式","112年04月11日","112年04月11日","112年12月07日","112年12月11日","0.133","    109.50","","",
="041015","永冠元大2B購01","0.66","－","1589","永冠-KY","71.60","－","認購","美式","112年04月11日","112年04月11日","112年11月08日","112年11月10日","0.159","    93.67","","",
="041016","亞德客元大2B購01","0.32","＋","1590","亞德客-KY","1,040.00","＋","認購","美式","112年04月11日","112年04月11日","112年11月08日","112年11月10日","0.005","    1,336.88","","",
="041017","茂矽元大2B購01","0.72","－","2342","茂矽","40.95","＋","認購","美式","112年04月11日","112年04月11日","112年11月08日","112年11月10日","0.198","    48.48","","",
="041018","茂矽元大2C購01","0.00","","2342","茂矽","40.95","＋","認購","美式","112年04月11日","112年04月11日","112年12月07日","112年12月11日","0.233","    53.10","","",
="041019","凱美元大2B購01","0.00","","2375","凱美","69.90","＋","認購","美式","112年04月11日","112年04月11日","112年11月08日","112年11月10日","0.127","    84.70","","",
="04101U","愛普國票28售03","0.00","","6531","愛普*","328.50","＋","認售","歐式","112年02月08日","112年08月07日","112年08月03日","112年08月07日","0.025","    250.00","","",
="041020","威盛元大2B購08","1.35","＋","2388","威盛","83.10","＋","認購","美式","112年04月11日","112年04月11日","112年11月08日","112年11月10日","0.131","    101.00","","",
="041021","興勤元大2B購01","1.06","＋","2428","興勤","156.50","＋","認購","美式","112年04月11日","112年04月11日","112年11月08日","112年11月10日","0.041","    158.55","","",
="041022","興勤元大2C購01","0.00","","2428","興勤","156.50","＋","認購","美式","112年04月11日","112年04月11日","112年12月07日","112年12月11日","0.046","    173.65","","",
="041023","全新元大2A購01","1.43","＋","2455","全新","100.00","","認購","美式","112年04月11日","112年04月11日","112年10月05日","112年10月11日","0.35","    140.50","","",
="041024","飛宏元大2B購01","2.64","＋","2457","飛宏","76.40","＋","認購","美式","112年04月11日","112年04月11日","112年11月08日","112年11月10日","0.221","    77.80","","",
="041025","立隆電元大2B購01","0.95","","2472","立隆電","62.90","＋","認購","美式","112年04月11日","112年04月11日","112年11月08日","112年11月10日","0.252","    75.04","","",
="041026","雲品元大2B購01","1.14","－","2748","雲品","90.00","－","認購","美式","112年04月11日","112年04月11日","112年11月08日","112年11月10日","0.115","    122.71","","",
="041027","零壹元大2B購01","2.47","＋","3029","零壹","67.30","＋","認購","美式","112年04月11日","112年04月11日","112年11月08日","112年11月10日","0.225","    65.55","","",
="041028","耀登元大2B購01","0.85","＋","3138","耀登","153.00","＋","認購","美式","112年04月11日","112年04月11日","112年11月08日","112年11月10日","0.047","    180.67","","",
="041029","全科元大2B購01","1.27","＋","3209","全科","41.75","＋","認購","美式","112年04月11日","112年04月11日","112年11月08日","112年11月10日","0.321","    47.15","","",
="04102U","愛普國票29售02","0.23","－","6531","愛普*","328.50","＋","認售","歐式","112年02月08日","112年09月07日","112年09月05日","112年09月07日","0.05","    200.00","","",
="041030","創意元大2B購08","3.40","","3443","創意","1,515.00","＋","認購","美式","112年04月11日","112年04月11日","112年11月08日","112年11月10日","0.007","    1,125.00","","",
="041031","創意元大2C購07","3.58","＋","3443","創意","1,515.00","＋","認購","美式","112年04月11日","112年04月11日","112年12月07日","112年12月11日","0.008","    1,310.00","","",
="041032","世芯元大2B購03","3.58","＋","3661","世芯-KY","1,660.00","＋","認購","美式","112年04月11日","112年04月11日","112年11月08日","112年11月10日","0.011","    1,675.00","","",
="041033","眾達元大2C購01","0.78","＋","4977","眾達-KY","113.00","＋","認購","美式","112年04月11日","112年04月11日","112年12月07日","112年12月11日","0.037","    120.00","","",
="041034","訊連元大2A購01","0.39","＋","5203","訊連","94.00","＋","認購","美式","112年04月11日","112年04月11日","112年10月05日","112年10月11日","0.047","    116.73","","",
="041035","虹堡元大2A購01","1.41","＋","5258","虹堡","91.00","＋","認購","美式","112年04月11日","112年04月11日","112年10月05日","112年10月11日","0.098","    91.35","","",
="041036","虹堡元大2C購01","1.42","＋","5258","虹堡","91.00","＋","認購","美式","112年04月11日","112年04月11日","112年12月07日","112年12月11日","0.10","    100.05","","",
="041037","虹堡元大31購01","1.41","＋","5258","虹堡","91.00","＋","認購","美式","112年04月11日","112年04月11日","113年01月08日","113年01月10日","0.11","    108.75","","",
="041038","界霖元大2B購01","0.00","","5285","界霖","74.00","＋","認購","美式","112年04月11日","112年04月11日","112年11月08日","112年11月10日","0.117","    102.01","","",
="041039","華孚元大2A購01","4.25","＋","6235","華孚","123.50","＋","認購","美式","112年04月11日","112年04月11日","112年10月05日","112年10月11日","0.105","    92.12","","",
="04103U","FBNQ2X群益28售04","0.36","－",="00670L","富邦NASDAQ正2","78.90","＋","認售","歐式","112年02月08日","112年08月07日","112年08月03日","112年08月07日","0.15","    60.00","","",
="041040","華孚元大2A購02","4.65","＋","6235","華孚","123.50","＋","認購","美式","112年04月11日","112年04月11日","112年10月05日","112年10月11日","0.10","    88.11","","",
="041041","華孚元大2A購03","4.09","","6235","華孚","123.50","＋","認購","美式","112年04月11日","112年04月11日","112年10月05日","112年10月11日","0.09","    84.11","","",
="041042","華孚元大2A購04","3.70","","6235","華孚","123.50","＋","認購","美式","112年04月11日","112年04月11日","112年10月05日","112年10月11日","0.08","    80.10","","",
="041043","華孚元大2B購01","4.15","＋","6235","華孚","123.50","＋","認購","美式","112年04月11日","112年04月11日","112年11月08日","112年11月10日","0.101","    96.12","","",
="041044","華孚元大2C購01","3.70","＋","6235","華孚","123.50","＋","認購","美式","112年04月11日","112年04月11日","112年12月07日","112年12月11日","0.102","    104.13","","",
="041045","華孚元大31購01","3.93","＋","6235","華孚","123.50","＋","認購","美式","112年04月11日","112年04月11日","113年01月08日","113年01月10日","0.111","    112.14","","",
="041046","華孚元大34購01","3.15","＋","6235","華孚","123.50","＋","認購","美式","112年04月11日","112年04月11日","113年04月08日","113年04月10日","0.085","    120.15","","",
="041047","瑞祺元大2A購01","0.00","","6416","瑞祺電通","102.00","＋","認購","美式","112年04月11日","112年04月11日","112年10月05日","112年10月11日","0.055","    120.23","","",
="041048","愛普元大2B購03","1.20","","6531","愛普*","328.50","＋","認購","美式","112年04月11日","112年04月11日","112年11月08日","112年11月10日","0.046","    446.50","","",
="041049","洋基元大2A購01","0.00","","6691","洋基工程","297.00","＋","認購","美式","112年04月11日","112年04月11日","112年10月05日","112年10月11日","0.057","    319.41","","",
="04104U","上銀群益2A售01","0.00","","2049","上銀","235.50","＋","認售","歐式","112年02月08日","112年10月11日","112年10月05日","112年10月11日","0.15","    185.00","","",
="041050","力智元大2B購03","1.23","＋","6719","力智","303.00","＋","認購","美式","112年04月11日","112年04月11日","112年11月08日","112年11月10日","0.035","    351.50","","",
="041051","視陽元大2A購01","0.55","＋","6782","視陽","230.00","＋","認購","美式","112年04月11日","112年04月11日","112年10月05日","112年10月11日","0.028","    320.28","","",
="041052","至上元大2B購01","1.99","","8112","至上","46.30","＋","認購","美式","112年04月11日","112年04月11日","112年11月08日","112年11月10日","0.40","    51.61","","",
="041053","勤誠元大2A購01","3.75","＋","8210","勤誠","101.00","＋","認購","美式","112年04月11日","112年04月11日","112年10月05日","112年10月11日","0.233","    95.91","","",
="041054","巨大元大2A購01","1.28","－","9921","巨大","201.00","＋","認購","美式","112年04月11日","112年04月11日","112年10月05日","112年10月11日","0.056","    200.68","","",
="041055","臺股指元大2C購26","0.00","","IX0001","臺股指數","16,636.30","","認購","歐式","112年04月11日","112年12月11日","112年12月07日","112年12月11日","0.02","    19,700.00","","",
="041056","臺股指元大2C購27","0.00","","IX0001","臺股指數","16,636.30","","認購","歐式","112年04月11日","112年12月11日","112年12月07日","112年12月11日","0.003","    16,300.00","","",
="041057","臺股指元大2C購28","0.00","","IX0001","臺股指數","16,636.30","","認購","歐式","112年04月11日","112年12月11日","112年12月07日","112年12月11日","0.002","    15,300.00","","",
="041058","臺股指元大31購13","0.00","","IX0001","臺股指數","16,636.30","","認購","歐式","112年04月11日","113年01月10日","113年01月08日","113年01月10日","0.03","    20,800.00","","",
="041059","臺股指元大31購14","2.01","＋","IX0001","臺股指數","16,636.30","","認購","歐式","112年04月11日","113年01月10日","113年01月08日","113年01月10日","0.003","    17,000.00","","",
="04105U","華碩群益2A售01","0.70","","2357","華碩","303.50","－","認售","歐式","112年02月08日","112年10月11日","112年10月05日","112年10月11日","0.08","    250.00","","",
="041060","臺股指元大31購15","2.62","＋","IX0001","臺股指數","16,636.30","","認購","歐式","112年04月11日","113年01月10日","113年01月08日","113年01月10日","0.002","    15,700.00","","",
="041061","臺股指元大31購16","1.96","＋","IX0001","臺股指數","16,636.30","","認購","歐式","112年04月11日","113年01月10日","113年01月08日","113年01月10日","0.001","    14,800.00","","",
="041062","士電統一31購01","3.33","","1503","士電","143.50","＋","認購","美式","112年04月11日","112年04月11日","113年01月08日","113年01月10日","0.06","    96.00","","",
="041063","東元統一2C購01","1.08","＋","1504","東元","51.80","＋","認購","美式","112年04月11日","112年04月11日","112年12月07日","112年12月11日","0.098","    48.88","","",
="041064","東元統一32購01","0.97","＋","1504","東元","51.80","＋","認購","美式","112年04月11日","112年04月11日","113年02月02日","113年02月15日","0.08","    52.20","","",
="041065","鉅祥統一2B購01","0.00","","2476","鉅祥","50.40","＋","認購","美式","112年04月11日","112年04月11日","112年11月08日","112年11月10日","0.10","    66.40","","",
="041066","陽明統一2C購01","0.64","","2609","陽明","62.00","＋","認購","美式","112年04月11日","112年04月11日","112年12月07日","112年12月11日","0.12","    68.88","","",
="041067","陽明統一2C購02","0.59","＋","2609","陽明","62.00","＋","認購","美式","112年04月11日","112年04月11日","112年12月07日","112年12月11日","0.10","    66.66","","",
="041068","晶豪科統一32購01","0.81","＋","3006","晶豪科","88.20","＋","認購","美式","112年04月11日","112年04月11日","113年02月02日","113年02月15日","0.046","    98.00","","",
="041069","智原統一33購01","0.00","","3035","智原","173.50","＋","認購","美式","112年04月11日","112年04月11日","113年03月07日","113年03月11日","0.016","    228.88","","",
="04106U","智易群益29售01","0.00","","3596","智易","115.00","＋","認售","歐式","112年02月08日","112年09月07日","112年09月05日","112年09月07日","0.185","    75.80","","",
="041070","總太統一2B購01","0.82","＋","3056","總太","48.60","＋","認購","美式","112年04月11日","112年04月11日","112年11月08日","112年11月10日","0.125","    54.60","","",
="041071","總太統一2C購01","1.00","","3056","總太","48.60","＋","認購","美式","112年04月11日","112年04月11日","112年12月07日","112年12月11日","0.10","    54.60","","",
="041072","創意統一2C購07","0.00","","3443","創意","1,515.00","＋","認購","美式","112年04月11日","112年04月11日","112年12月07日","112年12月11日","0.003","    999.99","","",
="041073","創意統一32購02","1.18","＋","3443","創意","1,515.00","＋","認購","美式","112年04月11日","112年04月11日","113年02月02日","113年02月15日","0.003","    1,600.00","","",
="041074","華孚統一2B購01","2.22","","6235","華孚","123.50","＋","認購","美式","112年04月11日","112年04月11日","112年11月08日","112年11月10日","0.05","    90.50","","",
="041075","華孚統一2C購01","1.73","＋","6235","華孚","123.50","＋","認購","美式","112年04月11日","112年04月11日","112年12月07日","112年12月11日","0.038","    92.10","","",
="041076","華孚統一2C購02","2.04","＋","6235","華孚","123.50","＋","認購","美式","112年04月11日","112年04月11日","112年12月07日","112年12月11日","0.05","    96.10","","",
="041077","華孚統一2C購03","2.16","＋","6235","華孚","123.50","＋","認購","美式","112年04月11日","112年04月11日","112年12月07日","112年12月11日","0.05","    100.10","","",
="041078","華孚統一31購01","1.82","","6235","華孚","123.50","＋","認購","美式","112年04月11日","112年04月11日","113年01月08日","113年01月10日","0.036","    88.88","","",
="041079","華孚統一31購02","1.70","＋","6235","華孚","123.50","＋","認購","美式","112年04月11日","112年04月11日","113年01月08日","113年01月10日","0.035","    100.00","","",
="04107P","長榮航元大2A售01","0.00","","2618","長榮航","33.60","＋","認售","歐式","111年10月12日","112年10月11日","112年10月05日","112年10月11日","1.00","    14.30","","",
="04107U","祥碩群益28售04","0.00","","5269","祥碩","1,300.00","＋","認售","歐式","112年02月08日","112年08月07日","112年08月03日","112年08月07日","0.015","    750.00","","",
="041080","華孚統一31購03","1.15","＋","6235","華孚","123.50","＋","認購","美式","112年04月11日","112年04月11日","113年01月08日","113年01月10日","0.025","    123.00","","",
="041081","華孚統一32購01","2.28","＋","6235","華孚","123.50","＋","認購","美式","112年04月11日","112年04月11日","113年02月02日","113年02月15日","0.05","    96.10","","",
="041082","穎崴統一32購03","0.87","－","6515","穎崴","830.00","－","認購","美式","112年04月11日","112年04月11日","113年02月02日","113年02月15日","0.004","    839.80","","",
="041083","南電統一2C購03","0.85","－","8046","南電","302.50","－","認購","美式","112年04月11日","112年04月11日","112年12月07日","112年12月11日","0.022","    333.33","","",
="041084","S&P反1永豐2C購01","0.00","",="00648R","元大S&P500反1","6.93","－","認購","美式","112年04月11日","112年04月11日","112年12月07日","112年12月11日","1.00","    7.11","","",
="041085","士電永豐2B購01","5.70","＋","1503","士電","143.50","＋","認購","美式","112年04月11日","112年04月11日","112年11月08日","112年11月10日","0.11","    96.03","","",
="041086","東元永豐2A購01","2.29","＋","1504","東元","51.80","＋","認購","美式","112年04月11日","112年04月11日","112年10月05日","112年10月11日","0.30","    50.03","","",
="041087","堤維西永豐2A購01","0.00","","1522","堤維西","29.10","＋","認購","美式","112年04月11日","112年04月11日","112年10月05日","112年10月11日","0.41","    34.01","","",
="041088","亞德客永豐2A購01","0.42","＋","1590","亞德客-KY","1,040.00","＋","認購","美式","112年04月11日","112年04月11日","112年10月05日","112年10月11日","0.006","    1,302.00","","",
="041089","東鹼永豐2B購01","0.00","","1708","東鹼","36.40","＋","認購","美式","112年04月11日","112年04月11日","112年11月08日","112年11月10日","0.28","    51.06","","",
="04108U","康舒群益29售01","0.32","－","6282","康舒","44.05","＋","認售","歐式","112年02月08日","112年09月07日","112年09月05日","112年09月07日","0.30","    32.50","","",
="041090","友訊永豐2B購01","0.00","","2332","友訊","19.95","＋","認購","美式","112年04月11日","112年04月11日","112年11月08日","112年11月10日","0.82","    23.38","","",
="041091","英業達永豐2A購02","2.28","＋","2356","英業達","37.50","＋","認購","美式","112年04月11日","112年04月11日","112年10月05日","112年10月11日","1.00","    40.90","","",
="041092","致茂永豐2A購01","1.61","＋","2360","致茂","226.50","＋","認購","美式","112年04月11日","112年04月11日","112年10月05日","112年10月11日","0.045","    214.50","","",
="041093","興勤永豐2B購01","0.95","＋","2428","興勤","156.50","＋","認購","美式","112年04月11日","112年04月11日","112年11月08日","112年11月10日","0.06","    181.20","","",
="041094","立隆電永豐2A購01","0.77","＋","2472","立隆電","62.90","＋","認購","美式","112年04月11日","112年04月11日","112年10月05日","112年10月11日","0.22","    75.04","","",
="041095","鉅祥永豐2A購01","0.00","","2476","鉅祥","50.40","＋","認購","美式","112年04月11日","112年04月11日","112年10月05日","112年10月11日","0.21","    72.25","","",
="041096","八方永豐2B購02","0.39","","2753","八方雲集","167.00","","認購","美式","112年04月11日","112年04月11日","112年11月08日","112年11月10日","0.05","    231.56","","",
="041097","總太永豐2A購01","0.00","","3056","總太","48.60","＋","認購","美式","112年04月11日","112年04月11日","112年10月05日","112年10月11日","0.24","    54.68","","",
="041098","揚明光永豐2B購01","0.77","＋","3504","揚明光","81.70","＋","認購","美式","112年04月11日","112年04月11日","112年11月08日","112年11月10日","0.125","    101.35","","",
="041099","碩天永豐2B購01","3.05","－","3617","碩天","191.00","－","認購","美式","112年04月11日","112年04月11日","112年11月08日","112年11月10日","0.049","    142.31","","",
="04109U","愛普群益29售07","0.00","","6531","愛普*","328.50","＋","認售","歐式","112年02月08日","112年09月07日","112年09月05日","112年09月07日","0.035","    220.00","","",
="041100","TPK永豐2A購01","2.57","＋","3673","TPK-KY","41.75","＋","認購","美式","112年04月11日","112年04月11日","112年10月05日","112年10月11日","0.43","    39.42","","",
="041101","大眾控永豐2A購01","2.98","＋","3701","大眾控","67.10","＋","認購","美式","112年04月11日","112年04月11日","112年10月05日","112年10月11日","0.272","    65.78","","",
="041102","上緯控永豐2B購01","0.49","","3708","上緯投控","96.50","－","認購","美式","112年04月11日","112年04月11日","112年11月08日","112年11月10日","0.08","    127.50","","",
="041103","承業醫永豐2B購01","0.00","","4164","承業醫","64.10","","認購","美式","112年04月11日","112年04月11日","112年11月08日","112年11月10日","0.125","    77.66","","",
="041104","承業醫永豐2C購01","0.00","","4164","承業醫","64.10","","認購","美式","112年04月11日","112年04月11日","112年12月07日","112年12月11日","0.19","    100.25","","",
="041105","正文永豐2C購01","0.98","","4906","正文","31.40","＋","認購","美式","112年04月11日","112年04月11日","112年12月07日","112年12月11日","0.50","    37.17","","",
="041106","亞翔永豐2A購01","3.88","＋","6139","亞翔","63.80","－","認購","美式","112年04月11日","112年04月11日","112年10月05日","112年10月11日","0.30","    57.66","","",
="041107","華孚永豐2A購01","4.10","＋","6235","華孚","123.50","＋","認購","美式","112年04月11日","112年04月11日","112年10月05日","112年10月11日","0.13","    100.13","","",
="041108","復盛永豐2A購01","0.00","","6670","復盛應用","211.00","","認購","美式","112年04月11日","112年04月11日","112年10月05日","112年10月11日","0.08","    285.31","","",
="041109","洋基永豐2A購01","0.00","","6691","洋基工程","297.00","＋","認購","美式","112年04月11日","112年04月11日","112年10月05日","112年10月11日","0.041","    319.41","","",
="04110U","上銀中信28售01","0.00","","2049","上銀","235.50","＋","認售","歐式","112年02月08日","112年08月07日","112年08月03日","112年08月07日","0.06","    200.00","","",
="041110","嘉基永豐2B購01","0.40","","6715","嘉基","145.50","＋","認購","美式","112年04月11日","112年04月11日","112年11月08日","112年11月10日","0.04","    197.36","","",
="041111","視陽永豐2A購01","0.54","","6782","視陽","230.00","＋","認購","美式","112年04月11日","112年04月11日","112年10月05日","112年10月11日","0.03","    320.28","","",
="041112","至上永豐2A購01","0.94","","8112","至上","46.30","＋","認購","美式","112年04月11日","112年04月11日","112年10月05日","112年10月11日","0.292","    53.85","","",
="041113","勤誠永豐2A購01","1.80","＋","8210","勤誠","101.00","＋","認購","美式","112年04月11日","112年04月11日","112年10月05日","112年10月11日","0.11","    95.91","","",
="041114","巨大永豐2B購01","1.13","","9921","巨大","201.00","＋","認購","美式","112年04月11日","112年04月11日","112年11月08日","112年11月10日","0.046","    200.68","","",
="041115","茂順永豐2B購01","1.17","－","9942","茂順","155.00","－","認購","美式","112年04月11日","112年04月11日","112年11月08日","112年11月10日","0.046","    153.81","","",
="041116","茂矽群益2A購01","0.29","","2342","茂矽","40.95","＋","認購","美式","112年04月11日","112年04月11日","112年10月05日","112年10月11日","0.30","    58.00","","",
="041117","建準群益2A購02","7.35","＋","2421","建準","89.00","＋","認購","美式","112年04月11日","112年04月11日","112年10月05日","112年10月11日","0.30","    64.80","","",
="041118","偉詮電群益2A購01","0.88","＋","2436","偉詮電","51.60","＋","認購","美式","112年04月11日","112年04月11日","112年10月05日","112年10月11日","0.22","    64.80","","",
="041119","聯發科群益2A購08","2.14","＋","2454","聯發科","738.00","＋","認購","美式","112年04月11日","112年04月11日","112年10月05日","112年10月11日","0.03","    745.00","","",
="04111U","華邦電中信28售02","0.17","－","2344","華邦電","26.90","＋","認售","歐式","112年02月08日","112年08月07日","112年08月03日","112年08月07日","1.00","    20.00","","",
="041120","聯發科群益2A購09","3.01","＋","2454","聯發科","738.00","＋","認購","美式","112年04月11日","112年04月11日","112年10月05日","112年10月11日","0.10","    925.00","","",
="041121","雲品群益2A購01","1.17","－","2748","雲品","90.00","－","認購","美式","112年04月11日","112年04月11日","112年10月05日","112年10月11日","0.10","    99.80","","",
="041122","雲品群益2A購02","0.56","－","2748","雲品","90.00","－","認購","美式","112年04月11日","112年04月11日","112年10月05日","112年10月11日","0.065","    118.00","","",
="041123","零壹群益2A購01","3.16","＋","3029","零壹","67.30","＋","認購","美式","112年04月11日","112年04月11日","112年10月05日","112年10月11日","0.30","    64.80","","",
="041124","智原群益2C購02","0.41","","3035","智原","173.50","＋","認購","美式","112年04月11日","112年04月11日","112年12月07日","112年12月11日","0.06","    267.00","","",
="041125","總太群益2A購02","0.00","","3056","總太","48.60","＋","認購","美式","112年04月11日","112年04月11日","112年10月05日","112年10月11日","0.30","    64.80","","",
="041126","台耀群益2A購01","1.73","－","4746","台耀","84.00","＋","認購","美式","112年04月11日","112年04月11日","112年10月05日","112年10月11日","0.20","    98.80","","",
="041127","眾達群益2B購01","1.10","＋","4977","眾達-KY","113.00","＋","認購","美式","112年04月11日","112年04月11日","112年11月08日","112年11月10日","0.10","    140.00","","",
="041128","虹堡群益2B購01","1.73","＋","5258","虹堡","91.00","＋","認購","美式","112年04月11日","112年04月11日","112年11月08日","112年11月10日","0.20","    107.00","","",
="041129","華孚群益2A購01","7.50","","6235","華孚","123.50","＋","認購","美式","112年04月11日","112年04月11日","112年10月05日","112年10月11日","0.20","    92.00","","",
="04112U","富邦金中信28售01","0.11","","2881","富邦金","61.10","＋","認售","歐式","112年02月08日","112年08月07日","112年08月03日","112年08月07日","0.95","    45.00","","",
="041130","樺漢群益2A購02","0.65","＋","6414","樺漢","281.00","＋","認購","美式","112年04月11日","112年04月11日","112年10月05日","112年10月11日","0.062","    336.00","","",
="041131","瑞祺群益2A購01","0.31","＋","6416","瑞祺電通","102.00","＋","認購","美式","112年04月11日","112年04月11日","112年10月05日","112年10月11日","0.12","    138.80","","",
="041132","巨大群益2A購01","0.00","","9921","巨大","201.00","＋","認購","美式","112年04月11日","112年04月11日","112年10月05日","112年10月11日","0.08","    208.00","","",
="041133","東元凱基2A購01","0.00","","1504","東元","51.80","＋","認購","美式","112年04月11日","112年04月11日","112年10月05日","112年10月11日","0.10","    45.00","","",
="041134","東元凱基2B購01","1.50","＋","1504","東元","51.80","＋","認購","美式","112年04月11日","112年04月11日","112年11月08日","112年11月10日","0.15","    50.00","","",
="041135","東元凱基2C購01","0.00","","1504","東元","51.80","＋","認購","美式","112年04月11日","112年04月11日","112年12月07日","112年12月11日","0.15","    60.00","","",
="041136","中興電凱基2A購06","0.00","","1513","中興電","113.50","＋","認購","美式","112年04月11日","112年04月11日","112年10月05日","112年10月11日","0.30","    112.00","","",
="041137","永冠凱基2B購01","0.00","","1589","永冠-KY","71.60","－","認購","美式","112年04月11日","112年04月11日","112年11月08日","112年11月10日","0.13","    85.00","","",
="041138","永冠凱基2C購01","0.00","","1589","永冠-KY","71.60","－","認購","美式","112年04月11日","112年04月11日","112年12月07日","112年12月11日","0.15","    100.00","","",
="041139","亞德客凱基2C購01","0.37","＋","1590","亞德客-KY","1,040.00","＋","認購","美式","112年04月11日","112年04月11日","112年12月07日","112年12月11日","0.005","    1,300.00","","",
="04113P","聯發科元富27售04","0.00","","2454","聯發科","738.00","＋","認售","歐式","111年12月07日","112年07月06日","112年07月04日","112年07月06日","0.04","    700.00","","",
="04113U","創意中信29售01","0.00","","3443","創意","1,515.00","＋","認售","歐式","112年02月08日","112年09月07日","112年09月05日","112年09月07日","0.014","    588.00","","",
="041140","亞德客凱基2C購02","0.27","","1590","亞德客-KY","1,040.00","＋","認購","美式","112年04月11日","112年04月11日","112年12月07日","112年12月11日","0.005","    1,450.00","","",
="041141","亞德客凱基32購01","0.00","","1590","亞德客-KY","1,040.00","＋","認購","美式","112年04月11日","112年04月11日","113年02月02日","113年02月15日","0.006","    1,700.00","","",
="041142","茂矽凱基2A購01","0.53","＋","2342","茂矽","40.95","＋","認購","美式","112年04月11日","112年04月11日","112年10月05日","112年10月11日","0.25","    50.00","","",
="041143","茂矽凱基2A購02","0.19","－","2342","茂矽","40.95","＋","認購","美式","112年04月11日","112年04月11日","112年10月05日","112年10月11日","0.30","    60.00","","",
="041144","茂矽凱基2C購01","0.00","","2342","茂矽","40.95","＋","認購","美式","112年04月11日","112年04月11日","112年12月07日","112年12月11日","0.30","    70.00","","",
="041145","興勤凱基2B購01","0.00","","2428","興勤","156.50","＋","認購","美式","112年04月11日","112年04月11日","112年11月08日","112年11月10日","0.03","    160.00","","",
="041146","晶華凱基2A購05","1.51","＋","2707","晶華","288.00","＋","認購","美式","112年04月11日","112年04月11日","112年10月05日","112年10月11日","0.12","    350.00","","",
="041147","晶豪科凱基2A購03","1.35","＋","3006","晶豪科","88.20","＋","認購","美式","112年04月11日","112年04月11日","112年10月05日","112年10月11日","0.13","    90.00","","",
="041148","零壹凱基2B購01","2.68","＋","3029","零壹","67.30","＋","認購","美式","112年04月11日","112年04月11日","112年11月08日","112年11月10日","0.20","    60.00","","",
="041149","創意凱基2A購10","3.47","＋","3443","創意","1,515.00","＋","認購","美式","112年04月11日","112年04月11日","112年10月05日","112年10月11日","0.012","    1,380.00","","",
="04114U","台灣50元富2B售01","1.16","－",="0050","元大台灣50","126.75","＋","認售","歐式","112年02月08日","112年11月07日","112年11月03日","112年11月07日","0.20","    123.00","","",
="041150","創意凱基2B購08","3.13","＋","3443","創意","1,515.00","＋","認購","美式","112年04月11日","112年04月11日","112年11月08日","112年11月10日","0.012","    1,480.00","","",
="041151","晶睿凱基2A購03","0.00","","3454","晶睿","182.50","＋","認購","美式","112年04月11日","112年04月11日","112年10月05日","112年10月11日","0.05","    300.00","","",
="041152","世芯凱基31購02","0.00","","3661","世芯-KY","1,660.00","＋","認購","美式","112年04月11日","112年04月11日","113年01月08日","113年01月10日","0.008","    1,380.00","","",
="041153","眾達凱基2A購02","0.64","＋","4977","眾達-KY","113.00","＋","認購","美式","112年04月11日","112年04月11日","112年10月05日","112年10月11日","0.05","    130.00","","",
="041154","虹堡凱基2B購01","1.08","＋","5258","虹堡","91.00","＋","認購","美式","112年04月11日","112年04月11日","112年11月08日","112年11月10日","0.10","    100.00","","",
="041155","華孚凱基2A購01","3.86","＋","6235","華孚","123.50","＋","認購","美式","112年04月11日","112年04月11日","112年10月05日","112年10月11日","0.10","    90.00","","",
="041156","華孚凱基2B購01","3.56","","6235","華孚","123.50","＋","認購","美式","112年04月11日","112年04月11日","112年11月08日","112年11月10日","0.075","    80.00","","",
="041157","華孚凱基2B購02","3.60","＋","6235","華孚","123.50","＋","認購","美式","112年04月11日","112年04月11日","112年11月08日","112年11月10日","0.10","    100.00","","",
="041158","華孚凱基2C購01","3.94","＋","6235","華孚","123.50","＋","認購","美式","112年04月11日","112年04月11日","112年12月07日","112年12月11日","0.12","    110.00","","",
="041159","華孚凱基2C購02","0.00","","6235","華孚","123.50","＋","認購","美式","112年04月11日","112年04月11日","112年12月07日","112年12月11日","0.065","    85.00","","",
="04115P","T50反1元富27售04","0.00","",="00632R","元大台灣50反1","4.94","－","認售","歐式","111年10月12日","112年07月11日","112年07月07日","112年07月11日","1.00","    6.30","","",
="04115U","台灣50元富2B售02","1.06","－",="0050","元大台灣50","126.75","＋","認售","歐式","112年02月08日","112年11月07日","112年11月03日","112年11月07日","0.30","    117.00","","",
="041160","華孚凱基2C購03","3.37","＋","6235","華孚","123.50","＋","認購","美式","112年04月11日","112年04月11日","112年12月07日","112年12月11日","0.12","    120.00","","",
="041161","瑞祺凱基2A購01","0.00","","6416","瑞祺電通","102.00","＋","認購","美式","112年04月11日","112年04月11日","112年10月05日","112年10月11日","0.05","    120.00","","",
="041162","T50正2第一28購01","0.00","",="00631L","元大台灣50正2","129.10","＋","認購","美式","110年08月05日","110年08月05日","112年08月02日","112年08月04日","0.017","    177.73","","",
="041163","瑞祺凱基2C購01","0.00","","6416","瑞祺電通","102.00","＋","認購","美式","112年04月11日","112年04月11日","112年12月07日","112年12月11日","0.05","    140.00","","",
="041164","瑞祺凱基31購01","0.17","＋","6416","瑞祺電通","102.00","＋","認購","美式","112年04月11日","112年04月11日","113年01月08日","113年01月10日","0.07","    170.00","","",
="041165","臺股指凱基31購07","0.00","","IX0001","臺股指數","16,636.30","","認購","歐式","112年04月11日","113年01月10日","113年01月08日","113年01月10日","0.008","    17,800.00","","",
="041166","茂矽國票2B購01","0.69","－","2342","茂矽","40.95","＋","認購","美式","112年04月11日","112年04月11日","112年11月08日","112年11月10日","0.80","    70.00","","",
="041167","凱美國票2B購01","0.00","","2375","凱美","69.90","＋","認購","美式","112年04月11日","112年04月11日","112年11月08日","112年11月10日","0.20","    90.00","","",
="041168","仲琦國票2A購01","0.70","","2419","仲琦","26.70","＋","認購","美式","112年04月11日","112年04月11日","112年10月05日","112年10月11日","0.35","    32.00","","",
="041169","仲琦國票2B購01","0.00","","2419","仲琦","26.70","＋","認購","美式","112年04月11日","112年04月11日","112年11月08日","112年11月10日","0.65","    40.00","","",
="04116P","鴻海元富27售02","0.00","","2317","鴻海","105.50","＋","認售","歐式","111年10月12日","112年07月11日","112年07月07日","112年07月11日","0.50","    80.00","","",
="04116U","創意元富28售08","0.09","","3443","創意","1,515.00","＋","認售","歐式","112年02月08日","112年08月07日","112年08月03日","112年08月07日","0.01","    800.00","","",
="041170","興勤國票2B購01","0.00","","2428","興勤","156.50","＋","認購","美式","112年04月11日","112年04月11日","112年11月08日","112年11月10日","0.08","    180.00","","",
="041171","益航國票2B購01","0.00","","2601","益航","9.02","＋","認購","美式","112年04月11日","112年04月11日","112年11月08日","112年11月10日","1.00","    12.00","","",
="041172","耀登國票2B購01","1.00","＋","3138","耀登","153.00","＋","認購","美式","112年04月11日","112年04月11日","112年11月08日","112年11月10日","0.082","    195.47","","",
="041173","世芯國票31購02","3.52","＋","3661","世芯-KY","1,660.00","＋","認購","美式","112年04月11日","112年04月11日","113年01月08日","113年01月10日","0.012","    1,800.00","","",
="041174","乙盛國票2B購03","3.20","＋","5243","乙盛-KY","83.70","＋","認購","美式","112年04月11日","112年04月11日","112年11月08日","112年11月10日","0.428","    92.00","","",
="041175","中磊國票2B購03","0.00","","5388","中磊","93.30","＋","認購","美式","112年04月11日","112年04月11日","112年11月08日","112年11月10日","0.284","    114.27","","",
="041176","華孚國票2A購01","5.10","＋","6235","華孚","123.50","＋","認購","美式","112年04月11日","112年04月11日","112年10月05日","112年10月11日","0.13","    90.00","","",
="041177","華孚國票2B購01","5.20","＋","6235","華孚","123.50","＋","認購","美式","112年04月11日","112年04月11日","112年11月08日","112年11月10日","0.20","    120.00","","",
="041178","至上國票2B購01","0.00","","8112","至上","46.30","＋","認購","美式","112年04月11日","112年04月11日","112年11月08日","112年11月10日","0.30","    55.00","","",
="041179","士電國泰2C購01","11.00","＋","1503","士電","143.50","＋","認購","美式","112年04月11日","112年04月11日","112年12月07日","112年12月11日","0.25","    106.88","","",
="04117U","台勝科元富28售01","0.00","","3532","台勝科","157.00","＋","認售","歐式","112年02月08日","112年08月07日","112年08月03日","112年08月07日","0.08","    145.00","","",
="041180","零壹國泰2C購01","3.52","＋","3029","零壹","67.30","＋","認購","美式","112年04月11日","112年04月11日","112年12月07日","112年12月11日","0.35","    68.40","","",
="041181","虹堡國泰2C購01","1.54","","5258","虹堡","91.00","＋","認購","美式","112年04月11日","112年04月11日","112年12月07日","112年12月11日","0.18","    113.10","","",
="041182","中興電富邦31購01","0.92","＋","1513","中興電","113.50","＋","認購","美式","112年04月11日","112年04月11日","113年01月08日","113年01月10日","0.10","    140.00","","",
="041183","友訊富邦2B購01","0.76","＋","2332","友訊","19.95","＋","認購","美式","112年04月11日","112年04月11日","112年11月08日","112年11月10日","0.50","    23.00","","",
="041184","致茂富邦2B購01","1.85","＋","2360","致茂","226.50","＋","認購","美式","112年04月11日","112年04月11日","112年11月08日","112年11月10日","0.05","    220.00","","",
="041185","TPK富邦2C購01","1.66","＋","3673","TPK-KY","41.75","＋","認購","美式","112年04月11日","112年04月11日","112年12月07日","112年12月11日","0.20","    36.50","","",
="041186","華孚富邦2C購01","2.10","＋","6235","華孚","123.50","＋","認購","美式","112年04月11日","112年04月11日","112年12月07日","112年12月11日","0.045","    90.00","","",
="041187","T50反1中信34購01","0.69","－",="00632R","元大台灣50反1","4.94","－","認購","歐式","112年04月12日","113年04月11日","113年04月09日","113年04月11日","1.00","    4.50","","",
="041188","英業達中信2B購01","1.51","＋","2356","英業達","37.50","＋","認購","歐式","112年04月12日","112年11月13日","112年11月09日","112年11月13日","1.00","    47.20","","",
="041189","創意中信2B購01","1.79","＋","3443","創意","1,515.00","＋","認購","歐式","112年04月12日","112年11月13日","112年11月09日","112年11月13日","0.004","    1,200.00","","",
="04118P","南電元富26售02","0.00","","8046","南電","302.50","－","認售","歐式","111年12月07日","112年06月06日","112年06月02日","112年06月06日","0.05","    250.00","","",
="04118U","日月光元富28售01","0.38","＋","3711","日月光投控","109.00","－","認售","歐式","112年02月08日","112年08月07日","112年08月03日","112年08月07日","0.12","    95.00","","",
="041190","矽力中信2A購01","0.00","","6415","矽力*-KY","394.50","＋","認購","歐式","112年04月12日","112年10月11日","112年10月05日","112年10月11日","0.01","    500.00","","",
="041191","巨大中信2A購01","1.19","－","9921","巨大","201.00","＋","認購","歐式","112年04月12日","112年10月11日","112年10月05日","112年10月11日","0.13","    250.00","","",
="041192","大亞康和2A購01","1.65","＋","1609","大亞","31.00","＋","認購","美式","112年04月12日","112年04月12日","112年10月05日","112年10月11日","0.50","    32.60","","",
="041193","南亞科康和2A購01","1.36","－","2408","南亞科","71.20","－","認購","美式","112年04月12日","112年04月12日","112年10月05日","112年10月11日","0.30","    80.00","","",
="041194","中信金康和2C購01","1.82","","2891","中信金","24.40","＋","認購","美式","112年04月12日","112年04月12日","112年12月07日","112年12月11日","1.00","    26.00","","",
="041195","緯創康和2A購01","0.00","","3231","緯創","68.00","＋","認購","美式","112年04月12日","112年04月12日","112年10月05日","112年10月11日","0.65","    50.00","","",
="041196","祥碩康和2C購01","1.27","＋","5269","祥碩","1,300.00","＋","認購","美式","112年04月12日","112年04月12日","112年12月07日","112年12月11日","0.007","    1,500.00","","",
="041197","東元永豐2B購01","1.26","＋","1504","東元","51.80","＋","認購","美式","112年04月12日","112年04月12日","112年11月09日","112年11月13日","0.245","    59.64","","",
="041198","美時永豐2B購01","1.67","＋","1795","美時","330.50","＋","認購","美式","112年04月12日","112年04月12日","112年11月09日","112年11月13日","0.028","    310.00","","",
="041199","立積永豐2C購02","1.01","＋","4968","立積","170.00","＋","認購","美式","112年04月12日","112年04月12日","112年12月07日","112年12月11日","0.062","    212.63","","",
="04119U","臺股指元富29售04","0.92","－","IX0001","臺股指數","16,636.30","","認售","歐式","112年02月08日","112年09月07日","112年09月05日","112年09月07日","0.003","    15,000.00","","",
="041200","晶心科永豐2C購01","0.72","＋","6533","晶心科","511.00","＋","認購","美式","112年04月12日","112年04月12日","112年12月07日","112年12月11日","0.019","    690.00","","",
="041201","晶心科永豐31購01","0.00","","6533","晶心科","511.00","＋","認購","美式","112年04月12日","112年04月12日","113年01月09日","113年01月11日","0.021","    760.00","","",
="041202","創意第一2A購03","0.00","","3443","創意","1,515.00","＋","認購","美式","112年04月12日","112年04月12日","112年10月05日","112年10月11日","0.003","    1,215.20","","",
="041203","A50正2凱基2C購02","0.00","",="00655L","國泰中國A50正2","24.65","－","認購","美式","112年04月12日","112年04月12日","112年12月07日","112年12月11日","0.45","    30.00","","",
="041204","裕隆凱基2B購03","1.93","","2201","裕隆","82.80","＋","認購","美式","112年04月12日","112年04月12日","112年11月09日","112年11月13日","0.25","    91.00","","",
="041205","致茂凱基2A購01","2.69","＋","2360","致茂","226.50","＋","認購","美式","112年04月12日","112年04月12日","112年10月05日","112年10月11日","0.08","    220.00","","",
="041206","凱美凱基2B購01","0.00","","2375","凱美","69.90","＋","認購","美式","112年04月12日","112年04月12日","112年11月09日","112年11月13日","0.20","    90.00","","",
="041207","毅嘉凱基2A購01","1.07","＋","2402","毅嘉","28.70","＋","認購","美式","112年04月12日","112年04月12日","112年10月05日","112年10月11日","0.30","    30.00","","",
="041208","毅嘉凱基2B購01","1.07","＋","2402","毅嘉","28.70","＋","認購","美式","112年04月12日","112年04月12日","112年11月09日","112年11月13日","0.35","    33.00","","",
="041209","毅嘉凱基2C購01","0.75","＋","2402","毅嘉","28.70","＋","認購","美式","112年04月12日","112年04月12日","112年12月07日","112年12月11日","0.40","    40.00","","",
="04120U","滬深2X凱基2A售09","0.00","",="00637L","元大滬深300正2","13.77","－","認售","歐式","112年02月08日","112年10月11日","112年10月05日","112年10月11日","0.70","    16.00","","",
="041210","飛宏凱基2A購02","1.90","＋","2457","飛宏","76.40","＋","認購","美式","112年04月12日","112年04月12日","112年10月05日","112年10月11日","0.15","    70.00","","",
="041211","宏達電凱基2A購08","0.71","＋","2498","宏達電","61.50","＋","認購","美式","112年04月12日","112年04月12日","112年10月05日","112年10月11日","0.22","    73.00","","",
="041212","晶華凱基2A購06","0.00","","2707","晶華","288.00","＋","認購","美式","112年04月12日","112年04月12日","112年10月05日","112年10月11日","0.08","    330.00","","",
="041213","雲品凱基2A購01","0.90","－","2748","雲品","90.00","－","認購","美式","112年04月12日","112年04月12日","112年10月05日","112年10月11日","0.09","    100.00","","",
="041214","耀登凱基2B購01","0.00","","3138","耀登","153.00","＋","認購","美式","112年04月12日","112年04月12日","112年11月09日","112年11月13日","0.072","    185.70","","",
="041215","緯創凱基2A購04","18.10","＋","3231","緯創","68.00","＋","認購","美式","112年04月12日","112年04月12日","112年10月05日","112年10月11日","1.00","    51.00","","",
="041216","緯創凱基2B購03","0.00","","3231","緯創","68.00","＋","認購","美式","112年04月12日","112年04月12日","112年11月09日","112年11月13日","0.40","    44.00","","",
="041217","玉晶光凱基32購01","2.15","＋","3406","玉晶光","400.00","＋","認購","美式","112年04月12日","112年04月12日","113年02月02日","113年02月15日","0.10","    550.00","","",
="041218","創意凱基2B購09","4.09","＋","3443","創意","1,515.00","＋","認購","美式","112年04月12日","112年04月12日","112年11月09日","112年11月13日","0.018","    1,620.00","","",
="041219","創意凱基2C購04","2.67","＋","3443","創意","1,515.00","＋","認購","美式","112年04月12日","112年04月12日","112年12月07日","112年12月11日","0.009","    1,550.00","","",
="04121U","滬深2X凱基2C售03","1.87","－",="00637L","元大滬深300正2","13.77","－","認售","歐式","112年02月08日","112年12月07日","112年12月05日","112年12月07日","1.00","    14.00","","",
="041220","TPK凱基2A購01","3.29","＋","3673","TPK-KY","41.75","＋","認購","美式","112年04月12日","112年04月12日","112年10月05日","112年10月11日","0.60","    40.00","","",
="041221","立積凱基2A購02","2.52","＋","4968","立積","170.00","＋","認購","美式","112年04月12日","112年04月12日","112年10月05日","112年10月11日","0.09","    170.00","","",
="041222","眾達凱基2B購01","0.69","＋","4977","眾達-KY","113.00","＋","認購","美式","112年04月12日","112年04月12日","112年11月09日","112年11月13日","0.06","    140.00","","",
="041223","訊連凱基2A購01","0.57","＋","5203","訊連","94.00","＋","認購","美式","112年04月12日","112年04月12日","112年10月05日","112年10月11日","0.07","    115.00","","",
="041224","帆宣凱基2C購01","0.64","－","6196","帆宣","131.50","","認購","美式","112年04月12日","112年04月12日","112年12月07日","112年12月11日","0.10","    165.00","","",
="041225","迅得凱基2B購01","1.38","＋","6438","迅得","113.50","＋","認購","美式","112年04月12日","112年04月12日","112年11月09日","112年11月13日","0.08","    115.00","","",
="041226","晶心科凱基2A購05","1.37","＋","6533","晶心科","511.00","＋","認購","美式","112年04月12日","112年04月12日","112年10月05日","112年10月11日","0.03","    570.00","","",
="041227","緯穎凱基2B購05","1.58","＋","6669","緯穎","1,205.00","＋","認購","美式","112年04月12日","112年04月12日","112年11月09日","112年11月13日","0.012","    1,420.00","","",
="041228","力智凱基2B購03","1.53","","6719","力智","303.00","＋","認購","美式","112年04月12日","112年04月12日","112年11月09日","112年11月13日","0.04","    330.00","","",
="041229","至上凱基2B購01","1.94","","8112","至上","46.30","＋","認購","美式","112年04月12日","112年04月12日","112年11月09日","112年11月13日","0.50","    53.00","","",
="04122U","技嘉凱基28售03","0.03","－","2376","技嘉","186.00","＋","認售","歐式","112年02月08日","112年08月07日","112年08月03日","112年08月07日","0.085","    110.00","","",
="041230","巨大凱基2A購01","0.00","","9921","巨大","201.00","＋","認購","美式","112年04月12日","112年04月12日","112年10月05日","112年10月11日","0.10","    210.00","","",
="041231","T50反1兆豐37購01","0.00","",="00632R","元大台灣50反1","4.94","－","認購","美式","112年04月12日","112年04月12日","113年07月09日","113年07月11日","1.00","    5.50","","",
="041232","國巨兆豐2B購01","0.96","＋","2327","國巨","508.00","＋","認購","美式","112年04月12日","112年04月12日","112年11月09日","112年11月13日","0.018","    520.00","","",
="041233","聯發科兆豐2A購03","0.62","＋","2454","聯發科","738.00","＋","認購","美式","112年04月12日","112年04月12日","112年10月05日","112年10月11日","0.02","    850.20","","",
="041234","矽力兆豐2B購01","0.39","＋","6415","矽力*-KY","394.50","＋","認購","美式","112年04月12日","112年04月12日","112年11月09日","112年11月13日","0.012","    520.00","","",
="041235","東元國票2A購01","2.15","＋","1504","東元","51.80","＋","認購","美式","112年04月12日","112年04月12日","112年10月05日","112年10月11日","0.25","    50.00","","",
="041236","毅嘉國票2B購01","1.23","＋","2402","毅嘉","28.70","＋","認購","美式","112年04月12日","112年04月12日","112年11月09日","112年11月13日","0.80","    40.00","","",
="041237","鉅祥國票2C購01","0.47","＋","2476","鉅祥","50.40","＋","認購","美式","112年04月12日","112年04月12日","112年12月07日","112年12月11日","0.30","    80.00","","",
="041238","雲品國票2A購01","1.27","－","2748","雲品","90.00","－","認購","美式","112年04月12日","112年04月12日","112年10月05日","112年10月11日","0.12","    100.00","","",
="041239","立積國票2B購02","2.21","＋","4968","立積","170.00","＋","認購","美式","112年04月12日","112年04月12日","112年11月09日","112年11月13日","0.14","    220.00","","",
="04123U","友達凱基28售03","0.00","","2409","友達","17.65","＋","認售","歐式","112年02月08日","112年08月07日","112年08月03日","112年08月07日","1.00","    14.00","","",
="041240","眾達國票2B購02","0.66","＋","4977","眾達-KY","113.00","＋","認購","美式","112年04月12日","112年04月12日","112年11月09日","112年11月13日","0.16","    180.00","","",
="041241","虹堡國票2A購01","1.35","＋","5258","虹堡","91.00","＋","認購","美式","112年04月12日","112年04月12日","112年10月05日","112年10月11日","0.15","    100.00","","",
="041242","愛普國票2C購01","1.43","＋","6531","愛普*","328.50","＋","認購","美式","112年04月12日","112年04月12日","112年12月07日","112年12月11日","0.06","    450.00","","",
="041243","永冠國泰2C購01","0.68","＋","1589","永冠-KY","71.60","－","認購","美式","112年04月12日","112年04月12日","112年12月07日","112年12月11日","0.20","    99.00","","",
="041244","立隆電國泰2C購01","0.79","","2472","立隆電","62.90","＋","認購","美式","112年04月12日","112年04月12日","112年12月07日","112年12月11日","0.20","    76.85","","",
="041245","晶心科國泰2C購01","0.00","","6533","晶心科","511.00","＋","認購","美式","112年04月12日","112年04月12日","112年12月07日","112年12月11日","0.025","    630.00","","",
="041246","華新富邦2A購01","0.00","","1605","華新","46.60","＋","認購","美式","112年04月12日","112年04月12日","112年10月05日","112年10月11日","0.10","    55.00","","",
="041247","愛普富邦33購01","0.54","＋","6531","愛普*","328.50","＋","認購","美式","112年04月12日","112年04月12日","113年03月07日","113年03月11日","0.015","    450.00","","",
="041248","士電統一2C購01","0.00","","1503","士電","143.50","＋","認購","美式","112年04月12日","112年04月12日","112年12月07日","112年12月11日","0.06","    99.10","","",
="041249","東元統一2C購02","1.06","＋","1504","東元","51.80","＋","認購","美式","112年04月12日","112年04月12日","112年12月07日","112年12月11日","0.11","    50.80","","",
="04124U","聯發科凱基28售07","0.00","","2454","聯發科","738.00","＋","認售","歐式","112年02月08日","112年08月07日","112年08月03日","112年08月07日","0.025","    710.00","","",
="041250","東元統一31購01","1.06","＋","1504","東元","51.80","＋","認購","美式","112年04月12日","112年04月12日","113年01月09日","113年01月11日","0.128","    60.00","","",
="041251","美時統一2C購01","0.77","＋","1795","美時","330.50","＋","認購","美式","112年04月12日","112年04月12日","112年12月07日","112年12月11日","0.01","    327.77","","",
="041252","美時統一2C購02","0.00","","1795","美時","330.50","＋","認購","美式","112年04月12日","112年04月12日","112年12月07日","112年12月11日","0.01","    366.66","","",
="041253","為升統一32購02","0.00","","2231","為升","172.50","＋","認購","美式","112年04月12日","112年04月12日","113年02月02日","113年02月15日","0.02","    230.00","","",
="041254","聯詠統一2A購02","0.50","＋","3034","聯詠","423.50","＋","認購","美式","112年04月12日","112年04月12日","112年10月05日","112年10月11日","0.02","    500.00","","",
="041255","欣興統一2C購05","1.35","－","3037","欣興","182.50","－","認購","美式","112年04月12日","112年04月12日","112年12月07日","112年12月11日","0.036","    168.88","","",
="041256","欣興統一2C購06","1.30","－","3037","欣興","182.50","－","認購","美式","112年04月12日","112年04月12日","112年12月07日","112年12月11日","0.04","    180.00","","",
="041257","玉晶光統一2C購03","0.68","＋","3406","玉晶光","400.00","＋","認購","美式","112年04月12日","112年04月12日","112年12月07日","112年12月11日","0.015","    448.88","","",
="041258","晶睿統一2C購01","0.00","","3454","晶睿","182.50","＋","認購","美式","112年04月12日","112年04月12日","112年12月07日","112年12月11日","0.016","    290.00","","",
="041259","揚明光統一32購01","0.00","","3504","揚明光","81.70","＋","認購","美式","112年04月12日","112年04月12日","113年02月02日","113年02月15日","0.04","    106.20","","",
="04125U","大立光凱基28售04","0.55","－","3008","大立光","2,305.00","＋","認售","歐式","112年02月08日","112年08月07日","112年08月03日","112年08月07日","0.008","    2,058.27","","",
="041260","碩天統一2B購01","0.00","","3617","碩天","191.00","－","認購","美式","112年04月12日","112年04月12日","112年11月09日","112年11月13日","0.04","    136.90","","",
="041261","碩天統一32購01","1.97","＋","3617","碩天","191.00","－","認購","美式","112年04月12日","112年04月12日","113年02月02日","113年02月15日","0.03","    149.40","","",
="041262","碩天統一33購01","0.00","","3617","碩天","191.00","－","認購","美式","112年04月12日","112年04月12日","113年03月07日","113年03月11日","0.013","    123.45","","",
="041263","碩天統一33購02","1.11","－","3617","碩天","191.00","－","認購","美式","112年04月12日","112年04月12日","113年03月07日","113年03月11日","0.013","    168.88","","",
="041264","世芯統一34購01","0.00","","3661","世芯-KY","1,660.00","＋","認購","美式","112年04月12日","112年04月12日","113年04月09日","113年04月11日","0.002","    1,234.56","","",
="041265","承業醫統一2A購01","0.00","","4164","承業醫","64.10","","認購","美式","112年04月12日","112年04月12日","112年10月05日","112年10月11日","0.10","    80.50","","",
="041266","承業醫統一33購01","0.60","","4164","承業醫","64.10","","認購","美式","112年04月12日","112年04月12日","113年03月07日","113年03月11日","0.05","    88.88","","",
="041267","立積統一32購01","0.72","＋","4968","立積","170.00","＋","認購","美式","112年04月12日","112年04月12日","113年02月02日","113年02月15日","0.021","    181.10","","",
="041268","愛普統一31購03","0.71","","6531","愛普*","328.50","＋","認購","美式","112年04月12日","112年04月12日","113年01月09日","113年01月11日","0.011","    373.00","","",
="041269","緯穎統一32購01","0.75","＋","6669","緯穎","1,205.00","＋","認購","美式","112年04月12日","112年04月12日","113年02月02日","113年02月15日","0.003","    1,555.55","","",
="04126U","玉晶光凱基28售01","0.61","－","3406","玉晶光","400.00","＋","認售","歐式","112年02月08日","112年08月07日","112年08月03日","112年08月07日","0.03","    360.00","","",
="041270","洋基統一32購01","0.00","","6691","洋基工程","297.00","＋","認購","美式","112年04月12日","112年04月12日","113年02月02日","113年02月15日","0.015","    334.80","","",
="041271","S&P反1元大34購01","0.00","",="00648R","元大S&P500反1","6.93","－","認購","美式","112年04月12日","112年04月12日","113年04月09日","113年04月11日","0.50","    7.00","","",
="041272","和大元大2A購01","0.00","","1536","和大","71.40","＋","認購","美式","112年04月12日","112年04月12日","112年10月05日","112年10月11日","0.333","    86.60","","",
="041273","美時元大2B購08","3.06","－","1795","美時","330.50","＋","認購","美式","112年04月12日","112年04月12日","112年11月09日","112年11月13日","0.085","    400.00","","",
="041274","裕隆元大2B購03","2.16","＋","2201","裕隆","82.80","＋","認購","美式","112年04月12日","112年04月12日","112年11月09日","112年11月13日","0.195","    86.30","","",
="041275","台積電元大2B購20","2.91","－","2330","台積電","568.00","＋","認購","美式","112年04月12日","112年04月12日","112年11月09日","112年11月13日","0.063","    587.00","","",
="041276","台亞元大2A購03","0.00","","2340","台亞","36.30","＋","認購","美式","112年04月12日","112年04月12日","112年10月05日","112年10月11日","0.274","    39.25","","",
="041277","毅嘉元大2A購01","1.53","＋","2402","毅嘉","28.70","＋","認購","美式","112年04月12日","112年04月12日","112年10月05日","112年10月11日","0.45","    31.57","","",
="041278","毅嘉元大2A購02","1.51","＋","2402","毅嘉","28.70","＋","認購","美式","112年04月12日","112年04月12日","112年10月05日","112年10月11日","0.35","    28.82","","",
="041279","飛宏元大2B購02","2.08","＋","2457","飛宏","76.40","＋","認購","美式","112年04月12日","112年04月12日","112年11月09日","112年11月13日","0.15","    72.80","","",
="04127U","南電凱基28售07","0.36","","8046","南電","302.50","－","認售","歐式","112年02月08日","112年08月07日","112年08月03日","112年08月07日","0.04","    240.00","","",
="041280","長榮元大2B購18","1.15","＋","2603","長榮","157.00","＋","認購","美式","112年04月12日","112年04月12日","112年11月09日","112年11月13日","0.384","    236.50","","",
="041281","欣興元大2A購16","2.87","－","3037","欣興","182.50","－","認購","美式","112年04月12日","112年04月12日","112年10月05日","112年10月11日","0.163","    202.50","","",
="041282","欣興元大2A購17","3.09","－","3037","欣興","182.50","－","認購","美式","112年04月12日","112年04月12日","112年10月05日","112年10月11日","0.123","    184.00","","",
="041283","欣興元大2A購18","0.00","","3037","欣興","182.50","－","認購","美式","112年04月12日","112年04月12日","112年10月05日","112年10月11日","0.086","    158.50","","",
="041284","緯創元大2B購04","0.00","","3231","緯創","68.00","＋","認購","美式","112年04月12日","112年04月12日","112年11月09日","112年11月13日","0.277","    41.25","","",
="041285","創意元大2A購15","3.41","＋","3443","創意","1,515.00","＋","認購","美式","112年04月12日","112年04月12日","112年10月05日","112年10月11日","0.01","    1,400.00","","",
="041286","創意元大2A購16","3.43","＋","3443","創意","1,515.00","＋","認購","美式","112年04月12日","112年04月12日","112年10月05日","112年10月11日","0.009","    1,340.00","","",
="041287","創意元大2B購09","2.79","＋","3443","創意","1,515.00","＋","認購","美式","112年04月12日","112年04月12日","112年11月09日","112年11月13日","0.006","    1,190.00","","",
="041288","世芯元大2B購04","3.35","＋","3661","世芯-KY","1,660.00","＋","認購","美式","112年04月12日","112年04月12日","112年11月09日","112年11月13日","0.011","    1,765.00","","",
="041289","眾達元大31購01","0.55","＋","4977","眾達-KY","113.00","＋","認購","美式","112年04月12日","112年04月12日","113年01月09日","113年01月11日","0.048","    170.00","","",
="04128U","世紀鋼凱基28售01","0.35","－","9958","世紀鋼","109.50","＋","認售","歐式","112年02月08日","112年08月07日","112年08月03日","112年08月07日","0.09","    95.00","","",
="041290","聯茂元大2A購02","1.05","","6213","聯茂","72.30","＋","認購","美式","112年04月12日","112年04月12日","112年10月05日","112年10月11日","0.131","    77.20","","",
="041291","愛普元大2B購04","0.00","","6531","愛普*","328.50","＋","認購","美式","112年04月12日","112年04月12日","112年11月09日","112年11月13日","0.056","    485.00","","",
="041292","晶心科元大2B購02","1.60","＋","6533","晶心科","511.00","＋","認購","美式","112年04月12日","112年04月12日","112年11月09日","112年11月13日","0.019","    533.00","","",
="041293","晶心科元大2C購01","1.46","＋","6533","晶心科","511.00","＋","認購","美式","112年04月12日","112年04月12日","112年12月07日","112年12月11日","0.017","    548.00","","",
="041294","晶心科元大31購01","1.34","＋","6533","晶心科","511.00","＋","認購","美式","112年04月12日","112年04月12日","113年01月09日","113年01月11日","0.013","    518.00","","",
="041295","威鋒電元大2A購02","0.00","","6756","威鋒電子","223.00","＋","認購","美式","112年04月12日","112年04月12日","112年10月05日","112年10月11日","0.049","    263.82","","",
="041296","南電元大2B購14","2.26","－","8046","南電","302.50","－","認購","美式","112年04月12日","112年04月12日","112年11月09日","112年11月13日","0.06","    321.00","","",
="041297","台積電群益2A購12","0.00","","2330","台積電","568.00","＋","認購","美式","112年04月12日","112年04月12日","112年10月05日","112年10月11日","0.055","    549.00","","",
="041298","台積電群益2B購03","2.72","＋","2330","台積電","568.00","＋","認購","美式","112年04月12日","112年04月12日","112年11月09日","112年11月13日","0.10","    633.00","","",
="041299","順德群益2A購01","0.65","＋","2351","順德","123.00","＋","認購","美式","112年04月12日","112年04月12日","112年10月05日","112年10月11日","0.10","    158.00","","",
="04129U","聯電統一28售03","0.00","","2303","聯電","51.20","＋","認售","歐式","112年02月08日","112年08月07日","112年08月03日","112年08月07日","0.25","    45.00","","",
="041300","毅嘉群益2C購01","3.80","＋","2402","毅嘉","28.70","＋","認購","美式","112年04月12日","112年04月12日","112年12月07日","112年12月11日","1.00","    35.00","","",
="041301","興勤群益2C購01","1.52","","2428","興勤","156.50","＋","認購","美式","112年04月12日","112年04月12日","112年12月07日","112年12月11日","0.10","    185.00","","",
="041302","長榮群益32購01","0.00","","2603","長榮","157.00","＋","認購","美式","112年04月12日","112年04月12日","113年02月02日","113年02月15日","0.20","    216.00","","",
="041303","創意群益2A購03","3.81","＋","3443","創意","1,515.00","＋","認購","美式","112年04月12日","112年04月12日","112年10月05日","112年10月11日","0.01","    1,248.00","","",
="041304","眾達群益2C購01","1.18","＋","4977","眾達-KY","113.00","＋","認購","美式","112年04月12日","112年04月12日","112年12月07日","112年12月11日","0.15","    170.00","","",
="041305","晶心科群益2A購03","1.83","＋","6533","晶心科","511.00","＋","認購","美式","112年04月12日","112年04月12日","112年10月05日","112年10月11日","0.03","    525.00","","",
="041306","SP黃豆元富2A購01","0.00","",="00693U","期街口S&P黃豆","24.41","＋","認購","美式","112年04月12日","112年04月12日","112年10月05日","112年10月11日","0.57","    28.00","","",
="041307","道瓊銀元富2A購01","0.00","",="00738U","期元大道瓊白銀(原名：元大道瓊白銀)","22.79","＋","認購","美式","112年04月12日","112年04月12日","112年10月05日","112年10月11日","0.248","    24.50","","",
="041308","國巨元富34購01","1.47","＋","2327","國巨","508.00","＋","認購","美式","112年04月12日","112年04月12日","113年04月09日","113年04月11日","0.03","    600.00","","",
="041309","旺宏元富2A購01","0.81","","2337","旺宏","33.40","＋","認購","美式","112年04月12日","112年04月12日","112年10月05日","112年10月11日","1.00","    42.50","","",
="04130U","台積電統一2C售01","0.00","","2330","台積電","568.00","＋","認售","歐式","112年02月08日","112年12月07日","112年12月05日","112年12月07日","0.068","    366.77","","",
="041310","華邦電元富2A購01","1.39","＋","2344","華邦電","26.90","＋","認購","美式","112年04月12日","112年04月12日","112年10月05日","112年10月11日","1.00","    32.00","","",
="041311","威盛元富31購01","0.41","","2388","威盛","83.10","＋","認購","美式","112年04月12日","112年04月12日","113年01月09日","113年01月11日","0.04","    100.00","","",
="041312","鉅祥元富2A購01","0.00","","2476","鉅祥","50.40","＋","認購","美式","112年04月12日","112年04月12日","112年10月05日","112年10月11日","0.35","    62.92","","",
="041313","八方元富31購01","0.74","","2753","八方雲集","167.00","","認購","美式","112年04月12日","112年04月12日","113年01月09日","113年01月11日","0.05","    200.00","","",
="041314","緯創元富31購01","4.85","＋","3231","緯創","68.00","＋","認購","美式","112年04月12日","112年04月12日","113年01月09日","113年01月11日","0.20","    45.00","","",
="041315","創意元富2A購02","2.11","＋","3443","創意","1,515.00","＋","認購","美式","112年04月12日","112年04月12日","112年10月05日","112年10月11日","0.005","    1,100.00","","",
="041316","創意元富2A購03","0.00","","3443","創意","1,515.00","＋","認購","美式","112年04月12日","112年04月12日","112年10月05日","112年10月11日","0.005","    1,000.00","","",
="041317","創意元富34購01","4.45","＋","3443","創意","1,515.00","＋","認購","美式","112年04月12日","112年04月12日","113年04月09日","113年04月11日","0.01","    1,300.00","","",
="041318","TPK元富31購01","3.60","＋","3673","TPK-KY","41.75","＋","認購","美式","112年04月12日","112年04月12日","113年01月09日","113年01月11日","1.00","    50.00","","",
="041319","大眾控元富2A購01","4.20","＋","3701","大眾控","67.10","＋","認購","美式","112年04月12日","112年04月12日","112年10月05日","112年10月11日","0.30","    58.00","","",
="04131U","威盛統一29售01","0.00","","2388","威盛","83.10","＋","認售","歐式","112年02月08日","112年09月07日","112年09月05日","112年09月07日","0.05","    65.20","","",
="041320","立積元富34購02","2.86","＋","4968","立積","170.00","＋","認購","美式","112年04月12日","112年04月12日","113年04月09日","113年04月11日","0.10","    200.00","","",
="041321","洋基元富2A購01","1.50","＋","6691","洋基工程","297.00","＋","認購","美式","112年04月12日","112年04月12日","112年10月05日","112年10月11日","0.05","    300.00","","",
="041322","嘉基元富2A購01","0.00","","6715","嘉基","145.50","＋","認購","美式","112年04月12日","112年04月12日","112年10月05日","112年10月11日","0.04","    200.00","","",
="041323","嘉基元富31購01","0.35","＋","6715","嘉基","145.50","＋","認購","美式","112年04月12日","112年04月12日","113年01月09日","113年01月11日","0.04","    230.00","","",
="041324","視陽元富2A購01","0.59","＋","6782","視陽","230.00","＋","認購","美式","112年04月12日","112年04月12日","112年10月05日","112年10月11日","0.05","    330.00","","",
="041325","總太麥證2B購01","1.25","","3056","總太","48.60","＋","認購","歐式","112年04月12日","112年11月13日","112年11月09日","112年11月13日","0.80","    70.00","","",
="041326","承業醫麥證2B購01","0.52","－","4164","承業醫","64.10","","認購","歐式","112年04月12日","112年11月13日","112年11月09日","112年11月13日","0.15","    100.00","","",
="041327","乙盛麥證2B購01","2.09","＋","5243","乙盛-KY","83.70","＋","認購","歐式","112年04月12日","112年11月13日","112年11月09日","112年11月13日","0.192","    85.00","","",
="041328","上証2X中信2B購01","0.00","",="00633L","富邦上証正2","35.01","－","認購","歐式","112年04月13日","112年11月13日","112年11月09日","112年11月13日","0.80","    58.00","","",
="041329","飛宏中信2A購01","0.69","＋","2457","飛宏","76.40","＋","認購","歐式","112年04月13日","112年10月12日","112年10月06日","112年10月12日","0.088","    88.80","","",
="04132U","玉晶光統一2C售02","0.00","","3406","玉晶光","400.00","＋","認售","歐式","112年02月08日","112年12月07日","112年12月05日","112年12月07日","0.025","    268.00","","",
="041330","全訊中信2A購01","0.56","＋","5222","全訊","198.00","＋","認購","歐式","112年04月13日","112年10月12日","112年10月06日","112年10月12日","0.08","    285.00","","",
="041331","緯穎中信2A購03","0.37","＋","6669","緯穎","1,205.00","＋","認購","歐式","112年04月13日","112年10月12日","112年10月06日","112年10月12日","0.005","    1,680.00","","",
="041332","美時康和2A購01","1.97","－","1795","美時","330.50","＋","認購","美式","112年04月13日","112年04月13日","112年10月06日","112年10月12日","0.045","    333.00","","",
="041333","聯合再康和2A購01","0.63","＋","3576","聯合再生","20.30","＋","認購","美式","112年04月13日","112年04月13日","112年10月06日","112年10月12日","1.00","    26.60","","",
="041334","健策康和2A購01","3.69","＋","3653","健策","616.00","＋","認購","美式","112年04月13日","112年04月13日","112年10月06日","112年10月12日","0.05","    650.00","","",
="041335","國光生康和2A購01","0.00","","4142","國光生","37.80","＋","認購","美式","112年04月13日","112年04月13日","112年10月06日","112年10月12日","0.25","    50.00","","",
="041336","順德永豐2B購01","0.46","＋","2351","順德","123.00","＋","認購","美式","112年04月13日","112年04月13日","112年11月09日","112年11月13日","0.10","    185.50","","",
="041337","飛宏永豐2B購01","1.46","＋","2457","飛宏","76.40","＋","認購","美式","112年04月13日","112年04月13日","112年11月09日","112年11月13日","0.175","    82.88","","",
="041338","長榮永豐2A購02","0.52","＋","2603","長榮","157.00","＋","認購","美式","112年04月13日","112年04月13日","112年10月06日","112年10月12日","0.06","    182.05","","",
="041339","大立光永豐2B購01","1.09","＋","3008","大立光","2,305.00","＋","認購","美式","112年04月13日","112年04月13日","112年11月09日","112年11月13日","0.007","    2,600.00","","",
="04133U","台積電元大28售33","0.00","","2330","台積電","568.00","＋","認售","歐式","112年02月08日","112年08月07日","112年08月03日","112年08月07日","0.059","    496.81","","",
="041340","緯創永豐2C購01","6.25","＋","3231","緯創","68.00","＋","認購","美式","112年04月13日","112年04月13日","112年12月08日","112年12月12日","0.46","    60.25","","",
="041341","世芯永豐31購02","1.31","＋","3661","世芯-KY","1,660.00","＋","認購","美式","112年04月13日","112年04月13日","113年01月10日","113年01月12日","0.003","    1,476.75","","",
="041342","全訊永豐2B購01","1.06","＋","5222","全訊","198.00","＋","認購","美式","112年04月13日","112年04月13日","112年11月09日","112年11月13日","0.042","    214.19","","",
="041343","乙盛永豐2C購01","1.66","＋","5243","乙盛-KY","83.70","＋","認購","美式","112年04月13日","112年04月13日","112年12月08日","112年12月12日","0.119","    80.04","","",
="041344","緯穎永豐31購01","0.58","＋","6669","緯穎","1,205.00","＋","認購","美式","112年04月13日","112年04月13日","113年01月10日","113年01月12日","0.006","    1,729.00","","",
="041345","鴻海兆豐31購02","0.75","＋","2317","鴻海","105.50","＋","認購","美式","112年04月13日","112年04月13日","113年01月10日","113年01月12日","0.12","    112.00","","",
="041346","台積電兆豐2C購03","1.68","＋","2330","台積電","568.00","＋","認購","美式","112年04月13日","112年04月13日","112年12月08日","112年12月12日","0.036","    575.00","","",
="041347","華邦電兆豐33購01","1.19","","2344","華邦電","26.90","＋","認購","美式","112年04月13日","112年04月13日","113年03月08日","113年03月12日","0.38","    30.80","","",
="041348","順德兆豐31購01","0.00","","2351","順德","123.00","＋","認購","美式","112年04月13日","112年04月13日","113年01月10日","113年01月12日","0.044","    150.00","","",
="041349","南亞科兆豐33購01","1.48","－","2408","南亞科","71.20","－","認購","美式","112年04月13日","112年04月13日","113年03月08日","113年03月12日","0.18","    76.80","","",
="04134U","台積電元大28售34","0.98","","2330","台積電","568.00","＋","認售","歐式","112年02月08日","112年08月07日","112年08月03日","112年08月07日","0.038","    517.20","","",
="041350","奇鋐兆豐31購01","0.00","","3017","奇鋐","206.00","－","認購","美式","112年04月13日","112年04月13日","113年01月10日","113年01月12日","0.043","    165.00","","",
="041351","瑞鼎兆豐2B購01","0.27","＋","3592","瑞鼎","348.00","＋","認購","美式","112年04月13日","112年04月13日","112年11月09日","112年11月13日","0.017","    475.00","","",
="041352","貿聯兆豐33購01","0.00","","3665","貿聯-KY","270.50","＋","認購","美式","112年04月13日","112年04月13日","113年03月08日","113年03月12日","0.036","    316.75","","",
="041353","正文兆豐2C購01","1.03","＋","4906","正文","31.40","＋","認購","美式","112年04月13日","112年04月13日","112年12月08日","112年12月12日","0.40","    35.00","","",
="041354","矽創兆豐2C購01","0.82","＋","8016","矽創","225.50","＋","認購","美式","112年04月13日","112年04月13日","112年12月08日","112年12月12日","0.046","    278.00","","",
="041355","南電兆豐33購01","1.35","－","8046","南電","302.50","－","認購","美式","112年04月13日","112年04月13日","113年03月08日","113年03月12日","0.03","    318.00","","",
="041356","川湖群益2A購01","2.69","＋","2059","川湖","436.00","＋","認購","美式","112年04月13日","112年04月13日","112年10月06日","112年10月12日","0.11","    532.00","","",
="041357","技嘉群益2A購01","0.00","","2376","技嘉","186.00","＋","認購","美式","112年04月13日","112年04月13日","112年10月06日","112年10月12日","0.18","    174.00","","",
="041358","毅嘉群益32購01","2.86","＋","2402","毅嘉","28.70","＋","認購","美式","112年04月13日","112年04月13日","113年02月02日","113年02月15日","1.00","    41.00","","",
="041359","飛宏群益2A購01","1.31","＋","2457","飛宏","76.40","＋","認購","美式","112年04月13日","112年04月13日","112年10月06日","112年10月12日","0.20","    88.88","","",
="04135U","台積電元大28售35","0.91","－","2330","台積電","568.00","＋","認售","歐式","112年02月08日","112年08月07日","112年08月03日","112年08月07日","0.03","    530.13","","",
="041360","長榮航群益2A購04","0.00","","2618","長榮航","33.60","＋","認購","美式","112年04月13日","112年04月13日","112年10月06日","112年10月12日","0.65","    26.50","","",
="041361","晶華群益2A購02","0.92","","2707","晶華","288.00","＋","認購","美式","112年04月13日","112年04月13日","112年10月06日","112年10月12日","0.03","    285.00","","",
="041362","欣興群益2A購01","1.73","－","3037","欣興","182.50","－","認購","美式","112年04月13日","112年04月13日","112年10月06日","112年10月12日","0.12","    216.00","","",
="041363","玉晶光群益2A購01","2.14","＋","3406","玉晶光","400.00","＋","認購","美式","112年04月13日","112年04月13日","112年10月06日","112年10月12日","0.11","    500.00","","",
="041364","新唐群益2B購02","0.82","＋","4919","新唐","130.50","＋","認購","美式","112年04月13日","112年04月13日","112年11月09日","112年11月13日","0.15","    178.00","","",
="041365","臻鼎群益2B購01","0.74","＋","4958","臻鼎-KY","114.50","＋","認購","美式","112年04月13日","112年04月13日","112年11月09日","112年11月13日","0.20","    148.00","","",
="041366","台表科群益2B購01","0.00","","6278","台表科","100.50","＋","認購","美式","112年04月13日","112年04月13日","112年11月09日","112年11月13日","0.12","    118.00","","",
="041367","帝寶群益2B購01","0.00","","6605","帝寶","99.80","＋","認購","美式","112年04月13日","112年04月13日","112年11月09日","112年11月13日","0.10","    118.00","","",
="041368","緯穎群益2A購01","0.69","＋","6669","緯穎","1,205.00","＋","認購","美式","112年04月13日","112年04月13日","112年10月06日","112年10月12日","0.009","    1,568.80","","",
="041369","力智群益2A購02","0.87","＋","6719","力智","303.00","＋","認購","美式","112年04月13日","112年04月13日","112年10月06日","112年10月12日","0.116","    418.00","","",
="04136P","臺股指國票26售02","0.00","","IX0001","臺股指數","16,636.30","","認售","歐式","111年10月13日","112年06月12日","112年06月08日","112年06月12日","0.002","    12,500.00","","",
="04136U","聯發科元大28售04","0.00","","2454","聯發科","738.00","＋","認售","歐式","112年02月08日","112年08月07日","112年08月03日","112年08月07日","0.044","    628.00","","",
="041370","AES群益2A購01","0.57","－","6781","AES-KY","690.00","＋","認購","美式","112年04月13日","112年04月13日","112年10月06日","112年10月12日","0.01","    755.00","","",
="041371","致新群益2B購01","1.34","＋","8081","致新","191.50","＋","認購","美式","112年04月13日","112年04月13日","112年11月09日","112年11月13日","0.08","    218.00","","",
="041372","世紀鋼群益2A購02","0.91","＋","9958","世紀鋼","109.50","＋","認購","美式","112年04月13日","112年04月13日","112年10月06日","112年10月12日","0.088","    116.00","","",
="041373","世紀鋼群益31購01","1.06","","9958","世紀鋼","109.50","＋","認購","美式","112年04月13日","112年04月13日","113年01月10日","113年01月12日","0.20","    157.50","","",
="041374","台灣50凱基31購03","1.96","＋",="0050","元大台灣50","126.75","＋","認購","美式","112年04月13日","112年04月13日","113年01月10日","113年01月12日","0.25","    126.00","","",
="041375","台灣50凱基31購04","2.28","＋",="0050","元大台灣50","126.75","＋","認購","美式","112年04月13日","112年04月13日","113年01月10日","113年01月12日","0.25","    124.00","","",
="041376","亞力凱基2A購01","0.00","","1514","亞力","51.60","＋","認購","美式","112年04月13日","112年04月13日","112年10月06日","112年10月12日","0.50","    47.00","","",
="041377","亞力凱基2B購02","8.10","＋","1514","亞力","51.60","＋","認購","美式","112年04月13日","112年04月13日","112年11月09日","112年11月13日","0.80","    52.00","","",
="041378","亞力凱基2C購01","6.20","＋","1514","亞力","51.60","＋","認購","美式","112年04月13日","112年04月13日","112年12月08日","112年12月12日","1.00","    57.00","","",
="041379","中砂凱基2B購01","0.57","－","1560","中砂","114.50","－","認購","美式","112年04月13日","112年04月13日","112年11月09日","112年11月13日","0.11","    145.00","","",
="04137U","聯發科元大28售05","0.00","","2454","聯發科","738.00","＋","認售","歐式","112年02月08日","112年08月07日","112年08月03日","112年08月07日","0.043","    635.00","","",
="041380","華新凱基2A購07","0.89","","1605","華新","46.60","＋","認購","美式","112年04月13日","112年04月13日","112年10月06日","112年10月12日","0.20","    50.00","","",
="041381","大亞凱基2A購02","2.74","＋","1609","大亞","31.00","＋","認購","美式","112年04月13日","112年04月13日","112年10月06日","112年10月12日","0.50","    28.00","","",
="041382","美時凱基2C購02","0.00","","1795","美時","330.50","＋","認購","美式","112年04月13日","112年04月13日","112年12月08日","112年12月12日","0.05","    330.00","","",
="041383","裕隆凱基2A購05","0.00","","2201","裕隆","82.80","＋","認購","美式","112年04月13日","112年04月13日","112年10月06日","112年10月12日","0.16","    75.00","","",
="041384","鴻海凱基2C購08","0.57","＋","2317","鴻海","105.50","＋","認購","美式","112年04月13日","112年04月13日","112年12月08日","112年12月12日","0.30","    131.00","","",
="041385","光罩凱基2A購03","0.00","","2338","光罩","81.80","＋","認購","美式","112年04月13日","112年04月13日","112年10月06日","112年10月12日","0.12","    112.00","","",
="041386","華邦電凱基2C購01","1.45","＋","2344","華邦電","26.90","＋","認購","美式","112年04月13日","112年04月13日","112年12月08日","112年12月12日","0.70","    31.00","","",
="041387","漢唐凱基2C購01","1.40","＋","2404","漢唐","227.50","＋","認購","美式","112年04月13日","112年04月13日","112年12月08日","112年12月12日","0.15","    315.00","","",
="041388","偉詮電凱基2A購02","0.83","＋","2436","偉詮電","51.60","＋","認購","美式","112年04月13日","112年04月13日","112年10月06日","112年10月12日","0.50","    65.00","","",
="041389","聯發科凱基2B購09","1.28","＋","2454","聯發科","738.00","＋","認購","美式","112年04月13日","112年04月13日","112年11月09日","112年11月13日","0.02","    780.00","","",
="04138P","元石油國票27售01","0.00","",="00642U","期元大S&P石油(原名：元大S&P石油)","15.46","＋","認售","歐式","111年10月20日","112年07月19日","112年07月17日","112年07月19日","0.80","    16.25","","",
="04138U","聯發科元大28售06","1.40","","2454","聯發科","738.00","＋","認售","歐式","112年02月08日","112年08月07日","112年08月03日","112年08月07日","0.029","    705.00","","",
="041390","飛宏凱基2B購01","2.07","＋","2457","飛宏","76.40","＋","認購","美式","112年04月13日","112年04月13日","112年11月09日","112年11月13日","0.25","    85.00","","",
="041391","長榮凱基2B購08","0.86","＋","2603","長榮","157.00","＋","認購","美式","112年04月13日","112年04月13日","112年11月09日","112年11月13日","0.12","    191.00","","",
="041392","陽明凱基2B購04","0.00","","2609","陽明","62.00","＋","認購","美式","112年04月13日","112年04月13日","112年11月09日","112年11月13日","0.35","    74.00","","",
="041393","大立光凱基2B購05","1.63","＋","3008","大立光","2,305.00","＋","認購","美式","112年04月13日","112年04月13日","112年11月09日","112年11月13日","0.009","    2,500.00","","",
="041394","聯詠凱基2A購08","0.00","","3034","聯詠","423.50","＋","認購","美式","112年04月13日","112年04月13日","112年10月06日","112年10月12日","0.17","    640.00","","",
="041395","智原凱基2A購05","0.00","","3035","智原","173.50","＋","認購","美式","112年04月13日","112年04月13日","112年10月06日","112年10月12日","0.058","    245.00","","",
="041396","欣興凱基2A購09","2.52","－","3037","欣興","182.50","－","認購","美式","112年04月13日","112年04月13日","112年10月06日","112年10月12日","0.13","    190.00","","",
="041397","玉晶光凱基2B購02","1.77","＋","3406","玉晶光","400.00","＋","認購","美式","112年04月13日","112年04月13日","112年11月09日","112年11月13日","0.045","    425.00","","",
="041398","創意凱基2C購05","2.43","＋","3443","創意","1,515.00","＋","認購","美式","112年04月13日","112年04月13日","112年12月08日","112年12月12日","0.006","    1,280.00","","",
="041399","群創凱基2A購06","0.54","","3481","群創","14.10","＋","認購","美式","112年04月13日","112年04月13日","112年10月06日","112年10月12日","1.00","    16.75","","",
="04139P","智原麥證26售01","0.00","","3035","智原","173.50","＋","認售","歐式","111年12月07日","112年06月06日","112年06月02日","112年06月06日","0.06","    160.00","","",
="04139U","萬海元大28售10","0.00","","2615","萬海","60.00","＋","認售","歐式","112年02月08日","112年08月07日","112年08月03日","112年08月07日","0.128","    80.20","","",
="041400","世芯凱基2A購11","1.88","＋","3661","世芯-KY","1,660.00","＋","認購","美式","112年04月13日","112年04月13日","112年10月06日","112年10月12日","0.01","    1,950.00","","",
="041401","台耀凱基2A購01","1.22","－","4746","台耀","84.00","＋","認購","美式","112年04月13日","112年04月13日","112年10月06日","112年10月12日","0.13","    92.00","","",
="041402","天鈺凱基2A購03","0.00","","4961","天鈺","154.00","＋","認購","美式","112年04月13日","112年04月13日","112年10月06日","112年10月12日","0.06","    190.00","","",
="041403","全訊凱基2C購01","1.22","＋","5222","全訊","198.00","＋","認購","美式","112年04月13日","112年04月13日","112年12月08日","112年12月12日","0.08","    285.00","","",
="041404","祥碩凱基2A購06","1.21","＋","5269","祥碩","1,300.00","＋","認購","美式","112年04月13日","112年04月13日","112年10月06日","112年10月12日","0.008","    1,500.00","","",
="041405","祥碩凱基2C購01","1.17","＋","5269","祥碩","1,300.00","＋","認購","美式","112年04月13日","112年04月13日","112年12月08日","112年12月12日","0.009","    1,750.00","","",
="041406","緯穎凱基2B購06","0.00","","6669","緯穎","1,205.00","＋","認購","美式","112年04月13日","112年04月13日","112年11月09日","112年11月13日","0.008","    1,850.00","","",
="041407","南電凱基2B購03","2.07","－","8046","南電","302.50","－","認購","美式","112年04月13日","112年04月13日","112年11月09日","112年11月13日","0.075","    340.00","","",
="041408","世紀鋼凱基2A購02","0.68","＋","9958","世紀鋼","109.50","＋","認購","美式","112年04月13日","112年04月13日","112年10月06日","112年10月12日","0.055","    110.00","","",
="041409","臺股指凱基2C購26","0.00","","IX0001","臺股指數","16,636.30","","認購","歐式","112年04月13日","112年12月12日","112年12月08日","112年12月12日","0.005","    16,900.00","","",
="04140P","臺股指國票26售03","0.00","","IX0001","臺股指數","16,636.30","","認售","歐式","111年10月13日","112年06月12日","112年06月08日","112年06月12日","0.003","    11,500.00","","",
="04140U","嘉澤元大28售01","0.00","","3533","嘉澤","909.00","－","認售","歐式","112年02月08日","112年08月07日","112年08月03日","112年08月07日","0.307","    409.00","","",
="041410","臺股指凱基2C購27","0.00","","IX0001","臺股指數","16,636.30","","認購","歐式","112年04月13日","112年12月12日","112年12月08日","112年12月12日","0.007","    17,600.00","","",
="041411","臺股指凱基32購04","0.00","","IX0001","臺股指數","16,636.30","","認購","歐式","112年04月13日","113年02月15日","113年02月02日","113年02月15日","0.05","    20,888.00","","",
="041412","元黃金國票2C購01","0.00","",="00635U","期元大S&P黃金(原名：元大S&P黃金)","24.50","－","認購","美式","112年04月13日","112年04月13日","112年12月08日","112年12月12日","0.316","    25.00","","",
="041413","S&P反1國票31購01","0.00","",="00648R","元大S&P500反1","6.93","－","認購","美式","112年04月13日","112年04月13日","113年01月10日","113年01月12日","1.00","    7.40","","",
="041414","香港2X國票2C購02","0.36","＋",="00650L","復華香港正2（原簡稱：FH香港正2）","11.60","＋","認購","美式","112年04月13日","112年04月13日","112年12月08日","112年12月12日","0.899","    18.00","","",
="041415","瑞昱國票2A購01","1.74","＋","2379","瑞昱","388.00","＋","認購","美式","112年04月13日","112年04月13日","112年10月06日","112年10月12日","0.05","    400.00","","",
="041416","漢翔國票2B購02","0.00","","2634","漢翔","55.80","＋","認購","美式","112年04月13日","112年04月13日","112年11月09日","112年11月13日","0.282","    46.00","","",
="041417","玉山金國票2A購01","0.00","","2884","玉山金","25.80","＋","認購","美式","112年04月13日","112年04月13日","112年10月06日","112年10月12日","0.60","    25.50","","",
="041418","緯創國票2B購02","9.50","＋","3231","緯創","68.00","＋","認購","美式","112年04月13日","112年04月13日","112年11月09日","112年11月13日","1.00","    65.00","","",
="041419","創意國票2B購02","0.00","","3443","創意","1,515.00","＋","認購","美式","112年04月13日","112年04月13日","112年11月09日","112年11月13日","0.004","    1,140.00","","",
="04141U","嘉澤元大28售02","0.00","","3533","嘉澤","909.00","－","認售","歐式","112年02月08日","112年08月07日","112年08月03日","112年08月07日","0.121","    491.10","","",
="041420","世芯國票2B購08","2.11","＋","3661","世芯-KY","1,660.00","＋","認購","美式","112年04月13日","112年04月13日","112年11月09日","112年11月13日","0.01","    1,900.00","","",
="041421","TPK國票2B購01","3.22","＋","3673","TPK-KY","41.75","＋","認購","美式","112年04月13日","112年04月13日","112年11月09日","112年11月13日","0.50","    40.00","","",
="041422","上緯控國票2B購01","0.55","","3708","上緯投控","96.50","－","認購","美式","112年04月13日","112年04月13日","112年11月09日","112年11月13日","0.10","    125.00","","",
="041423","承業醫國票31購01","0.00","","4164","承業醫","64.10","","認購","美式","112年04月13日","112年04月13日","113年01月10日","113年01月12日","0.12","    80.00","","",
="041424","眾達國票2B購03","0.79","＋","4977","眾達-KY","113.00","＋","認購","美式","112年04月13日","112年04月13日","112年11月09日","112年11月13日","0.10","    160.00","","",
="041425","祥碩國票2A購02","0.00","","5269","祥碩","1,300.00","＋","認購","美式","112年04月13日","112年04月13日","112年10月06日","112年10月12日","0.015","    1,800.00","","",
="041426","祥碩國票2B購01","1.36","","5269","祥碩","1,300.00","＋","認購","美式","112年04月13日","112年04月13日","112年11月09日","112年11月13日","0.01","    1,600.00","","",
="041427","愛普國票31購01","0.00","","6531","愛普*","328.50","＋","認購","美式","112年04月13日","112年04月13日","113年01月10日","113年01月12日","0.025","    375.00","","",
="041428","世芯國泰2C購03","3.06","＋","3661","世芯-KY","1,660.00","＋","認購","美式","112年04月13日","112年04月13日","112年12月08日","112年12月12日","0.012","    1,750.00","","",
="041429","為升富邦2C購01","0.00","","2231","為升","172.50","＋","認購","美式","112年04月13日","112年04月13日","112年12月08日","112年12月12日","0.035","    220.00","","",
="04142U","嘉澤元大28售03","0.00","","3533","嘉澤","909.00","－","認售","歐式","112年02月08日","112年08月07日","112年08月03日","112年08月07日","0.02","    760.28","","",
="041430","國巨富邦2C購02","0.00","","2327","國巨","508.00","＋","認購","美式","112年04月13日","112年04月13日","112年12月08日","112年12月12日","0.02","    650.00","","",
="041431","台積電富邦2C購13","0.92","＋","2330","台積電","568.00","＋","認購","美式","112年04月13日","112年04月13日","112年12月08日","112年12月12日","0.04","    630.00","","",
="041432","飛宏富邦32購01","1.34","＋","2457","飛宏","76.40","＋","認購","美式","112年04月13日","112年04月13日","113年02月02日","113年02月15日","0.10","    80.00","","",
="041433","緯創富邦2A購02","6.70","＋","3231","緯創","68.00","＋","認購","美式","112年04月13日","112年04月13日","112年10月06日","112年10月12日","0.50","    57.00","","",
="041434","群創富邦34購01","0.69","＋","3481","群創","14.10","＋","認購","美式","112年04月13日","112年04月13日","113年04月10日","113年04月12日","0.40","    16.00","","",
="041435","緯穎富邦2A購01","0.31","＋","6669","緯穎","1,205.00","＋","認購","美式","112年04月13日","112年04月13日","112年10月06日","112年10月12日","0.004","    1,500.00","","",
="041436","士電元富2A購01","4.87","＋","1503","士電","143.50","＋","認購","美式","112年04月13日","112年04月13日","112年10月06日","112年10月12日","0.10","    100.00","","",
="041437","台達電元富2A購01","13.50","＋","2308","台達電","315.50","－","認購","美式","112年04月13日","112年04月13日","112年10月06日","112年10月12日","0.50","    325.00","","",
="041438","順德元富2A購01","0.54","","2351","順德","123.00","＋","認購","美式","112年04月13日","112年04月13日","112年10月06日","112年10月12日","0.20","    185.00","","",
="041439","華新科元富31購01","7.45","","2492","華新科","101.00","＋","認購","美式","112年04月13日","112年04月13日","113年01月10日","113年01月12日","1.00","    137.00","","",
="04143P","台灣50國泰28售02","0.00","",="0050","元大台灣50","126.75","＋","認售","歐式","111年12月07日","112年08月07日","112年08月03日","112年08月07日","0.307","    103.67","","",
="04143U","緯穎元大28售02","0.00","","6669","緯穎","1,205.00","＋","認售","歐式","112年02月08日","112年08月07日","112年08月03日","112年08月07日","0.035","    633.00","","",
="041440","敦泰元富2A購01","1.71","","3545","敦泰","83.70","＋","認購","美式","112年04月13日","112年04月13日","112年10月06日","112年10月12日","0.25","    100.00","","",
="041441","世芯元富31購01","3.49","","3661","世芯-KY","1,660.00","＋","認購","美式","112年04月13日","112年04月13日","113年01月10日","113年01月12日","0.01","    1,600.00","","",
="041442","立積元富31購02","2.17","＋","4968","立積","170.00","＋","認購","美式","112年04月13日","112年04月13日","113年01月10日","113年01月12日","0.07","    180.00","","",
="041443","晶心科元富34購01","1.76","＋","6533","晶心科","511.00","＋","認購","美式","112年04月13日","112年04月13日","113年04月10日","113年04月12日","0.025","    650.00","","",
="041444","緯穎元富2A購02","0.78","＋","6669","緯穎","1,205.00","＋","認購","美式","112年04月13日","112年04月13日","112年10月06日","112年10月12日","0.029","    1,852.50","","",
="041445","世芯麥證2C購01","5.00","＋","3661","世芯-KY","1,660.00","＋","認購","歐式","112年04月13日","112年12月12日","112年12月08日","112年12月12日","0.02","    1,950.00","","",
="041446","全訊麥證2A購01","1.07","＋","5222","全訊","198.00","＋","認購","歐式","112年04月13日","112年10月12日","112年10月06日","112年10月12日","0.10","    270.00","","",
="041447","啟碁麥證2A購03","0.00","","6285","啟碁","87.50","＋","認購","歐式","112年04月13日","112年10月12日","112年10月06日","112年10月12日","0.20","    125.00","","",
="041448","華城統一33購02","1.68","＋","1519","華城","141.00","＋","認購","美式","112年04月13日","112年04月13日","113年03月08日","113年03月12日","0.029","    118.88","","",
="041449","美時統一32購03","1.13","－","1795","美時","330.50","＋","認購","美式","112年04月13日","112年04月13日","113年02月02日","113年02月15日","0.011","    306.40","","",
="04144P","臺股指國泰26售05","0.00","","IX0001","臺股指數","16,636.30","","認售","歐式","111年12月07日","112年06月06日","112年06月02日","112年06月06日","0.002","    13,888.00","","",
="04144U","緯穎元大28售03","0.00","","6669","緯穎","1,205.00","＋","認售","歐式","112年02月08日","112年08月07日","112年08月03日","112年08月07日","0.018","    777.00","","",
="041450","聯電統一2C購01","0.62","＋","2303","聯電","51.20","＋","認購","美式","112年04月13日","112年04月13日","112年12月08日","112年12月12日","0.12","    52.88","","",
="041451","建準統一2C購01","2.71","＋","2421","建準","89.00","＋","認購","美式","112年04月13日","112年04月13日","112年12月08日","112年12月12日","0.075","    58.10","","",
="041452","聯發科統一2C購01","0.00","","2454","聯發科","738.00","＋","認購","美式","112年04月13日","112年04月13日","112年12月08日","112年12月12日","0.008","    777.77","","",
="041453","華新科統一2C購03","0.77","＋","2492","華新科","101.00","＋","認購","美式","112年04月13日","112年04月13日","112年12月08日","112年12月12日","0.035","    91.68","","",
="041454","宏達電統一31購01","0.65","＋","2498","宏達電","61.50","＋","認購","美式","112年04月13日","112年04月13日","113年01月10日","113年01月12日","0.063","    66.66","","",
="041455","長榮統一2C購06","0.00","","2603","長榮","157.00","＋","認購","美式","112年04月13日","112年04月13日","112年12月08日","112年12月12日","0.03","    170.00","","",
="041456","晶豪科統一2C購02","0.68","＋","3006","晶豪科","88.20","＋","認購","美式","112年04月13日","112年04月13日","112年12月08日","112年12月12日","0.055","    100.00","","",
="041457","晶睿統一34購01","0.26","","3454","晶睿","182.50","＋","認購","美式","112年04月13日","112年04月13日","113年04月10日","113年04月12日","0.012","    366.66","","",
="041458","碩天統一33購03","1.47","－","3617","碩天","191.00","－","認購","美式","112年04月13日","112年04月13日","113年03月08日","113年03月12日","0.018","    150.00","","",
="041459","世芯統一34購02","1.10","＋","3661","世芯-KY","1,660.00","＋","認購","美式","112年04月13日","112年04月13日","113年04月10日","113年04月12日","0.002","    1,888.88","","",
="04145U","中砂國票29售02","0.40","","1560","中砂","114.50","－","認售","歐式","112年02月09日","112年09月08日","112年09月06日","112年09月08日","0.312","    70.00","","",
="041460","立積統一32購02","0.84","＋","4968","立積","170.00","＋","認購","美式","112年04月13日","112年04月13日","113年02月02日","113年02月15日","0.021","    180.00","","",
="041461","全訊統一2C購01","0.57","＋","5222","全訊","198.00","＋","認購","美式","112年04月13日","112年04月13日","112年12月08日","112年12月12日","0.018","    277.77","","",
="041462","祥碩統一32購01","0.77","＋","5269","祥碩","1,300.00","＋","認購","美式","112年04月13日","112年04月13日","113年02月02日","113年02月15日","0.003","    1,518.00","","",
="041463","愛普統一31購04","0.00","","6531","愛普*","328.50","＋","認購","美式","112年04月13日","112年04月13日","113年01月10日","113年01月12日","0.012","    392.50","","",
="041464","茂順統一32購01","0.00","","9942","茂順","155.00","－","認購","美式","112年04月13日","112年04月13日","113年02月02日","113年02月15日","0.018","    168.00","","",
="041465","台灣50元大2C購08","0.00","",="0050","元大台灣50","126.75","＋","認購","美式","112年04月13日","112年04月13日","112年12月08日","112年12月12日","0.40","    132.00","","",
="041466","台灣50元大2C購09","0.00","",="0050","元大台灣50","126.75","＋","認購","美式","112年04月13日","112年04月13日","112年12月08日","112年12月12日","0.25","    127.00","","",
="041467","台灣50元大2C購10","2.19","＋",="0050","元大台灣50","126.75","＋","認購","美式","112年04月13日","112年04月13日","112年12月08日","112年12月12日","0.20","    122.00","","",
="041468","台灣50元大31購01","0.00","",="0050","元大台灣50","126.75","＋","認購","美式","112年04月13日","112年04月13日","113年01月10日","113年01月12日","0.80","    143.00","","",
="041469","台灣50元大31購02","2.21","＋",="0050","元大台灣50","126.75","＋","認購","美式","112年04月13日","112年04月13日","113年01月10日","113年01月12日","0.30","    129.00","","",
="04146U","王品國票29售01","0.09","","2727","王品","320.00","－","認售","歐式","112年02月09日","112年09月08日","112年09月06日","112年09月08日","0.04","    180.00","","",
="041470","台灣50元大31購03","2.21","＋",="0050","元大台灣50","126.75","＋","認購","美式","112年04月13日","112年04月13日","113年01月10日","113年01月12日","0.20","    123.00","","",
="041471","上証2X元大2C購01","0.48","－",="00633L","富邦上証正2","35.01","－","認購","美式","112年04月13日","112年04月13日","112年12月08日","112年12月12日","0.30","    49.00","","",
="041472","S&P反1元大31購01","0.62","",="00648R","元大S&P500反1","6.93","－","認購","美式","112年04月13日","112年04月13日","113年01月10日","113年01月12日","1.00","    7.20","","",
="041473","元油反元大2B購01","0.00","",="00673R","期元大S&P原油反1(原名：元大S&P原油反1)","9.03","－","認購","美式","112年04月13日","112年04月13日","112年11月09日","112年11月13日","0.80","    9.20","","",
="041474","堤維西元大2A購01","0.00","","1522","堤維西","29.10","＋","認購","美式","112年04月13日","112年04月13日","112年10月06日","112年10月12日","0.295","    29.55","","",
="041475","美時元大2A購07","3.10","＋","1795","美時","330.50","＋","認購","美式","112年04月13日","112年04月13日","112年10月06日","112年10月12日","0.101","    394.00","","",
="041476","美時元大2A購08","3.38","","1795","美時","330.50","＋","認購","美式","112年04月13日","112年04月13日","112年10月06日","112年10月12日","0.099","    381.50","","",
="041477","美時元大2B購09","2.91","＋","1795","美時","330.50","＋","認購","美式","112年04月13日","112年04月13日","112年11月09日","112年11月13日","0.075","    387.50","","",
="041478","台積電元大2B購21","4.17","－","2330","台積電","568.00","＋","認購","美式","112年04月13日","112年04月13日","112年11月09日","112年11月13日","0.068","    554.00","","",
="041479","台積電元大2C購06","0.00","","2330","台積電","568.00","＋","認購","美式","112年04月13日","112年04月13日","112年12月08日","112年12月12日","0.086","    617.00","","",
="04147U","臺股指永豐2A售02","0.23","－","IX0001","臺股指數","16,636.30","","認售","歐式","112年02月09日","112年10月11日","112年10月05日","112年10月11日","0.002","    13,800.00","","",
="041480","台積電元大31購01","2.91","＋","2330","台積電","568.00","＋","認購","美式","112年04月13日","112年04月13日","113年01月10日","113年01月12日","0.061","    610.00","","",
="041481","華邦電元大2A購03","0.80","＋","2344","華邦電","26.90","＋","認購","美式","112年04月13日","112年04月13日","112年10月06日","112年10月12日","1.00","    36.70","","",
="041482","鉅祥元大2A購02","0.00","","2476","鉅祥","50.40","＋","認購","美式","112年04月13日","112年04月13日","112年10月06日","112年10月12日","0.71","    85.70","","",
="041483","強茂元大2A購03","0.00","","2481","強茂","70.20","＋","認購","美式","112年04月13日","112年04月13日","112年10月06日","112年10月12日","0.242","    78.00","","",
="041484","長榮元大2B購19","1.26","＋","2603","長榮","157.00","＋","認購","美式","112年04月13日","112年04月13日","112年11月09日","112年11月13日","0.222","    213.50","","",
="041485","長榮元大2C購10","1.13","＋","2603","長榮","157.00","＋","認購","美式","112年04月13日","112年04月13日","112年12月08日","112年12月12日","0.319","    245.00","","",
="041486","長榮元大31購01","0.00","","2603","長榮","157.00","＋","認購","美式","112年04月13日","112年04月13日","113年01月10日","113年01月12日","0.259","    244.00","","",
="041487","陽明元大2B購10","1.08","","2609","陽明","62.00","＋","認購","美式","112年04月13日","112年04月13日","112年11月09日","112年11月13日","0.484","    81.10","","",
="041488","台驊控元大2A購01","0.88","－","2636","台驊投控","71.70","","認購","美式","112年04月13日","112年04月13日","112年10月06日","112年10月12日","0.18","    85.02","","",
="041489","智原元大2B購05","0.00","","3035","智原","173.50","＋","認購","美式","112年04月13日","112年04月13日","112年11月09日","112年11月13日","0.058","    280.00","","",
="04148U","聯電中信28售02","0.00","","2303","聯電","51.20","＋","認售","歐式","112年02月09日","112年08月08日","112年08月04日","112年08月08日","0.20","    50.00","","",
="041490","欣興元大2B購13","3.54","","3037","欣興","182.50","－","認購","美式","112年04月13日","112年04月13日","112年11月09日","112年11月13日","0.076","    149.50","","",
="041491","欣興元大2C購03","3.37","－","3037","欣興","182.50","－","認購","美式","112年04月13日","112年04月13日","112年12月08日","112年12月12日","0.114","    187.00","","",
="041492","欣興元大31購01","0.00","","3037","欣興","182.50","－","認購","美式","112年04月13日","112年04月13日","113年01月10日","113年01月12日","0.126","    201.00","","",
="041493","總太元大2A購01","0.00","","3056","總太","48.60","＋","認購","美式","112年04月13日","112年04月13日","112年10月06日","112年10月12日","0.761","    70.80","","",
="041494","創意元大2B購10","3.16","＋","3443","創意","1,515.00","＋","認購","美式","112年04月13日","112年04月13日","112年11月09日","112年11月13日","0.006","    1,100.00","","",
="041495","創意元大2C購08","3.33","＋","3443","創意","1,515.00","＋","認購","美式","112年04月13日","112年04月13日","112年12月08日","112年12月12日","0.007","    1,250.00","","",
="041496","創意元大31購01","3.10","＋","3443","創意","1,515.00","＋","認購","美式","112年04月13日","112年04月13日","113年01月10日","113年01月12日","0.008","    1,485.00","","",
="041497","晶睿元大2A購02","0.00","","3454","晶睿","182.50","＋","認購","美式","112年04月13日","112年04月13日","112年10月06日","112年10月12日","0.05","    300.00","","",
="041498","健策元大2A購14","0.00","","3653","健策","616.00","＋","認購","美式","112年04月13日","112年04月13日","112年10月06日","112年10月12日","0.095","    725.00","","",
="041499","世芯元大2B購05","3.03","＋","3661","世芯-KY","1,660.00","＋","認購","美式","112年04月13日","112年04月13日","112年11月09日","112年11月13日","0.008","    1,550.00","","",
="04149U","元石油元大2A售01","0.63","－",="00642U","期元大S&P石油(原名：元大S&P石油)","15.46","＋","認售","歐式","112年02月09日","112年10月11日","112年10月05日","112年10月11日","0.50","    14.00","","",
="041500","世芯元大2C購05","2.74","＋","3661","世芯-KY","1,660.00","＋","認購","美式","112年04月13日","112年04月13日","112年12月08日","112年12月12日","0.007","    1,600.00","","",
="041501","世芯元大31購01","2.27","＋","3661","世芯-KY","1,660.00","＋","認購","美式","112年04月13日","112年04月13日","113年01月10日","113年01月12日","0.007","    1,800.00","","",
="041502","眾達元大2A購01","0.43","＋","4977","眾達-KY","113.00","＋","認購","美式","112年04月13日","112年04月13日","112年10月06日","112年10月12日","0.047","    145.00","","",
="041503","全訊元大2A購04","0.93","＋","5222","全訊","198.00","＋","認購","美式","112年04月13日","112年04月13日","112年10月06日","112年10月12日","0.086","    285.00","","",
="041504","全訊元大2A購06","1.00","＋","5222","全訊","198.00","＋","認購","美式","112年04月13日","112年04月13日","112年10月06日","112年10月12日","0.04","    220.00","","",
="041505","中磊元大2B購03","1.96","＋","5388","中磊","93.30","＋","認購","美式","112年04月13日","112年04月13日","112年11月09日","112年11月13日","0.154","    92.47","","",
="041506","帆宣元大2A購01","0.62","－","6196","帆宣","131.50","","認購","美式","112年04月13日","112年04月13日","112年10月06日","112年10月12日","0.06","    145.00","","",
="041507","元晶元大2B購01","0.00","","6443","元晶","36.20","＋","認購","美式","112年04月13日","112年04月13日","112年11月09日","112年11月13日","0.30","    50.00","","",
="041508","GIS元大2A購02","0.79","＋","6456","GIS-KY","75.40","＋","認購","美式","112年04月13日","112年04月13日","112年10月06日","112年10月12日","0.145","    78.77","","",
="041509","南電元大2B購15","2.55","－","8046","南電","302.50","－","認購","美式","112年04月13日","112年04月13日","112年11月09日","112年11月13日","0.051","    294.00","","",
="04150P","長榮航國票26售03","0.00","","2618","長榮航","33.60","＋","認售","歐式","111年10月20日","112年06月19日","112年06月15日","112年06月19日","0.80","    18.00","","",
="04150U","SGBR2X元大28售03","0.00","",="00715L","期街口布蘭特正2","12.73","＋","認售","歐式","112年02月09日","112年08月08日","112年08月04日","112年08月08日","0.30","    12.00","","",
="041510","南電元大2C購07","2.39","－","8046","南電","302.50","－","認購","美式","112年04月13日","112年04月13日","112年12月08日","112年12月12日","0.061","    328.50","","",
="041511","南電元大31購01","2.32","－","8046","南電","302.50","－","認購","美式","112年04月13日","112年04月13日","113年01月10日","113年01月12日","0.064","    350.50","","",
="041512","士電中信2B購01","2.52","＋","1503","士電","143.50","＋","認購","歐式","112年04月14日","112年11月13日","112年11月09日","112年11月13日","0.068","    116.00","","",
="041513","金像電中信2B購01","1.77","","2368","金像電","121.50","","認購","歐式","112年04月14日","112年11月13日","112年11月09日","112年11月13日","0.083","    117.83","","",
="041514","晶豪科中信2A購01","0.59","","3006","晶豪科","88.20","＋","認購","歐式","112年04月14日","112年10月13日","112年10月11日","112年10月13日","0.07","    104.00","","",
="041515","天鈺中信2B購02","0.00","","4961","天鈺","154.00","＋","認購","歐式","112年04月14日","112年11月13日","112年11月09日","112年11月13日","0.03","    206.00","","",
="041516","祥碩中信2A購02","0.42","","5269","祥碩","1,300.00","＋","認購","歐式","112年04月14日","112年10月13日","112年10月11日","112年10月13日","0.004","    1,780.00","","",
="041517","臺股指中信33購01","0.82","＋","IX0001","臺股指數","16,636.30","","認購","歐式","112年04月14日","113年03月13日","113年03月11日","113年03月13日","0.012","    23,588.00","","",
="041518","台泥康和2A購01","0.00","","1101","台泥","38.15","＋","認購","美式","112年04月14日","112年04月14日","112年10月11日","112年10月13日","0.80","    42.00","","",
="041519","上銀康和2B購01","0.00","","2049","上銀","235.50","＋","認購","美式","112年04月14日","112年04月14日","112年11月09日","112年11月13日","0.08","    340.00","","",
="04151U","SGBR2X元大29售02","0.70","－",="00715L","期街口布蘭特正2","12.73","＋","認售","歐式","112年02月09日","112年09月08日","112年09月06日","112年09月08日","0.25","    13.00","","",
="041520","緯創兆豐33購01","7.00","＋","3231","緯創","68.00","＋","認購","美式","112年04月14日","112年04月14日","113年03月11日","113年03月13日","0.30","    48.00","","",
="041521","世芯兆豐31購02","1.65","＋","3661","世芯-KY","1,660.00","＋","認購","美式","112年04月14日","112年04月14日","113年01月11日","113年01月15日","0.004","    1,550.00","","",
="041522","緯穎兆豐33購01","0.83","＋","6669","緯穎","1,205.00","＋","認購","美式","112年04月14日","112年04月14日","113年03月11日","113年03月13日","0.006","    1,480.00","","",
="041523","台積電第一31購04","0.00","","2330","台積電","568.00","＋","認購","美式","112年04月14日","112年04月14日","113年01月11日","113年01月15日","0.02","    592.25","","",
="041524","八貫永豐2B購01","0.00","","1342","八貫","126.50","＋","認購","美式","112年04月14日","112年04月14日","112年11月09日","112年11月13日","0.05","    190.58","","",
="041525","金像電永豐31購01","1.07","－","2368","金像電","121.50","","認購","美式","112年04月14日","112年04月14日","113年01月11日","113年01月15日","0.063","    134.30","","",
="041526","聯發科永豐31購01","1.00","＋","2454","聯發科","738.00","＋","認購","美式","112年04月14日","112年04月14日","113年01月11日","113年01月15日","0.034","    979.00","","",
="041527","神基永豐2B購01","2.38","＋","3005","神基","69.40","＋","認購","美式","112年04月14日","112年04月14日","112年11月09日","112年11月13日","0.25","    67.61","","",
="041528","TPK永豐2B購01","1.55","＋","3673","TPK-KY","41.75","＋","認購","美式","112年04月14日","112年04月14日","112年11月09日","112年11月13日","0.40","    45.66","","",
="041529","祥碩永豐2C購02","0.50","＋","5269","祥碩","1,300.00","＋","認購","美式","112年04月14日","112年04月14日","112年12月11日","112年12月13日","0.004","    1,874.13","","",
="04152U","第一銅元大28售03","0.00","","2009","第一銅","32.10","＋","認售","歐式","112年02月09日","112年08月08日","112年08月04日","112年08月08日","0.344","    33.10","","",
="041530","啟碁永豐2B購02","0.00","","6285","啟碁","87.50","＋","認購","美式","112年04月14日","112年04月14日","112年11月09日","112年11月13日","0.066","    102.06","","",
="041531","T50反1凱基34購01","0.00","",="00632R","元大台灣50反1","4.94","－","認購","美式","112年04月14日","112年04月14日","113年04月11日","113年04月15日","1.00","    4.80","","",
="041532","T50反1凱基34購02","0.37","－",="00632R","元大台灣50反1","4.94","－","認購","美式","112年04月14日","112年04月14日","113年04月11日","113年04月15日","1.00","    5.00","","",
="041533","T50反1凱基34購03","0.00","",="00632R","元大台灣50反1","4.94","－","認購","美式","112年04月14日","112年04月14日","113年04月11日","113年04月15日","1.00","    5.30","","",
="041534","華城凱基2C購01","3.46","＋","1519","華城","141.00","＋","認購","美式","112年04月14日","112年04月14日","112年12月11日","112年12月13日","0.10","    130.00","","",
="041535","美時凱基2A購08","0.00","","1795","美時","330.50","＋","認購","美式","112年04月14日","112年04月14日","112年10月11日","112年10月13日","0.10","    390.00","","",
="041536","上銀凱基2A購04","0.00","","2049","上銀","235.50","＋","認購","美式","112年04月14日","112年04月14日","112年10月11日","112年10月13日","0.12","    325.00","","",
="041537","川湖凱基2A購01","1.77","＋","2059","川湖","436.00","＋","認購","美式","112年04月14日","112年04月14日","112年10月11日","112年10月13日","0.07","    520.00","","",
="041538","國巨凱基2B購03","0.69","＋","2327","國巨","508.00","＋","認購","美式","112年04月14日","112年04月14日","112年11月09日","112年11月13日","0.03","    610.00","","",
="041539","英業達凱基2B購01","2.38","＋","2356","英業達","37.50","＋","認購","美式","112年04月14日","112年04月14日","112年11月09日","112年11月13日","1.00","    43.00","","",
="04153U","台積電元大28售36","0.00","","2330","台積電","568.00","＋","認售","歐式","112年02月09日","112年08月08日","112年08月04日","112年08月08日","0.151","    385.91","","",
="041540","英業達凱基2B購02","2.85","＋","2356","英業達","37.50","＋","認購","美式","112年04月14日","112年04月14日","112年11月09日","112年11月13日","0.50","    35.00","","",
="041541","金像電凱基2B購02","1.77","－","2368","金像電","121.50","","認購","美式","112年04月14日","112年04月14日","112年11月09日","112年11月13日","0.207","    144.88","","",
="041542","偉詮電凱基2B購01","0.00","","2436","偉詮電","51.60","＋","認購","美式","112年04月14日","112年04月14日","112年11月09日","112年11月13日","0.80","    75.00","","",
="041543","怡利電凱基2A購01","0.00","","2497","怡利電","71.30","＋","認購","美式","112年04月14日","112年04月14日","112年10月11日","112年10月13日","0.40","    120.00","","",
="041544","長榮凱基2C購05","0.74","＋","2603","長榮","157.00","＋","認購","美式","112年04月14日","112年04月14日","112年12月11日","112年12月13日","0.22","    233.50","","",
="041545","長榮航凱基2B購04","3.18","＋","2618","長榮航","33.60","＋","認購","美式","112年04月14日","112年04月14日","112年11月09日","112年11月13日","1.00","    34.50","","",
="041546","國泰金凱基2A購01","1.80","＋","2882","國泰金","44.75","＋","認購","美式","112年04月14日","112年04月14日","112年10月11日","112年10月13日","1.00","    50.00","","",
="041547","神基凱基2A購01","3.70","＋","3005","神基","69.40","＋","認購","美式","112年04月14日","112年04月14日","112年10月11日","112年10月13日","0.40","    65.00","","",
="041548","奇鋐凱基2C購02","3.31","－","3017","奇鋐","206.00","－","認購","美式","112年04月14日","112年04月14日","112年12月11日","112年12月13日","0.10","    205.00","","",
="041549","緯創凱基2A購06","0.00","","3231","緯創","68.00","＋","認購","美式","112年04月14日","112年04月14日","112年10月11日","112年10月13日","0.40","    48.00","","",
="04154U","台積電元大28售37","0.00","","2330","台積電","568.00","＋","認售","歐式","112年02月09日","112年08月08日","112年08月04日","112年08月08日","0.087","    418.24","","",
="041550","緯創凱基2A購07","0.00","","3231","緯創","68.00","＋","認購","美式","112年04月14日","112年04月14日","112年10月11日","112年10月13日","1.00","    58.00","","",
="041551","創意凱基2B購10","2.90","＋","3443","創意","1,515.00","＋","認購","美式","112年04月14日","112年04月14日","112年11月09日","112年11月13日","0.01","    1,460.00","","",
="041552","晶睿凱基2B購02","0.22","＋","3454","晶睿","182.50","＋","認購","美式","112年04月14日","112年04月14日","112年11月09日","112年11月13日","0.085","    350.00","","",
="041553","嘉澤凱基31購01","1.26","＋","3533","嘉澤","909.00","－","認購","美式","112年04月14日","112年04月14日","113年01月11日","113年01月15日","0.022","    1,200.00","","",
="041554","承業醫凱基2C購01","0.00","","4164","承業醫","64.10","","認購","美式","112年04月14日","112年04月14日","112年12月11日","112年12月13日","0.14","    92.00","","",
="041555","天鈺凱基2A購04","0.00","","4961","天鈺","154.00","＋","認購","美式","112年04月14日","112年04月14日","112年10月11日","112年10月13日","0.07","    210.00","","",
="041556","立積凱基2B購01","0.66","＋","4968","立積","170.00","＋","認購","美式","112年04月14日","112年04月14日","112年11月09日","112年11月13日","0.045","    220.00","","",
="041557","全訊凱基2B購02","1.02","＋","5222","全訊","198.00","＋","認購","美式","112年04月14日","112年04月14日","112年11月09日","112年11月13日","0.03","    200.00","","",
="041558","祥碩凱基2B購01","0.66","＋","5269","祥碩","1,300.00","＋","認購","美式","112年04月14日","112年04月14日","112年11月09日","112年11月13日","0.008","    1,950.00","","",
="041559","中磊凱基2B購03","1.51","＋","5388","中磊","93.30","＋","認購","美式","112年04月14日","112年04月14日","112年11月09日","112年11月13日","0.315","    114.27","","",
="04155P","元石油凱基28售02","0.00","",="00642U","期元大S&P石油(原名：元大S&P石油)","15.46","＋","認售","歐式","111年10月13日","112年08月14日","112年08月10日","112年08月14日","0.50","    17.00","","",
="04155U","台積電元大28售38","0.00","","2330","台積電","568.00","＋","認售","歐式","112年02月09日","112年08月08日","112年08月04日","112年08月08日","0.049","    501.29","","",
="041560","AES凱基2A購03","1.10","","6781","AES-KY","690.00","＋","認購","美式","112年04月14日","112年04月14日","112年10月11日","112年10月13日","0.017","    750.00","","",
="041561","南電凱基2B購04","0.00","","8046","南電","302.50","－","認購","美式","112年04月14日","112年04月14日","112年11月09日","112年11月13日","0.135","    410.00","","",
="041562","世紀鋼凱基2B購01","0.65","＋","9958","世紀鋼","109.50","＋","認購","美式","112年04月14日","112年04月14日","112年11月09日","112年11月13日","0.09","    130.00","","",
="041563","東元群益2B購01","2.15","＋","1504","東元","51.80","＋","認購","美式","112年04月14日","112年04月14日","112年11月09日","112年11月13日","0.40","    66.00","","",
="041564","中興電群益2C購01","0.96","＋","1513","中興電","113.50","＋","認購","美式","112年04月14日","112年04月14日","112年12月11日","112年12月13日","0.125","    140.00","","",
="041565","台積電群益2A購13","0.00","","2330","台積電","568.00","＋","認購","美式","112年04月14日","112年04月14日","112年10月11日","112年10月13日","0.05","    531.00","","",
="041566","台積電群益2B購04","1.52","＋","2330","台積電","568.00","＋","認購","美式","112年04月14日","112年04月14日","112年11月09日","112年11月13日","0.10","    679.00","","",
="041567","宏達電群益2C購01","3.69","＋","2498","宏達電","61.50","＋","認購","美式","112年04月14日","112年04月14日","112年12月11日","112年12月13日","0.78","    76.00","","",
="041568","陽明群益2A購04","1.70","＋","2609","陽明","62.00","＋","認購","美式","112年04月14日","112年04月14日","112年10月11日","112年10月13日","0.35","    65.00","","",
="041569","陽明群益2C購01","0.62","","2609","陽明","62.00","＋","認購","美式","112年04月14日","112年04月14日","112年12月11日","112年12月13日","0.30","    78.00","","",
="04156P","T50正2富邦26售02","0.00","",="00631L","元大台灣50正2","129.10","＋","認售","歐式","111年12月07日","112年06月06日","112年06月02日","112年06月06日","0.15","    85.00","","",
="04156U","全新元大28售02","0.00","","2455","全新","100.00","","認售","歐式","112年02月09日","112年08月08日","112年08月04日","112年08月08日","0.20","    71.57","","",
="041570","神基群益2A購01","2.75","＋","3005","神基","69.40","＋","認購","美式","112年04月14日","112年04月14日","112年10月11日","112年10月13日","0.40","    70.00","","",
="041571","群創群益2C購01","0.37","＋","3481","群創","14.10","＋","認購","美式","112年04月14日","112年04月14日","112年12月11日","112年12月13日","1.00","    20.88","","",
="041572","世芯群益2A購01","3.59","＋","3661","世芯-KY","1,660.00","＋","認購","美式","112年04月14日","112年04月14日","112年10月11日","112年10月13日","0.01","    1,600.00","","",
="041573","TPK群益2A購01","1.84","＋","3673","TPK-KY","41.75","＋","認購","美式","112年04月14日","112年04月14日","112年10月11日","112年10月13日","0.80","    50.00","","",
="041574","正文群益2C購01","1.31","＋","4906","正文","31.40","＋","認購","美式","112年04月14日","112年04月14日","112年12月11日","112年12月13日","1.00","    40.00","","",
="041575","祥碩群益2C購01","1.79","＋","5269","祥碩","1,300.00","＋","認購","美式","112年04月14日","112年04月14日","112年12月11日","112年12月13日","0.01","    1,450.00","","",
="041576","正文台新2A購01","0.69","","4906","正文","31.40","＋","認購","歐式","112年04月14日","112年10月13日","112年10月11日","112年10月13日","0.55","    36.46","","",
="041577","祥碩台新2A購01","0.93","＋","5269","祥碩","1,300.00","＋","認購","歐式","112年04月14日","112年10月13日","112年10月11日","112年10月13日","0.005","    1,357.13","","",
="041578","S&P反1元大34購02","0.50","",="00648R","元大S&P500反1","6.93","－","認購","美式","112年04月14日","112年04月14日","113年04月11日","113年04月15日","1.00","    8.00","","",
="041579","元油反元大2A購04","0.00","",="00673R","期元大S&P原油反1(原名：元大S&P原油反1)","9.03","－","認購","美式","112年04月14日","112年04月14日","112年10月11日","112年10月13日","1.00","    9.90","","",
="04157U","聯詠元大28售04","0.45","－","3034","聯詠","423.50","＋","認售","歐式","112年02月09日","112年08月08日","112年08月04日","112年08月08日","0.034","    361.00","","",
="041580","元油反元大2C購01","0.00","",="00673R","期元大S&P原油反1(原名：元大S&P原油反1)","9.03","－","認購","美式","112年04月14日","112年04月14日","112年12月11日","112年12月13日","0.70","    9.00","","",
="041581","八貫元大2A購01","0.00","","1342","八貫","126.50","＋","認購","美式","112年04月14日","112年04月14日","112年10月11日","112年10月13日","0.048","    181.13","","",
="041582","中興電元大2B購01","1.32","＋","1513","中興電","113.50","＋","認購","美式","112年04月14日","112年04月14日","112年11月09日","112年11月13日","0.105","    125.50","","",
="041583","美時元大2B購10","2.85","＋","1795","美時","330.50","＋","認購","美式","112年04月14日","112年04月14日","112年11月09日","112年11月13日","0.041","    305.00","","",
="041584","裕隆元大2B購04","2.06","＋","2201","裕隆","82.80","＋","認購","美式","112年04月14日","112年04月14日","112年11月09日","112年11月13日","0.164","    83.20","","",
="041585","英業達元大2A購01","3.00","＋","2356","英業達","37.50","＋","認購","美式","112年04月14日","112年04月14日","112年10月11日","112年10月13日","1.00","    45.00","","",
="041586","致茂元大2A購01","1.96","＋","2360","致茂","226.50","＋","認購","美式","112年04月14日","112年04月14日","112年10月11日","112年10月13日","0.045","    200.00","","",
="041587","仲琦元大2A購02","0.00","","2419","仲琦","26.70","＋","認購","美式","112年04月14日","112年04月14日","112年10月11日","112年10月13日","0.33","    31.65","","",
="041588","鉅祥元大2A購03","0.00","","2476","鉅祥","50.40","＋","認購","美式","112年04月14日","112年04月14日","112年10月11日","112年10月13日","0.463","    77.80","","",
="041589","長榮元大2B購20","1.21","＋","2603","長榮","157.00","＋","認購","美式","112年04月14日","112年04月14日","112年11月09日","112年11月13日","0.226","    213.00","","",
="04158P","聯發科富邦27售02","0.00","","2454","聯發科","738.00","＋","認售","歐式","111年12月07日","112年07月06日","112年07月04日","112年07月06日","0.035","    600.00","","",
="04158U","智原元大28售03","1.30","－","3035","智原","173.50","＋","認售","歐式","112年02月09日","112年08月08日","112年08月04日","112年08月08日","0.041","    191.00","","",
="041590","長榮元大2C購11","1.21","＋","2603","長榮","157.00","＋","認購","美式","112年04月14日","112年04月14日","112年12月11日","112年12月13日","0.256","    230.00","","",
="041591","八方元大2A購01","0.71","","2753","八方雲集","167.00","","認購","美式","112年04月14日","112年04月14日","112年10月11日","112年10月13日","0.036","    182.00","","",
="041592","神基元大2A購01","2.69","＋","3005","神基","69.40","＋","認購","美式","112年04月14日","112年04月14日","112年10月11日","112年10月13日","0.27","    65.90","","",
="041593","晶豪科元大2A購05","1.38","＋","3006","晶豪科","88.20","＋","認購","美式","112年04月14日","112年04月14日","112年10月11日","112年10月13日","0.194","    103.00","","",
="041594","奇鋐元大2A購05","2.61","－","3017","奇鋐","206.00","－","認購","美式","112年04月14日","112年04月14日","112年10月11日","112年10月13日","0.111","    220.00","","",
="041595","智原元大2B購06","0.76","＋","3035","智原","173.50","＋","認購","美式","112年04月14日","112年04月14日","112年11月09日","112年11月13日","0.094","    260.00","","",
="041596","欣興元大2B購14","3.35","－","3037","欣興","182.50","－","認購","美式","112年04月14日","112年04月14日","112年11月09日","112年11月13日","0.102","    173.50","","",
="041597","欣興元大2C購04","3.14","－","3037","欣興","182.50","－","認購","美式","112年04月14日","112年04月14日","112年12月11日","112年12月13日","0.078","    161.00","","",
="041598","總太元大2A購02","0.00","","3056","總太","48.60","＋","認購","美式","112年04月14日","112年04月14日","112年10月11日","112年10月13日","0.563","    66.40","","",
="041599","緯創元大2B購05","0.00","","3231","緯創","68.00","＋","認購","美式","112年04月14日","112年04月14日","112年11月09日","112年11月13日","0.357","    49.60","","",
="04159U","玉晶光元大28售05","0.00","","3406","玉晶光","400.00","＋","認售","歐式","112年02月09日","112年08月08日","112年08月04日","112年08月08日","0.03","    352.00","","",
="041600","緯創元大2C購03","0.00","","3231","緯創","68.00","＋","認購","美式","112年04月14日","112年04月14日","112年12月11日","112年12月13日","0.349","    51.70","","",
="041601","緯創元大31購02","11.50","＋","3231","緯創","68.00","＋","認購","美式","112年04月14日","112年04月14日","113年01月11日","113年01月15日","0.718","    65.00","","",
="041602","敦泰元大2C購01","0.00","","3545","敦泰","83.70","＋","認購","美式","112年04月14日","112年04月14日","112年12月11日","112年12月13日","0.133","    120.00","","",
="041603","健策元大2A購15","0.00","","3653","健策","616.00","＋","認購","美式","112年04月14日","112年04月14日","112年10月11日","112年10月13日","0.07","    693.00","","",
="041604","世芯元大2C購06","2.29","＋","3661","世芯-KY","1,660.00","＋","認購","美式","112年04月14日","112年04月14日","112年12月11日","112年12月13日","0.009","    2,000.00","","",
="041605","立積元大2C購01","1.07","＋","4968","立積","170.00","＋","認購","美式","112年04月14日","112年04月14日","112年12月11日","112年12月13日","0.053","    221.40","","",
="041606","立積元大32購01","1.05","","4968","立積","170.00","＋","認購","美式","112年04月14日","112年04月14日","113年02月02日","113年02月15日","0.054","    246.00","","",
="041607","眾達元大2A購02","0.50","＋","4977","眾達-KY","113.00","＋","認購","美式","112年04月14日","112年04月14日","112年10月11日","112年10月13日","0.041","    132.50","","",
="041608","聯茂元大2A購03","0.91","＋","6213","聯茂","72.30","＋","認購","美式","112年04月14日","112年04月14日","112年10月11日","112年10月13日","0.209","    87.10","","",
="041609","康舒元大2B購03","1.26","＋","6282","康舒","44.05","＋","認購","美式","112年04月14日","112年04月14日","112年11月09日","112年11月13日","0.332","    51.30","","",
="04160P","聯電凱基28售03","0.01","","2303","聯電","51.20","＋","認售","歐式","111年10月13日","112年08月14日","112年08月10日","112年08月14日","1.00","    27.00","","",
="04160U","創意元大28售05","0.07","－","3443","創意","1,515.00","＋","認售","歐式","112年02月09日","112年08月08日","112年08月04日","112年08月08日","0.014","    720.00","","",
="041610","啟碁元大2B購03","0.00","","6285","啟碁","87.50","＋","認購","美式","112年04月14日","112年04月14日","112年11月09日","112年11月13日","0.20","    120.00","","",
="041611","晶心科元大2B購03","0.90","","6533","晶心科","511.00","＋","認購","美式","112年04月14日","112年04月14日","112年11月09日","112年11月13日","0.014","    564.00","","",
="041612","力智元大2A購07","0.00","","6719","力智","303.00","＋","認購","美式","112年04月14日","112年04月14日","112年10月11日","112年10月13日","0.025","    320.00","","",
="041613","南電元大2B購16","2.52","＋","8046","南電","302.50","－","認購","美式","112年04月14日","112年04月14日","112年11月09日","112年11月13日","0.043","    280.00","","",
="041614","南電元大2C購08","2.51","＋","8046","南電","302.50","－","認購","美式","112年04月14日","112年04月14日","112年12月11日","112年12月13日","0.04","    285.00","","",
="041615","南電元大31購02","2.26","－","8046","南電","302.50","－","認購","美式","112年04月14日","112年04月14日","113年01月11日","113年01月15日","0.054","    335.00","","",
="041616","S&P反1國票2C購01","0.00","",="00648R","元大S&P500反1","6.93","－","認購","美式","112年04月14日","112年04月14日","112年12月11日","112年12月13日","1.00","    7.00","","",
="041617","S&P反1國票32購01","0.00","",="00648R","元大S&P500反1","6.93","－","認購","美式","112年04月14日","112年04月14日","113年02月02日","113年02月15日","1.00","    7.80","","",
="041618","士電國票2A購01","8.40","","1503","士電","143.50","＋","認購","美式","112年04月14日","112年04月14日","112年10月11日","112年10月13日","0.18","    100.00","","",
="041619","永冠國票2A購01","0.42","－","1589","永冠-KY","71.60","－","認購","美式","112年04月14日","112年04月14日","112年10月11日","112年10月13日","0.18","    95.00","","",
="04161P","台達電凱基26售02","0.00","","2308","台達電","315.50","－","認售","歐式","111年10月13日","112年06月12日","112年06月08日","112年06月12日","1.00","    150.00","","",
="04161U","晶心科元大28售04","0.00","","6533","晶心科","511.00","＋","認售","歐式","112年02月09日","112年08月08日","112年08月04日","112年08月08日","0.011","    540.00","","",
="041620","零壹國票2A購01","2.40","＋","3029","零壹","67.30","＋","認購","美式","112年04月14日","112年04月14日","112年10月11日","112年10月13日","0.25","    65.00","","",
="041621","界霖國票2A購01","0.51","＋","5285","界霖","74.00","＋","認購","美式","112年04月14日","112年04月14日","112年10月11日","112年10月13日","0.15","    100.00","","",
="041622","帝寶國票2B購01","0.00","","6605","帝寶","99.80","＋","認購","美式","112年04月14日","112年04月14日","112年11月09日","112年11月13日","0.383","    140.00","","",
="041623","力積電國票2A購01","0.54","－","6770","力積電","30.85","＋","認購","美式","112年04月14日","112年04月14日","112年10月11日","112年10月13日","1.00","    40.00","","",
="041624","AES國票2C購01","1.28","","6781","AES-KY","690.00","＋","認購","美式","112年04月14日","112年04月14日","112年12月11日","112年12月13日","0.035","    1,000.00","","",
="041625","富鼎國票2B購01","0.00","","8261","富鼎","106.50","＋","認購","美式","112年04月14日","112年04月14日","112年11月09日","112年11月13日","0.30","    170.00","","",
="041626","世紀鋼國票2B購01","1.06","＋","9958","世紀鋼","109.50","＋","認購","美式","112年04月14日","112年04月14日","112年11月09日","112年11月13日","0.075","    110.00","","",
="041627","元油反國泰2C購01","0.00","",="00673R","期元大S&P原油反1(原名：元大S&P原油反1)","9.03","－","認購","美式","112年04月14日","112年04月14日","112年12月11日","112年12月13日","1.00","    8.80","","",
="041628","華城國泰2C購01","4.97","＋","1519","華城","141.00","＋","認購","美式","112年04月14日","112年04月14日","112年12月11日","112年12月13日","0.15","    127.55","","",
="041629","飛宏國泰2C購01","2.32","","2457","飛宏","76.40","＋","認購","美式","112年04月14日","112年04月14日","112年12月11日","112年12月13日","0.25","    83.50","","",
="04162U","電子類元大2B售02","0.41","－","IX0027","電子類","797.58","","認售","歐式","112年02月09日","112年11月08日","112年11月06日","112年11月08日","0.04","    650.00","","",
="041630","緯創國泰2C購01","0.00","","3231","緯創","68.00","＋","認購","美式","112年04月14日","112年04月14日","112年12月11日","112年12月13日","1.00","    57.79","","",
="041631","台灣50富邦31購01","1.16","＋",="0050","元大台灣50","126.75","＋","認購","美式","112年04月14日","112年04月14日","113年01月11日","113年01月15日","0.65","    150.00","","",
="041632","長榮富邦32購01","0.60","","2603","長榮","157.00","＋","認購","美式","112年04月14日","112年04月14日","113年02月02日","113年02月15日","0.035","    180.00","","",
="041633","祥碩富邦2A購01","0.28","＋","5269","祥碩","1,300.00","＋","認購","美式","112年04月14日","112年04月14日","112年10月11日","112年10月13日","0.004","    1,800.00","","",
="041634","八貫統一2C購01","0.00","","1342","八貫","126.50","＋","認購","美式","112年04月14日","112年04月14日","112年12月11日","112年12月13日","0.022","    181.10","","",
="041635","八貫統一2C購02","0.00","","1342","八貫","126.50","＋","認購","美式","112年04月14日","112年04月14日","112年12月11日","112年12月13日","0.028","    204.70","","",
="041636","八貫統一31購01","0.00","","1342","八貫","126.50","＋","認購","美式","112年04月14日","112年04月14日","113年01月11日","113年01月15日","0.025","    180.00","","",
="041637","八貫統一33購01","0.42","","1342","八貫","126.50","＋","認購","美式","112年04月14日","112年04月14日","113年03月11日","113年03月13日","0.014","    168.88","","",
="041638","八貫統一34購01","0.00","","1342","八貫","126.50","＋","認購","美式","112年04月14日","112年04月14日","113年04月11日","113年04月15日","0.013","    208.88","","",
="041639","東元統一2C購03","0.91","","1504","東元","51.80","＋","認購","美式","112年04月14日","112年04月14日","112年12月11日","112年12月13日","0.10","    58.88","","",
="04163U","電子類元大2C售02","0.46","－","IX0027","電子類","797.58","","認售","歐式","112年02月09日","112年12月08日","112年12月06日","112年12月08日","0.05","    600.00","","",
="041640","聯電統一2C購02","0.47","＋","2303","聯電","51.20","＋","認購","美式","112年04月14日","112年04月14日","112年12月11日","112年12月13日","0.22","    61.68","","",
="041641","國巨統一2C購03","0.00","","2327","國巨","508.00","＋","認購","美式","112年04月14日","112年04月14日","112年12月11日","112年12月13日","0.01","    630.00","","",
="041642","台積電統一2C購04","0.00","","2330","台積電","568.00","＋","認購","美式","112年04月14日","112年04月14日","112年12月11日","112年12月13日","0.018","    555.55","","",
="041643","聯發科統一2C購02","0.00","","2454","聯發科","738.00","＋","認購","美式","112年04月14日","112年04月14日","112年12月11日","112年12月13日","0.01","    828.88","","",
="041644","飛宏統一2C購01","0.94","＋","2457","飛宏","76.40","＋","認購","美式","112年04月14日","112年04月14日","112年12月11日","112年12月13日","0.07","    80.10","","",
="041645","華新科統一34購01","0.00","","2492","華新科","101.00","＋","認購","美式","112年04月14日","112年04月14日","113年04月11日","113年04月15日","0.04","    133.33","","",
="041646","陽明統一2B購05","0.00","","2609","陽明","62.00","＋","認購","美式","112年04月14日","112年04月14日","112年11月09日","112年11月13日","0.09","    70.00","","",
="041647","神基統一2C購01","1.62","＋","3005","神基","69.40","＋","認購","美式","112年04月14日","112年04月14日","112年12月11日","112年12月13日","0.125","    65.80","","",
="041648","神基統一2C購02","1.22","＋","3005","神基","69.40","＋","認購","美式","112年04月14日","112年04月14日","112年12月11日","112年12月13日","0.08","    61.80","","",
="041649","神基統一31購01","0.00","","3005","神基","69.40","＋","認購","美式","112年04月14日","112年04月14日","113年01月11日","113年01月15日","0.068","    66.66","","",
="04164P","台積電凱基27售13","0.00","","2330","台積電","568.00","＋","認售","歐式","111年10月13日","112年07月12日","112年07月10日","112年07月12日","0.06","    415.35","","",
="04164U","金融類元大2B售02","0.00","","IX0039","金融類","1,620.43","","認售","歐式","112年02月09日","112年11月08日","112年11月06日","112年11月08日","0.02","    1,400.00","","",
="041650","聯詠統一2C購03","0.31","","3034","聯詠","423.50","＋","認購","美式","112年04月14日","112年04月14日","112年12月11日","112年12月13日","0.013","    558.88","","",
="041651","聯詠統一31購01","0.68","＋","3034","聯詠","423.50","＋","認購","美式","112年04月14日","112年04月14日","113年01月11日","113年01月15日","0.018","    500.00","","",
="041652","敦泰統一32購01","0.00","","3545","敦泰","83.70","＋","認購","美式","112年04月14日","112年04月14日","113年02月02日","113年02月15日","0.035","    104.50","","",
="041653","世芯統一2C購06","1.10","＋","3661","世芯-KY","1,660.00","＋","認購","美式","112年04月14日","112年04月14日","112年12月11日","112年12月13日","0.003","    1,800.00","","",
="041654","TPK統一32購01","0.84","＋","3673","TPK-KY","41.75","＋","認購","美式","112年04月14日","112年04月14日","113年02月02日","113年02月15日","0.12","    43.80","","",
="041655","全訊統一2C購02","0.84","＋","5222","全訊","198.00","＋","認購","美式","112年04月14日","112年04月14日","112年12月11日","112年12月13日","0.027","    217.20","","",
="041656","緯穎統一31購04","0.57","＋","6669","緯穎","1,205.00","＋","認購","美式","112年04月14日","112年04月14日","113年01月11日","113年01月15日","0.003","    1,446.00","","",
="041657","富鼎統一32購01","0.55","＋","8261","富鼎","106.50","＋","認購","美式","112年04月14日","112年04月14日","113年02月02日","113年02月15日","0.028","    130.00","","",
="041658","T50反1元富31購01","0.00","",="00632R","元大台灣50反1","4.94","－","認購","美式","112年04月14日","112年04月14日","113年01月11日","113年01月15日","1.00","    4.70","","",
="041659","上証2X元富2A購01","0.76","－",="00633L","富邦上証正2","35.01","－","認購","美式","112年04月14日","112年04月14日","112年10月11日","112年10月13日","1.00","    48.00","","",
="04165U","金融類元大2C售02","0.00","","IX0039","金融類","1,620.43","","認售","歐式","112年02月09日","112年12月08日","112年12月06日","112年12月08日","0.02","    1,350.00","","",
="041660","元債2X元富34購01","0.80","＋",="00680L","元大美債20正2","10.96","＋","認購","美式","112年04月14日","112年04月14日","113年04月11日","113年04月15日","1.00","    14.50","","",
="041661","八貫元富2A購01","0.36","","1342","八貫","126.50","＋","認購","美式","112年04月14日","112年04月14日","112年10月11日","112年10月13日","0.17","    230.00","","",
="041662","八貫元富31購01","0.00","","1342","八貫","126.50","＋","認購","美式","112年04月14日","112年04月14日","113年01月11日","113年01月15日","0.043","    168.00","","",
="041663","聯電元富31購01","2.31","＋","2303","聯電","51.20","＋","認購","美式","112年04月14日","112年04月14日","113年01月11日","113年01月15日","0.50","    55.00","","",
="041664","美食元富31購01","1.87","－","2723","美食-KY","152.50","－","認購","美式","112年04月14日","112年04月14日","113年01月11日","113年01月15日","0.10","    170.00","","",
="041665","三商壽元富31購01","0.00","","2867","三商壽","5.22","＋","認購","美式","112年04月14日","112年04月14日","113年01月11日","113年01月15日","1.00","    4.90","","",
="041666","神基元富2A購01","2.50","","3005","神基","69.40","＋","認購","美式","112年04月14日","112年04月14日","112年10月11日","112年10月13日","0.30","    69.91","","",
="041667","神基元富2A購02","3.82","＋","3005","神基","69.40","＋","認購","美式","112年04月14日","112年04月14日","112年10月11日","112年10月13日","0.30","    61.31","","",
="041668","緯創元富31購03","0.00","","3231","緯創","68.00","＋","認購","美式","112年04月14日","112年04月14日","113年01月11日","113年01月15日","0.30","    52.08","","",
="041669","創意元富2A購04","32.50","＋","3443","創意","1,515.00","＋","認購","美式","112年04月14日","112年04月14日","112年10月11日","112年10月13日","0.11","    1,400.00","","",
="04166U","台積電凱基29售10","0.00","","2330","台積電","568.00","＋","認售","歐式","112年02月09日","112年09月08日","112年09月06日","112年09月08日","0.075","    467.47","","",
="041670","新唐元富2A購01","4.74","＋","4919","新唐","130.50","＋","認購","美式","112年04月14日","112年04月14日","112年10月11日","112年10月13日","1.00","    170.00","","",
="041671","GIS元富31購01","0.75","","6456","GIS-KY","75.40","＋","認購","美式","112年04月14日","112年04月14日","113年01月11日","113年01月15日","0.157","    90.59","","",
="041672","鴻海麥證2A購04","0.74","＋","2317","鴻海","105.50","＋","認購","歐式","112年04月14日","112年10月13日","112年10月11日","112年10月13日","0.45","    125.00","","",
="041673","鴻海麥證2A購05","0.63","＋","2317","鴻海","105.50","＋","認購","歐式","112年04月14日","112年10月13日","112年10月11日","112年10月13日","0.72","    135.00","","",
="041674","英業達麥證2B購01","1.74","＋","2356","英業達","37.50","＋","認購","歐式","112年04月14日","112年11月13日","112年11月09日","112年11月13日","1.00","    43.00","","",
="041675","神基麥證2A購01","2.62","＋","3005","神基","69.40","＋","認購","歐式","112年04月14日","112年10月13日","112年10月11日","112年10月13日","0.30","    65.00","","",
="041676","緯穎麥證2C購01","0.85","＋","6669","緯穎","1,205.00","＋","認購","歐式","112年04月14日","112年12月13日","112年12月11日","112年12月13日","0.012","    1,700.00","","",
="041677","中砂法興2A購01","0.62","－","1560","中砂","114.50","－","認購","歐式","112年04月14日","112年10月13日","112年10月11日","112年10月13日","0.12","    150.00","","",
="041678","上銀法興2A購01","0.00","","2049","上銀","235.50","＋","認購","歐式","112年04月14日","112年10月13日","112年10月11日","112年10月13日","0.08","    300.00","","",
="041679","華邦電法興2A購01","1.43","＋","2344","華邦電","26.90","＋","認購","歐式","112年04月14日","112年10月13日","112年10月11日","112年10月13日","1.00","    32.00","","",
="04167P","台積電凱基3A售02","2.16","－","2330","台積電","568.00","＋","認售","歐式","111年10月13日","113年10月14日","113年10月08日","113年10月14日","0.075","    356.01","","",
="04167U","聯發科凱基28售08","0.88","－","2454","聯發科","738.00","＋","認售","歐式","112年02月09日","112年08月08日","112年08月04日","112年08月08日","0.04","    670.00","","",
="041680","南亞科法興2A購01","0.00","","2408","南亞科","71.20","－","認購","歐式","112年04月14日","112年10月13日","112年10月11日","112年10月13日","0.25","    80.00","","",
="041681","華航法興2A購01","1.40","＋","2610","華航","21.65","＋","認購","歐式","112年04月14日","112年10月13日","112年10月11日","112年10月13日","1.00","    25.00","","",
="041682","萬海法興2A購01","0.00","","2615","萬海","60.00","＋","認購","歐式","112年04月14日","112年10月13日","112年10月11日","112年10月13日","0.20","    80.00","","",
="041683","智原法興2A購02","0.00","","3035","智原","173.50","＋","認購","歐式","112年04月14日","112年10月13日","112年10月11日","112年10月13日","0.05","    260.00","","",
="041684","台勝科法興2A購01","1.04","＋","3532","台勝科","157.00","＋","認購","歐式","112年04月14日","112年10月13日","112年10月11日","112年10月13日","0.10","    200.00","","",
="041685","新唐法興2A購01","0.47","","4919","新唐","130.50","＋","認購","歐式","112年04月14日","112年10月13日","112年10月11日","112年10月13日","0.10","    190.00","","",
="041686","世紀鋼法興2A購01","1.80","＋","9958","世紀鋼","109.50","＋","認購","歐式","112年04月14日","112年10月13日","112年10月11日","112年10月13日","0.25","    130.00","","",
="041687","中鋼康和2A購01","0.47","－","2002","中鋼","29.05","－","認購","美式","112年04月17日","112年04月17日","112年10月12日","112年10月16日","1.00","    36.00","","",
="041688","台達電康和2A購01","0.97","－","2308","台達電","315.50","－","認購","美式","112年04月17日","112年04月17日","112年10月12日","112年10月16日","0.065","    350.00","","",
="041689","漢翔康和2A購01","2.37","＋","2634","漢翔","55.80","＋","認購","美式","112年04月17日","112年04月17日","112年10月12日","112年10月16日","0.50","    61.00","","",
="04168P","台灣50群益26售03","0.00","",="0050","元大台灣50","126.75","＋","認售","歐式","111年12月07日","112年06月06日","112年06月02日","112年06月06日","0.307","    112.47","","",
="04168U","義隆凱基28售03","0.63","－","2458","義隆","104.00","＋","認售","歐式","112年02月09日","112年08月08日","112年08月04日","112年08月08日","0.186","    92.16","","",
="041690","啟碁康和31購01","0.00","","6285","啟碁","87.50","＋","認購","美式","112年04月17日","112年04月17日","113年01月12日","113年01月16日","0.12","    120.00","","",
="041691","緯創台新2B購01","7.10","＋","3231","緯創","68.00","＋","認購","歐式","112年04月17日","112年11月16日","112年11月14日","112年11月16日","0.45","    55.00","","",
="041692","元石油永豐2B購01","0.33","＋",="00642U","期元大S&P石油(原名：元大S&P石油)","15.46","＋","認購","美式","112年04月17日","112年04月17日","112年11月14日","112年11月16日","0.65","    21.43","","",
="041693","士電永豐2C購01","2.50","＋","1503","士電","143.50","＋","認購","美式","112年04月17日","112年04月17日","112年12月14日","112年12月18日","0.062","    115.69","","",
="041694","大亞永豐2B購01","0.97","＋","1609","大亞","31.00","＋","認購","美式","112年04月17日","112年04月17日","112年11月14日","112年11月16日","0.35","    36.67","","",
="041695","華泰永豐2C購01","0.60","","2329","華泰","20.55","＋","認購","美式","112年04月17日","112年04月17日","112年12月14日","112年12月18日","0.42","    26.66","","",
="041696","全新永豐2C購01","0.58","－","2455","全新","100.00","","認購","美式","112年04月17日","112年04月17日","112年12月14日","112年12月18日","0.06","    132.37","","",
="041697","飛宏永豐2C購01","1.19","＋","2457","飛宏","76.40","＋","認購","美式","112年04月17日","112年04月17日","112年12月14日","112年12月18日","0.19","    95.41","","",
="041698","華新科永豐2B購01","0.00","","2492","華新科","101.00","＋","認購","美式","112年04月17日","112年04月17日","112年11月14日","112年11月16日","0.13","    150.00","","",
="041699","漢翔永豐2B購02","2.16","＋","2634","漢翔","55.80","＋","認購","美式","112年04月17日","112年04月17日","112年11月14日","112年11月16日","0.65","    72.22","","",
="04169U","長榮航凱基28售05","0.48","－","2618","長榮航","33.60","＋","認售","歐式","112年02月09日","112年08月08日","112年08月04日","112年08月08日","0.40","    29.00","","",
="041700","智原永豐2C購01","0.38","＋","3035","智原","173.50","＋","認購","美式","112年04月17日","112年04月17日","112年12月14日","112年12月18日","0.059","    275.00","","",
="041701","世芯永豐2C購03","1.80","＋","3661","世芯-KY","1,660.00","＋","認購","美式","112年04月17日","112年04月17日","112年12月14日","112年12月18日","0.006","    1,987.50","","",
="041702","大眾控永豐2B購01","1.54","＋","3701","大眾控","67.10","＋","認購","美式","112年04月17日","112年04月17日","112年11月14日","112年11月16日","0.27","    82.71","","",
="041703","視陽永豐2B購01","0.30","＋","6782","視陽","230.00","＋","認購","美式","112年04月17日","112年04月17日","112年11月14日","112年11月16日","0.027","    381.12","","",
="041704","致新永豐2C購01","0.72","＋","8081","致新","191.50","＋","認購","美式","112年04月17日","112年04月17日","112年12月14日","112年12月18日","0.05","    236.25","","",
="041705","巨大永豐2B購02","0.91","－","9921","巨大","201.00","＋","認購","美式","112年04月17日","112年04月17日","112年11月14日","112年11月16日","0.08","    241.60","","",
="041706","華新科中信2A購01","0.00","","2492","華新科","101.00","＋","認購","歐式","112年04月17日","112年10月16日","112年10月12日","112年10月16日","0.14","    153.00","","",
="041707","神基中信2A購01","2.30","","3005","神基","69.40","＋","認購","歐式","112年04月17日","112年10月16日","112年10月12日","112年10月16日","0.50","    85.00","","",
="041708","力積電中信2B購01","0.00","","6770","力積電","30.85","＋","認購","歐式","112年04月17日","112年11月16日","112年11月14日","112年11月16日","1.00","    45.00","","",
="041709","台泥兆豐33購01","0.89","＋","1101","台泥","38.15","＋","認購","美式","112年04月17日","112年04月17日","113年03月14日","113年03月18日","0.22","    38.80","","",
="04170U","大立光凱基28售05","0.00","","3008","大立光","2,305.00","＋","認售","歐式","112年02月09日","112年08月08日","112年08月04日","112年08月08日","0.026","    1,666.22","","",
="041710","光寶科兆豐33購01","2.02","＋","2301","光寶科","86.40","＋","認購","美式","112年04月17日","112年04月17日","113年03月14日","113年03月18日","0.13","    78.80","","",
="041711","智原兆豐31購01","0.64","＋","3035","智原","173.50","＋","認購","美式","112年04月17日","112年04月17日","113年01月12日","113年01月16日","0.034","    208.00","","",
="041712","世芯兆豐2C購02","2.06","＋","3661","世芯-KY","1,660.00","＋","認購","美式","112年04月17日","112年04月17日","112年12月14日","112年12月18日","0.007","    1,700.00","","",
="041713","聯發科第一28購01","0.09","","2454","聯發科","738.00","＋","認購","美式","110年08月11日","110年08月11日","112年08月08日","112年08月10日","0.002","    1,191.86","","",
="041714","祥碩兆豐2C購01","0.00","","5269","祥碩","1,300.00","＋","認購","美式","112年04月17日","112年04月17日","112年12月14日","112年12月18日","0.006","    1,600.00","","",
="041715","晶心科兆豐2C購01","0.64","＋","6533","晶心科","511.00","＋","認購","美式","112年04月17日","112年04月17日","112年12月14日","112年12月18日","0.012","    620.00","","",
="041716","台積電麥證2A購12","5.05","＋","2330","台積電","568.00","＋","認購","歐式","112年04月17日","112年10月16日","112年10月12日","112年10月16日","0.10","    560.00","","",
="041717","台積電麥證2C購04","3.80","＋","2330","台積電","568.00","＋","認購","歐式","112年04月17日","112年12月18日","112年12月14日","112年12月18日","0.06","    550.00","","",
="041718","台積電麥證31購04","4.46","＋","2330","台積電","568.00","＋","認購","歐式","112年04月17日","113年01月16日","113年01月12日","113年01月16日","0.32","    730.00","","",
="041719","大立光麥證2C購01","2.35","＋","3008","大立光","2,305.00","＋","認購","歐式","112年04月17日","112年12月18日","112年12月14日","112年12月18日","0.02","    2,888.00","","",
="04171P","陽明凱基26售07","0.00","","2609","陽明","62.00","＋","認售","歐式","111年10月13日","112年06月12日","112年06月08日","112年06月12日","0.25","    58.00","","",
="04171U","景碩凱基28售03","0.00","","3189","景碩","116.00","＋","認售","歐式","112年02月09日","112年08月08日","112年08月04日","112年08月08日","0.12","    95.00","","",
="041720","緯創麥證32購01","6.30","＋","3231","緯創","68.00","＋","認購","歐式","112年04月17日","113年02月16日","113年02月05日","113年02月16日","0.50","    65.00","","",
="041721","世芯麥證2A購02","2.34","＋","3661","世芯-KY","1,660.00","＋","認購","歐式","112年04月17日","112年10月16日","112年10月12日","112年10月16日","0.008","    1,666.00","","",
="041722","世紀鋼麥證2A購01","0.97","＋","9958","世紀鋼","109.50","＋","認購","歐式","112年04月17日","112年10月16日","112年10月12日","112年10月16日","0.16","    130.00","","",
="041723","聯詠第一2A購02","0.00","","3034","聯詠","423.50","＋","認購","美式","112年04月17日","112年04月17日","112年10月12日","112年10月16日","0.026","    545.40","","",
="041724","緯創第一2C購01","0.00","","3231","緯創","68.00","＋","認購","美式","112年04月17日","112年04月17日","112年12月14日","112年12月18日","0.18","    50.39","","",
="041725","滬深2X凱基2A購13","0.80","",="00637L","元大滬深300正2","13.77","－","認購","美式","112年04月17日","112年04月17日","112年10月12日","112年10月16日","0.70","    15.00","","",
="041726","滬深2X凱基2B購04","1.02","－",="00637L","元大滬深300正2","13.77","－","認購","美式","112年04月17日","112年04月17日","112年11月14日","112年11月16日","0.60","    14.00","","",
="041727","滬深2X凱基2C購06","0.00","",="00637L","元大滬深300正2","13.77","－","認購","美式","112年04月17日","112年04月17日","112年12月14日","112年12月18日","1.00","    16.50","","",
="041728","滬深2X凱基31購02","0.62","－",="00637L","元大滬深300正2","13.77","－","認購","美式","112年04月17日","112年04月17日","113年01月12日","113年01月16日","1.00","    19.00","","",
="041729","中興電凱基2C購01","0.70","＋","1513","中興電","113.50","＋","認購","美式","112年04月17日","112年04月17日","112年12月14日","112年12月18日","0.15","    168.00","","",
="04172U","創意凱基28售05","0.00","","3443","創意","1,515.00","＋","認售","歐式","112年02月09日","112年08月08日","112年08月04日","112年08月08日","0.03","    520.00","","",
="041730","亞力凱基2C購02","1.21","＋","1514","亞力","51.60","＋","認購","美式","112年04月17日","112年04月17日","112年12月14日","112年12月18日","0.12","    50.00","","",
="041731","亞力凱基32購01","0.82","＋","1514","亞力","51.60","＋","認購","美式","112年04月17日","112年04月17日","113年02月05日","113年02月16日","0.15","    69.00","","",
="041732","華城凱基2C購02","1.35","＋","1519","華城","141.00","＋","認購","美式","112年04月17日","112年04月17日","112年12月14日","112年12月18日","0.035","    125.00","","",
="041733","華城凱基2C購03","1.50","＋","1519","華城","141.00","＋","認購","美式","112年04月17日","112年04月17日","112年12月14日","112年12月18日","0.03","    110.00","","",
="041734","華城凱基32購01","1.35","＋","1519","華城","141.00","＋","認購","美式","112年04月17日","112年04月17日","113年02月05日","113年02月16日","0.035","    145.00","","",
="041735","上銀凱基2A購05","0.66","＋","2049","上銀","235.50","＋","認購","美式","112年04月17日","112年04月17日","112年10月12日","112年10月16日","0.075","    280.00","","",
="041736","光寶科凱基2B購01","3.79","＋","2301","光寶科","86.40","＋","認購","美式","112年04月17日","112年04月17日","112年11月14日","112年11月16日","1.00","    100.00","","",
="041737","台達電凱基2A購02","2.06","","2308","台達電","315.50","－","認購","美式","112年04月17日","112年04月17日","112年10月12日","112年10月16日","0.085","    320.00","","",
="041738","台積電凱基2A購22","0.00","","2330","台積電","568.00","＋","認購","美式","112年04月17日","112年04月17日","112年10月12日","112年10月16日","0.03","    530.00","","",
="041739","台積電凱基2C購15","3.01","－","2330","台積電","568.00","＋","認購","美式","112年04月17日","112年04月17日","112年12月14日","112年12月18日","0.33","    780.00","","",
="04173P","嘉晶凱基26售01","0.00","","3016","嘉晶","65.10","＋","認售","歐式","111年10月13日","112年06月12日","112年06月08日","112年06月12日","0.24","    45.00","","",
="04173U","新唐凱基28售02","0.66","","4919","新唐","130.50","＋","認售","歐式","112年02月09日","112年08月08日","112年08月04日","112年08月08日","0.20","    105.00","","",
="041740","宏碁凱基2B購01","1.22","－","2353","宏碁","31.05","＋","認購","美式","112年04月17日","112年04月17日","112年11月14日","112年11月16日","1.00","    36.00","","",
="041741","瑞昱凱基2A購02","1.61","＋","2379","瑞昱","388.00","＋","認購","美式","112年04月17日","112年04月17日","112年10月12日","112年10月16日","0.06","    420.00","","",
="041742","漢翔凱基2C購01","2.12","＋","2634","漢翔","55.80","＋","認購","美式","112年04月17日","112年04月17日","112年12月14日","112年12月18日","0.40","    70.00","","",
="041743","漢翔凱基2C購02","2.05","＋","2634","漢翔","55.80","＋","認購","美式","112年04月17日","112年04月17日","112年12月14日","112年12月18日","0.20","    55.00","","",
="041744","晶豪科凱基2A購04","0.47","","3006","晶豪科","88.20","＋","認購","美式","112年04月17日","112年04月17日","112年10月12日","112年10月16日","0.10","    110.00","","",
="041745","緯創凱基31購02","10.10","＋","3231","緯創","68.00","＋","認購","美式","112年04月17日","112年04月17日","113年01月12日","113年01月16日","0.80","    66.00","","",
="041746","碩天凱基2B購01","2.82","－","3617","碩天","191.00","－","認購","美式","112年04月17日","112年04月17日","112年11月14日","112年11月16日","0.10","    200.00","","",
="041747","富采凱基2A購02","0.00","","3714","富采","49.90","＋","認購","美式","112年04月17日","112年04月17日","112年10月12日","112年10月16日","0.50","    65.00","","",
="041748","天鈺凱基2C購01","0.00","","4961","天鈺","154.00","＋","認購","美式","112年04月17日","112年04月17日","112年12月14日","112年12月18日","0.13","    260.00","","",
="041749","眾達凱基2B購02","0.46","＋","4977","眾達-KY","113.00","＋","認購","美式","112年04月17日","112年04月17日","112年11月14日","112年11月16日","0.09","    175.00","","",
="04174U","祥碩凱基28售03","0.00","","5269","祥碩","1,300.00","＋","認售","歐式","112年02月09日","112年08月08日","112年08月04日","112年08月08日","0.008","    900.00","","",
="041750","界霖凱基2B購01","0.72","＋","5285","界霖","74.00","＋","認購","美式","112年04月17日","112年04月17日","112年11月14日","112年11月16日","0.15","    100.00","","",
="041751","采鈺凱基2A購02","0.89","＋","6789","采鈺","224.00","＋","認購","美式","112年04月17日","112年04月17日","112年10月12日","112年10月16日","0.06","    260.00","","",
="041752","巨大凱基2B購01","0.00","","9921","巨大","201.00","＋","認購","美式","112年04月17日","112年04月17日","112年11月14日","112年11月16日","0.10","    250.00","","",
="041753","台泥群益2B購01","0.00","","1101","台泥","38.15","＋","認購","美式","112年04月17日","112年04月17日","112年11月14日","112年11月16日","1.00","    50.00","","",
="041754","東陽群益2B購01","0.00","","1319","東陽","49.90","＋","認購","美式","112年04月17日","112年04月17日","112年11月14日","112年11月16日","0.30","    63.00","","",
="041755","士電群益2A購01","0.00","","1503","士電","143.50","＋","認購","美式","112年04月17日","112年04月17日","112年10月12日","112年10月16日","0.15","    115.00","","",
="041756","華城群益2C購01","3.77","＋","1519","華城","141.00","＋","認購","美式","112年04月17日","112年04月17日","112年12月14日","112年12月18日","0.10","    130.00","","",
="041757","亞德客群益2C購01","0.00","","1590","亞德客-KY","1,040.00","＋","認購","美式","112年04月17日","112年04月17日","112年12月14日","112年12月18日","0.01","    1,500.00","","",
="041758","大亞群益2A購01","1.50","＋","1609","大亞","31.00","＋","認購","美式","112年04月17日","112年04月17日","112年10月12日","112年10月16日","0.80","    40.00","","",
="041759","國巨群益2A購01","0.83","＋","2327","國巨","508.00","＋","認購","美式","112年04月17日","112年04月17日","112年10月12日","112年10月16日","0.05","    645.00","","",
="04175P","SGBR2X元大27售01","0.00","",="00715L","期街口布蘭特正2","12.73","＋","認售","歐式","111年10月13日","112年07月12日","112年07月10日","112年07月12日","0.25","    19.00","","",
="04175U","晶心科凱基28售05","0.00","","6533","晶心科","511.00","＋","認售","歐式","112年02月09日","112年08月08日","112年08月04日","112年08月08日","0.01","    520.00","","",
="041760","聯發科群益2A購10","3.34","＋","2454","聯發科","738.00","＋","認購","美式","112年04月17日","112年04月17日","112年10月12日","112年10月16日","0.095","    862.00","","",
="041761","全新群益2C購01","1.34","＋","2455","全新","100.00","","認購","美式","112年04月17日","112年04月17日","112年12月14日","112年12月18日","0.15","    140.00","","",
="041762","聯詠群益2A購01","0.00","","3034","聯詠","423.50","＋","認購","美式","112年04月17日","112年04月17日","112年10月12日","112年10月16日","0.15","    650.00","","",
="041763","緯創群益2A購02","8.65","＋","3231","緯創","68.00","＋","認購","美式","112年04月17日","112年04月17日","112年10月12日","112年10月16日","0.95","    66.66","","",
="041764","華擎群益2A購01","2.81","＋","3515","華擎","154.00","＋","認購","美式","112年04月17日","112年04月17日","112年10月12日","112年10月16日","0.17","    177.00","","",
="041765","碩天群益2A購01","4.73","－","3617","碩天","191.00","－","認購","美式","112年04月17日","112年04月17日","112年10月12日","112年10月16日","0.15","    200.00","","",
="041766","大眾控群益2C購01","4.08","＋","3701","大眾控","67.10","＋","認購","美式","112年04月17日","112年04月17日","112年12月14日","112年12月18日","0.40","    70.00","","",
="041767","富采群益2B購01","0.00","","3714","富采","49.90","＋","認購","美式","112年04月17日","112年04月17日","112年11月14日","112年11月16日","0.35","    68.80","","",
="041768","國光生群益2A購01","0.00","","4142","國光生","37.80","＋","認購","美式","112年04月17日","112年04月17日","112年10月12日","112年10月16日","0.75","    59.00","","",
="041769","全訊群益2A購03","1.58","＋","5222","全訊","198.00","＋","認購","美式","112年04月17日","112年04月17日","112年10月12日","112年10月16日","0.151","    275.00","","",
="04176U","臺股指凱基28售09","0.08","－","IX0001","臺股指數","16,636.30","","認售","歐式","112年02月09日","112年08月08日","112年08月04日","112年08月08日","0.005","    13,000.00","","",
="041770","穎崴群益2A購02","0.00","","6515","穎崴","830.00","－","認購","美式","112年04月17日","112年04月17日","112年10月12日","112年10月16日","0.04","    1,070.00","","",
="041771","八貫統一33購02","0.41","","1342","八貫","126.50","＋","認購","美式","112年04月17日","112年04月17日","113年03月14日","113年03月18日","0.02","    230.00","","",
="041772","士電統一2A購01","0.00","","1503","士電","143.50","＋","認購","美式","112年04月17日","112年04月17日","112年10月12日","112年10月16日","0.08","    106.40","","",
="041773","士電統一31購02","0.00","","1503","士電","143.50","＋","認購","美式","112年04月17日","112年04月17日","113年01月12日","113年01月16日","0.03","    106.40","","",
="041774","士電統一32購01","2.34","＋","1503","士電","143.50","＋","認購","美式","112年04月17日","112年04月17日","113年02月05日","113年02月16日","0.05","    111.00","","",
="041775","士電統一32購02","0.00","","1503","士電","143.50","＋","認購","美式","112年04月17日","112年04月17日","113年02月05日","113年02月16日","0.037","    106.40","","",
="041776","士電統一33購01","0.00","","1503","士電","143.50","＋","認購","美式","112年04月17日","112年04月17日","113年03月14日","113年03月18日","0.035","    115.60","","",
="041777","大亞統一2C購03","0.69","＋","1609","大亞","31.00","＋","認購","美式","112年04月17日","112年04月17日","112年12月14日","112年12月18日","0.15","    35.80","","",
="041778","上銀統一2C購04","0.00","","2049","上銀","235.50","＋","認購","美式","112年04月17日","112年04月17日","112年12月14日","112年12月18日","0.03","    305.90","","",
="041779","台積電統一2C購05","0.00","","2330","台積電","568.00","＋","認購","美式","112年04月17日","112年04月17日","112年12月14日","112年12月18日","0.015","    538.00","","",
="04177U","臺股指凱基28售10","0.00","","IX0001","臺股指數","16,636.30","","認售","歐式","112年02月09日","112年08月08日","112年08月04日","112年08月08日","0.002","    15,100.00","","",
="041780","華邦電統一2C購03","0.62","＋","2344","華邦電","26.90","＋","認購","美式","112年04月17日","112年04月17日","112年12月14日","112年12月18日","0.15","    28.88","","",
="041781","飛宏統一34購01","0.91","＋","2457","飛宏","76.40","＋","認購","美式","112年04月17日","112年04月17日","113年04月12日","113年04月16日","0.05","    86.90","","",
="041782","漢翔統一32購01","0.85","＋","2634","漢翔","55.80","＋","認購","美式","112年04月17日","112年04月17日","113年02月05日","113年02月16日","0.072","    60.66","","",
="041783","神基統一32購01","1.16","＋","3005","神基","69.40","＋","認購","美式","112年04月17日","112年04月17日","113年02月05日","113年02月16日","0.08","    68.40","","",
="041784","奇鋐統一2C購01","1.36","＋","3017","奇鋐","206.00","－","認購","美式","112年04月17日","112年04月17日","112年12月14日","112年12月18日","0.024","    173.90","","",
="041785","緯創統一2C購01","0.00","","3231","緯創","68.00","＋","認購","美式","112年04月17日","112年04月17日","112年12月14日","112年12月18日","0.10","    50.80","","",
="041786","敦泰統一2C購02","0.00","","3545","敦泰","83.70","＋","認購","美式","112年04月17日","112年04月17日","112年12月14日","112年12月18日","0.042","    101.80","","",
="041787","碩天統一33購04","1.07","－","3617","碩天","191.00","－","認購","美式","112年04月17日","112年04月17日","113年03月14日","113年03月18日","0.014","    200.00","","",
="041788","世芯統一32購07","0.93","＋","3661","世芯-KY","1,660.00","＋","認購","美式","112年04月17日","112年04月17日","113年02月05日","113年02月16日","0.002","    1,888.88","","",
="041789","大眾控統一31購01","0.93","＋","3701","大眾控","67.10","＋","認購","美式","112年04月17日","112年04月17日","113年01月12日","113年01月16日","0.065","    68.40","","",
="04178U","臺股指凱基28售11","0.28","－","IX0001","臺股指數","16,636.30","","認售","歐式","112年02月09日","112年08月08日","112年08月04日","112年08月08日","0.001","    15,300.00","","",
="041790","天鈺統一2C購02","0.00","","4961","天鈺","154.00","＋","認購","美式","112年04月17日","112年04月17日","112年12月14日","112年12月18日","0.024","    214.20","","",
="041791","天鈺統一32購01","0.00","","4961","天鈺","154.00","＋","認購","美式","112年04月17日","112年04月17日","113年02月05日","113年02月16日","0.017","    214.20","","",
="041792","祥碩統一2C購01","0.91","＋","5269","祥碩","1,300.00","＋","認購","美式","112年04月17日","112年04月17日","112年12月14日","112年12月18日","0.004","    1,526.80","","",
="041793","力智統一32購02","0.50","＋","6719","力智","303.00","＋","認購","美式","112年04月17日","112年04月17日","113年02月05日","113年02月16日","0.011","    376.50","","",
="041794","矽創統一32購01","0.00","","8016","矽創","225.50","＋","認購","美式","112年04月17日","112年04月17日","113年02月05日","113年02月16日","0.013","    299.10","","",
="041795","威盛國票2B購01","0.00","","2388","威盛","83.10","＋","認購","美式","112年04月17日","112年04月17日","112年11月14日","112年11月16日","0.20","    100.00","","",
="041796","毅嘉國票2A購01","1.46","＋","2402","毅嘉","28.70","＋","認購","美式","112年04月17日","112年04月17日","112年10月12日","112年10月16日","0.40","    30.00","","",
="041797","毅嘉國票2C購01","1.51","＋","2402","毅嘉","28.70","＋","認購","美式","112年04月17日","112年04月17日","112年12月14日","112年12月18日","0.50","    35.00","","",
="041798","神基國票2B購01","2.55","＋","3005","神基","69.40","＋","認購","美式","112年04月17日","112年04月17日","112年11月14日","112年11月16日","0.30","    70.00","","",
="041799","晶豪科國票2C購01","1.47","","3006","晶豪科","88.20","＋","認購","美式","112年04月17日","112年04月17日","112年12月14日","112年12月18日","0.135","    100.00","","",
="04179P","光罩元大26售01","0.00","","2338","光罩","81.80","＋","認售","歐式","111年10月20日","112年06月19日","112年06月15日","112年06月19日","0.122","    46.96","","",
="04179U","臺股指凱基29售31","0.00","","IX0001","臺股指數","16,636.30","","認售","歐式","112年02月09日","112年09月08日","112年09月06日","112年09月08日","0.006","    12,500.00","","",
="041800","玉晶光國票31購02","0.00","","3406","玉晶光","400.00","＋","認購","美式","112年04月17日","112年04月17日","113年01月12日","113年01月16日","0.05","    470.00","","",
="041801","世芯國票2C購05","2.17","＋","3661","世芯-KY","1,660.00","＋","認購","美式","112年04月17日","112年04月17日","112年12月14日","112年12月18日","0.01","    2,000.00","","",
="041802","視陽國票2B購01","0.00","","6782","視陽","230.00","＋","認購","美式","112年04月17日","112年04月17日","112年11月14日","112年11月16日","0.03","    360.00","","",
="041803","全訊國泰2C購01","1.41","＋","5222","全訊","198.00","＋","認購","美式","112年04月17日","112年04月17日","112年12月14日","112年12月18日","0.05","    240.00","","",
="041804","啟碁國泰2C購01","0.00","","6285","啟碁","87.50","＋","認購","美式","112年04月17日","112年04月17日","112年12月14日","112年12月18日","0.17","    117.00","","",
="041805","為升富邦2C購02","0.00","","2231","為升","172.50","＋","認購","美式","112年04月17日","112年04月17日","112年12月14日","112年12月18日","0.035","    220.00","","",
="041806","國巨富邦2B購02","0.00","","2327","國巨","508.00","＋","認購","美式","112年04月17日","112年04月17日","112年11月14日","112年11月16日","0.04","    750.00","","",
="041807","威強電富邦2C購01","0.84","","3022","威強電","91.20","＋","認購","美式","112年04月17日","112年04月17日","112年12月14日","112年12月18日","0.05","    90.00","","",
="041808","欣興富邦2C購01","2.06","－","3037","欣興","182.50","－","認購","美式","112年04月17日","112年04月17日","112年12月14日","112年12月18日","0.10","    210.00","","",
="041809","緯創富邦2A購03","3.86","","3231","緯創","68.00","＋","認購","美式","112年04月17日","112年04月17日","112年10月12日","112年10月16日","0.20","    50.00","","",
="04180U","臺股指凱基29售32","0.20","－","IX0001","臺股指數","16,636.30","","認售","歐式","112年02月09日","112年09月08日","112年09月06日","112年09月08日","0.004","    13,200.00","","",
="041810","富采富邦2B購01","0.00","","3714","富采","49.90","＋","認購","美式","112年04月17日","112年04月17日","112年11月14日","112年11月16日","0.30","    68.00","","",
="041811","八貫元富34購01","0.00","","1342","八貫","126.50","＋","認購","美式","112年04月17日","112年04月17日","113年04月12日","113年04月16日","0.031","    185.40","","",
="041812","中興電元富31購04","0.60","＋","1513","中興電","113.50","＋","認購","美式","112年04月17日","112年04月17日","113年01月12日","113年01月16日","0.043","    130.00","","",
="041813","華邦電元富31購02","1.52","＋","2344","華邦電","26.90","＋","認購","美式","112年04月17日","112年04月17日","113年01月12日","113年01月16日","1.00","    35.50","","",
="041814","飛宏元富32購01","1.41","","2457","飛宏","76.40","＋","認購","美式","112年04月17日","112年04月17日","113年02月05日","113年02月16日","0.136","    95.00","","",
="041815","奇鋐元富31購03","2.99","＋","3017","奇鋐","206.00","－","認購","美式","112年04月17日","112年04月17日","113年01月12日","113年01月16日","0.10","    230.00","","",
="041816","愛普元富31購01","1.12","","6531","愛普*","328.50","＋","認購","美式","112年04月17日","112年04月17日","113年01月12日","113年01月16日","0.031","    430.00","","",
="041817","AES元富2A購01","1.14","","6781","AES-KY","690.00","＋","認購","美式","112年04月17日","112年04月17日","112年10月12日","112年10月16日","0.02","    850.00","","",
="041818","富鼎元富31購01","0.00","","8261","富鼎","106.50","＋","認購","美式","112年04月17日","112年04月17日","113年01月12日","113年01月16日","0.067","    125.00","","",
="041819","S&P反1元大33購01","0.00","",="00648R","元大S&P500反1","6.93","－","認購","美式","112年04月17日","112年04月17日","113年03月14日","113年03月18日","0.80","    7.30","","",
="04181U","臺股指凱基29售33","0.44","－","IX0001","臺股指數","16,636.30","","認售","歐式","112年02月09日","112年09月08日","112年09月06日","112年09月08日","0.003","    14,300.00","","",
="041820","元日2X元大2C購01","0.28","",="00706L","期元大S&P日圓正2(原名：元大S&P日圓正2)","8.72","－","認購","美式","112年04月17日","112年04月17日","112年12月14日","112年12月18日","0.60","    9.80","","",
="041821","士電元大2A購01","0.00","","1503","士電","143.50","＋","認購","美式","112年04月17日","112年04月17日","112年10月12日","112年10月16日","0.152","    115.50","","",
="041822","東元元大2A購01","2.25","＋","1504","東元","51.80","＋","認購","美式","112年04月17日","112年04月17日","112年10月12日","112年10月16日","0.497","    61.10","","",
="041823","東元元大2A購02","2.28","＋","1504","東元","51.80","＋","認購","美式","112年04月17日","112年04月17日","112年10月12日","112年10月16日","0.298","    52.20","","",
="041824","東元元大2C購02","2.14","","1504","東元","51.80","＋","認購","美式","112年04月17日","112年04月17日","112年12月14日","112年12月18日","0.463","    67.90","","",
="041825","中興電元大2C購02","1.05","＋","1513","中興電","113.50","＋","認購","美式","112年04月17日","112年04月17日","112年12月14日","112年12月18日","0.10","    140.00","","",
="041826","華城元大2A購02","4.46","＋","1519","華城","141.00","＋","認購","美式","112年04月17日","112年04月17日","112年10月12日","112年10月16日","0.162","    140.00","","",
="041827","大亞元大2A購04","1.88","＋","1609","大亞","31.00","＋","認購","美式","112年04月17日","112年04月17日","112年10月12日","112年10月16日","0.543","    33.25","","",
="041828","大亞元大2C購01","1.76","＋","1609","大亞","31.00","＋","認購","美式","112年04月17日","112年04月17日","112年12月14日","112年12月18日","0.933","    42.85","","",
="041829","華邦電元大2B購04","0.00","","2344","華邦電","26.90","＋","認購","美式","112年04月17日","112年04月17日","112年11月14日","112年11月16日","1.00","    38.85","","",
="04182U","臺股指凱基2A售21","0.21","－","IX0001","臺股指數","16,636.30","","認售","歐式","112年02月09日","112年10月11日","112年10月05日","112年10月11日","0.005","    12,300.00","","",
="041830","華邦電元大2C購01","0.98","","2344","華邦電","26.90","＋","認購","美式","112年04月17日","112年04月17日","112年12月14日","112年12月18日","1.00","    40.20","","",
="041831","建準元大2A購02","8.20","＋","2421","建準","89.00","＋","認購","美式","112年04月17日","112年04月17日","112年10月12日","112年10月16日","0.301","    63.20","","",
="041832","興勤元大2A購01","0.57","","2428","興勤","156.50","＋","認購","美式","112年04月17日","112年04月17日","112年10月12日","112年10月16日","0.057","    195.00","","",
="041833","強茂元大2A購04","0.73","＋","2481","強茂","70.20","＋","認購","美式","112年04月17日","112年04月17日","112年10月12日","112年10月16日","0.50","    97.90","","",
="041834","宏達電元大2B購07","1.11","＋","2498","宏達電","61.50","＋","認購","美式","112年04月17日","112年04月17日","112年11月14日","112年11月16日","0.358","    80.90","","",
="041835","漢翔元大2B購07","4.60","＋","2634","漢翔","55.80","＋","認購","美式","112年04月17日","112年04月17日","112年11月14日","112年11月16日","1.00","    71.70","","",
="041836","奇鋐元大2A購06","2.26","＋","3017","奇鋐","206.00","－","認購","美式","112年04月17日","112年04月17日","112年10月12日","112年10月16日","0.055","    183.50","","",
="041837","奇鋐元大2C購04","2.42","＋","3017","奇鋐","206.00","－","認購","美式","112年04月17日","112年04月17日","112年12月14日","112年12月18日","0.091","    230.00","","",
="041838","零壹元大2A購01","3.00","＋","3029","零壹","67.30","＋","認購","美式","112年04月17日","112年04月17日","112年10月12日","112年10月16日","0.195","    56.10","","",
="041839","緯創元大2B購06","5.40","＋","3231","緯創","68.00","＋","認購","美式","112年04月17日","112年04月17日","112年11月14日","112年11月16日","0.233","    44.95","","",
="04183U","臺股指凱基2A售22","0.41","－","IX0001","臺股指數","16,636.30","","認售","歐式","112年02月09日","112年10月11日","112年10月05日","112年10月11日","0.003","    13,800.00","","",
="041840","緯創元大2C購04","8.65","＋","3231","緯創","68.00","＋","認購","美式","112年04月17日","112年04月17日","112年12月14日","112年12月18日","0.45","    56.90","","",
="041841","緯創元大31購03","9.10","＋","3231","緯創","68.00","＋","認購","美式","112年04月17日","112年04月17日","113年01月12日","113年01月16日","0.556","    63.00","","",
="041842","明泰元大2A購01","1.49","＋","3380","明泰","37.30","＋","認購","美式","112年04月17日","112年04月17日","112年10月12日","112年10月16日","0.444","    42.32","","",
="041843","創意元大2B購11","0.00","","3443","創意","1,515.00","＋","認購","美式","112年04月17日","112年04月17日","112年11月14日","112年11月16日","0.005","    1,055.00","","",
="041844","晶睿元大2A購03","0.00","","3454","晶睿","182.50","＋","認購","美式","112年04月17日","112年04月17日","112年10月12日","112年10月16日","0.061","    342.50","","",
="041845","嘉澤元大2B購07","0.00","","3533","嘉澤","909.00","－","認購","美式","112年04月17日","112年04月17日","112年11月14日","112年11月16日","0.024","    1,135.00","","",
="041846","世芯元大2B購06","2.51","＋","3661","世芯-KY","1,660.00","＋","認購","美式","112年04月17日","112年04月17日","112年11月14日","112年11月16日","0.01","    1,925.00","","",
="041847","正文元大2A購03","0.65","＋","4906","正文","31.40","＋","認購","美式","112年04月17日","112年04月17日","112年10月12日","112年10月16日","1.00","    41.10","","",
="041848","正文元大2C購01","0.54","","4906","正文","31.40","＋","認購","美式","112年04月17日","112年04月17日","112年12月14日","112年12月18日","1.00","    47.45","","",
="041849","祥碩元大2B購04","0.86","＋","5269","祥碩","1,300.00","＋","認購","美式","112年04月17日","112年04月17日","112年11月14日","112年11月16日","0.005","    1,655.00","","",
="04184U","臺股指凱基2B售12","0.30","－","IX0001","臺股指數","16,636.30","","認售","歐式","112年02月09日","112年11月08日","112年11月06日","112年11月08日","0.006","    11,800.00","","",
="041850","聯茂元大2A購04","0.90","＋","6213","聯茂","72.30","＋","認購","美式","112年04月17日","112年04月17日","112年10月12日","112年10月16日","0.169","    82.20","","",
="041851","愛普元大2B購05","1.50","＋","6531","愛普*","328.50","＋","認購","美式","112年04月17日","112年04月17日","112年11月14日","112年11月16日","0.023","    317.00","","",
="041852","晶心科元大2B購04","1.41","＋","6533","晶心科","511.00","＋","認購","美式","112年04月17日","112年04月17日","112年11月14日","112年11月16日","0.025","    589.00","","",
="041853","威鋒電元大2A購03","0.00","","6756","威鋒電子","223.00","＋","認購","美式","112年04月17日","112年04月17日","112年10月12日","112年10月16日","0.063","    291.41","","",
="041854","AES元大2B購03","1.20","＋","6781","AES-KY","690.00","＋","認購","美式","112年04月17日","112年04月17日","112年11月14日","112年11月16日","0.014","    804.00","","",
="041855","智原第一2B購01","0.00","","3035","智原","173.50","＋","認購","美式","112年04月18日","112年04月18日","112年11月15日","112年11月17日","0.024","    229.51","","",
="041856","敦泰永豐2C購01","0.00","","3545","敦泰","83.70","＋","認購","美式","112年04月18日","112年04月18日","112年12月14日","112年12月18日","0.10","    131.70","","",
="041857","台積電第一28購01","0.00","","2330","台積電","568.00","＋","認購","美式","110年08月12日","110年08月12日","112年08月09日","112年08月11日","0.008","    745.86","","",
="041858","茂順永豐2C購01","0.72","","9942","茂順","155.00","－","認購","美式","112年04月18日","112年04月18日","112年12月14日","112年12月18日","0.04","    190.01","","",
="041859","華新科兆豐2A購01","0.00","","2492","華新科","101.00","＋","認購","美式","112年04月18日","112年04月18日","112年10月13日","112年10月17日","0.15","    140.00","","",
="04185U","台灣50群益28售08","0.63","－",="0050","元大台灣50","126.75","＋","認售","歐式","112年02月09日","112年08月08日","112年08月04日","112年08月08日","0.50","    116.00","","",
="041860","長榮兆豐2C購01","0.00","","2603","長榮","157.00","＋","認購","美式","112年04月18日","112年04月18日","112年12月14日","112年12月18日","0.06","    190.00","","",
="041861","國巨康和2A購03","0.57","","2327","國巨","508.00","＋","認購","美式","112年04月18日","112年04月18日","112年10月13日","112年10月17日","0.03","    620.00","","",
="041862","智邦康和2A購01","1.66","＋","2345","智邦","357.50","＋","認購","美式","112年04月18日","112年04月18日","112年10月13日","112年10月17日","0.05","    380.00","","",
="041863","敦泰康和2A購01","0.00","","3545","敦泰","83.70","＋","認購","美式","112年04月18日","112年04月18日","112年10月13日","112年10月17日","0.15","    106.50","","",
="041864","元油反中信2C購01","0.00","",="00673R","期元大S&P原油反1(原名：元大S&P原油反1)","9.03","－","認購","歐式","112年04月18日","112年12月18日","112年12月14日","112年12月18日","1.00","    8.00","","",
="041865","中興電中信2B購01","0.88","＋","1513","中興電","113.50","＋","認購","歐式","112年04月18日","112年11月17日","112年11月15日","112年11月17日","0.06","    130.00","","",
="041866","光寶科中信2C購01","1.69","＋","2301","光寶科","86.40","＋","認購","歐式","112年04月18日","112年12月18日","112年12月14日","112年12月18日","0.14","    82.88","","",
="041867","穎崴中信2A購01","2.52","＋","6515","穎崴","830.00","－","認購","歐式","112年04月18日","112年10月17日","112年10月13日","112年10月17日","0.02","    866.00","","",
="041868","嘉基中信2A購01","0.00","","6715","嘉基","145.50","＋","認購","歐式","112年04月18日","112年10月17日","112年10月13日","112年10月17日","0.042","    240.00","","",
="041869","中興電台新2A購01","2.11","＋","1513","中興電","113.50","＋","認購","歐式","112年04月18日","112年10月17日","112年10月13日","112年10月17日","0.154","    117.98","","",
="04186U","台灣50群益28售09","1.09","－",="0050","元大台灣50","126.75","＋","認售","歐式","112年02月09日","112年08月08日","112年08月04日","112年08月08日","0.30","    124.00","","",
="041870","元油反凱基2C購02","0.00","",="00673R","期元大S&P原油反1(原名：元大S&P原油反1)","9.03","－","認購","美式","112年04月18日","112年04月18日","112年12月14日","112年12月18日","1.00","    8.00","","",
="041871","元油反凱基31購01","0.00","",="00673R","期元大S&P原油反1(原名：元大S&P原油反1)","9.03","－","認購","美式","112年04月18日","112年04月18日","113年01月15日","113年01月17日","1.00","    8.50","","",
="041872","亞力凱基2A購02","0.66","＋","1514","亞力","51.60","＋","認購","美式","112年04月18日","112年04月18日","112年10月13日","112年10月17日","0.15","    66.43","","",
="041873","亞力凱基2A購03","0.77","＋","1514","亞力","51.60","＋","認購","美式","112年04月18日","112年04月18日","112年10月13日","112年10月17日","0.12","    58.77","","",
="041874","亞力凱基2B購03","1.06","","1514","亞力","51.60","＋","認購","美式","112年04月18日","112年04月18日","112年11月15日","112年11月17日","0.25","    76.20","","",
="041875","大亞凱基2C購01","1.35","＋","1609","大亞","31.00","＋","認購","美式","112年04月18日","112年04月18日","112年12月14日","112年12月18日","0.85","    42.00","","",
="041876","國巨凱基2A購09","0.00","","2327","國巨","508.00","＋","認購","美式","112年04月18日","112年04月18日","112年10月13日","112年10月17日","0.125","    810.00","","",
="041877","台積電凱基2A購23","2.36","＋","2330","台積電","568.00","＋","認購","美式","112年04月18日","112年04月18日","112年10月13日","112年10月17日","0.05","    560.00","","",
="041878","台積電凱基2C購16","2.92","＋","2330","台積電","568.00","＋","認購","美式","112年04月18日","112年04月18日","112年12月14日","112年12月18日","0.30","    750.00","","",
="041879","南亞科凱基2B購01","1.85","＋","2408","南亞科","71.20","－","認購","美式","112年04月18日","112年04月18日","112年11月15日","112年11月17日","0.50","    85.00","","",
="04187U","台積電群益28售10","0.64","－","2330","台積電","568.00","＋","認售","歐式","112年02月09日","112年08月08日","112年08月04日","112年08月08日","0.05","    522.17","","",
="041880","南亞科凱基2B購02","1.98","＋","2408","南亞科","71.20","－","認購","美式","112年04月18日","112年04月18日","112年11月15日","112年11月17日","0.30","    75.00","","",
="041881","飛宏凱基2C購01","2.02","＋","2457","飛宏","76.40","＋","認購","美式","112年04月18日","112年04月18日","112年12月14日","112年12月18日","0.25","    95.00","","",
="041882","華新科凱基2A購03","0.35","＋","2492","華新科","101.00","＋","認購","美式","112年04月18日","112年04月18日","112年10月13日","112年10月17日","0.09","    125.00","","",
="041883","宏達電凱基2A購09","0.66","＋","2498","宏達電","61.50","＋","認購","美式","112年04月18日","112年04月18日","112年10月13日","112年10月17日","0.65","    93.00","","",
="041884","長榮凱基2A購15","0.00","","2603","長榮","157.00","＋","認購","美式","112年04月18日","112年04月18日","112年10月13日","112年10月17日","0.10","    186.50","","",
="041885","漢翔凱基2B購05","0.00","","2634","漢翔","55.80","＋","認購","美式","112年04月18日","112年04月18日","112年11月15日","112年11月17日","0.30","    79.00","","",
="041886","美食凱基2A購03","0.00","","2723","美食-KY","152.50","－","認購","美式","112年04月18日","112年04月18日","112年10月13日","112年10月17日","0.07","    155.00","","",
="041887","八方凱基2A購02","0.85","","2753","八方雲集","167.00","","認購","美式","112年04月18日","112年04月18日","112年10月13日","112年10月17日","0.065","    200.00","","",
="041888","智原凱基2B購04","0.60","","3035","智原","173.50","＋","認購","美式","112年04月18日","112年04月18日","112年11月15日","112年11月17日","0.15","    280.00","","",
="041889","全科凱基2B購01","0.00","","3209","全科","41.75","＋","認購","美式","112年04月18日","112年04月18日","112年11月15日","112年11月17日","0.30","    48.00","","",
="04188U","長榮群益28售08","1.05","－","2603","長榮","157.00","＋","認售","歐式","112年02月09日","112年08月08日","112年08月04日","112年08月08日","0.15","    138.00","","",
="041890","緯創凱基2A購08","7.80","＋","3231","緯創","68.00","＋","認購","美式","112年04月18日","112年04月18日","112年10月13日","112年10月17日","0.45","    53.00","","",
="041891","緯創凱基2B購04","0.00","","3231","緯創","68.00","＋","認購","美式","112年04月18日","112年04月18日","112年11月15日","112年11月17日","0.25","    46.00","","",
="041892","創意凱基2B購11","2.96","＋","3443","創意","1,515.00","＋","認購","美式","112年04月18日","112年04月18日","112年11月15日","112年11月17日","0.007","    1,150.00","","",
="041893","世芯凱基2B購05","2.00","＋","3661","世芯-KY","1,660.00","＋","認購","美式","112年04月18日","112年04月18日","112年11月15日","112年11月17日","0.006","    1,570.00","","",
="041894","拓凱凱基2B購02","0.45","","4536","拓凱","196.50","＋","認購","美式","112年04月18日","112年04月18日","112年11月15日","112年11月17日","0.14","    325.00","","",
="041895","台耀凱基2A購02","0.38","","4746","台耀","84.00","＋","認購","美式","112年04月18日","112年04月18日","112年10月13日","112年10月17日","0.10","    120.00","","",
="041896","晶碩凱基2A購02","0.57","＋","6491","晶碩","366.50","＋","認購","美式","112年04月18日","112年04月18日","112年10月13日","112年10月17日","0.035","    500.00","","",
="041897","愛普凱基2A購11","1.45","＋","6531","愛普*","328.50","＋","認購","美式","112年04月18日","112年04月18日","112年10月13日","112年10月17日","0.065","    410.00","","",
="041898","晶心科凱基2A購06","1.34","＋","6533","晶心科","511.00","＋","認購","美式","112年04月18日","112年04月18日","112年10月13日","112年10月17日","0.04","    630.00","","",
="041899","力智凱基2C購01","0.00","","6719","力智","303.00","＋","認購","美式","112年04月18日","112年04月18日","112年12月14日","112年12月18日","0.065","    440.00","","",
="04189U","采鈺群益2A售02","0.94","－","6789","采鈺","224.00","＋","認售","歐式","112年02月09日","112年10月11日","112年10月05日","112年10月11日","0.025","    215.00","","",
="041900","力積電凱基2C購01","0.80","","6770","力積電","30.85","＋","認購","美式","112年04月18日","112年04月18日","112年12月14日","112年12月18日","1.00","    42.00","","",
="041901","世紀鋼凱基2A購03","0.66","＋","9958","世紀鋼","109.50","＋","認購","美式","112年04月18日","112年04月18日","112年10月13日","112年10月17日","0.08","    120.00","","",
="041902","士電統一34購01","1.40","＋","1503","士電","143.50","＋","認購","美式","112年04月18日","112年04月18日","113年04月15日","113年04月17日","0.025","    123.45","","",
="041903","大亞統一2C購04","0.64","＋","1609","大亞","31.00","＋","認購","美式","112年04月18日","112年04月18日","112年12月14日","112年12月18日","0.16","    37.77","","",
="041904","大亞統一2C購05","0.98","＋","1609","大亞","31.00","＋","認購","美式","112年04月18日","112年04月18日","112年12月14日","112年12月18日","0.215","    35.60","","",
="041905","國巨統一2C購04","0.54","－","2327","國巨","508.00","＋","認購","美式","112年04月18日","112年04月18日","112年12月14日","112年12月18日","0.01","    578.00","","",
="041906","華邦電統一2C購04","0.60","＋","2344","華邦電","26.90","＋","認購","美式","112年04月18日","112年04月18日","112年12月14日","112年12月18日","0.16","    30.00","","",
="041907","南亞科統一33購01","0.82","－","2408","南亞科","71.20","－","認購","美式","112年04月18日","112年04月18日","113年03月14日","113年03月18日","0.078","    88.88","","",
="041908","興勤統一31購01","0.59","＋","2428","興勤","156.50","＋","認購","美式","112年04月18日","112年04月18日","113年01月15日","113年01月17日","0.026","    186.80","","",
="041909","興勤統一32購01","0.54","","2428","興勤","156.50","＋","認購","美式","112年04月18日","112年04月18日","113年02月15日","113年02月19日","0.025","    195.00","","",
="04190U","中興電元富28售01","0.16","－","1513","中興電","113.50","＋","認售","歐式","112年02月09日","112年08月08日","112年08月04日","112年08月08日","0.21","    70.00","","",
="041910","長榮統一31購02","0.00","","2603","長榮","157.00","＋","認購","美式","112年04月18日","112年04月18日","113年01月15日","113年01月17日","0.045","    194.60","","",
="041911","陽明統一2C購03","0.00","","2609","陽明","62.00","＋","認購","美式","112年04月18日","112年04月18日","112年12月14日","112年12月18日","0.125","    76.60","","",
="041912","聯詠統一2C購04","0.00","","3034","聯詠","423.50","＋","認購","美式","112年04月18日","112年04月18日","112年12月14日","112年12月18日","0.014","    495.10","","",
="041913","智原統一2C購03","0.00","","3035","智原","173.50","＋","認購","美式","112年04月18日","112年04月18日","112年12月14日","112年12月18日","0.02","    223.60","","",
="041914","智原統一33購02","0.48","＋","3035","智原","173.50","＋","認購","美式","112年04月18日","112年04月18日","113年03月14日","113年03月18日","0.016","    233.40","","",
="041915","緯創統一2C購02","2.20","＋","3231","緯創","68.00","＋","認購","美式","112年04月18日","112年04月18日","112年12月14日","112年12月18日","0.10","    50.60","","",
="041916","緯創統一2C購03","3.83","＋","3231","緯創","68.00","＋","認購","美式","112年04月18日","112年04月18日","112年12月14日","112年12月18日","0.20","    52.80","","",
="041917","緯創統一2C購04","2.18","＋","3231","緯創","68.00","＋","認購","美式","112年04月18日","112年04月18日","112年12月14日","112年12月18日","0.12","    58.88","","",
="041918","群創統一33購02","0.38","","3481","群創","14.10","＋","認購","美式","112年04月18日","112年04月18日","113年03月14日","113年03月18日","0.333","    18.88","","",
="041919","敦泰統一34購01","0.00","","3545","敦泰","83.70","＋","認購","美式","112年04月18日","112年04月18日","113年04月15日","113年04月17日","0.032","    123.45","","",
="04191U","祥碩元富28售01","0.00","","5269","祥碩","1,300.00","＋","認售","歐式","112年02月09日","112年08月08日","112年08月04日","112年08月08日","0.02","    800.00","","",
="041920","碩天統一34購01","0.78","－","3617","碩天","191.00","－","認購","美式","112年04月18日","112年04月18日","113年04月15日","113年04月17日","0.016","    188.88","","",
="041921","天鈺統一32購02","0.51","","4961","天鈺","154.00","＋","認購","美式","112年04月18日","112年04月18日","113年02月15日","113年02月19日","0.014","    200.00","","",
="041922","緯穎統一2C購01","0.54","＋","6669","緯穎","1,205.00","＋","認購","美式","112年04月18日","112年04月18日","112年12月14日","112年12月18日","0.003","    1,388.88","","",
="041923","視陽統一2B購01","0.00","","6782","視陽","230.00","＋","認購","美式","112年04月18日","112年04月18日","112年11月15日","112年11月17日","0.015","    364.20","","",
="041924","視陽統一32購01","0.22","","6782","視陽","230.00","＋","認購","美式","112年04月18日","112年04月18日","113年02月15日","113年02月19日","0.01","    380.10","","",
="041925","矽創統一2C購02","0.00","","8016","矽創","225.50","＋","認購","美式","112年04月18日","112年04月18日","112年12月14日","112年12月18日","0.017","    301.80","","",
="041926","巨大統一32購01","0.75","－","9921","巨大","201.00","＋","認購","美式","112年04月18日","112年04月18日","113年02月15日","113年02月19日","0.028","    226.20","","",
="041927","台灣50國票31購01","0.00","",="0050","元大台灣50","126.75","＋","認購","美式","112年04月18日","112年04月18日","113年01月15日","113年01月17日","0.60","    135.00","","",
="041928","瑞昱國票2B購01","1.55","＋","2379","瑞昱","388.00","＋","認購","美式","112年04月18日","112年04月18日","112年11月15日","112年11月17日","0.065","    450.00","","",
="041929","富邦金國票2A購01","1.75","＋","2881","富邦金","61.10","＋","認購","美式","112年04月18日","112年04月18日","112年10月13日","112年10月17日","0.35","    60.00","","",
="04192U","台積電麥證31售01","0.79","－","2330","台積電","568.00","＋","認售","歐式","112年02月09日","113年01月08日","113年01月04日","113年01月08日","0.02","    497.31","","",
="041930","全科國票2B購01","0.00","","3209","全科","41.75","＋","認購","美式","112年04月18日","112年04月18日","112年11月15日","112年11月17日","0.30","    54.00","","",
="041931","大眾控國票2A購01","2.56","＋","3701","大眾控","67.10","＋","認購","美式","112年04月18日","112年04月18日","112年10月13日","112年10月17日","0.25","    65.00","","",
="041932","啟碁國票2B購03","0.00","","6285","啟碁","87.50","＋","認購","美式","112年04月18日","112年04月18日","112年11月15日","112年11月17日","0.30","    115.00","","",
="041933","巨大國票2B購01","0.00","","9921","巨大","201.00","＋","認購","美式","112年04月18日","112年04月18日","112年11月15日","112年11月17日","0.08","    220.00","","",
="041934","茂順國票2B購01","1.24","－","9942","茂順","155.00","－","認購","美式","112年04月18日","112年04月18日","112年11月15日","112年11月17日","0.08","    180.00","","",
="041935","世紀鋼國票2C購01","0.93","＋","9958","世紀鋼","109.50","＋","認購","美式","112年04月18日","112年04月18日","112年12月14日","112年12月18日","0.10","    130.00","","",
="041936","中興電國泰2C購01","1.03","＋","1513","中興電","113.50","＋","認購","美式","112年04月18日","112年04月18日","112年12月14日","112年12月18日","0.12","    137.28","","",
="041937","華通國泰2C購01","1.60","－","2313","華通","44.30","＋","認購","美式","112年04月18日","112年04月18日","112年12月14日","112年12月18日","0.45","    49.00","","",
="041938","長榮國泰2B購05","0.41","＋","2603","長榮","157.00","＋","認購","美式","112年04月18日","112年04月18日","112年11月15日","112年11月17日","0.08","    204.98","","",
="041939","長榮國泰2B購06","0.00","","2603","長榮","157.00","＋","認購","美式","112年04月18日","112年04月18日","112年11月15日","112年11月17日","0.10","    223.93","","",
="04193P","臺指2X群益28售01","0.04","－",="00663L","國泰臺灣加權正2","119.40","＋","認售","歐式","111年12月07日","112年08月07日","112年08月03日","112年08月07日","0.25","    75.00","","",
="04193U","大立光麥證28售01","0.00","","3008","大立光","2,305.00","＋","認售","歐式","112年02月09日","112年08月08日","112年08月04日","112年08月08日","0.122","    1,225.16","","",
="041940","漢翔國泰2C購01","1.09","＋","2634","漢翔","55.80","＋","認購","美式","112年04月18日","112年04月18日","112年12月14日","112年12月18日","0.30","    67.88","","",
="041941","華城富邦2A購02","2.95","＋","1519","華城","141.00","＋","認購","美式","112年04月18日","112年04月18日","112年10月13日","112年10月17日","0.10","    130.00","","",
="041942","上銀富邦2A購01","0.00","","2049","上銀","235.50","＋","認購","美式","112年04月18日","112年04月18日","112年10月13日","112年10月17日","0.04","    350.00","","",
="041943","旺宏富邦31購01","0.27","＋","2337","旺宏","33.40","＋","認購","美式","112年04月18日","112年04月18日","113年01月15日","113年01月17日","0.50","    48.00","","",
="041944","南亞科富邦2B購01","0.77","＋","2408","南亞科","71.20","－","認購","美式","112年04月18日","112年04月18日","112年11月15日","112年11月17日","0.20","    85.00","","",
="041945","大立光富邦2C購03","0.76","＋","3008","大立光","2,305.00","＋","認購","美式","112年04月18日","112年04月18日","112年12月14日","112年12月18日","0.007","    2,800.00","","",
="041946","智原富邦2B購01","0.00","","3035","智原","173.50","＋","認購","美式","112年04月18日","112年04月18日","112年11月15日","112年11月17日","0.05","    250.00","","",
="041947","世紀鋼富邦2A購02","0.00","","9958","世紀鋼","109.50","＋","認購","美式","112年04月18日","112年04月18日","112年10月13日","112年10月17日","0.10","    150.00","","",
="041948","滬深2X元大2A購08","0.42","－",="00637L","元大滬深300正2","13.77","－","認購","美式","112年04月18日","112年04月18日","112年10月13日","112年10月17日","1.00","    18.50","","",
="041949","S&P反1元大33購02","0.00","",="00648R","元大S&P500反1","6.93","－","認購","美式","112年04月18日","112年04月18日","113年03月14日","113年03月18日","1.00","    7.80","","",
="04194P","中鴻群益26售01","0.00","","2014","中鴻","23.15","＋","認售","歐式","111年12月07日","112年06月06日","112年06月02日","112年06月06日","1.00","    20.00","","",
="04194U","元黃金國票2A售01","0.36","＋",="00635U","期元大S&P黃金(原名：元大S&P黃金)","24.50","－","認售","歐式","112年02月10日","112年10月11日","112年10月05日","112年10月11日","0.326","    24.00","","",
="041950","美費半元大2A購02","1.62","＋",="00830","國泰費城半導體","31.65","＋","認購","美式","112年04月18日","112年04月18日","112年10月13日","112年10月17日","0.50","    33.00","","",
="041951","東元元大2A購03","2.28","","1504","東元","51.80","＋","認購","美式","112年04月18日","112年04月18日","112年10月13日","112年10月17日","0.39","    59.40","","",
="041952","東元元大2A購04","2.18","","1504","東元","51.80","＋","認購","美式","112年04月18日","112年04月18日","112年10月13日","112年10月17日","0.205","    47.85","","",
="041953","東元元大2C購03","0.00","","1504","東元","51.80","＋","認購","美式","112年04月18日","112年04月18日","112年12月14日","112年12月18日","0.247","    57.70","","",
="041954","亞力元大2A購01","1.80","＋","1514","亞力","51.60","＋","認購","美式","112年04月18日","112年04月18日","112年10月13日","112年10月17日","0.304","    61.00","","",
="041955","華城元大2A購03","3.04","＋","1519","華城","141.00","＋","認購","美式","112年04月18日","112年04月18日","112年10月13日","112年10月17日","0.08","    120.00","","",
="041956","華城元大2A購04","3.42","＋","1519","華城","141.00","＋","認購","美式","112年04月18日","112年04月18日","112年10月13日","112年10月17日","0.08","    110.00","","",
="041957","華城元大2C購01","2.96","＋","1519","華城","141.00","＋","認購","美式","112年04月18日","112年04月18日","112年12月14日","112年12月18日","0.08","    130.00","","",
="041958","大亞元大2A購05","1.41","","1609","大亞","31.00","＋","認購","美式","112年04月18日","112年04月18日","112年10月13日","112年10月17日","0.932","    40.05","","",
="041959","大亞元大2A購06","1.91","＋","1609","大亞","31.00","＋","認購","美式","112年04月18日","112年04月18日","112年10月13日","112年10月17日","0.479","    31.65","","",
="04195U","玉晶光國票29售02","0.00","","3406","玉晶光","400.00","＋","認售","歐式","112年02月10日","112年09月11日","112年09月07日","112年09月11日","0.06","    300.00","","",
="041960","大亞元大2C購02","0.00","","1609","大亞","31.00","＋","認購","美式","112年04月18日","112年04月18日","112年12月14日","112年12月18日","0.852","    41.45","","",
="041961","光罩元大2B購01","0.00","","2338","光罩","81.80","＋","認購","美式","112年04月18日","112年04月18日","112年11月15日","112年11月17日","0.12","    110.00","","",
="041962","華邦電元大2A購04","0.00","","2344","華邦電","26.90","＋","認購","美式","112年04月18日","112年04月18日","112年10月13日","112年10月17日","0.746","    33.85","","",
="041963","英業達元大2A購02","0.00","","2356","英業達","37.50","＋","認購","美式","112年04月18日","112年04月18日","112年10月13日","112年10月17日","0.80","    40.00","","",
="041964","威盛元大2B購09","1.51","＋","2388","威盛","83.10","＋","認購","美式","112年04月18日","112年04月18日","112年11月15日","112年11月17日","0.10","    85.00","","",
="041965","毅嘉元大2A購03","1.30","","2402","毅嘉","28.70","＋","認購","美式","112年04月18日","112年04月18日","112年10月13日","112年10月17日","0.607","    36.55","","",
="041966","全新元大2A購02","1.90","＋","2455","全新","100.00","","認購","美式","112年04月18日","112年04月18日","112年10月13日","112年10月17日","0.11","    95.00","","",
="041967","強茂元大2A購05","0.95","","2481","強茂","70.20","＋","認購","美式","112年04月18日","112年04月18日","112年10月13日","112年10月17日","0.414","    91.30","","",
="041968","長榮元大2B購21","0.00","","2603","長榮","157.00","＋","認購","美式","112年04月18日","112年04月18日","112年11月15日","112年11月17日","0.15","    198.00","","",
="041969","長榮元大2C購12","1.02","＋","2603","長榮","157.00","＋","認購","美式","112年04月18日","112年04月18日","112年12月14日","112年12月18日","0.322","    249.00","","",
="04196U","台灣50凱基29售13","0.36","－",="0050","元大台灣50","126.75","＋","認售","歐式","112年02月10日","112年09月11日","112年09月07日","112年09月11日","0.25","    115.00","","",
="041970","漢翔元大31購01","2.89","＋","2634","漢翔","55.80","＋","認購","美式","112年04月18日","112年04月18日","113年01月15日","113年01月17日","0.463","    79.30","","",
="041971","神基元大2A購02","2.87","＋","3005","神基","69.40","＋","認購","美式","112年04月18日","112年04月18日","112年10月13日","112年10月17日","0.30","    65.00","","",
="041972","晶豪科元大2B購01","0.53","","3006","晶豪科","88.20","＋","認購","美式","112年04月18日","112年04月18日","112年11月15日","112年11月17日","0.18","    130.00","","",
="041973","奇鋐元大2A購07","0.00","","3017","奇鋐","206.00","－","認購","美式","112年04月18日","112年04月18日","112年10月13日","112年10月17日","0.042","    156.50","","",
="041974","智原元大2B購07","1.26","＋","3035","智原","173.50","＋","認購","美式","112年04月18日","112年04月18日","112年11月15日","112年11月17日","0.055","    198.00","","",
="041975","智原元大2C購02","1.09","＋","3035","智原","173.50","＋","認購","美式","112年04月18日","112年04月18日","112年12月14日","112年12月18日","0.065","    230.00","","",
="041976","智原元大31購01","1.05","＋","3035","智原","173.50","＋","認購","美式","112年04月18日","112年04月18日","113年01月15日","113年01月17日","0.079","    265.00","","",
="041977","欣興元大2B購15","3.43","－","3037","欣興","182.50","－","認購","美式","112年04月18日","112年04月18日","112年11月15日","112年11月17日","0.098","    166.00","","",
="041978","欣興元大2C購05","3.84","－","3037","欣興","182.50","－","認購","美式","112年04月18日","112年04月18日","112年12月14日","112年12月18日","0.096","    168.50","","",
="041979","緯創元大2B購07","0.00","","3231","緯創","68.00","＋","認購","美式","112年04月18日","112年04月18日","112年11月15日","112年11月17日","0.537","    57.70","","",
="04197U","台灣50凱基2A售07","0.00","",="0050","元大台灣50","126.75","＋","認售","歐式","112年02月10日","112年10月11日","112年10月05日","112年10月11日","0.40","    108.00","","",
="041980","緯創元大2C購05","0.00","","3231","緯創","68.00","＋","認購","美式","112年04月18日","112年04月18日","112年12月14日","112年12月18日","0.557","    61.10","","",
="041981","群創元大2A購16","0.00","","3481","群創","14.10","＋","認購","美式","112年04月18日","112年04月18日","112年10月13日","112年10月17日","0.75","    18.50","","",
="041982","嘉澤元大2B購08","0.00","","3533","嘉澤","909.00","－","認購","美式","112年04月18日","112年04月18日","112年11月15日","112年11月17日","0.045","    1,315.00","","",
="041983","台耀元大2A購01","1.40","－","4746","台耀","84.00","＋","認購","美式","112年04月18日","112年04月18日","112年10月13日","112年10月17日","0.168","    99.70","","",
="041984","全訊元大2A購05","0.73","＋","5222","全訊","198.00","＋","認購","美式","112年04月18日","112年04月18日","112年10月13日","112年10月17日","0.022","    200.00","","",
="041985","祥碩元大2A購04","0.80","＋","5269","祥碩","1,300.00","＋","認購","美式","112年04月18日","112年04月18日","112年10月13日","112年10月17日","0.004","    1,420.00","","",
="041986","祥碩元大2A購05","0.73","","5269","祥碩","1,300.00","＋","認購","美式","112年04月18日","112年04月18日","112年10月13日","112年10月17日","0.003","    1,315.00","","",
="041987","祥碩元大2C購01","0.80","＋","5269","祥碩","1,300.00","＋","認購","美式","112年04月18日","112年04月18日","112年12月14日","112年12月18日","0.006","    1,900.00","","",
="041988","康舒元大2B購04","1.76","＋","6282","康舒","44.05","＋","認購","美式","112年04月18日","112年04月18日","112年11月15日","112年11月17日","0.302","    45.90","","",
="041989","樺漢元大2A購01","0.97","＋","6414","樺漢","281.00","＋","認購","美式","112年04月18日","112年04月18日","112年10月13日","112年10月17日","0.201","    385.00","","",
="04198U","台灣50凱基2C售03","0.50","－",="0050","元大台灣50","126.75","＋","認售","歐式","112年02月10日","112年12月11日","112年12月07日","112年12月11日","0.50","    90.00","","",
="041990","愛普元大2B購06","1.34","＋","6531","愛普*","328.50","＋","認購","美式","112年04月18日","112年04月18日","112年11月15日","112年11月17日","0.036","    401.50","","",
="041991","巨大元大2A購02","0.00","","9921","巨大","201.00","＋","認購","美式","112年04月18日","112年04月18日","112年10月13日","112年10月17日","0.065","    228.00","","",
="041992","巨大元大2C購01","0.00","","9921","巨大","201.00","＋","認購","美式","112年04月18日","112年04月18日","112年12月14日","112年12月18日","0.073","    247.00","","",
="041993","世紀鋼元大2B購01","0.50","","9958","世紀鋼","109.50","＋","認購","美式","112年04月18日","112年04月18日","112年11月15日","112年11月17日","0.12","    160.00","","",
="041994","臺股指元大2A購74","0.00","","IX0001","臺股指數","16,636.30","","認購","歐式","112年04月18日","112年10月17日","112年10月13日","112年10月17日","0.05","    19,900.00","","",
="041995","臺股指元大2A購75","0.00","","IX0001","臺股指數","16,636.30","","認購","歐式","112年04月18日","112年10月17日","112年10月13日","112年10月17日","0.01","    18,100.00","","",
="041996","臺股指元大2B購43","0.00","","IX0001","臺股指數","16,636.30","","認購","歐式","112年04月18日","112年11月17日","112年11月15日","112年11月17日","0.05","    20,300.00","","",
="041997","臺股指元大2B購44","0.00","","IX0001","臺股指數","16,636.30","","認購","歐式","112年04月18日","112年11月17日","112年11月15日","112年11月17日","0.025","    19,600.00","","",
="041998","上銀法興2A購02","0.00","","2049","上銀","235.50","＋","認購","歐式","112年04月18日","112年10月17日","112年10月13日","112年10月17日","0.13","    340.00","","",
="041999","聯詠法興2A購01","0.90","","3034","聯詠","423.50","＋","認購","歐式","112年04月18日","112年10月17日","112年10月13日","112年10月17日","0.08","    580.00","","",
="04199U","華新凱基28售06","1.36","－","1605","華新","46.60","＋","認售","歐式","112年02月10日","112年08月09日","112年08月07日","112年08月09日","0.50","    43.00","","",
="042000","欣興法興2A購01","0.00","","3037","欣興","182.50","－","認購","歐式","112年04月18日","112年10月17日","112年10月13日","112年10月17日","0.12","    180.00","","",
="042001","亞力群益2B購02","1.41","＋","1514","亞力","51.60","＋","認購","美式","112年04月18日","112年04月18日","112年11月15日","112年11月17日","0.30","    62.80","","",
="042002","燿華群益2B購01","0.00","","2367","燿華","18.05","＋","認購","美式","112年04月18日","112年04月18日","112年11月15日","112年11月17日","0.75","    23.50","","",
="042003","凱美群益2B購01","0.90","＋","2375","凱美","69.90","＋","認購","美式","112年04月18日","112年04月18日","112年11月15日","112年11月17日","0.22","    94.80","","",
="042004","威盛群益31購01","3.11","＋","2388","威盛","83.10","＋","認購","美式","112年04月18日","112年04月18日","113年01月15日","113年01月17日","0.40","    118.00","","",
="042005","華新科群益2B購01","0.00","","2492","華新科","101.00","＋","認購","美式","112年04月18日","112年04月18日","112年11月15日","112年11月17日","0.13","    138.00","","",
="042006","宏達電群益31購01","2.90","＋","2498","宏達電","61.50","＋","認購","美式","112年04月18日","112年04月18日","113年01月15日","113年01月17日","0.821","    91.00","","",
="042007","益航群益2C購01","0.00","","2601","益航","9.02","＋","認購","美式","112年04月18日","112年04月18日","112年12月14日","112年12月18日","1.00","    10.00","","",
="042008","漢翔群益2B購02","1.28","＋","2634","漢翔","55.80","＋","認購","美式","112年04月18日","112年04月18日","112年11月15日","112年11月17日","0.25","    64.80","","",
="042009","漢翔群益32購01","3.63","＋","2634","漢翔","55.80","＋","認購","美式","112年04月18日","112年04月18日","113年02月15日","113年02月19日","1.00","    78.80","","",
="04200P","晶心科國票26售06","0.00","","6533","晶心科","511.00","＋","認售","歐式","111年12月08日","112年06月07日","112年06月05日","112年06月07日","0.005","    550.00","","",
="04200U","聯電凱基2A售02","0.16","－","2303","聯電","51.20","＋","認售","歐式","112年02月10日","112年10月11日","112年10月05日","112年10月11日","1.00","    33.00","","",
="042010","奇鋐群益2A購02","3.17","","3017","奇鋐","206.00","－","認購","美式","112年04月18日","112年04月18日","112年10月13日","112年10月17日","0.06","    160.00","","",
="042011","智原群益2A購02","1.31","＋","3035","智原","173.50","＋","認購","美式","112年04月18日","112年04月18日","112年10月13日","112年10月17日","0.376","    288.00","","",
="042012","欣興群益2A購02","1.87","－","3037","欣興","182.50","－","認購","美式","112年04月18日","112年04月18日","112年10月13日","112年10月17日","0.06","    170.00","","",
="042013","耀登群益2C購01","0.00","","3138","耀登","153.00","＋","認購","美式","112年04月18日","112年04月18日","112年12月14日","112年12月18日","0.092","    190.58","","",
="042014","緯創群益2A購03","11.80","＋","3231","緯創","68.00","＋","認購","美式","112年04月18日","112年04月18日","112年10月13日","112年10月17日","0.70","    55.55","","",
="042015","晶睿群益2A購02","0.62","－","3454","晶睿","182.50","＋","認購","美式","112年04月18日","112年04月18日","112年10月13日","112年10月17日","0.20","    360.00","","",
="042016","敦泰群益2C購01","1.33","","3545","敦泰","83.70","＋","認購","美式","112年04月18日","112年04月18日","112年12月14日","112年12月18日","0.309","    125.00","","",
="042017","瑞鼎群益2A購01","0.00","","3592","瑞鼎","348.00","＋","認購","美式","112年04月18日","112年04月18日","112年10月13日","112年10月17日","0.06","    460.00","","",
="042018","世芯群益2A購02","5.80","＋","3661","世芯-KY","1,660.00","＋","認購","美式","112年04月18日","112年04月18日","112年10月13日","112年10月17日","0.014","    1,550.00","","",
="042019","天鈺群益2B購01","0.67","－","4961","天鈺","154.00","＋","認購","美式","112年04月18日","112年04月18日","112年11月15日","112年11月17日","0.085","    218.80","","",
="04201U","瑞昱凱基28售04","0.18","－","2379","瑞昱","388.00","＋","認售","歐式","112年02月10日","112年08月09日","112年08月07日","112年08月09日","0.07","    290.00","","",
="042020","虹堡群益2C購01","1.41","＋","5258","虹堡","91.00","＋","認購","美式","112年04月18日","112年04月18日","112年12月14日","112年12月18日","0.25","    130.00","","",
="042021","界霖群益2C購01","0.54","＋","5285","界霖","74.00","＋","認購","美式","112年04月18日","112年04月18日","112年12月14日","112年12月18日","0.15","    110.00","","",
="042022","愛普群益31購01","1.04","＋","6531","愛普*","328.50","＋","認購","美式","112年04月18日","112年04月18日","113年01月15日","113年01月17日","0.04","    466.50","","",
="042023","巨大群益2B購01","1.14","－","9921","巨大","201.00","＋","認購","美式","112年04月18日","112年04月18日","112年11月15日","112年11月17日","0.08","    224.80","","",
="042024","臺股指群益34購01","3.62","＋","IX0001","臺股指數","16,636.30","","認購","歐式","112年04月18日","113年04月17日","113年04月15日","113年04月17日","0.015","    20,000.00","","",
="042025","S&P反1元富2A購01","0.00","",="00648R","元大S&P500反1","6.93","－","認購","美式","112年04月18日","112年04月18日","112年10月13日","112年10月17日","1.00","    6.70","","",
="042026","士電元富2A購02","5.30","","1503","士電","143.50","＋","認購","美式","112年04月18日","112年04月18日","112年10月13日","112年10月17日","0.15","    120.00","","",
="042027","中華元富2A購01","3.34","－","2204","中華","91.60","－","認購","美式","112年04月18日","112年04月18日","112年10月13日","112年10月17日","0.20","    80.00","","",
="042028","威盛元富34購01","1.23","＋","2388","威盛","83.10","＋","認購","美式","112年04月18日","112年04月18日","113年04月15日","113年04月17日","0.10","    100.00","","",
="042029","興勤元富2C購01","0.00","","2428","興勤","156.50","＋","認購","美式","112年04月18日","112年04月18日","112年12月14日","112年12月18日","0.09","    190.00","","",
="04202U","聯發科凱基28售09","0.45","－","2454","聯發科","738.00","＋","認售","歐式","112年02月10日","112年08月09日","112年08月07日","112年08月09日","0.06","    600.00","","",
="042030","全新元富2C購02","0.71","－","2455","全新","100.00","","認購","美式","112年04月18日","112年04月18日","112年12月14日","112年12月18日","0.10","    132.00","","",
="042031","華新科元富2C購02","0.00","","2492","華新科","101.00","＋","認購","美式","112年04月18日","112年04月18日","112年12月14日","112年12月18日","0.05","    130.00","","",
="042032","宏達電元富31購01","1.02","","2498","宏達電","61.50","＋","認購","美式","112年04月18日","112年04月18日","113年01月15日","113年01月17日","0.20","    76.92","","",
="042033","聯詠元富34購01","1.01","＋","3034","聯詠","423.50","＋","認購","美式","112年04月18日","112年04月18日","113年04月15日","113年04月17日","0.04","    580.00","","",
="042034","世芯元富2B購02","2.35","＋","3661","世芯-KY","1,660.00","＋","認購","美式","112年04月18日","112年04月18日","112年11月15日","112年11月17日","0.008","    1,688.00","","",
="042035","視陽元富2A購02","0.00","","6782","視陽","230.00","＋","認購","美式","112年04月18日","112年04月18日","112年10月13日","112年10月17日","0.02","    360.00","","",
="042036","視陽元富2A購03","0.00","","6782","視陽","230.00","＋","認購","美式","112年04月18日","112年04月18日","112年10月13日","112年10月17日","0.05","    400.00","","",
="042037","緯創麥證2A購04","12.00","＋","3231","緯創","68.00","＋","認購","歐式","112年04月18日","112年10月17日","112年10月13日","112年10月17日","1.00","    60.00","","",
="042038","帝寶麥證2A購01","0.61","－","6605","帝寶","99.80","＋","認購","歐式","112年04月18日","112年10月17日","112年10月13日","112年10月17日","0.41","    145.00","","",
="042039","臺股指麥證31購04","0.00","","IX0001","臺股指數","16,636.30","","認購","歐式","112年04月18日","113年01月17日","113年01月15日","113年01月17日","0.05","    23,688.00","","",
="04203P","台積電富邦27售05","0.00","","2330","台積電","568.00","＋","認售","歐式","111年10月13日","112年07月12日","112年07月10日","112年07月12日","0.035","    395.57","","",
="04203U","萬海凱基28售04","0.00","","2615","萬海","60.00","＋","認售","歐式","112年02月10日","112年08月09日","112年08月07日","112年08月09日","0.40","    58.00","","",
="042040","中興電台新2A購02","0.00","","1513","中興電","113.50","＋","認購","歐式","112年04月19日","112年10月18日","112年10月16日","112年10月18日","0.096","    115.00","","",
="042041","台達電台新2B購01","6.65","＋","2308","台達電","315.50","－","認購","歐式","112年04月19日","112年11月20日","112年11月16日","112年11月20日","0.28","    370.50","","",
="042042","鴻海第一3A購01","0.00","","2317","鴻海","105.50","＋","認購","美式","112年04月19日","112年04月19日","113年10月16日","113年10月18日","0.041","    119.89","","",
="042043","國巨第一2A購01","0.00","","2327","國巨","508.00","＋","認購","美式","112年04月19日","112年04月19日","112年10月16日","112年10月18日","0.013","    594.00","","",
="042044","裕民第一2C購01","0.00","","2606","裕民","49.75","＋","認購","美式","112年04月19日","112年04月19日","112年12月14日","112年12月18日","0.091","    65.66","","",
="042045","世芯第一31購01","0.96","＋","3661","世芯-KY","1,660.00","＋","認購","美式","112年04月19日","112年04月19日","113年01月16日","113年01月18日","0.002","    1,480.30","","",
="042046","富邦金兆豐2C購01","1.08","＋","2881","富邦金","61.10","＋","認購","美式","112年04月19日","112年04月19日","112年12月14日","112年12月18日","0.20","    63.00","","",
="042047","大立光兆豐2B購02","1.84","＋","3008","大立光","2,305.00","＋","認購","美式","112年04月19日","112年04月19日","112年11月16日","112年11月20日","0.005","    2,100.00","","",
="042048","群創兆豐2C購01","0.36","","3481","群創","14.10","＋","認購","美式","112年04月19日","112年04月19日","112年12月14日","112年12月18日","0.70","    20.00","","",
="042049","拓凱兆豐2B購01","0.58","＋","4536","拓凱","196.50","＋","認購","美式","112年04月19日","112年04月19日","112年11月16日","112年11月20日","0.035","    240.00","","",
="04204U","聯詠凱基2A售04","0.00","","3034","聯詠","423.50","＋","認售","歐式","112年02月10日","112年10月11日","112年10月05日","112年10月11日","0.12","    260.00","","",
="042050","致伸兆豐2B購01","1.05","＋","4915","致伸","64.40","＋","認購","美式","112年04月19日","112年04月19日","112年11月16日","112年11月20日","0.20","    70.00","","",
="042051","樺漢兆豐2C購01","1.26","＋","6414","樺漢","281.00","＋","認購","美式","112年04月19日","112年04月19日","112年12月14日","112年12月18日","0.06","    320.00","","",
="042052","八貫中信2A購01","0.00","","1342","八貫","126.50","＋","認購","歐式","112年04月19日","112年10月18日","112年10月16日","112年10月18日","0.03","    188.00","","",
="042053","台達電中信2A購01","0.00","","2308","台達電","315.50","－","認購","歐式","112年04月19日","112年10月18日","112年10月16日","112年10月18日","0.02","    368.00","","",
="042054","長榮中信32購01","0.58","","2603","長榮","157.00","＋","認購","歐式","112年04月19日","113年02月19日","113年02月15日","113年02月19日","0.08","    250.00","","",
="042055","視陽中信2A購01","0.13","","6782","視陽","230.00","＋","認購","歐式","112年04月19日","112年10月18日","112年10月16日","112年10月18日","0.02","    368.00","","",
="042056","滬深反群益2A購01","0.00","",="00638R","元大滬深300反1","9.79","＋","認購","美式","112年04月19日","112年04月19日","112年10月16日","112年10月18日","1.00","    9.87","","",
="042057","元石油群益2A購01","0.52","＋",="00642U","期元大S&P石油(原名：元大S&P石油)","15.46","＋","認購","美式","112年04月19日","112年04月19日","112年10月16日","112年10月18日","1.00","    21.50","","",
="042058","SGBR2X群益2A購03","1.00","",="00715L","期街口布蘭特正2","12.73","＋","認購","美式","112年04月19日","112年04月19日","112年10月16日","112年10月18日","0.85","    21.00","","",
="042059","FB越南群益2B購01","0.00","",="00885","富邦越南","11.45","＋","認購","美式","112年04月19日","112年04月19日","112年11月16日","112年11月20日","1.00","    14.00","","",
="04205U","新唐凱基28售03","0.00","","4919","新唐","130.50","＋","認售","歐式","112年02月10日","112年08月09日","112年08月07日","112年08月09日","0.12","    125.00","","",
="042060","東陽群益2A購01","0.00","","1319","東陽","49.90","＋","認購","美式","112年04月19日","112年04月19日","112年10月16日","112年10月18日","0.85","    68.88","","",
="042061","上銀群益2A購02","0.00","","2049","上銀","235.50","＋","認購","美式","112年04月19日","112年04月19日","112年10月16日","112年10月18日","0.20","    360.00","","",
="042062","台達電群益2B購01","0.81","－","2308","台達電","315.50","－","認購","美式","112年04月19日","112年04月19日","112年11月16日","112年11月20日","0.10","    408.00","","",
="042063","華通群益2A購01","1.68","＋","2313","華通","44.30","＋","認購","美式","112年04月19日","112年04月19日","112年10月16日","112年10月18日","0.70","    50.00","","",
="042064","友達群益2B購02","0.76","","2409","友達","17.65","＋","認購","美式","112年04月19日","112年04月19日","112年11月16日","112年11月20日","1.00","    22.20","","",
="042065","鉅祥群益2B購01","0.00","","2476","鉅祥","50.40","＋","認購","美式","112年04月19日","112年04月19日","112年11月16日","112年11月20日","0.25","    73.00","","",
="042066","景碩群益2A購01","2.06","＋","3189","景碩","116.00","＋","認購","美式","112年04月19日","112年04月19日","112年10月16日","112年10月18日","0.19","    136.60","","",
="042067","揚明光群益2B購01","0.85","","3504","揚明光","81.70","＋","認購","美式","112年04月19日","112年04月19日","112年11月16日","112年11月20日","0.10","    108.00","","",
="042068","健策群益2B購01","2.99","＋","3653","健策","616.00","＋","認購","美式","112年04月19日","112年04月19日","112年11月16日","112年11月20日","0.04","    666.66","","",
="042069","國光生群益2A購02","0.00","","4142","國光生","37.80","＋","認購","美式","112年04月19日","112年04月19日","112年10月16日","112年10月18日","0.60","    50.00","","",
="04206P","南電中信26售03","0.00","","8046","南電","302.50","－","認售","歐式","111年12月08日","112年06月07日","112年06月05日","112年06月07日","0.022","    308.00","","",
="04206U","聯電永豐29售01","0.00","","2303","聯電","51.20","＋","認售","歐式","112年02月10日","112年09月11日","112年09月07日","112年09月11日","0.92","    37.88","","",
="042070","緯穎群益2A購02","0.76","＋","6669","緯穎","1,205.00","＋","認購","美式","112年04月19日","112年04月19日","112年10月16日","112年10月18日","0.004","    1,210.00","","",
="042071","威鋒電群益2A購01","1.10","","6756","威鋒電子","223.00","＋","認購","美式","112年04月19日","112年04月19日","112年10月16日","112年10月18日","0.20","    340.00","","",
="042072","南電群益2A購01","4.94","－","8046","南電","302.50","－","認購","美式","112年04月19日","112年04月19日","112年10月16日","112年10月18日","0.18","    360.00","","",
="042073","八貫凱基2B購02","0.43","","1342","八貫","126.50","＋","認購","美式","112年04月19日","112年04月19日","112年11月16日","112年11月20日","0.06","    180.00","","",
="042074","中興電凱基2C購02","0.00","","1513","中興電","113.50","＋","認購","美式","112年04月19日","112年04月19日","112年12月14日","112年12月18日","0.16","    150.00","","",
="042075","華新凱基2A購08","0.00","","1605","華新","46.60","＋","認購","美式","112年04月19日","112年04月19日","112年10月16日","112年10月18日","0.26","    58.50","","",
="042076","美時凱基2C購03","0.00","","1795","美時","330.50","＋","認購","美式","112年04月19日","112年04月19日","112年12月14日","112年12月18日","0.045","    355.00","","",
="042077","裕隆凱基2B購04","0.82","","2201","裕隆","82.80","＋","認購","美式","112年04月19日","112年04月19日","112年11月16日","112年11月20日","0.25","    118.00","","",
="042078","光寶科凱基2A購02","2.28","＋","2301","光寶科","86.40","＋","認購","美式","112年04月19日","112年04月19日","112年10月16日","112年10月18日","0.40","    90.00","","",
="042079","台達電凱基2A購03","1.06","＋","2308","台達電","315.50","－","認購","美式","112年04月19日","112年04月19日","112年10月16日","112年10月18日","0.17","    400.00","","",
="04207P","T50正2國泰28售01","0.15","－",="00631L","元大台灣50正2","129.10","＋","認售","歐式","111年12月08日","112年08月07日","112年08月03日","112年08月07日","0.40","    85.00","","",
="04207U","義隆中信28售01","0.00","","2458","義隆","104.00","＋","認售","歐式","112年02月10日","112年08月09日","112年08月07日","112年08月09日","0.206","    77.60","","",
="042080","台積電凱基2C購17","2.91","＋","2330","台積電","568.00","＋","認購","美式","112年04月19日","112年04月19日","112年12月14日","112年12月18日","0.07","    590.00","","",
="042081","台積電凱基31購06","4.02","＋","2330","台積電","568.00","＋","認購","美式","112年04月19日","112年04月19日","113年01月16日","113年01月18日","0.30","    770.00","","",
="042082","光罩凱基31購01","0.50","","2338","光罩","81.80","＋","認購","美式","112年04月19日","112年04月19日","113年01月16日","113年01月18日","0.06","    97.00","","",
="042083","聯發科凱基2A購10","1.20","＋","2454","聯發科","738.00","＋","認購","美式","112年04月19日","112年04月19日","112年10月16日","112年10月18日","0.02","    770.00","","",
="042084","長榮凱基2A購16","0.61","＋","2603","長榮","157.00","＋","認購","美式","112年04月19日","112年04月19日","112年10月16日","112年10月18日","0.22","    207.00","","",
="042085","雲品凱基2B購01","0.43","－","2748","雲品","90.00","－","認購","美式","112年04月19日","112年04月19日","112年11月16日","112年11月20日","0.05","    120.00","","",
="042086","雲品凱基2C購01","0.34","－","2748","雲品","90.00","－","認購","美式","112年04月19日","112年04月19日","112年12月14日","112年12月18日","0.05","    140.00","","",
="042087","富邦金凱基2A購03","1.77","＋","2881","富邦金","61.10","＋","認購","美式","112年04月19日","112年04月19日","112年10月16日","112年10月18日","0.50","    63.00","","",
="042088","大立光凱基2B購06","2.36","＋","3008","大立光","2,305.00","＋","認購","美式","112年04月19日","112年04月19日","112年11月16日","112年11月20日","0.03","    3,090.00","","",
="042089","智原凱基2A購06","0.72","＋","3035","智原","173.50","＋","認購","美式","112年04月19日","112年04月19日","112年10月16日","112年10月18日","0.095","    230.00","","",
="04208U","永豐金中信28售01","0.00","","2890","永豐金","17.15","＋","認售","歐式","112年02月10日","112年08月09日","112年08月07日","112年08月09日","1.00","    15.00","","",
="042090","欣興凱基2B購05","2.77","－","3037","欣興","182.50","－","認購","美式","112年04月19日","112年04月19日","112年11月16日","112年11月20日","0.15","    198.00","","",
="042091","緯創凱基2B購05","0.00","","3231","緯創","68.00","＋","認購","美式","112年04月19日","112年04月19日","112年11月16日","112年11月20日","0.55","    57.00","","",
="042092","緯創凱基2C購01","9.25","＋","3231","緯創","68.00","＋","認購","美式","112年04月19日","112年04月19日","112年12月14日","112年12月18日","0.70","    63.00","","",
="042093","群創凱基2C購03","0.57","＋","3481","群創","14.10","＋","認購","美式","112年04月19日","112年04月19日","112年12月14日","112年12月18日","0.80","    17.30","","",
="042094","新唐凱基2A購04","0.37","＋","4919","新唐","130.50","＋","認購","美式","112年04月19日","112年04月19日","112年10月16日","112年10月18日","0.13","    185.00","","",
="042095","新唐凱基2B購02","0.48","＋","4919","新唐","130.50","＋","認購","美式","112年04月19日","112年04月19日","112年11月16日","112年11月20日","0.08","    170.00","","",
="042096","中磊凱基2A購02","0.87","＋","5388","中磊","93.30","＋","認購","美式","112年04月19日","112年04月19日","112年10月16日","112年10月18日","0.08","    92.00","","",
="042097","同欣電凱基2A購01","0.60","＋","6271","同欣電","179.50","＋","認購","美式","112年04月19日","112年04月19日","112年10月16日","112年10月18日","0.06","    210.00","","",
="042098","穎崴凱基2A購03","2.12","","6515","穎崴","830.00","－","認購","美式","112年04月19日","112年04月19日","112年10月16日","112年10月18日","0.027","    1,050.00","","",
="042099","晶心科凱基2A購07","1.78","","6533","晶心科","511.00","＋","認購","美式","112年04月19日","112年04月19日","112年10月16日","112年10月18日","0.03","    530.00","","",
="04209U","GIS中信28售01","0.00","","6456","GIS-KY","75.40","＋","認售","歐式","112年02月10日","112年08月09日","112年08月07日","112年08月09日","0.21","    61.98","","",
="042100","緯穎凱基2B購07","1.07","－","6669","緯穎","1,205.00","＋","認購","美式","112年04月19日","112年04月19日","112年11月16日","112年11月20日","0.015","    1,600.00","","",
="042101","AES凱基2B購01","1.12","＋","6781","AES-KY","690.00","＋","認購","美式","112年04月19日","112年04月19日","112年11月16日","112年11月20日","0.023","    860.00","","",
="042102","南電凱基2B購05","2.61","＋","8046","南電","302.50","－","認購","美式","112年04月19日","112年04月19日","112年11月16日","112年11月20日","0.05","    295.00","","",
="042103","南電凱基2C購03","2.21","－","8046","南電","302.50","－","認購","美式","112年04月19日","112年04月19日","112年12月14日","112年12月18日","0.06","    325.00","","",
="042104","世紀鋼凱基31購01","0.88","＋","9958","世紀鋼","109.50","＋","認購","美式","112年04月19日","112年04月19日","113年01月16日","113年01月18日","0.20","    155.00","","",
="042105","聚陽康和2A購01","0.80","－","1477","聚陽","219.00","＋","認購","美式","112年04月19日","112年04月19日","112年10月16日","112年10月18日","0.08","    260.00","","",
="042106","中興電康和2A購01","1.42","＋","1513","中興電","113.50","＋","認購","美式","112年04月19日","112年04月19日","112年10月16日","112年10月18日","0.15","    125.00","","",
="042107","瑞昱康和2A購01","1.13","","2379","瑞昱","388.00","＋","認購","美式","112年04月19日","112年04月19日","112年10月16日","112年10月18日","0.045","    445.00","","",
="042108","富邦金康和2A購01","1.50","＋","2881","富邦金","61.10","＋","認購","美式","112年04月19日","112年04月19日","112年10月16日","112年10月18日","0.50","    65.00","","",
="042109","合勤控康和2A購01","1.95","＋","3704","合勤控","43.85","＋","認購","美式","112年04月19日","112年04月19日","112年10月16日","112年10月18日","0.40","    45.00","","",
="04210P","威盛元富26售01","0.00","","2388","威盛","83.10","＋","認售","歐式","111年12月08日","112年06月07日","112年06月05日","112年06月07日","0.20","    65.00","","",
="04210U","聯電富邦29售04","0.00","","2303","聯電","51.20","＋","認售","歐式","112年02月10日","112年09月11日","112年09月07日","112年09月11日","0.25","    42.00","","",
="042110","中興電永豐2C購01","0.76","＋","1513","中興電","113.50","＋","認購","美式","112年04月19日","112年04月19日","112年12月14日","112年12月18日","0.076","    141.70","","",
="042111","全訊永豐31購01","0.53","＋","5222","全訊","198.00","＋","認購","美式","112年04月19日","112年04月19日","113年01月16日","113年01月18日","0.024","    266.96","","",
="042112","八貫統一32購01","0.00","","1342","八貫","126.50","＋","認購","美式","112年04月19日","112年04月19日","113年02月15日","113年02月19日","0.025","    186.60","","",
="042113","士電統一33購02","0.00","","1503","士電","143.50","＋","認購","美式","112年04月19日","112年04月19日","113年03月14日","113年03月18日","0.022","    111.11","","",
="042114","中興電統一32購01","0.67","＋","1513","中興電","113.50","＋","認購","美式","112年04月19日","112年04月19日","113年02月15日","113年02月19日","0.03","    125.30","","",
="042115","中鴻統一2C購01","0.40","","2014","中鴻","23.15","＋","認購","美式","112年04月19日","112年04月19日","112年12月14日","112年12月18日","0.20","    29.70","","",
="042116","國巨統一2C購05","0.46","","2327","國巨","508.00","＋","認購","美式","112年04月19日","112年04月19日","112年12月14日","112年12月18日","0.01","    594.00","","",
="042117","國巨統一2C購06","0.32","＋","2327","國巨","508.00","＋","認購","美式","112年04月19日","112年04月19日","112年12月14日","112年12月18日","0.009","    638.88","","",
="042118","國巨統一31購01","0.55","－","2327","國巨","508.00","＋","認購","美式","112年04月19日","112年04月19日","113年01月16日","113年01月18日","0.009","    588.88","","",
="042119","華泰統一2C購01","0.00","","2329","華泰","20.55","＋","認購","美式","112年04月19日","112年04月19日","112年12月14日","112年12月18日","0.20","    23.40","","",
="04211P","台積電國票26售01","0.00","","2330","台積電","568.00","＋","認售","歐式","111年10月14日","112年06月13日","112年06月09日","112年06月13日","0.506","    202.73","","",
="04211U","鴻海富邦29售02","0.00","","2317","鴻海","105.50","＋","認售","歐式","112年02月10日","112年09月11日","112年09月07日","112年09月11日","0.25","    82.00","","",
="042120","燿華統一2C購01","0.00","","2367","燿華","18.05","＋","認購","美式","112年04月19日","112年04月19日","112年12月14日","112年12月18日","0.23","    20.10","","",
="042121","友達統一34購01","0.30","","2409","友達","17.65","＋","認購","美式","112年04月19日","112年04月19日","113年04月16日","113年04月18日","0.20","    22.22","","",
="042122","華新科統一33購01","0.00","","2492","華新科","101.00","＋","認購","美式","112年04月19日","112年04月19日","113年03月14日","113年03月18日","0.03","    119.20","","",
="042123","華新科統一34購02","0.00","","2492","華新科","101.00","＋","認購","美式","112年04月19日","112年04月19日","113年04月16日","113年04月18日","0.032","    158.88","","",
="042124","宏達電統一2C購03","0.51","","2498","宏達電","61.50","＋","認購","美式","112年04月19日","112年04月19日","112年12月14日","112年12月18日","0.07","    66.66","","",
="042125","奇鋐統一2C購02","0.00","","3017","奇鋐","206.00","－","認購","美式","112年04月19日","112年04月19日","112年12月14日","112年12月18日","0.026","    166.50","","",
="042126","緯創統一34購01","2.30","＋","3231","緯創","68.00","＋","認購","美式","112年04月19日","112年04月19日","113年04月16日","113年04月18日","0.088","    50.00","","",
="042127","創意統一2A購09","0.00","","3443","創意","1,515.00","＋","認購","美式","112年04月19日","112年04月19日","112年10月16日","112年10月18日","0.005","    1,050.00","","",
="042128","群創統一34購01","0.00","","3481","群創","14.10","＋","認購","美式","112年04月19日","112年04月19日","113年04月16日","113年04月18日","0.20","    16.88","","",
="042129","世芯統一2C購07","1.33","＋","3661","世芯-KY","1,660.00","＋","認購","美式","112年04月19日","112年04月19日","112年12月14日","112年12月18日","0.003","    1,532.70","","",
="04212U","台積電富邦29售06","0.00","","2330","台積電","568.00","＋","認售","歐式","112年02月10日","112年09月11日","112年09月07日","112年09月11日","0.05","    417.74","","",
="042130","樺漢統一33購03","0.88","＋","6414","樺漢","281.00","＋","認購","美式","112年04月19日","112年04月19日","113年03月14日","113年03月18日","0.015","    306.90","","",
="042131","帝寶統一33購02","0.00","","6605","帝寶","99.80","＋","認購","美式","112年04月19日","112年04月19日","113年03月14日","113年03月18日","0.025","    111.11","","",
="042132","緯穎統一34購01","0.54","＋","6669","緯穎","1,205.00","＋","認購","美式","112年04月19日","112年04月19日","113年04月16日","113年04月18日","0.002","    1,688.88","","",
="042133","嘉基統一32購01","0.00","","6715","嘉基","145.50","＋","認購","美式","112年04月19日","112年04月19日","113年02月15日","113年02月19日","0.018","    195.30","","",
="042134","嘉基統一32購02","0.00","","6715","嘉基","145.50","＋","認購","美式","112年04月19日","112年04月19日","113年02月15日","113年02月19日","0.018","    200.00","","",
="042135","視陽統一33購01","0.00","","6782","視陽","230.00","＋","認購","美式","112年04月19日","112年04月19日","113年03月14日","113年03月18日","0.007","    400.00","","",
="042136","富鼎統一32購02","0.40","＋","8261","富鼎","106.50","＋","認購","美式","112年04月19日","112年04月19日","113年02月15日","113年02月19日","0.04","    136.20","","",
="042137","茂順統一32購02","0.82","－","9942","茂順","155.00","－","認購","美式","112年04月19日","112年04月19日","113年02月15日","113年02月19日","0.03","    170.10","","",
="042138","世紀鋼統一32購01","0.67","＋","9958","世紀鋼","109.50","＋","認購","美式","112年04月19日","112年04月19日","113年02月15日","113年02月19日","0.025","    126.00","","",
="042139","香港2X國票31購01","0.81","＋",="00650L","復華香港正2（原簡稱：FH香港正2）","11.60","＋","認購","美式","112年04月19日","112年04月19日","113年01月16日","113年01月18日","0.627","    14.00","","",
="04213U","聯發科富邦29售02","0.00","","2454","聯發科","738.00","＋","認售","歐式","112年02月10日","112年09月11日","112年09月07日","112年09月11日","0.02","    630.00","","",
="042140","亞德客國票2A購01","0.40","＋","1590","亞德客-KY","1,040.00","＋","認購","美式","112年04月19日","112年04月19日","112年10月16日","112年10月18日","0.007","    1,300.00","","",
="042141","亞德客國票2B購01","0.00","","1590","亞德客-KY","1,040.00","＋","認購","美式","112年04月19日","112年04月19日","112年11月16日","112年11月20日","0.011","    1,600.00","","",
="042142","致茂國票2B購01","2.95","＋","2360","致茂","226.50","＋","認購","美式","112年04月19日","112年04月19日","112年11月16日","112年11月20日","0.08","    220.00","","",
="042143","奇鋐國票2B購01","0.00","","3017","奇鋐","206.00","－","認購","美式","112年04月19日","112年04月19日","112年11月16日","112年11月20日","0.07","    180.00","","",
="042144","訊連國票2B購01","0.00","","5203","訊連","94.00","＋","認購","美式","112年04月19日","112年04月19日","112年11月16日","112年11月20日","0.06","    120.00","","",
="042145","帆宣國票2B購01","0.73","","6196","帆宣","131.50","","認購","美式","112年04月19日","112年04月19日","112年11月16日","112年11月20日","0.08","    160.00","","",
="042146","晶碩國票2B購01","0.00","","6491","晶碩","366.50","＋","認購","美式","112年04月19日","112年04月19日","112年11月16日","112年11月20日","0.05","    550.00","","",
="042147","洋基國票2B購01","0.00","","6691","洋基工程","297.00","＋","認購","美式","112年04月19日","112年04月19日","112年11月16日","112年11月20日","0.06","    360.00","","",
="042148","惠特國票2B購01","0.51","＋","6706","惠特","82.70","＋","認購","美式","112年04月19日","112年04月19日","112年11月16日","112年11月20日","0.10","    110.00","","",
="042149","力智國票31購01","1.12","＋","6719","力智","303.00","＋","認購","美式","112年04月19日","112年04月19日","113年01月16日","113年01月18日","0.023","    320.00","","",
="04214U","日月光富邦29售01","0.34","－","3711","日月光投控","109.00","－","認售","歐式","112年02月10日","112年09月11日","112年09月07日","112年09月11日","0.12","    90.00","","",
="042150","台達電國泰2C購01","1.28","－","2308","台達電","315.50","－","認購","美式","112年04月19日","112年04月19日","112年12月14日","112年12月18日","0.15","    400.00","","",
="042151","台積電國泰2C購01","2.34","＋","2330","台積電","568.00","＋","認購","美式","112年04月19日","112年04月19日","112年12月14日","112年12月18日","0.07","    620.00","","",
="042152","長榮航國泰2C購01","3.61","＋","2618","長榮航","33.60","＋","認購","美式","112年04月19日","112年04月19日","112年12月14日","112年12月18日","0.80","    32.00","","",
="042153","元油反富邦33購01","0.00","",="00673R","期元大S&P原油反1(原名：元大S&P原油反1)","9.03","－","認購","美式","112年04月19日","112年04月19日","113年03月14日","113年03月18日","1.00","    10.00","","",
="042154","大亞富邦2B購01","0.74","－","1609","大亞","31.00","＋","認購","美式","112年04月19日","112年04月19日","112年11月16日","112年11月20日","0.32","    38.00","","",
="042155","長榮航富邦2A購02","1.02","＋","2618","長榮航","33.60","＋","認購","美式","112年04月19日","112年04月19日","112年10月16日","112年10月18日","0.30","    34.00","","",
="042156","晶華富邦2A購02","0.45","＋","2707","晶華","288.00","＋","認購","美式","112年04月19日","112年04月19日","112年10月16日","112年10月18日","0.03","    360.00","","",
="042157","玉晶光富邦2A購01","0.93","＋","3406","玉晶光","400.00","＋","認購","美式","112年04月19日","112年04月19日","112年10月16日","112年10月18日","0.025","    430.00","","",
="042158","啟碁富邦2A購01","0.00","","6285","啟碁","87.50","＋","認購","美式","112年04月19日","112年04月19日","112年10月16日","112年10月18日","0.10","    120.00","","",
="042159","元油反元大2B購02","0.00","",="00673R","期元大S&P原油反1(原名：元大S&P原油反1)","9.03","－","認購","美式","112年04月19日","112年04月19日","112年11月16日","112年11月20日","0.80","    8.30","","",
="04215U","台灣50元富2B售03","0.00","",="0050","元大台灣50","126.75","＋","認售","歐式","112年02月10日","112年11月09日","112年11月07日","112年11月09日","0.60","    110.00","","",
="042160","元油反元大2C購02","0.00","",="00673R","期元大S&P原油反1(原名：元大S&P原油反1)","9.03","－","認購","美式","112年04月19日","112年04月19日","112年12月14日","112年12月18日","0.80","    8.60","","",
="042161","八貫元大2A購02","0.19","＋","1342","八貫","126.50","＋","認購","美式","112年04月19日","112年04月19日","112年10月16日","112年10月18日","0.092","    233.50","","",
="042162","士電元大2A購02","0.00","","1503","士電","143.50","＋","認購","美式","112年04月19日","112年04月19日","112年10月16日","112年10月18日","0.112","    106.00","","",
="042163","亞力元大31購01","0.67","＋","1514","亞力","51.60","＋","認購","美式","112年04月19日","112年04月19日","113年01月16日","113年01月18日","0.058","    50.00","","",
="042164","大亞元大2B購01","0.90","＋","1609","大亞","31.00","＋","認購","美式","112年04月19日","112年04月19日","112年11月16日","112年11月20日","0.426","    38.80","","",
="042165","美時元大2B購11","3.20","＋","1795","美時","330.50","＋","認購","美式","112年04月19日","112年04月19日","112年11月16日","112年11月20日","0.049","    317.50","","",
="042166","美時元大2C購04","2.99","＋","1795","美時","330.50","＋","認購","美式","112年04月19日","112年04月19日","112年12月14日","112年12月18日","0.058","    365.00","","",
="042167","川湖元大2A購01","1.78","＋","2059","川湖","436.00","＋","認購","美式","112年04月19日","112年04月19日","112年10月16日","112年10月18日","0.079","    542.00","","",
="042168","光寶科元大2A購02","0.00","","2301","光寶科","86.40","＋","認購","美式","112年04月19日","112年04月19日","112年10月16日","112年10月18日","0.414","    91.70","","",
="042169","鴻海元大2B購19","0.54","","2317","鴻海","105.50","＋","認購","美式","112年04月19日","112年04月19日","112年11月16日","112年11月20日","0.659","    153.00","","",
="04216P","晶心科元富26售01","0.00","","6533","晶心科","511.00","＋","認售","歐式","111年12月08日","112年06月07日","112年06月05日","112年06月07日","0.02","    500.00","","",
="04216U","臺企銀元富28售01","0.00","","2834","臺企銀","14.10","＋","認售","歐式","112年02月10日","112年08月09日","112年08月07日","112年08月09日","1.00","    13.00","","",
="042170","鴻海元大2C購13","0.69","","2317","鴻海","105.50","＋","認購","美式","112年04月19日","112年04月19日","112年12月14日","112年12月18日","0.604","    155.50","","",
="042171","智邦元大2A購02","0.00","","2345","智邦","357.50","＋","認購","美式","112年04月19日","112年04月19日","112年10月16日","112年10月18日","0.093","    422.50","","",
="042172","毅嘉元大2A購04","1.38","＋","2402","毅嘉","28.70","＋","認購","美式","112年04月19日","112年04月19日","112年10月16日","112年10月18日","0.50","    34.00","","",
="042173","毅嘉元大2C購01","1.31","＋","2402","毅嘉","28.70","＋","認購","美式","112年04月19日","112年04月19日","112年12月14日","112年12月18日","0.692","    42.50","","",
="042174","漢唐元大2A購02","1.21","＋","2404","漢唐","227.50","＋","認購","美式","112年04月19日","112年04月19日","112年10月16日","112年10月18日","0.042","    222.00","","",
="042175","漢唐元大2C購01","0.00","","2404","漢唐","227.50","＋","認購","美式","112年04月19日","112年04月19日","112年12月14日","112年12月18日","0.058","    259.50","","",
="042176","興勤元大2A購02","0.00","","2428","興勤","156.50","＋","認購","美式","112年04月19日","112年04月19日","112年10月16日","112年10月18日","0.071","    214.00","","",
="042177","飛宏元大2B購03","1.75","＋","2457","飛宏","76.40","＋","認購","美式","112年04月19日","112年04月19日","112年11月16日","112年11月20日","0.243","    89.50","","",
="042178","漢翔元大2B購08","2.16","＋","2634","漢翔","55.80","＋","認購","美式","112年04月19日","112年04月19日","112年11月16日","112年11月20日","0.231","    60.00","","",
="042179","神基元大2A購03","0.00","","3005","神基","69.40","＋","認購","美式","112年04月19日","112年04月19日","112年10月16日","112年10月18日","0.20","    60.00","","",
="04217U","智原元富28售01","0.00","","3035","智原","173.50","＋","認售","歐式","112年02月10日","112年08月09日","112年08月07日","112年08月09日","0.07","    180.00","","",
="042180","奇鋐元大2B購04","0.00","","3017","奇鋐","206.00","－","認購","美式","112年04月19日","112年04月19日","112年11月16日","112年11月20日","0.05","    177.00","","",
="042181","欣興元大2B購16","0.00","","3037","欣興","182.50","－","認購","美式","112年04月19日","112年04月19日","112年11月16日","112年11月20日","0.095","    162.00","","",
="042182","欣興元大2C購06","3.51","－","3037","欣興","182.50","－","認購","美式","112年04月19日","112年04月19日","112年12月14日","112年12月18日","0.091","    163.50","","",
="042183","耀登元大2A購01","0.85","＋","3138","耀登","153.00","＋","認購","美式","112年04月19日","112年04月19日","112年10月16日","112年10月18日","0.039","    156.38","","",
="042184","景碩元大2A購03","0.62","＋","3189","景碩","116.00","＋","認購","美式","112年04月19日","112年04月19日","112年10月16日","112年10月18日","0.042","    119.00","","",
="042185","緯創元大2B購08","6.20","＋","3231","緯創","68.00","＋","認購","美式","112年04月19日","112年04月19日","112年11月16日","112年11月20日","0.301","    47.90","","",
="042186","緯創元大2C購06","0.00","","3231","緯創","68.00","＋","認購","美式","112年04月19日","112年04月19日","112年12月14日","112年12月18日","0.378","    53.80","","",
="042187","緯創元大31購04","7.60","＋","3231","緯創","68.00","＋","認購","美式","112年04月19日","112年04月19日","113年01月16日","113年01月18日","0.367","    55.80","","",
="042188","嘉澤元大2B購09","0.00","","3533","嘉澤","909.00","－","認購","美式","112年04月19日","112年04月19日","112年11月16日","112年11月20日","0.041","    1,280.00","","",
="042189","祥碩元大2B購05","0.77","＋","5269","祥碩","1,300.00","＋","認購","美式","112年04月19日","112年04月19日","112年11月16日","112年11月20日","0.004","    1,540.00","","",
="04218U","玉晶光元富28售01","0.94","－","3406","玉晶光","400.00","＋","認售","歐式","112年02月10日","112年08月09日","112年08月07日","112年08月09日","0.035","    370.00","","",
="042190","祥碩元大2C購02","0.73","＋","5269","祥碩","1,300.00","＋","認購","美式","112年04月19日","112年04月19日","112年12月14日","112年12月18日","0.006","    1,980.00","","",
="042191","中磊元大2A購01","0.67","","5388","中磊","93.30","＋","認購","美式","112年04月19日","112年04月19日","112年10月16日","112年10月18日","0.156","    115.00","","",
="042192","帆宣元大2A購02","0.55","－","6196","帆宣","131.50","","認購","美式","112年04月19日","112年04月19日","112年10月16日","112年10月18日","0.05","    140.00","","",
="042193","樺漢元大2A購02","0.00","","6414","樺漢","281.00","＋","認購","美式","112年04月19日","112年04月19日","112年10月16日","112年10月18日","0.135","    357.50","","",
="042194","愛普元大2B購07","1.59","","6531","愛普*","328.50","＋","認購","美式","112年04月19日","112年04月19日","112年11月16日","112年11月20日","0.034","    373.00","","",
="042195","威鋒電元大2B購02","0.00","","6756","威鋒電子","223.00","＋","認購","美式","112年04月19日","112年04月19日","112年11月16日","112年11月20日","0.039","    258.00","","",
="042196","AES元大2B購04","1.22","＋","6781","AES-KY","690.00","＋","認購","美式","112年04月19日","112年04月19日","112年11月16日","112年11月20日","0.012","    727.00","","",
="042197","AES元大2C購02","1.19","＋","6781","AES-KY","690.00","＋","認購","美式","112年04月19日","112年04月19日","112年12月14日","112年12月18日","0.025","    1,020.00","","",
="042198","視陽元大2A購02","0.00","","6782","視陽","230.00","＋","認購","美式","112年04月19日","112年04月19日","112年10月16日","112年10月18日","0.027","    373.00","","",
="042199","巨大元大2A購03","1.01","＋","9921","巨大","201.00","＋","認購","美式","112年04月19日","112年04月19日","112年10月16日","112年10月18日","0.055","    214.50","","",
="04219P","威盛群益27售04","0.00","","2388","威盛","83.10","＋","認售","歐式","111年12月08日","112年07月07日","112年07月05日","112年07月07日","0.20","    60.00","","",
="04219U","晶心科統一2A售02","0.00","","6533","晶心科","511.00","＋","認售","歐式","112年02月10日","112年10月11日","112年10月05日","112年10月11日","0.01","    467.20","","",
="042200","臺股指法興2A購01","0.00","","IX0001","臺股指數","16,636.30","","認購","歐式","112年04月19日","112年10月18日","112年10月16日","112年10月18日","0.002","    14,000.00","","",
="042201","臺股指法興2A購02","0.00","","IX0001","臺股指數","16,636.30","","認購","歐式","112年04月19日","112年10月18日","112年10月16日","112年10月18日","0.003","    14,700.00","","",
="042202","臺股指法興2A購03","0.00","","IX0001","臺股指數","16,636.30","","認購","歐式","112年04月19日","112年10月18日","112年10月16日","112年10月18日","0.003","    15,300.00","","",
="042203","臺股指法興2A購04","0.00","","IX0001","臺股指數","16,636.30","","認購","歐式","112年04月19日","112年10月18日","112年10月16日","112年10月18日","0.01","    16,200.00","","",
="042204","臺股指法興2A購05","0.00","","IX0001","臺股指數","16,636.30","","認購","歐式","112年04月19日","112年10月18日","112年10月16日","112年10月18日","0.02","    17,400.00","","",
="042205","東元元富2A購02","3.34","＋","1504","東元","51.80","＋","認購","美式","112年04月19日","112年04月19日","112年10月16日","112年10月18日","1.00","    65.00","","",
="042206","中興電元富2C購01","0.81","＋","1513","中興電","113.50","＋","認購","美式","112年04月19日","112年04月19日","112年12月14日","112年12月18日","0.045","    115.00","","",
="042207","光寶科元富31購01","7.40","＋","2301","光寶科","86.40","＋","認購","美式","112年04月19日","112年04月19日","113年01月16日","113年01月18日","1.00","    90.00","","",
="042208","台達電元富2C購01","5.40","－","2308","台達電","315.50","－","認購","美式","112年04月19日","112年04月19日","112年12月14日","112年12月18日","0.25","    360.00","","",
="042209","全新元富2C購03","0.74","－","2455","全新","100.00","","認購","美式","112年04月19日","112年04月19日","112年12月14日","112年12月18日","0.04","    100.00","","",
="04220P","宏達電群益26售06","0.00","","2498","宏達電","61.50","＋","認售","歐式","111年12月08日","112年06月07日","112年06月05日","112年06月07日","0.25","    55.00","","",
="04220U","SGBR2X群益29售02","0.98","－",="00715L","期街口布蘭特正2","12.73","＋","認售","歐式","112年02月10日","112年09月11日","112年09月07日","112年09月11日","0.40","    12.40","","",
="042210","八方元富2C購01","0.46","＋","2753","八方雲集","167.00","","認購","美式","112年04月19日","112年04月19日","112年12月14日","112年12月18日","0.065","    250.00","","",
="042211","智原元富2C購02","0.79","","3035","智原","173.50","＋","認購","美式","112年04月19日","112年04月19日","112年12月14日","112年12月18日","0.11","    265.00","","",
="042212","緯創元富2A購01","17.10","","3231","緯創","68.00","＋","認購","美式","112年04月19日","112年04月19日","112年10月16日","112年10月18日","1.00","    53.34","","",
="042213","創意元富31購02","4.01","＋","3443","創意","1,515.00","＋","認購","美式","112年04月19日","112年04月19日","113年01月16日","113年01月18日","0.01","    1,300.00","","",
="042214","祥碩元富2C購02","0.65","＋","5269","祥碩","1,300.00","＋","認購","美式","112年04月19日","112年04月19日","112年12月14日","112年12月18日","0.007","    1,940.00","","",
="042215","祥碩元富2C購03","0.87","＋","5269","祥碩","1,300.00","＋","認購","美式","112年04月19日","112年04月19日","112年12月14日","112年12月18日","0.007","    1,760.00","","",
="042216","威鋒電元富2A購01","0.00","","6756","威鋒電子","223.00","＋","認購","美式","112年04月19日","112年04月19日","112年10月16日","112年10月18日","0.05","    282.00","","",
="042217","視陽元富31購01","0.57","","6782","視陽","230.00","＋","認購","美式","112年04月19日","112年04月19日","113年01月16日","113年01月18日","0.04","    400.00","","",
="042218","采鈺元富2A購02","0.58","","6789","采鈺","224.00","＋","認購","美式","112年04月19日","112年04月19日","112年10月16日","112年10月18日","0.05","    300.00","","",
="042219","台灣50麥證2B購01","0.00","",="0050","元大台灣50","126.75","＋","認購","歐式","112年04月19日","112年11月20日","112年11月16日","112年11月20日","1.00","    145.00","","",
="04221U","聯發科群益29售04","0.00","","2454","聯發科","738.00","＋","認售","歐式","112年02月10日","112年09月11日","112年09月07日","112年09月11日","0.04","    600.00","","",
="042220","台灣50麥證31購02","0.00","",="0050","元大台灣50","126.75","＋","認購","歐式","112年04月19日","113年01月18日","113年01月16日","113年01月18日","1.00","    155.00","","",
="042221","東元麥證2A購03","1.56","＋","1504","東元","51.80","＋","認購","歐式","112年04月19日","112年10月18日","112年10月16日","112年10月18日","0.45","    60.00","","",
="042222","大亞麥證2A購01","1.25","＋","1609","大亞","31.00","＋","認購","歐式","112年04月19日","112年10月18日","112年10月16日","112年10月18日","1.00","    40.00","","",
="042223","台達電麥證2A購01","1.25","＋","2308","台達電","315.50","－","認購","歐式","112年04月19日","112年10月18日","112年10月16日","112年10月18日","0.30","    420.00","","",
="042224","台達電麥證31購01","2.10","＋","2308","台達電","315.50","－","認購","歐式","112年04月19日","113年01月18日","113年01月16日","113年01月18日","0.10","    450.00","","",
="042225","鴻海麥證33購01","1.87","＋","2317","鴻海","105.50","＋","認購","歐式","112年04月19日","113年03月18日","113年03月14日","113年03月18日","0.35","    156.00","","",
="042226","宏達電國泰2C購01","0.56","","2498","宏達電","61.50","＋","認購","美式","112年04月20日","112年04月20日","112年12月15日","112年12月19日","0.18","    77.00","","",
="042227","漢翔第一2C購01","0.99","","2634","漢翔","55.80","＋","認購","美式","112年04月20日","112年04月20日","112年12月15日","112年12月19日","0.125","    66.38","","",
="042228","富邦金第一2C購01","0.00","","2881","富邦金","61.10","＋","認購","美式","112年04月20日","112年04月20日","112年12月15日","112年12月19日","0.17","    67.16","","",
="042229","士電中信2C購01","1.51","＋","1503","士電","143.50","＋","認購","歐式","112年04月20日","112年12月19日","112年12月15日","112年12月19日","0.048","    142.00","","",
="04222P","台積電國泰26售03","0.00","","2330","台積電","568.00","＋","認售","歐式","111年10月14日","112年06月13日","112年06月09日","112年06月13日","0.152","    341.18","","",
="04222U","宏達電群益28售06","0.00","","2498","宏達電","61.50","＋","認售","歐式","112年02月10日","112年08月09日","112年08月07日","112年08月09日","0.20","    65.00","","",
="042230","中興電中信2A購02","0.63","＋","1513","中興電","113.50","＋","認購","歐式","112年04月20日","112年10月19日","112年10月17日","112年10月19日","0.048","    124.00","","",
="042231","大眾控中信2A購02","0.86","＋","3701","大眾控","67.10","＋","認購","歐式","112年04月20日","112年10月19日","112年10月17日","112年10月19日","0.15","    91.00","","",
="042232","矽力中信2C購02","0.00","","6415","矽力*-KY","394.50","＋","認購","歐式","112年04月20日","112年12月19日","112年12月15日","112年12月19日","0.013","    770.00","","",
="042233","穎崴中信2A購02","1.20","＋","6515","穎崴","830.00","－","認購","歐式","112年04月20日","112年10月19日","112年10月17日","112年10月19日","0.01","    888.00","","",
="042234","洋基中信2A購01","0.00","","6691","洋基工程","297.00","＋","認購","歐式","112年04月20日","112年10月19日","112年10月17日","112年10月19日","0.04","    360.00","","",
="042235","茂順中信2A購01","0.64","－","9942","茂順","155.00","－","認購","歐式","112年04月20日","112年10月19日","112年10月17日","112年10月19日","0.06","    211.00","","",
="042236","世紀鋼中信2B購01","0.82","＋","9958","世紀鋼","109.50","＋","認購","歐式","112年04月20日","112年11月20日","112年11月16日","112年11月20日","0.10","    136.00","","",
="042237","臺股指中信31購04","0.00","","IX0001","臺股指數","16,636.30","","認購","歐式","112年04月20日","113年01月19日","113年01月17日","113年01月19日","0.01","    20,000.00","","",
="042238","大立光兆豐2B購03","1.33","＋","3008","大立光","2,305.00","＋","認購","美式","112年04月20日","112年04月20日","112年11月16日","112年11月20日","0.005","    2,300.00","","",
="042239","大立光兆豐2B購04","1.16","","3008","大立光","2,305.00","＋","認購","美式","112年04月20日","112年04月20日","112年11月16日","112年11月20日","0.006","    2,500.00","","",
="04223P","T50反1元富27售06","0.00","",="00632R","元大台灣50反1","4.94","－","認售","歐式","111年10月14日","112年07月13日","112年07月11日","112年07月13日","1.00","    6.60","","",
="04223U","智原群益28售05","1.49","－","3035","智原","173.50","＋","認售","歐式","112年02月10日","112年08月09日","112年08月07日","112年08月09日","0.15","    150.00","","",
="042240","世芯兆豐2C購03","2.05","＋","3661","世芯-KY","1,660.00","＋","認購","美式","112年04月20日","112年04月20日","112年12月15日","112年12月19日","0.005","    1,400.00","","",
="042241","飛宏康和2C購01","1.73","＋","2457","飛宏","76.40","＋","認購","美式","112年04月20日","112年04月20日","112年12月15日","112年12月19日","0.25","    100.00","","",
="042242","敦泰康和2A購02","0.37","","3545","敦泰","83.70","＋","認購","美式","112年04月20日","112年04月20日","112年10月17日","112年10月19日","0.15","    120.00","","",
="042243","葡萄王永豐2B購01","0.55","＋","1707","葡萄王","175.00","＋","認購","美式","112年04月20日","112年04月20日","112年11月16日","112年11月20日","0.058","    225.90","","",
="042244","建準永豐2C購01","6.70","＋","2421","建準","89.00","＋","認購","美式","112年04月20日","112年04月20日","112年12月15日","112年12月19日","0.33","    76.09","","",
="042245","飛宏永豐2B購02","0.67","＋","2457","飛宏","76.40","＋","認購","美式","112年04月20日","112年04月20日","112年11月16日","112年11月20日","0.20","    112.00","","",
="042246","拓凱永豐2C購01","0.62","＋","4536","拓凱","196.50","＋","認購","美式","112年04月20日","112年04月20日","112年12月15日","112年12月19日","0.055","    270.83","","",
="042247","三福化永豐2B購01","0.00","","4755","三福化","131.00","＋","認購","美式","112年04月20日","112年04月20日","112年11月16日","112年11月20日","0.085","    188.66","","",
="042248","視陽永豐2C購01","0.23","＋","6782","視陽","230.00","＋","認購","美式","112年04月20日","112年04月20日","112年12月15日","112年12月19日","0.029","    446.78","","",
="042249","S&P反1國票34購01","0.00","",="00648R","元大S&P500反1","6.93","－","認購","美式","112年04月20日","112年04月20日","113年04月17日","113年04月19日","1.00","    7.20","","",
="04224U","新唐群益2A售01","1.01","","4919","新唐","130.50","＋","認售","歐式","112年02月10日","112年10月11日","112年10月05日","112年10月11日","0.15","    100.00","","",
="042250","飛宏國票2B購03","1.26","＋","2457","飛宏","76.40","＋","認購","美式","112年04月20日","112年04月20日","112年11月16日","112年11月20日","0.30","    110.00","","",
="042251","飛宏國票2C購01","1.30","","2457","飛宏","76.40","＋","認購","美式","112年04月20日","112年04月20日","112年12月15日","112年12月19日","0.13","    85.00","","",
="042252","SGBR2X富邦2C購01","0.00","",="00715L","期街口布蘭特正2","12.73","＋","認購","美式","112年04月20日","112年04月20日","112年12月15日","112年12月19日","0.30","    22.00","","",
="042253","光寶科富邦2A購01","0.81","＋","2301","光寶科","86.40","＋","認購","美式","112年04月20日","112年04月20日","112年10月17日","112年10月19日","0.10","    85.00","","",
="042254","華通富邦2C購01","0.59","－","2313","華通","44.30","＋","認購","美式","112年04月20日","112年04月20日","112年12月15日","112年12月19日","0.30","    58.00","","",
="042255","台積電富邦2C購14","0.68","－","2330","台積電","568.00","＋","認購","美式","112年04月20日","112年04月20日","112年12月15日","112年12月19日","0.10","    750.00","","",
="042256","敦泰富邦31購01","0.00","","3545","敦泰","83.70","＋","認購","美式","112年04月20日","112年04月20日","113年01月17日","113年01月19日","0.07","    108.00","","",
="042257","天鈺富邦2A購02","0.00","","4961","天鈺","154.00","＋","認購","美式","112年04月20日","112年04月20日","112年10月17日","112年10月19日","0.035","    220.00","","",
="042258","鈺齊富邦31購01","0.47","－","9802","鈺齊-KY","124.00","－","認購","美式","112年04月20日","112年04月20日","113年01月17日","113年01月19日","0.04","    150.00","","",
="042259","台灣50凱基2C購14","0.00","",="0050","元大台灣50","126.75","＋","認購","美式","112年04月20日","112年04月20日","112年12月15日","112年12月19日","0.60","    136.00","","",
="04225U","樺漢群益29售02","0.00","","6414","樺漢","281.00","＋","認售","歐式","112年02月10日","112年09月11日","112年09月07日","112年09月11日","0.10","    170.00","","",
="042260","台灣50凱基2C購15","0.00","",="0050","元大台灣50","126.75","＋","認購","美式","112年04月20日","112年04月20日","112年12月15日","112年12月19日","0.20","    116.00","","",
="042261","台泥凱基2A購01","0.93","","1101","台泥","38.15","＋","認購","美式","112年04月20日","112年04月20日","112年10月17日","112年10月19日","1.00","    45.00","","",
="042262","士電凱基2A購01","0.00","","1503","士電","143.50","＋","認購","美式","112年04月20日","112年04月20日","112年10月17日","112年10月19日","0.12","    115.00","","",
="042263","士電凱基2A購02","5.30","＋","1503","士電","143.50","＋","認購","美式","112年04月20日","112年04月20日","112年10月17日","112年10月19日","0.17","    130.00","","",
="042264","中興電凱基2A購07","0.71","＋","1513","中興電","113.50","＋","認購","美式","112年04月20日","112年04月20日","112年10月17日","112年10月19日","0.15","    145.00","","",
="042265","和大凱基2A購01","0.00","","1536","和大","71.40","＋","認購","美式","112年04月20日","112年04月20日","112年10月17日","112年10月19日","0.38","    88.00","","",
="042266","永冠凱基2A購01","0.44","－","1589","永冠-KY","71.60","－","認購","美式","112年04月20日","112年04月20日","112年10月17日","112年10月19日","0.20","    95.00","","",
="042267","裕隆凱基2B購05","0.00","","2201","裕隆","82.80","＋","認購","美式","112年04月20日","112年04月20日","112年11月16日","112年11月20日","0.15","    85.00","","",
="042268","光寶科凱基2A購03","2.40","＋","2301","光寶科","86.40","＋","認購","美式","112年04月20日","112年04月20日","112年10月17日","112年10月19日","0.20","    77.00","","",
="042269","台達電凱基2C購01","1.41","－","2308","台達電","315.50","－","認購","美式","112年04月20日","112年04月20日","112年12月15日","112年12月19日","0.12","    380.00","","",
="04226U","富鼎群益28售01","0.88","","8261","富鼎","106.50","＋","認售","歐式","112年02月10日","112年08月09日","112年08月07日","112年08月09日","0.174","    88.00","","",
="042270","台達電凱基2C購02","0.00","","2308","台達電","315.50","－","認購","美式","112年04月20日","112年04月20日","112年12月15日","112年12月19日","0.25","    465.00","","",
="042271","凌陽凱基2A購01","1.06","＋","2401","凌陽","24.90","＋","認購","美式","112年04月20日","112年04月20日","112年10月17日","112年10月19日","1.00","    31.00","","",
="042272","建準凱基2A購02","0.00","","2421","建準","89.00","＋","認購","美式","112年04月20日","112年04月20日","112年10月17日","112年10月19日","0.42","    70.00","","",
="042273","聯發科凱基2A購11","2.43","＋","2454","聯發科","738.00","＋","認購","美式","112年04月20日","112年04月20日","112年10月17日","112年10月19日","0.027","    720.00","","",
="042274","漢翔凱基2B購06","0.74","＋","2634","漢翔","55.80","＋","認購","美式","112年04月20日","112年04月20日","112年11月16日","112年11月20日","0.15","    73.13","","",
="042275","漢翔凱基2C購03","0.00","","2634","漢翔","55.80","＋","認購","美式","112年04月20日","112年04月20日","112年12月15日","112年12月19日","0.20","    84.38","","",
="042276","晶華凱基2A購07","0.00","","2707","晶華","288.00","＋","認購","美式","112年04月20日","112年04月20日","112年10月17日","112年10月19日","0.14","    420.00","","",
="042277","晶豪科凱基2B購01","0.00","","3006","晶豪科","88.20","＋","認購","美式","112年04月20日","112年04月20日","112年11月16日","112年11月20日","0.19","    130.00","","",
="042278","大立光凱基2B購07","1.57","＋","3008","大立光","2,305.00","＋","認購","美式","112年04月20日","112年04月20日","112年11月16日","112年11月20日","0.005","    2,200.00","","",
="042279","奇鋐凱基2C購03","2.44","＋","3017","奇鋐","206.00","－","認購","美式","112年04月20日","112年04月20日","112年12月15日","112年12月19日","0.10","    230.00","","",
="04227U","A50正2元大28售01","0.00","",="00655L","國泰中國A50正2","24.65","－","認售","歐式","112年02月10日","112年08月09日","112年08月07日","112年08月09日","0.40","    27.00","","",
="042280","智原凱基2B購05","0.00","","3035","智原","173.50","＋","認購","美式","112年04月20日","112年04月20日","112年11月16日","112年11月20日","0.10","    260.00","","",
="042281","欣興凱基2B購06","0.00","","3037","欣興","182.50","－","認購","美式","112年04月20日","112年04月20日","112年11月16日","112年11月20日","0.065","    142.00","","",
="042282","緯創凱基2C購02","9.80","＋","3231","緯創","68.00","＋","認購","美式","112年04月20日","112年04月20日","112年12月15日","112年12月19日","0.35","    50.00","","",
="042283","創意凱基2C購06","2.62","＋","3443","創意","1,515.00","＋","認購","美式","112年04月20日","112年04月20日","112年12月15日","112年12月19日","0.007","    1,330.00","","",
="042284","揚明光凱基2B購01","0.53","","3504","揚明光","81.70","＋","認購","美式","112年04月20日","112年04月20日","112年11月16日","112年11月20日","0.10","    105.00","","",
="042285","大眾控凱基2C購01","1.62","＋","3701","大眾控","67.10","＋","認購","美式","112年04月20日","112年04月20日","112年12月15日","112年12月19日","0.17","    70.00","","",
="042286","虹堡凱基2C購01","0.57","＋","5258","虹堡","91.00","＋","認購","美式","112年04月20日","112年04月20日","112年12月15日","112年12月19日","0.12","    130.00","","",
="042287","虹堡凱基31購01","0.88","＋","5258","虹堡","91.00","＋","認購","美式","112年04月20日","112年04月20日","113年01月17日","113年01月19日","0.085","    110.00","","",
="042288","彩晶凱基2A購01","0.27","＋","6116","彩晶","12.25","＋","認購","美式","112年04月20日","112年04月20日","112年10月17日","112年10月19日","1.00","    17.00","","",
="042289","康舒凱基2B購03","0.94","＋","6282","康舒","44.05","＋","認購","美式","112年04月20日","112年04月20日","112年11月16日","112年11月20日","0.126","    42.00","","",
="04228P","台灣50第一28售02","0.27","－",="0050","元大台灣50","126.75","＋","認售","歐式","111年02月16日","112年08月15日","112年08月11日","112年08月15日","0.031","    123.36","","",
="04228U","台積電元大28售42","0.00","","2330","台積電","568.00","＋","認售","歐式","112年02月10日","112年08月09日","112年08月07日","112年08月09日","0.469","    312.81","","",
="042290","矽力凱基2B購03","0.33","","6415","矽力*-KY","394.50","＋","認購","美式","112年04月20日","112年04月20日","112年11月16日","112年11月20日","0.03","    700.00","","",
="042291","穎崴凱基2B購01","1.52","＋","6515","穎崴","830.00","－","認購","美式","112年04月20日","112年04月20日","112年11月16日","112年11月20日","0.02","    1,080.00","","",
="042292","洋基凱基2A購01","1.13","＋","6691","洋基工程","297.00","＋","認購","美式","112年04月20日","112年04月20日","112年10月17日","112年10月19日","0.05","    320.00","","",
="042293","威鋒電凱基2C購01","1.09","","6756","威鋒電子","223.00","＋","認購","美式","112年04月20日","112年04月20日","112年12月15日","112年12月19日","0.09","    330.00","","",
="042294","南電凱基2B購06","2.33","－","8046","南電","302.50","－","認購","美式","112年04月20日","112年04月20日","112年11月16日","112年11月20日","0.05","    287.00","","",
="042295","勤誠凱基2A購01","2.70","＋","8210","勤誠","101.00","＋","認購","美式","112年04月20日","112年04月20日","112年10月17日","112年10月19日","0.20","    96.00","","",
="042296","臺股指凱基2B購33","2.33","＋","IX0001","臺股指數","16,636.30","","認購","歐式","112年04月20日","112年11月20日","112年11月16日","112年11月20日","0.002","    15,500.00","","",
="042297","臺股指凱基2B購34","2.71","＋","IX0001","臺股指數","16,636.30","","認購","歐式","112年04月20日","112年11月20日","112年11月16日","112年11月20日","0.0035","    16,300.00","","",
="042298","臺股指凱基31購11","0.00","","IX0001","臺股指數","16,636.30","","認購","歐式","112年04月20日","113年01月19日","113年01月17日","113年01月19日","0.002","    15,700.00","","",
="042299","臺股指凱基31購12","0.00","","IX0001","臺股指數","16,636.30","","認購","歐式","112年04月20日","113年01月19日","113年01月17日","113年01月19日","0.01","    18,400.00","","",
="04229U","台積電元大28售43","0.67","－","2330","台積電","568.00","＋","認售","歐式","112年02月10日","112年08月09日","112年08月07日","112年08月09日","0.053","    469.46","","",
="042300","A50正2元大2A購02","0.00","",="00655L","國泰中國A50正2","24.65","－","認購","美式","112年04月20日","112年04月20日","112年10月17日","112年10月19日","0.25","    28.00","","",
="042301","FH富產元大2A購01","0.65","＋",="00712","復華富時不動產(原簡稱:FH富時不動產)","8.88","＋","認購","美式","112年04月20日","112年04月20日","112年10月17日","112年10月19日","1.00","    9.50","","",
="042302","FH富產元大2B購01","0.00","",="00712","復華富時不動產(原簡稱:FH富時不動產)","8.88","＋","認購","美式","112年04月20日","112年04月20日","112年11月16日","112年11月20日","1.00","    10.00","","",
="042303","FH富產元大2C購01","0.54","＋",="00712","復華富時不動產(原簡稱:FH富時不動產)","8.88","＋","認購","美式","112年04月20日","112年04月20日","112年12月15日","112年12月19日","1.00","    10.50","","",
="042304","八貫元大2A購03","0.00","","1342","八貫","126.50","＋","認購","美式","112年04月20日","112年04月20日","112年10月17日","112年10月19日","0.062","    205.50","","",
="042305","八貫元大2A購04","0.00","","1342","八貫","126.50","＋","認購","美式","112年04月20日","112年04月20日","112年10月17日","112年10月19日","0.038","    158.00","","",
="042306","中興電元大2B購02","1.26","＋","1513","中興電","113.50","＋","認購","美式","112年04月20日","112年04月20日","112年11月16日","112年11月20日","0.237","    160.00","","",
="042307","東鹼元大2A購01","0.37","","1708","東鹼","36.40","＋","認購","美式","112年04月20日","112年04月20日","112年10月17日","112年10月19日","0.964","    58.90","","",
="042308","生達元大2A購01","1.84","","1720","生達","70.80","＋","認購","美式","112年04月20日","112年04月20日","112年10月17日","112年10月19日","0.239","    85.30","","",
="042309","光寶科元大2A購03","0.00","","2301","光寶科","86.40","＋","認購","美式","112年04月20日","112年04月20日","112年10月17日","112年10月19日","0.332","    85.00","","",
="04230P","創意群益26售04","0.00","","3443","創意","1,515.00","＋","認售","歐式","111年12月08日","112年06月07日","112年06月05日","112年06月07日","0.015","    588.00","","",
="04230U","台光電元大28售05","0.40","＋","2383","台光電","204.50","＋","認售","歐式","112年02月10日","112年08月09日","112年08月07日","112年08月09日","0.112","    151.00","","",
="042310","光寶科元大2C購01","2.47","＋","2301","光寶科","86.40","＋","認購","美式","112年04月20日","112年04月20日","112年12月15日","112年12月19日","1.00","    110.00","","",
="042311","鴻海元大2A購30","0.55","＋","2317","鴻海","105.50","＋","認購","美式","112年04月20日","112年04月20日","112年10月17日","112年10月19日","0.20","    128.00","","",
="042312","鴻海元大2B購20","0.56","＋","2317","鴻海","105.50","＋","認購","美式","112年04月20日","112年04月20日","112年11月16日","112年11月20日","0.25","    136.00","","",
="042313","鴻海元大2C購14","0.00","","2317","鴻海","105.50","＋","認購","美式","112年04月20日","112年04月20日","112年12月15日","112年12月19日","0.30","    146.00","","",
="042314","宏碁元大2A購03","1.13","＋","2353","宏碁","31.05","＋","認購","美式","112年04月20日","112年04月20日","112年10月17日","112年10月19日","0.75","    34.45","","",
="042315","仲琦元大2A購03","0.00","","2419","仲琦","26.70","＋","認購","美式","112年04月20日","112年04月20日","112年10月17日","112年10月19日","0.377","    33.35","","",
="042316","仲琦元大2C購01","0.67","","2419","仲琦","26.70","＋","認購","美式","112年04月20日","112年04月20日","112年12月15日","112年12月19日","0.667","    43.50","","",
="042317","全新元大2A購03","1.65","＋","2455","全新","100.00","","認購","美式","112年04月20日","112年04月20日","112年10月17日","112年10月19日","0.16","    113.50","","",
="042318","飛宏元大2B購04","1.12","＋","2457","飛宏","76.40","＋","認購","美式","112年04月20日","112年04月20日","112年11月16日","112年11月20日","0.233","    100.00","","",
="042319","飛宏元大32購01","0.86","＋","2457","飛宏","76.40","＋","認購","美式","112年04月20日","112年04月20日","113年02月15日","113年02月19日","0.159","    110.00","","",
="04231P","台積電元大26售27","0.00","","2330","台積電","568.00","＋","認售","歐式","111年12月08日","112年06月07日","112年06月05日","112年06月07日","0.057","    422.28","","",
="04231U","長榮航元大28售09","0.65","－","2618","長榮航","33.60","＋","認售","歐式","112年02月10日","112年08月09日","112年08月07日","112年08月09日","0.747","    27.35","","",
="042320","華新科元大2B購01","0.00","","2492","華新科","101.00","＋","認購","美式","112年04月20日","112年04月20日","112年11月16日","112年11月20日","0.16","    160.00","","",
="042321","長榮元大2B購22","0.83","＋","2603","長榮","157.00","＋","認購","美式","112年04月20日","112年04月20日","112年11月16日","112年11月20日","0.137","    201.50","","",
="042322","漢翔元大2A購11","0.99","＋","2634","漢翔","55.80","＋","認購","美式","112年04月20日","112年04月20日","112年10月17日","112年10月19日","0.25","    75.00","","",
="042323","漢翔元大2A購12","1.33","＋","2634","漢翔","55.80","＋","認購","美式","112年04月20日","112年04月20日","112年10月17日","112年10月19日","0.217","    65.00","","",
="042324","漢翔元大2A購13","1.10","＋","2634","漢翔","55.80","＋","認購","美式","112年04月20日","112年04月20日","112年10月17日","112年10月19日","0.20","    67.50","","",
="042325","漢翔元大2C購02","0.63","＋","2634","漢翔","55.80","＋","認購","美式","112年04月20日","112年04月20日","112年12月15日","112年12月19日","0.15","    82.50","","",
="042326","漢翔元大31購02","0.94","＋","2634","漢翔","55.80","＋","認購","美式","112年04月20日","112年04月20日","113年01月17日","113年01月19日","0.20","    85.00","","",
="042327","雲品元大2A購01","0.69","－","2748","雲品","90.00","－","認購","美式","112年04月20日","112年04月20日","112年10月17日","112年10月19日","0.16","    145.00","","",
="042328","神基元大2A購04","2.34","＋","3005","神基","69.40","＋","認購","美式","112年04月20日","112年04月20日","112年10月17日","112年10月19日","0.504","    76.00","","",
="042329","神基元大2C購01","0.00","","3005","神基","69.40","＋","認購","美式","112年04月20日","112年04月20日","112年12月15日","112年12月19日","0.755","    87.70","","",
="04232P","台積電麥證28售06","0.00","","2330","台積電","568.00","＋","認售","歐式","111年10月14日","112年08月14日","112年08月10日","112年08月14日","0.102","    296.67","","",
="04232U","玉晶光元大28售06","0.00","","3406","玉晶光","400.00","＋","認售","歐式","112年02月10日","112年08月09日","112年08月07日","112年08月09日","0.035","    338.50","","",
="042330","奇鋐元大2A購09","2.21","－","3017","奇鋐","206.00","－","認購","美式","112年04月20日","112年04月20日","112年10月17日","112年10月19日","0.06","    193.50","","",
="042331","智原元大2B購08","0.00","","3035","智原","173.50","＋","認購","美式","112年04月20日","112年04月20日","112年11月16日","112年11月20日","0.077","    250.00","","",
="042332","欣興元大2B購17","0.00","","3037","欣興","182.50","－","認購","美式","112年04月20日","112年04月20日","112年11月16日","112年11月20日","0.075","    144.50","","",
="042333","欣興元大2C購07","0.00","","3037","欣興","182.50","－","認購","美式","112年04月20日","112年04月20日","112年12月15日","112年12月19日","0.068","    147.00","","",
="042334","緯創元大2A購06","8.75","＋","3231","緯創","68.00","＋","認購","美式","112年04月20日","112年04月20日","112年10月17日","112年10月19日","0.486","    53.30","","",
="042335","緯創元大2B購09","0.00","","3231","緯創","68.00","＋","認購","美式","112年04月20日","112年04月20日","112年11月16日","112年11月20日","0.319","    50.20","","",
="042336","緯創元大2C購07","5.85","＋","3231","緯創","68.00","＋","認購","美式","112年04月20日","112年04月20日","112年12月15日","112年12月19日","0.286","    50.70","","",
="042337","群創元大2B購10","0.00","","3481","群創","14.10","＋","認購","美式","112年04月20日","112年04月20日","112年11月16日","112年11月20日","1.00","    19.80","","",
="042338","健策元大2A購16","4.67","＋","3653","健策","616.00","＋","認購","美式","112年04月20日","112年04月20日","112年10月17日","112年10月19日","0.051","    609.00","","",
="042339","世芯元大2B購07","2.53","＋","3661","世芯-KY","1,660.00","＋","認購","美式","112年04月20日","112年04月20日","112年11月16日","112年11月20日","0.008","    1,720.00","","",
="04233U","晶睿元大28售04","0.00","","3454","晶睿","182.50","＋","認售","歐式","112年02月10日","112年08月09日","112年08月07日","112年08月09日","0.087","    129.00","","",
="042340","TPK元大2A購01","1.34","＋","3673","TPK-KY","41.75","＋","認購","美式","112年04月20日","112年04月20日","112年10月17日","112年10月19日","0.422","    47.58","","",
="042341","TPK元大2A購02","1.51","＋","3673","TPK-KY","41.75","＋","認購","美式","112年04月20日","112年04月20日","112年10月17日","112年10月19日","0.329","    43.44","","",
="042342","大眾控元大2A購01","1.92","＋","3701","大眾控","67.10","＋","認購","美式","112年04月20日","112年04月20日","112年10月17日","112年10月19日","0.228","    68.02","","",
="042343","大眾控元大2A購02","2.43","","3701","大眾控","67.10","＋","認購","美式","112年04月20日","112年04月20日","112年10月17日","112年10月19日","0.184","    62.11","","",
="042344","樺漢元大2A購03","1.12","－","6414","樺漢","281.00","＋","認購","美式","112年04月20日","112年04月20日","112年10月17日","112年10月19日","0.029","    265.00","","",
="042345","愛普元大2A購08","0.00","","6531","愛普*","328.50","＋","認購","美式","112年04月20日","112年04月20日","112年10月17日","112年10月19日","0.028","    315.00","","",
="042346","愛普元大2B購08","0.00","","6531","愛普*","328.50","＋","認購","美式","112年04月20日","112年04月20日","112年11月16日","112年11月20日","0.03","    355.00","","",
="042347","愛普元大2C購01","1.51","＋","6531","愛普*","328.50","＋","認購","美式","112年04月20日","112年04月20日","112年12月15日","112年12月19日","0.051","    470.00","","",
="042348","晶心科元大2B購05","1.37","","6533","晶心科","511.00","＋","認購","美式","112年04月20日","112年04月20日","112年11月16日","112年11月20日","0.034","    660.00","","",
="042349","嘉基元大2A購01","0.54","－","6715","嘉基","145.50","＋","認購","美式","112年04月20日","112年04月20日","112年10月17日","112年10月19日","0.05","    192.00","","",
="04234U","嘉澤元大28售04","0.00","","3533","嘉澤","909.00","－","認售","歐式","112年02月10日","112年08月09日","112年08月07日","112年08月09日","0.081","    558.27","","",
="042350","視陽元大2A購03","0.00","","6782","視陽","230.00","＋","認購","美式","112年04月20日","112年04月20日","112年10月17日","112年10月19日","0.021","    345.00","","",
="042351","視陽元大2C購01","0.00","","6782","視陽","230.00","＋","認購","美式","112年04月20日","112年04月20日","112年12月15日","112年12月19日","0.032","    490.00","","",
="042352","巨大元大2A購04","0.74","－","9921","巨大","201.00","＋","認購","美式","112年04月20日","112年04月20日","112年10月17日","112年10月19日","0.188","    280.00","","",
="042353","世紀鋼元大2B購02","0.60","＋","9958","世紀鋼","109.50","＋","認購","美式","112年04月20日","112年04月20日","112年11月16日","112年11月20日","0.07","    128.50","","",
="042354","堤維西統一32購01","0.00","","1522","堤維西","29.10","＋","認購","美式","112年04月20日","112年04月20日","113年02月15日","113年02月19日","0.15","    36.70","","",
="042355","和大統一2B購01","0.00","","1536","和大","71.40","＋","認購","美式","112年04月20日","112年04月20日","112年11月16日","112年11月20日","0.065","    78.40","","",
="042356","亞德客統一32購01","0.42","","1590","亞德客-KY","1,040.00","＋","認購","美式","112年04月20日","112年04月20日","113年02月15日","113年02月19日","0.003","    1,278.70","","",
="042357","華新統一2C購05","0.00","","1605","華新","46.60","＋","認購","美式","112年04月20日","112年04月20日","112年12月15日","112年12月19日","0.125","    57.60","","",
="042358","大亞統一34購01","0.84","＋","1609","大亞","31.00","＋","認購","美式","112年04月20日","112年04月20日","113年04月17日","113年04月19日","0.15","    39.99","","",
="042359","裕隆統一31購01","0.00","","2201","裕隆","82.80","＋","認購","美式","112年04月20日","112年04月20日","113年01月17日","113年01月19日","0.055","    101.50","","",
="04235U","祥碩元大28售04","0.04","－","5269","祥碩","1,300.00","＋","認售","歐式","112年02月10日","112年08月09日","112年08月07日","112年08月09日","0.032","    619.00","","",
="042360","中華統一2C購01","1.67","－","2204","中華","91.60","－","認購","美式","112年04月20日","112年04月20日","112年12月15日","112年12月19日","0.068","    75.00","","",
="042361","光寶科統一2C購01","1.01","＋","2301","光寶科","86.40","＋","認購","美式","112年04月20日","112年04月20日","112年12月15日","112年12月19日","0.078","    88.88","","",
="042362","台達電統一32購01","0.63","－","2308","台達電","315.50","－","認購","美式","112年04月20日","112年04月20日","113年02月15日","113年02月19日","0.015","    352.40","","",
="042363","國巨統一2A購05","0.47","＋","2327","國巨","508.00","＋","認購","美式","112年04月20日","112年04月20日","112年10月17日","112年10月19日","0.015","    611.60","","",
="042364","瑞昱統一2B購01","0.65","＋","2379","瑞昱","388.00","＋","認購","美式","112年04月20日","112年04月20日","112年11月16日","112年11月20日","0.013","    413.10","","",
="042365","南亞科統一2C購02","0.73","－","2408","南亞科","71.20","－","認購","美式","112年04月20日","112年04月20日","112年12月15日","112年12月19日","0.077","    77.77","","",
="042366","興勤統一34購01","0.57","","2428","興勤","156.50","＋","認購","美式","112年04月20日","112年04月20日","113年04月17日","113年04月19日","0.02","    222.22","","",
="042367","飛宏統一2C購02","0.64","＋","2457","飛宏","76.40","＋","認購","美式","112年04月20日","112年04月20日","112年12月15日","112年12月19日","0.055","    88.60","","",
="042368","長榮統一34購02","0.60","＋","2603","長榮","157.00","＋","認購","美式","112年04月20日","112年04月20日","113年04月17日","113年04月19日","0.035","    200.00","","",
="042369","華航統一34購01","0.69","＋","2610","華航","21.65","＋","認購","美式","112年04月20日","112年04月20日","113年04月17日","113年04月19日","0.18","    22.22","","",
="04236P","台積電元大26售28","0.00","","2330","台積電","568.00","＋","認售","歐式","111年12月08日","112年06月07日","112年06月05日","112年06月07日","0.034","    479.14","","",
="04236U","晶心科元大28售05","0.63","－","6533","晶心科","511.00","＋","認售","歐式","112年02月10日","112年08月09日","112年08月07日","112年08月09日","0.019","    413.50","","",
="042370","漢翔統一32購02","0.00","","2634","漢翔","55.80","＋","認購","美式","112年04月20日","112年04月20日","113年02月15日","113年02月19日","0.075","    86.00","","",
="042371","晶華統一2B購02","0.58","＋","2707","晶華","288.00","＋","認購","美式","112年04月20日","112年04月20日","112年11月16日","112年11月20日","0.016","    330.50","","",
="042372","大立光統一2C購01","0.95","＋","3008","大立光","2,305.00","＋","認購","美式","112年04月20日","112年04月20日","112年12月15日","112年12月19日","0.002","    1,999.99","","",
="042373","敦泰統一31購02","0.66","","3545","敦泰","83.70","＋","認購","美式","112年04月20日","112年04月20日","113年01月17日","113年01月19日","0.05","    100.00","","",
="042374","世芯統一2C購08","1.10","＋","3661","世芯-KY","1,660.00","＋","認購","美式","112年04月20日","112年04月20日","112年12月15日","112年12月19日","0.002","    1,326.10","","",
="042375","TPK統一33購01","0.99","－","3673","TPK-KY","41.75","＋","認購","美式","112年04月20日","112年04月20日","113年03月15日","113年03月19日","0.128","    46.66","","",
="042376","大眾控統一32購01","0.93","＋","3701","大眾控","67.10","＋","認購","美式","112年04月20日","112年04月20日","113年02月15日","113年02月19日","0.07","    70.90","","",
="042377","大眾控統一34購01","0.87","＋","3701","大眾控","67.10","＋","認購","美式","112年04月20日","112年04月20日","113年04月17日","113年04月19日","0.05","    77.77","","",
="042378","聯茂統一2B購01","0.00","","6213","聯茂","72.30","＋","認購","美式","112年04月20日","112年04月20日","112年11月16日","112年11月20日","0.065","    83.20","","",
="042379","矽力統一2C購01","0.36","＋","6415","矽力*-KY","394.50","＋","認購","美式","112年04月20日","112年04月20日","112年12月15日","112年12月19日","0.01","    578.50","","",
="04237P","臺股指麥證26售12","0.00","","IX0001","臺股指數","16,636.30","","認售","歐式","111年10月14日","112年06月13日","112年06月09日","112年06月13日","0.001","    13,000.00","","",
="04237U","緯穎元大28售04","0.12","－","6669","緯穎","1,205.00","＋","認售","歐式","112年02月10日","112年08月09日","112年08月07日","112年08月09日","0.03","    682.00","","",
="042380","裕隆元富31購03","1.46","－","2201","裕隆","82.80","＋","認購","美式","112年04月20日","112年04月20日","113年01月17日","113年01月19日","0.11","    83.00","","",
="042381","台達電元富2C購02","1.18","－","2308","台達電","315.50","－","認購","美式","112年04月20日","112年04月20日","112年12月15日","112年12月19日","0.045","    345.00","","",
="042382","飛宏元富2A購02","0.76","＋","2457","飛宏","76.40","＋","認購","美式","112年04月20日","112年04月20日","112年10月17日","112年10月19日","0.23","    110.00","","",
="042383","嘉澤元富2C購01","5.55","＋","3533","嘉澤","909.00","－","認購","美式","112年04月20日","112年04月20日","112年12月15日","112年12月19日","0.075","    1,100.00","","",
="042384","承業醫元富2A購01","0.00","","4164","承業醫","64.10","","認購","美式","112年04月20日","112年04月20日","112年10月17日","112年10月19日","0.123","    73.00","","",
="042385","康普元富2C購01","0.00","","4739","康普","88.80","＋","認購","美式","112年04月20日","112年04月20日","112年12月15日","112年12月19日","0.13","    138.00","","",
="042386","康普元富2C購02","0.00","","4739","康普","88.80","＋","認購","美式","112年04月20日","112年04月20日","112年12月15日","112年12月19日","0.10","    120.00","","",
="042387","天鈺元富31購01","0.64","－","4961","天鈺","154.00","＋","認購","美式","112年04月20日","112年04月20日","113年01月17日","113年01月19日","0.07","    220.00","","",
="042388","洋基元富2A購02","0.00","","6691","洋基工程","297.00","＋","認購","美式","112年04月20日","112年04月20日","112年10月17日","112年10月19日","0.06","    350.00","","",
="042389","視陽元富31購02","0.00","","6782","視陽","230.00","＋","認購","美式","112年04月20日","112年04月20日","113年01月17日","113年01月19日","0.04","    450.00","","",
="04238U","S&P500國票28售01","0.61","－",="00646","元大S&P500","40.02","＋","認售","歐式","112年02月13日","112年08月14日","112年08月10日","112年08月14日","0.60","    38.00","","",
="042390","富鼎元富2A購01","0.89","","8261","富鼎","106.50","＋","認購","美式","112年04月20日","112年04月20日","112年10月17日","112年10月19日","0.137","    140.00","","",
="042391","世紀鋼元富31購01","1.26","＋","9958","世紀鋼","109.50","＋","認購","美式","112年04月20日","112年04月20日","113年01月17日","113年01月19日","0.15","    150.00","","",
="042392","華新麥證31購01","0.00","","1605","華新","46.60","＋","認購","歐式","112年04月20日","113年01月19日","113年01月17日","113年01月19日","0.33","    75.00","","",
="042393","國巨麥證2A購02","1.26","＋","2327","國巨","508.00","＋","認購","歐式","112年04月20日","112年10月19日","112年10月17日","112年10月19日","0.135","    700.00","","",
="042394","國巨麥證2C購01","1.04","＋","2327","國巨","508.00","＋","認購","歐式","112年04月20日","112年12月19日","112年12月15日","112年12月19日","0.02","    570.00","","",
="042395","聯發科麥證31購01","1.85","＋","2454","聯發科","738.00","＋","認購","歐式","112年04月20日","113年01月19日","113年01月17日","113年01月19日","0.018","    760.00","","",
="042396","大立光麥證2A購01","7.10","＋","3008","大立光","2,305.00","＋","認購","歐式","112年04月20日","112年10月19日","112年10月17日","112年10月19日","0.08","    3,000.00","","",
="042397","大立光麥證34購01","0.00","","3008","大立光","2,305.00","＋","認購","歐式","112年04月20日","113年04月19日","113年04月17日","113年04月19日","0.004","    2,400.00","","",
="042398","欣興麥證31購01","3.35","－","3037","欣興","182.50","－","認購","歐式","112年04月20日","113年01月19日","113年01月17日","113年01月19日","0.13","    208.00","","",
="042399","巨大麥證2A購01","1.05","","9921","巨大","201.00","＋","認購","歐式","112年04月20日","112年10月19日","112年10月17日","112年10月19日","0.05","    200.00","","",
="04239P","臺股指麥證27售05","0.00","","IX0001","臺股指數","16,636.30","","認售","歐式","111年10月14日","112年07月13日","112年07月11日","112年07月13日","0.003","    11,000.00","","",
="04239U","健策國票29售02","0.00","","3653","健策","616.00","＋","認售","歐式","112年02月13日","112年09月12日","112年09月08日","112年09月12日","0.04","    340.00","","",
="042400","茂順麥證2A購01","1.07","－","9942","茂順","155.00","－","認購","歐式","112年04月20日","112年10月19日","112年10月17日","112年10月19日","0.12","    200.00","","",
="042401","中興電群益2B購01","0.86","＋","1513","中興電","113.50","＋","認購","美式","112年04月20日","112年04月20日","112年11月16日","112年11月20日","0.148","    148.00","","",
="042402","永冠群益2A購01","0.42","－","1589","永冠-KY","71.60","－","認購","美式","112年04月20日","112年04月20日","112年10月17日","112年10月19日","0.30","    105.00","","",
="042403","華新群益2B購01","0.00","","1605","華新","46.60","＋","認購","美式","112年04月20日","112年04月20日","112年11月16日","112年11月20日","0.30","    64.00","","",
="042404","裕隆群益2B購03","3.76","＋","2201","裕隆","82.80","＋","認購","美式","112年04月20日","112年04月20日","112年11月16日","112年11月20日","0.40","    90.00","","",
="042405","中華群益2A購01","8.95","－","2204","中華","91.60","－","認購","美式","112年04月20日","112年04月20日","112年10月17日","112年10月19日","0.60","    88.88","","",
="042406","光寶科群益2A購02","3.96","＋","2301","光寶科","86.40","＋","認購","美式","112年04月20日","112年04月20日","112年10月17日","112年10月19日","0.40","    80.00","","",
="042407","金像電群益2B購01","1.63","","2368","金像電","121.50","","認購","美式","112年04月20日","112年04月20日","112年11月16日","112年11月20日","0.11","    124.80","","",
="042408","台光電群益2A購01","1.09","＋","2383","台光電","204.50","＋","認購","美式","112年04月20日","112年04月20日","112年10月17日","112年10月19日","0.04","    200.00","","",
="042409","威盛群益2A購04","3.91","＋","2388","威盛","83.10","＋","認購","美式","112年04月20日","112年04月20日","112年10月17日","112年10月19日","0.55","    101.00","","",
="04240U","台積電兆豐29售04","0.44","","2330","台積電","568.00","＋","認售","歐式","112年02月13日","112年09月12日","112年09月08日","112年09月12日","0.033","    497.31","","",
="042410","南亞科群益2B購02","1.30","＋","2408","南亞科","71.20","－","認購","美式","112年04月20日","112年04月20日","112年11月16日","112年11月20日","0.35","    84.80","","",
="042411","全新群益2A購01","1.45","＋","2455","全新","100.00","","認購","美式","112年04月20日","112年04月20日","112年10月17日","112年10月19日","0.15","    120.00","","",
="042412","宏達電群益2B購03","1.65","＋","2498","宏達電","61.50","＋","認購","美式","112年04月20日","112年04月20日","112年11月16日","112年11月20日","0.35","    71.00","","",
="042413","漢翔群益2A購03","0.82","＋","2634","漢翔","55.80","＋","認購","美式","112年04月20日","112年04月20日","112年10月17日","112年10月19日","0.30","    72.80","","",
="042414","慧洋群益2B購01","0.00","","2637","慧洋-KY","60.30","＋","認購","美式","112年04月20日","112年04月20日","112年11月16日","112年11月20日","0.336","    73.87","","",
="042415","晶華群益2A購03","2.86","＋","2707","晶華","288.00","＋","認購","美式","112年04月20日","112年04月20日","112年10月17日","112年10月19日","0.20","    371.00","","",
="042416","大立光群益2B購01","1.47","＋","3008","大立光","2,305.00","＋","認購","美式","112年04月20日","112年04月20日","112年11月16日","112年11月20日","0.01","    2,580.00","","",
="042417","零壹群益2C購01","3.88","＋","3029","零壹","67.30","＋","認購","美式","112年04月20日","112年04月20日","112年12月15日","112年12月19日","0.80","    88.88","","",
="042418","聯詠群益2A購02","0.00","","3034","聯詠","423.50","＋","認購","美式","112年04月20日","112年04月20日","112年10月17日","112年10月19日","0.11","    580.00","","",
="042419","智原群益2A購03","1.04","＋","3035","智原","173.50","＋","認購","美式","112年04月20日","112年04月20日","112年10月17日","112年10月19日","0.08","    204.00","","",
="04241P","聯發科元大26售21","0.00","","2454","聯發科","738.00","＋","認售","歐式","111年12月08日","112年06月07日","112年06月05日","112年06月07日","0.09","    532.00","","",
="04241U","聯發科統一32售03","0.52","－","2454","聯發科","738.00","＋","認售","歐式","112年02月13日","113年02月15日","113年02月02日","113年02月15日","0.007","    670.10","","",
="042420","全科群益2C購01","0.00","","3209","全科","41.75","＋","認購","美式","112年04月20日","112年04月20日","112年12月15日","112年12月19日","0.40","    53.00","","",
="042421","華擎群益2A購02","2.01","＋","3515","華擎","154.00","＋","認購","美式","112年04月20日","112年04月20日","112年10月17日","112年10月19日","0.20","    216.00","","",
="042422","康普群益2B購01","0.36","＋","4739","康普","88.80","＋","認購","美式","112年04月20日","112年04月20日","112年11月16日","112年11月20日","0.10","    125.00","","",
="042423","天鈺群益2B購02","0.00","","4961","天鈺","154.00","＋","認購","美式","112年04月20日","112年04月20日","112年11月16日","112年11月20日","0.10","    248.00","","",
="042424","帆宣群益2A購01","0.79","－","6196","帆宣","131.50","","認購","美式","112年04月20日","112年04月20日","112年10月17日","112年10月19日","0.16","    173.00","","",
="042425","視陽群益2B購01","0.00","","6782","視陽","230.00","＋","認購","美式","112年04月20日","112年04月20日","112年11月16日","112年11月20日","0.03","    400.00","","",
="042426","視陽群益31購01","0.00","","6782","視陽","230.00","＋","認購","美式","112年04月20日","112年04月20日","113年01月17日","113年01月19日","0.04","    491.00","","",
="042427","矽創群益2B購01","0.62","＋","8016","矽創","225.50","＋","認購","美式","112年04月20日","112年04月20日","112年11月16日","112年11月20日","0.085","    318.00","","",
="042428","致新群益2B購02","1.14","","8081","致新","191.50","＋","認購","美式","112年04月20日","112年04月20日","112年11月16日","112年11月20日","0.08","    238.80","","",
="042429","臺股指群益2A購13","0.00","","IX0001","臺股指數","16,636.30","","認購","歐式","112年04月20日","112年10月19日","112年10月17日","112年10月19日","0.003","    15,100.00","","",
="04242P","振樺電元大26售02","0.00","","8114","振樺電","108.00","","認售","歐式","111年10月20日","112年06月19日","112年06月15日","112年06月19日","0.04","    110.00","","",
="04242U","聯詠統一29售04","0.00","","3034","聯詠","423.50","＋","認售","歐式","112年02月13日","112年09月12日","112年09月08日","112年09月12日","0.028","    360.00","","",
="042430","臺股指群益2A購14","0.00","","IX0001","臺股指數","16,636.30","","認購","歐式","112年04月20日","112年10月19日","112年10月17日","112年10月19日","0.005","    15,800.00","","",
="042431","臺股指群益2A購15","0.00","","IX0001","臺股指數","16,636.30","","認購","歐式","112年04月20日","112年10月19日","112年10月17日","112年10月19日","0.005","    16,600.00","","",
="042432","臺股指群益2A購16","1.64","＋","IX0001","臺股指數","16,636.30","","認購","歐式","112年04月20日","112年10月19日","112年10月17日","112年10月19日","0.005","    17,500.00","","",
="042433","臺股指群益2A購17","1.03","＋","IX0001","臺股指數","16,636.30","","認購","歐式","112年04月20日","112年10月19日","112年10月17日","112年10月19日","0.007","    18,500.00","","",
="042434","元債2X中信31購01","0.00","",="00680L","元大美債20正2","10.96","＋","認購","歐式","112年04月21日","113年01月22日","113年01月18日","113年01月22日","1.00","    16.00","","",
="042435","飛宏中信2B購01","0.40","＋","2457","飛宏","76.40","＋","認購","歐式","112年04月21日","112年11月20日","112年11月16日","112年11月20日","0.058","    112.00","","",
="042436","世芯中信2B購01","1.92","＋","3661","世芯-KY","1,660.00","＋","認購","歐式","112年04月21日","112年11月20日","112年11月16日","112年11月20日","0.005","    1,500.00","","",
="042437","晶豪科康和2C購01","0.57","＋","3006","晶豪科","88.20","＋","認購","美式","112年04月21日","112年04月21日","112年12月18日","112年12月20日","0.15","    130.00","","",
="042438","力智康和2A購01","0.00","","6719","力智","303.00","＋","認購","美式","112年04月21日","112年04月21日","112年10月18日","112年10月20日","0.04","    449.00","","",
="042439","聯發科永豐2C購02","0.00","","2454","聯發科","738.00","＋","認購","美式","112年04月21日","112年04月21日","112年12月18日","112年12月20日","0.039","    869.46","","",
="04243U","台灣50中信29售03","0.59","－",="0050","元大台灣50","126.75","＋","認售","歐式","112年02月13日","112年09月12日","112年09月08日","112年09月12日","0.16","    120.00","","",
="042440","合勤控永豐2C購01","0.69","＋","3704","合勤控","43.85","＋","認購","美式","112年04月21日","112年04月21日","112年12月18日","112年12月20日","0.21","    59.57","","",
="042441","力智永豐2B購01","0.31","","6719","力智","303.00","＋","認購","美式","112年04月21日","112年04月21日","112年11月16日","112年11月20日","0.037","    477.56","","",
="042442","勤誠永豐2B購01","0.92","＋","8210","勤誠","101.00","＋","認購","美式","112年04月21日","112年04月21日","112年11月16日","112年11月20日","0.055","    102.18","","",
="042443","東陽凱基2B購01","1.05","","1319","東陽","49.90","＋","認購","美式","112年04月21日","112年04月21日","112年11月16日","112年11月20日","0.35","    61.00","","",
="042444","士電凱基2A購03","0.00","","1503","士電","143.50","＋","認購","美式","112年04月21日","112年04月21日","112年10月18日","112年10月20日","0.10","    105.00","","",
="042445","中興電凱基2B購02","0.00","","1513","中興電","113.50","＋","認購","美式","112年04月21日","112年04月21日","112年11月16日","112年11月20日","0.24","    160.00","","",
="042446","生達凱基2A購01","0.78","＋","1720","生達","70.80","＋","認購","美式","112年04月21日","112年04月21日","112年10月18日","112年10月20日","0.12","    88.01","","",
="042447","生達凱基2B購01","0.00","","1720","生達","70.80","＋","認購","美式","112年04月21日","112年04月21日","112年11月16日","112年11月20日","0.15","    101.55","","",
="042448","友訊凱基2A購01","1.25","＋","2332","友訊","19.95","＋","認購","美式","112年04月21日","112年04月21日","112年10月18日","112年10月20日","0.60","    20.00","","",
="042449","友訊凱基2B購01","1.09","＋","2332","友訊","19.95","＋","認購","美式","112年04月21日","112年04月21日","112年11月16日","112年11月20日","1.00","    24.00","","",
="04244U","群創中信28售02","0.40","－","3481","群創","14.10","＋","認售","歐式","112年02月13日","112年08月14日","112年08月10日","112年08月14日","1.00","    12.00","","",
="042450","毅嘉凱基2C購02","1.24","","2402","毅嘉","28.70","＋","認購","美式","112年04月21日","112年04月21日","112年12月18日","112年12月20日","0.50","    36.00","","",
="042451","建準凱基2A購03","0.00","","2421","建準","89.00","＋","認購","美式","112年04月21日","112年04月21日","112年10月18日","112年10月20日","0.40","    65.00","","",
="042452","建準凱基2C購01","0.00","","2421","建準","89.00","＋","認購","美式","112年04月21日","112年04月21日","112年12月18日","112年12月20日","0.60","    77.00","","",
="042453","鉅祥凱基2A購02","0.00","","2476","鉅祥","50.40","＋","認購","美式","112年04月21日","112年04月21日","112年10月18日","112年10月20日","0.60","    80.00","","",
="042454","強茂凱基2A購02","1.09","","2481","強茂","70.20","＋","認購","美式","112年04月21日","112年04月21日","112年10月18日","112年10月20日","0.20","    75.00","","",
="042455","強茂凱基2A購03","0.62","","2481","強茂","70.20","＋","認購","美式","112年04月21日","112年04月21日","112年10月18日","112年10月20日","0.55","    100.00","","",
="042456","神基凱基2A購02","2.78","＋","3005","神基","69.40","＋","認購","美式","112年04月21日","112年04月21日","112年10月18日","112年10月20日","0.50","    73.00","","",
="042457","晶豪科凱基2C購01","0.00","","3006","晶豪科","88.20","＋","認購","美式","112年04月21日","112年04月21日","112年12月18日","112年12月20日","0.10","    105.00","","",
="042458","總太凱基2A購01","0.00","","3056","總太","48.60","＋","認購","美式","112年04月21日","112年04月21日","112年10月18日","112年10月20日","0.50","    68.00","","",
="042459","TPK凱基2A購02","0.94","＋","3673","TPK-KY","41.75","＋","認購","美式","112年04月21日","112年04月21日","112年10月18日","112年10月20日","0.45","    51.84","","",
="04245P","聯發科元大26售22","0.00","","2454","聯發科","738.00","＋","認售","歐式","111年12月08日","112年06月07日","112年06月05日","112年06月07日","0.084","    547.00","","",
="04245U","世芯國泰2A售02","0.18","－","3661","世芯-KY","1,660.00","＋","認售","歐式","112年02月13日","112年10月12日","112年10月06日","112年10月12日","0.018","    700.00","","",
="042460","TPK凱基2C購01","1.29","＋","3673","TPK-KY","41.75","＋","認購","美式","112年04月21日","112年04月21日","112年12月18日","112年12月20日","0.50","    59.81","","",
="042461","合勤控凱基2A購01","1.09","","3704","合勤控","43.85","＋","認購","美式","112年04月21日","112年04月21日","112年10月18日","112年10月20日","0.70","    65.00","","",
="042462","上品凱基2A購01","1.30","＋","4770","上品","297.00","＋","認購","美式","112年04月21日","112年04月21日","112年10月18日","112年10月20日","0.05","    350.00","","",
="042463","正文凱基2A購01","0.68","","4906","正文","31.40","＋","認購","美式","112年04月21日","112年04月21日","112年10月18日","112年10月20日","1.00","    40.00","","",
="042464","愛普凱基2B購01","1.79","＋","6531","愛普*","328.50","＋","認購","美式","112年04月21日","112年04月21日","112年11月16日","112年11月20日","0.04","    340.00","","",
="042465","力智凱基2A購03","0.00","","6719","力智","303.00","＋","認購","美式","112年04月21日","112年04月21日","112年10月18日","112年10月20日","0.035","    415.00","","",
="042466","視陽凱基2A購01","0.00","","6782","視陽","230.00","＋","認購","美式","112年04月21日","112年04月21日","112年10月18日","112年10月20日","0.022","    350.00","","",
="042467","視陽凱基2B購01","0.00","","6782","視陽","230.00","＋","認購","美式","112年04月21日","112年04月21日","112年11月16日","112年11月20日","0.03","    400.00","","",
="042468","視陽凱基2C購01","0.00","","6782","視陽","230.00","＋","認購","美式","112年04月21日","112年04月21日","112年12月18日","112年12月20日","0.04","    475.00","","",
="042469","致新凱基2B購01","0.93","","8081","致新","191.50","＋","認購","美式","112年04月21日","112年04月21日","112年11月16日","112年11月20日","0.07","    240.00","","",
="04246U","裕隆富邦2B售03","0.68","＋","2201","裕隆","82.80","＋","認售","歐式","112年02月13日","112年11月13日","112年11月09日","112年11月13日","0.10","    70.00","","",
="042470","明基材凱基2A購01","0.00","","8215","明基材","35.30","＋","認購","美式","112年04月21日","112年04月21日","112年10月18日","112年10月20日","0.50","    50.00","","",
="042471","東元兆豐2C購01","0.00","","1504","東元","51.80","＋","認購","美式","112年04月21日","112年04月21日","112年12月18日","112年12月20日","0.18","    48.80","","",
="042472","華新兆豐2B購01","0.80","＋","1605","華新","46.60","＋","認購","美式","112年04月21日","112年04月21日","112年11月16日","112年11月20日","0.25","    58.00","","",
="042473","漢唐兆豐33購01","1.63","＋","2404","漢唐","227.50","＋","認購","美式","112年04月21日","112年04月21日","113年03月18日","113年03月20日","0.05","    228.00","","",
="042474","聯發科兆豐2A購04","1.32","＋","2454","聯發科","738.00","＋","認購","美式","112年04月21日","112年04月21日","112年10月18日","112年10月20日","0.015","    725.00","","",
="042475","飛宏兆豐2C購01","0.94","＋","2457","飛宏","76.40","＋","認購","美式","112年04月21日","112年04月21日","112年12月18日","112年12月20日","0.18","    100.00","","",
="042476","強茂兆豐2B購01","0.59","","2481","強茂","70.20","＋","認購","美式","112年04月21日","112年04月21日","112年11月16日","112年11月20日","0.13","    83.00","","",
="042477","聯詠兆豐33購01","0.00","","3034","聯詠","423.50","＋","認購","美式","112年04月21日","112年04月21日","113年03月18日","113年03月20日","0.028","    528.00","","",
="042478","美債2X元大2A購02","0.51","",="00688L","國泰20年美債正2","10.74","＋","認購","美式","112年04月21日","112年04月21日","112年10月18日","112年10月20日","0.60","    12.00","","",
="042479","八貫元大2A購05","0.00","","1342","八貫","126.50","＋","認購","美式","112年04月21日","112年04月21日","112年10月18日","112年10月20日","0.054","    193.50","","",
="04247U","聯電元大28售05","0.91","－","2303","聯電","51.20","＋","認售","歐式","112年02月13日","112年08月14日","112年08月10日","112年08月14日","0.399","    46.50","","",
="042480","士電元大2A購03","5.70","＋","1503","士電","143.50","＋","認購","美式","112年04月21日","112年04月21日","112年10月18日","112年10月20日","0.162","    129.00","","",
="042481","士電元大2C購01","5.70","＋","1503","士電","143.50","＋","認購","美式","112年04月21日","112年04月21日","112年12月18日","112年12月20日","0.17","    145.00","","",
="042482","東元元大2A購05","2.36","＋","1504","東元","51.80","＋","認購","美式","112年04月21日","112年04月21日","112年10月18日","112年10月20日","0.656","    64.50","","",
="042483","中興電元大2B購03","1.19","＋","1513","中興電","113.50","＋","認購","美式","112年04月21日","112年04月21日","112年11月16日","112年11月20日","0.162","    150.00","","",
="042484","生達元大2A購02","1.45","＋","1720","生達","70.80","＋","認購","美式","112年04月21日","112年04月21日","112年10月18日","112年10月20日","0.124","    72.70","","",
="042485","中華元大2A購01","0.00","","2204","中華","91.60","－","認購","美式","112年04月21日","112年04月21日","112年10月18日","112年10月20日","0.222","    75.90","","",
="042486","鴻海元大2B購21","0.00","","2317","鴻海","105.50","＋","認購","美式","112年04月21日","112年04月21日","112年11月16日","112年11月20日","0.225","    135.00","","",
="042487","鴻海元大2C購15","0.55","＋","2317","鴻海","105.50","＋","認購","美式","112年04月21日","112年04月21日","112年12月18日","112年12月20日","0.216","    139.00","","",
="042488","台積電元大2B購22","0.00","","2330","台積電","568.00","＋","認購","美式","112年04月21日","112年04月21日","112年11月16日","112年11月20日","0.055","    521.00","","",
="042489","台積電元大2C購07","3.78","","2330","台積電","568.00","＋","認購","美式","112年04月21日","112年04月21日","112年12月18日","112年12月20日","0.069","    581.00","","",
="04248U","聯電元大28售06","0.00","","2303","聯電","51.20","＋","認售","歐式","112年02月13日","112年08月14日","112年08月10日","112年08月14日","0.353","    49.15","","",
="042490","台積電元大31購02","3.10","","2330","台積電","568.00","＋","認購","美式","112年04月21日","112年04月21日","113年01月18日","113年01月22日","0.048","    569.00","","",
="042491","友訊元大2A購01","0.00","","2332","友訊","19.95","＋","認購","美式","112年04月21日","112年04月21日","112年10月18日","112年10月20日","0.90","    26.00","","",
="042492","華邦電元大2B購05","1.25","＋","2344","華邦電","26.90","＋","認購","美式","112年04月21日","112年04月21日","112年11月16日","112年11月20日","0.583","    31.20","","",
="042493","英業達元大2A購03","2.42","＋","2356","英業達","37.50","＋","認購","美式","112年04月21日","112年04月21日","112年10月18日","112年10月20日","1.00","    42.50","","",
="042494","致茂元大2A購02","0.00","","2360","致茂","226.50","＋","認購","美式","112年04月21日","112年04月21日","112年10月18日","112年10月20日","0.039","    178.00","","",
="042495","燿華元大2A購01","0.00","","2367","燿華","18.05","＋","認購","美式","112年04月21日","112年04月21日","112年10月18日","112年10月20日","0.645","    22.70","","",
="042496","燿華元大2C購01","0.00","","2367","燿華","18.05","＋","認購","美式","112年04月21日","112年04月21日","112年12月18日","112年12月20日","0.699","    24.30","","",
="042497","南亞科元大2A購05","0.68","","2408","南亞科","71.20","－","認購","美式","112年04月21日","112年04月21日","112年10月18日","112年10月20日","0.45","    100.00","","",
="042498","興勤元大2A購03","0.00","","2428","興勤","156.50","＋","認購","美式","112年04月21日","112年04月21日","112年10月18日","112年10月20日","0.065","    204.50","","",
="042499","全新元大2A購04","0.83","＋","2455","全新","100.00","","認購","美式","112年04月21日","112年04月21日","112年10月18日","112年10月20日","0.061","    104.50","","",
="04249P","大立光元大26售13","0.00","","3008","大立光","2,305.00","＋","認售","歐式","111年12月08日","112年06月07日","112年06月05日","112年06月07日","0.007","    2,019.07","","",
="04249U","聯電元大28售07","1.10","","2303","聯電","51.20","＋","認售","歐式","112年02月13日","112年08月14日","112年08月10日","112年08月14日","0.296","    50.30","","",
="042500","華新科元大2A購03","0.00","","2492","華新科","101.00","＋","認購","美式","112年04月21日","112年04月21日","112年10月18日","112年10月20日","0.145","    155.00","","",
="042501","華新科元大2B購02","0.00","","2492","華新科","101.00","＋","認購","美式","112年04月21日","112年04月21日","112年11月16日","112年11月20日","0.055","    126.00","","",
="042502","裕民元大2B購03","0.71","＋","2606","裕民","49.75","＋","認購","美式","112年04月21日","112年04月21日","112年11月16日","112年11月20日","0.239","    64.50","","",
="042503","裕民元大2C購01","0.00","","2606","裕民","49.75","＋","認購","美式","112年04月21日","112年04月21日","112年12月18日","112年12月20日","0.493","    85.00","","",
="042504","雲品元大2A購02","0.89","－","2748","雲品","90.00","－","認購","美式","112年04月21日","112年04月21日","112年10月18日","112年10月20日","0.064","    98.00","","",
="042505","雲品元大2C購01","0.90","－","2748","雲品","90.00","－","認購","美式","112年04月21日","112年04月21日","112年12月18日","112年12月20日","0.063","    108.00","","",
="042506","神基元大2A購05","0.00","","3005","神基","69.40","＋","認購","美式","112年04月21日","112年04月21日","112年10月18日","112年10月20日","0.357","    70.90","","",
="042507","神基元大2C購02","2.34","＋","3005","神基","69.40","＋","認購","美式","112年04月21日","112年04月21日","112年12月18日","112年12月20日","0.529","    81.80","","",
="042508","奇鋐元大2B購05","0.00","","3017","奇鋐","206.00","－","認購","美式","112年04月21日","112年04月21日","112年11月16日","112年11月20日","0.048","    171.50","","",
="042509","欣興元大2B購18","0.00","","3037","欣興","182.50","－","認購","美式","112年04月21日","112年04月21日","112年11月16日","112年11月20日","0.07","    138.50","","",
="04250P","大立光元大26售14","0.00","","3008","大立光","2,305.00","＋","認售","歐式","111年12月08日","112年06月07日","112年06月05日","112年06月07日","0.007","    2,166.09","","",
="04250U","大立光元大28售05","0.67","－","3008","大立光","2,305.00","＋","認售","歐式","112年02月13日","112年08月14日","112年08月10日","112年08月14日","0.009","    1,965.16","","",
="042510","欣興元大2C購08","0.00","","3037","欣興","182.50","－","認購","美式","112年04月21日","112年04月21日","112年12月18日","112年12月20日","0.088","    160.50","","",
="042511","緯創元大2B購10","0.00","","3231","緯創","68.00","＋","認購","美式","112年04月21日","112年04月21日","112年11月16日","112年11月20日","0.384","    51.20","","",
="042512","緯創元大2C購08","0.00","","3231","緯創","68.00","＋","認購","美式","112年04月21日","112年04月21日","112年12月18日","112年12月20日","0.346","    52.20","","",
="042513","緯創元大31購05","0.00","","3231","緯創","68.00","＋","認購","美式","112年04月21日","112年04月21日","113年01月18日","113年01月22日","0.617","    64.00","","",
="042514","嘉澤元大2B購10","1.56","－","3533","嘉澤","909.00","－","認購","美式","112年04月21日","112年04月21日","112年11月16日","112年11月20日","0.021","    1,070.00","","",
="042515","智易元大2A購01","0.82","－","3596","智易","115.00","＋","認購","美式","112年04月21日","112年04月21日","112年10月18日","112年10月20日","0.07","    120.00","","",
="042516","康普元大2A購01","0.33","＋","4739","康普","88.80","＋","認購","美式","112年04月21日","112年04月21日","112年10月18日","112年10月20日","0.045","    100.00","","",
="042517","台耀元大2A購02","1.70","－","4746","台耀","84.00","＋","認購","美式","112年04月21日","112年04月21日","112年10月18日","112年10月20日","0.141","    89.00","","",
="042518","正文元大2A購04","0.00","","4906","正文","31.40","＋","認購","美式","112年04月21日","112年04月21日","112年10月18日","112年10月20日","0.716","    38.95","","",
="042519","正文元大2C購02","0.94","","4906","正文","31.40","＋","認購","美式","112年04月21日","112年04月21日","112年12月18日","112年12月20日","0.522","    38.10","","",
="04251P","敦泰凱基28售01","0.00","","3545","敦泰","83.70","＋","認售","歐式","111年12月08日","112年08月07日","112年08月03日","112年08月07日","0.08","    65.00","","",
="04251U","敦泰元大29售01","0.00","","3545","敦泰","83.70","＋","認售","歐式","112年02月13日","112年09月12日","112年09月08日","112年09月12日","0.133","    50.00","","",
="042520","元晶元大2A購03","0.41","","6443","元晶","36.20","＋","認購","美式","112年04月21日","112年04月21日","112年10月18日","112年10月20日","0.303","    48.30","","",
="042521","愛普元大2B購09","0.00","","6531","愛普*","328.50","＋","認購","美式","112年04月21日","112年04月21日","112年11月16日","112年11月20日","0.029","    346.00","","",
="042522","愛普元大2C購02","1.54","＋","6531","愛普*","328.50","＋","認購","美式","112年04月21日","112年04月21日","112年12月18日","112年12月20日","0.032","    386.50","","",
="042523","晶心科元大2B購06","1.44","＋","6533","晶心科","511.00","＋","認購","美式","112年04月21日","112年04月21日","112年11月16日","112年11月20日","0.021","    556.00","","",
="042524","洋基元大2A購02","0.00","","6691","洋基工程","297.00","＋","認購","美式","112年04月21日","112年04月21日","112年10月18日","112年10月20日","0.089","    382.50","","",
="042525","洋基元大2A購03","1.02","＋","6691","洋基工程","297.00","＋","認購","美式","112年04月21日","112年04月21日","112年10月18日","112年10月20日","0.064","    353.00","","",
="042526","明基材元大2A購01","0.00","","8215","明基材","35.30","＋","認購","美式","112年04月21日","112年04月21日","112年10月18日","112年10月20日","0.55","    48.70","","",
="042527","世紀鋼元大2A購05","0.40","＋","9958","世紀鋼","109.50","＋","認購","美式","112年04月21日","112年04月21日","112年10月18日","112年10月20日","0.105","    145.00","","",
="042528","虹堡國票2C購01","0.00","","5258","虹堡","91.00","＋","認購","美式","112年04月21日","112年04月21日","112年12月18日","112年12月20日","0.20","    120.00","","",
="042529","瑞祺國票2C購01","0.51","＋","6416","瑞祺電通","102.00","＋","認購","美式","112年04月21日","112年04月21日","112年12月18日","112年12月20日","0.07","    125.00","","",
="04252U","天鈺元大28售06","0.77","－","4961","天鈺","154.00","＋","認售","歐式","112年02月13日","112年08月14日","112年08月10日","112年08月14日","0.047","    148.00","","",
="042530","迅得國票2B購01","0.81","","6438","迅得","113.50","＋","認購","美式","112年04月21日","112年04月21日","112年11月16日","112年11月20日","0.075","    130.00","","",
="042531","勤誠國票2B購01","1.82","＋","8210","勤誠","101.00","＋","認購","美式","112年04月21日","112年04月21日","112年11月16日","112年11月20日","0.15","    110.00","","",
="042532","元油反國泰2C購02","0.00","",="00673R","期元大S&P原油反1(原名：元大S&P原油反1)","9.03","－","認購","美式","112年04月21日","112年04月21日","112年12月18日","112年12月20日","1.00","    9.15","","",
="042533","宏達電國泰2C購02","0.65","","2498","宏達電","61.50","＋","認購","美式","112年04月21日","112年04月21日","112年12月18日","112年12月20日","0.20","    76.50","","",
="042534","穎崴國泰2C購01","2.10","－","6515","穎崴","830.00","－","認購","美式","112年04月21日","112年04月21日","112年12月18日","112年12月20日","0.02","    950.00","","",
="042535","台灣50富邦32購01","0.00","",="0050","元大台灣50","126.75","＋","認購","美式","112年04月21日","112年04月21日","113年02月16日","113年02月20日","0.25","    130.00","","",
="042536","T50反1富邦34購01","0.00","",="00632R","元大台灣50反1","4.94","－","認購","美式","112年04月21日","112年04月21日","113年04月18日","113年04月22日","1.00","    5.15","","",
="042537","滬深2X富邦2C購02","0.28","",="00637L","元大滬深300正2","13.77","－","認購","美式","112年04月21日","112年04月21日","112年12月18日","112年12月20日","1.00","    22.00","","",
="042538","川湖富邦2C購01","0.87","＋","2059","川湖","436.00","＋","認購","美式","112年04月21日","112年04月21日","112年12月18日","112年12月20日","0.013","    440.00","","",
="042539","華通富邦2C購02","0.00","","2313","華通","44.30","＋","認購","美式","112年04月21日","112年04月21日","112年12月18日","112年12月20日","0.40","    60.00","","",
="04253U","臺股指元大2A售58","0.49","－","IX0001","臺股指數","16,636.30","","認售","歐式","112年02月13日","112年10月12日","112年10月06日","112年10月12日","0.002","    14,300.00","","",
="042540","台積電富邦2C購16","0.00","","2330","台積電","568.00","＋","認購","美式","112年04月21日","112年04月21日","112年12月18日","112年12月20日","0.05","    650.00","","",
="042541","建準富邦31購01","3.03","＋","2421","建準","89.00","＋","認購","美式","112年04月21日","112年04月21日","113年01月18日","113年01月22日","0.10","    62.50","","",
="042542","大立光富邦33購02","1.16","＋","3008","大立光","2,305.00","＋","認購","美式","112年04月21日","112年04月21日","113年03月18日","113年03月20日","0.01","    3,100.00","","",
="042543","樺漢富邦31購01","1.28","＋","6414","樺漢","281.00","＋","認購","美式","112年04月21日","112年04月21日","113年01月18日","113年01月22日","0.05","    320.00","","",
="042544","臺股指富邦2C購05","0.00","","IX0001","臺股指數","16,636.30","","認購","歐式","112年04月21日","112年12月20日","112年12月18日","112年12月20日","0.001","    16,000.00","","",
="042545","華新法興2A購01","0.00","","1605","華新","46.60","＋","認購","歐式","112年04月21日","112年10月20日","112年10月18日","112年10月20日","0.40","    70.00","","",
="042546","鴻海法興2A購01","0.97","＋","2317","鴻海","105.50","＋","認購","歐式","112年04月21日","112年10月20日","112年10月18日","112年10月20日","0.80","    128.00","","",
="042547","長榮法興2A購02","0.46","＋","2603","長榮","157.00","＋","認購","歐式","112年04月21日","112年10月20日","112年10月18日","112年10月20日","0.10","    220.00","","",
="042548","晶豪科法興2A購01","1.22","","3006","晶豪科","88.20","＋","認購","歐式","112年04月21日","112年10月20日","112年10月18日","112年10月20日","0.20","    120.00","","",
="042549","欣興法興2A購02","0.00","","3037","欣興","182.50","－","認購","歐式","112年04月21日","112年10月20日","112年10月18日","112年10月20日","0.15","    180.00","","",
="04254U","臺股指元大2A售59","0.65","－","IX0001","臺股指數","16,636.30","","認售","歐式","112年02月13日","112年10月12日","112年10月06日","112年10月12日","0.002","    14,700.00","","",
="042550","日月光法興2A購02","1.00","－","3711","日月光投控","109.00","－","認購","歐式","112年04月21日","112年10月20日","112年10月18日","112年10月20日","0.20","    125.00","","",
="042551","美債2X元富31購01","0.84","＋",="00688L","國泰20年美債正2","10.74","＋","認購","美式","112年04月21日","112年04月21日","113年01月18日","113年01月22日","1.00","    13.00","","",
="042552","第一銅元富2A購01","0.00","","2009","第一銅","32.10","＋","認購","美式","112年04月21日","112年04月21日","112年10月18日","112年10月20日","0.50","    41.58","","",
="042553","大成鋼元富2A購01","0.00","","2027","大成鋼","45.25","＋","認購","美式","112年04月21日","112年04月21日","112年10月18日","112年10月20日","0.40","    50.00","","",
="042554","建準元富2B購01","8.75","＋","2421","建準","89.00","＋","認購","美式","112年04月21日","112年04月21日","112年11月16日","112年11月20日","0.35","    64.74","","",
="042555","建準元富2B購02","0.00","","2421","建準","89.00","＋","認購","美式","112年04月21日","112年04月21日","112年11月16日","112年11月20日","0.35","    57.25","","",
="042556","聯發科元富33購03","0.00","","2454","聯發科","738.00","＋","認購","美式","112年04月21日","112年04月21日","113年03月18日","113年03月20日","0.025","    770.00","","",
="042557","聯發科元富33購04","3.13","＋","2454","聯發科","738.00","＋","認購","美式","112年04月21日","112年04月21日","113年03月18日","113年03月20日","0.025","    740.00","","",
="042558","長榮元富2A購06","2.83","＋","2603","長榮","157.00","＋","認購","美式","112年04月21日","112年04月21日","112年10月18日","112年10月20日","0.47","    200.00","","",
="042559","富邦金元富2A購01","1.59","＋","2881","富邦金","61.10","＋","認購","美式","112年04月21日","112年04月21日","112年10月18日","112年10月20日","1.00","    70.00","","",
="04255U","臺股指元大2B售23","0.74","－","IX0001","臺股指數","16,636.30","","認售","歐式","112年02月13日","112年11月13日","112年11月09日","112年11月13日","0.002","    14,500.00","","",
="042560","開發金元富2A購01","0.00","","2883","開發金","12.80","－","認購","美式","112年04月21日","112年04月21日","112年10月18日","112年10月20日","1.00","    14.00","","",
="042561","中信金元富2A購01","1.81","＋","2891","中信金","24.40","＋","認購","美式","112年04月21日","112年04月21日","112年10月18日","112年10月20日","1.00","    24.00","","",
="042562","神基元富2B購01","2.16","＋","3005","神基","69.40","＋","認購","美式","112年04月21日","112年04月21日","112年11月16日","112年11月20日","0.40","    78.00","","",
="042563","神基元富2B購02","0.00","","3005","神基","69.40","＋","認購","美式","112年04月21日","112年04月21日","112年11月16日","112年11月20日","0.40","    65.00","","",
="042564","奇鋐元富2B購01","0.00","","3017","奇鋐","206.00","－","認購","美式","112年04月21日","112年04月21日","112年11月16日","112年11月20日","0.04","    165.00","","",
="042565","奇鋐元富2C購01","2.11","＋","3017","奇鋐","206.00","－","認購","美式","112年04月21日","112年04月21日","112年12月18日","112年12月20日","0.045","    185.00","","",
="042566","敦泰元富2B購01","0.77","","3545","敦泰","83.70","＋","認購","美式","112年04月21日","112年04月21日","112年11月16日","112年11月20日","0.18","    115.00","","",
="042567","世芯元富2B購03","4.20","＋","3661","世芯-KY","1,660.00","＋","認購","美式","112年04月21日","112年04月21日","112年11月16日","112年11月20日","0.019","    1,900.00","","",
="042568","正文元富2A購01","1.01","＋","4906","正文","31.40","＋","認購","美式","112年04月21日","112年04月21日","112年10月18日","112年10月20日","1.00","    38.00","","",
="042569","中磊元富2A購01","0.85","＋","5388","中磊","93.30","＋","認購","美式","112年04月21日","112年04月21日","112年10月18日","112年10月20日","0.113","    100.00","","",
="04256U","FBNQ2X凱基2A售03","0.25","",="00670L","富邦NASDAQ正2","78.90","＋","認售","歐式","112年02月13日","112年10月12日","112年10月06日","112年10月12日","0.20","    48.00","","",
="042570","穎崴元富2A購01","1.95","","6515","穎崴","830.00","－","認購","美式","112年04月21日","112年04月21日","112年10月18日","112年10月20日","0.01","    700.00","","",
="042571","滬深2X群益2A購03","1.38","＋",="00637L","元大滬深300正2","13.77","－","認購","美式","112年04月21日","112年04月21日","112年10月18日","112年10月20日","1.00","    14.50","","",
="042572","A50正2群益2A購01","0.00","",="00655L","國泰中國A50正2","24.65","－","認購","美式","112年04月21日","112年04月21日","112年10月18日","112年10月20日","0.80","    30.20","","",
="042573","元油反群益2A購02","0.00","",="00673R","期元大S&P原油反1(原名：元大S&P原油反1)","9.03","－","認購","美式","112年04月21日","112年04月21日","112年10月18日","112年10月20日","0.60","    8.50","","",
="042574","聯電群益2A購02","0.65","＋","2303","聯電","51.20","＋","認購","美式","112年04月21日","112年04月21日","112年10月18日","112年10月20日","0.75","    64.80","","",
="042575","聯發科群益2A購11","3.85","＋","2454","聯發科","738.00","＋","認購","美式","112年04月21日","112年04月21日","112年10月18日","112年10月20日","0.03","    670.00","","",
="042576","聯發科群益2A購12","3.37","＋","2454","聯發科","738.00","＋","認購","美式","112年04月21日","112年04月21日","112年10月18日","112年10月20日","0.035","    707.00","","",
="042577","聯發科群益2A購13","3.34","＋","2454","聯發科","738.00","＋","認購","美式","112年04月21日","112年04月21日","112年10月18日","112年10月20日","0.05","    780.00","","",
="042578","飛宏群益2C購01","1.77","＋","2457","飛宏","76.40","＋","認購","美式","112年04月21日","112年04月21日","112年12月18日","112年12月20日","0.30","    110.00","","",
="042579","宏達電群益32購01","1.30","＋","2498","宏達電","61.50","＋","認購","美式","112年04月21日","112年04月21日","113年02月16日","113年02月20日","0.43","    94.90","","",
="04257U","FBNQ2X凱基2A售04","0.00","",="00670L","富邦NASDAQ正2","78.90","＋","認售","歐式","112年02月13日","112年10月12日","112年10月06日","112年10月12日","0.20","    55.00","","",
="042580","台勝科群益2B購02","1.24","＋","3532","台勝科","157.00","＋","認購","美式","112年04月21日","112年04月21日","112年11月16日","112年11月20日","0.08","    178.80","","",
="042581","合勤控群益2A購01","0.73","＋","3704","合勤控","43.85","＋","認購","美式","112年04月21日","112年04月21日","112年10月18日","112年10月20日","0.30","    54.80","","",
="042582","上緯控群益2B購01","0.59","＋","3708","上緯投控","96.50","－","認購","美式","112年04月21日","112年04月21日","112年11月16日","112年11月20日","0.15","    138.00","","",
="042583","永崴控群益2B購01","0.91","＋","3712","永崴投控","37.10","＋","認購","美式","112年04月21日","112年04月21日","112年11月16日","112年11月20日","0.50","    48.88","","",
="042584","啟碁群益2C購01","0.00","","6285","啟碁","87.50","＋","認購","美式","112年04月21日","112年04月21日","112年12月18日","112年12月20日","0.172","    140.00","","",
="042585","洋基群益2A購01","1.32","＋","6691","洋基工程","297.00","＋","認購","美式","112年04月21日","112年04月21日","112年10月18日","112年10月20日","0.08","    350.00","","",
="042586","電子類群益2C購01","0.00","","IX0027","電子類","797.58","","認購","歐式","112年04月21日","112年12月20日","112年12月18日","112年12月20日","0.10","    785.00","","",
="042587","中興電統一33購03","0.60","＋","1513","中興電","113.50","＋","認購","美式","112年04月21日","112年04月21日","113年03月18日","113年03月20日","0.029","    138.70","","",
="042588","台達電統一2B購01","0.74","","2308","台達電","315.50","－","認購","美式","112年04月21日","112年04月21日","112年11月16日","112年11月20日","0.022","    330.00","","",
="042589","友訊統一32購01","0.00","","2332","友訊","19.95","＋","認購","美式","112年04月21日","112年04月21日","113年02月16日","113年02月20日","0.215","    22.10","","",
="04258U","元日2X凱基2C售02","0.00","",="00706L","期元大S&P日圓正2(原名：元大S&P日圓正2)","8.72","－","認售","歐式","112年02月13日","112年12月12日","112年12月08日","112年12月12日","0.70","    9.50","","",
="042590","友訊統一32購02","0.69","＋","2332","友訊","19.95","＋","認購","美式","112年04月21日","112年04月21日","113年02月16日","113年02月20日","0.22","    22.50","","",
="042591","順德統一2A購02","0.47","","2351","順德","123.00","＋","認購","美式","112年04月21日","112年04月21日","112年10月18日","112年10月20日","0.04","    154.20","","",
="042592","建準統一31購01","2.79","＋","2421","建準","89.00","＋","認購","美式","112年04月21日","112年04月21日","113年01月18日","113年01月22日","0.08","    61.50","","",
="042593","建準統一32購01","3.20","＋","2421","建準","89.00","＋","認購","美式","112年04月21日","112年04月21日","113年02月16日","113年02月20日","0.10","    64.20","","",
="042594","聯發科統一2C購03","0.88","＋","2454","聯發科","738.00","＋","認購","美式","112年04月21日","112年04月21日","112年12月18日","112年12月20日","0.007","    680.00","","",
="042595","聯發科統一2C購04","0.94","＋","2454","聯發科","738.00","＋","認購","美式","112年04月21日","112年04月21日","112年12月18日","112年12月20日","0.01","    728.88","","",
="042596","聯發科統一34購02","0.84","","2454","聯發科","738.00","＋","認購","美式","112年04月21日","112年04月21日","113年04月18日","113年04月22日","0.007","    750.00","","",
="042597","立隆電統一32購01","0.00","","2472","立隆電","62.90","＋","認購","美式","112年04月21日","112年04月21日","113年02月16日","113年02月20日","0.055","    79.30","","",
="042598","鉅祥統一32購01","0.00","","2476","鉅祥","50.40","＋","認購","美式","112年04月21日","112年04月21日","113年02月16日","113年02月20日","0.066","    68.00","","",
="042599","鉅祥統一32購02","0.00","","2476","鉅祥","50.40","＋","認購","美式","112年04月21日","112年04月21日","113年02月16日","113年02月20日","0.07","    66.40","","",
="04259P","華新凱基26售03","0.00","","1605","華新","46.60","＋","認售","歐式","111年10月14日","112年06月13日","112年06月09日","112年06月13日","0.80","    25.00","","",
="04259U","美費半凱基2A售02","0.59","－",="00830","國泰費城半導體","31.65","＋","認售","歐式","112年02月13日","112年10月12日","112年10月06日","112年10月12日","0.50","    25.00","","",
="042600","鉅祥統一33購01","0.00","","2476","鉅祥","50.40","＋","認購","美式","112年04月21日","112年04月21日","113年03月18日","113年03月20日","0.045","    66.66","","",
="042601","鉅祥統一34購01","0.45","","2476","鉅祥","50.40","＋","認購","美式","112年04月21日","112年04月21日","113年04月18日","113年04月22日","0.045","    80.88","","",
="042602","晶豪科統一34購01","0.35","＋","3006","晶豪科","88.20","＋","認購","美式","112年04月21日","112年04月21日","113年04月18日","113年04月22日","0.035","    123.45","","",
="042603","大立光統一31購01","0.88","","3008","大立光","2,305.00","＋","認購","美式","112年04月21日","112年04月21日","113年01月18日","113年01月22日","0.003","    2,388.88","","",
="042604","大立光統一34購02","0.79","＋","3008","大立光","2,305.00","＋","認購","美式","112年04月21日","112年04月21日","113年04月18日","113年04月22日","0.002","    2,222.22","","",
="042605","大立光統一36購01","0.96","＋","3008","大立光","2,305.00","＋","認購","美式","112年04月21日","112年04月21日","113年06月18日","113年06月20日","0.002","    2,345.67","","",
="042606","明泰統一32購01","0.49","","3380","明泰","37.30","＋","認購","美式","112年04月21日","112年04月21日","113年02月16日","113年02月20日","0.10","    48.80","","",
="042607","瑞鼎統一2C購03","0.00","","3592","瑞鼎","348.00","＋","認購","美式","112年04月21日","112年04月21日","112年12月18日","112年12月20日","0.009","    448.00","","",
="042608","TPK統一32購02","0.78","＋","3673","TPK-KY","41.75","＋","認購","美式","112年04月21日","112年04月21日","113年02月16日","113年02月20日","0.10","    47.80","","",
="042609","TPK統一32購03","0.00","","3673","TPK-KY","41.75","＋","認購","美式","112年04月21日","112年04月21日","113年02月16日","113年02月20日","0.088","    51.80","","",
="04260U","美費半凱基2C售02","0.00","",="00830","國泰費城半導體","31.65","＋","認售","歐式","112年02月13日","112年12月12日","112年12月08日","112年12月12日","0.70","    21.00","","",
="042610","TPK統一34購01","0.00","","3673","TPK-KY","41.75","＋","認購","美式","112年04月21日","112年04月21日","113年04月18日","113年04月22日","0.07","    50.00","","",
="042611","TPK統一36購01","0.00","","3673","TPK-KY","41.75","＋","認購","美式","112年04月21日","112年04月21日","113年06月18日","113年06月20日","0.06","    60.66","","",
="042612","合勤控統一31購01","0.58","＋","3704","合勤控","43.85","＋","認購","美式","112年04月21日","112年04月21日","113年01月18日","113年01月22日","0.10","    52.90","","",
="042613","三福化統一32購01","0.00","","4755","三福化","131.00","＋","認購","美式","112年04月21日","112年04月21日","113年02月16日","113年02月20日","0.024","    157.20","","",
="042614","正文統一2A購01","0.65","＋","4906","正文","31.40","＋","認購","美式","112年04月21日","112年04月21日","112年10月18日","112年10月20日","0.275","    37.10","","",
="042615","穎崴統一32購04","0.82","","6515","穎崴","830.00","－","認購","美式","112年04月21日","112年04月21日","113年02月16日","113年02月20日","0.004","    888.88","","",
="042616","洋基統一2C購01","0.00","","6691","洋基工程","297.00","＋","認購","美式","112年04月21日","112年04月21日","112年12月18日","112年12月20日","0.018","    399.99","","",
="042617","洋基統一34購01","0.87","＋","6691","洋基工程","297.00","＋","認購","美式","112年04月21日","112年04月21日","113年04月18日","113年04月22日","0.011","    299.99","","",
="042618","勤誠統一34購01","0.82","","8210","勤誠","101.00","＋","認購","美式","112年04月21日","112年04月21日","113年04月18日","113年04月22日","0.025","    111.11","","",
="042619","明基材統一31購01","0.41","－","8215","明基材","35.30","＋","認購","美式","112年04月21日","112年04月21日","113年01月18日","113年01月22日","0.12","    46.20","","",
="04261U","FB台半凱基2A售03","0.22","",="00892","富邦台灣半導體","12.41","＋","認售","歐式","112年02月13日","112年10月12日","112年10月06日","112年10月12日","1.00","    10.00","","",
="042620","T50反1中信34購02","0.00","",="00632R","元大台灣50反1","4.94","－","認購","歐式","112年04月24日","113年04月23日","113年04月19日","113年04月23日","1.00","    5.00","","",
="042621","東元中信2C購01","0.95","","1504","東元","51.80","＋","認購","歐式","112年04月24日","112年12月25日","112年12月21日","112年12月25日","0.10","    56.00","","",
="042622","聯發科中信2A購01","0.96","","2454","聯發科","738.00","＋","認購","歐式","112年04月24日","112年10月23日","112年10月19日","112年10月23日","0.022","    888.00","","",
="042623","合勤控中信2A購01","0.31","＋","3704","合勤控","43.85","＋","認購","歐式","112年04月24日","112年10月23日","112年10月19日","112年10月23日","0.25","    68.00","","",
="042624","士電康和2A購01","3.83","＋","1503","士電","143.50","＋","認購","美式","112年04月24日","112年04月24日","112年10月19日","112年10月23日","0.12","    125.00","","",
="042625","裕隆康和2C購01","0.00","","2201","裕隆","82.80","＋","認購","美式","112年04月24日","112年04月24日","112年12月21日","112年12月25日","0.25","    120.00","","",
="042626","奇鋐康和2A購01","0.00","","3017","奇鋐","206.00","－","認購","美式","112年04月24日","112年04月24日","112年10月19日","112年10月23日","0.06","    165.00","","",
="042627","明基材康和2A購01","0.00","","8215","明基材","35.30","＋","認購","美式","112年04月24日","112年04月24日","112年10月19日","112年10月23日","0.25","    50.00","","",
="042628","神基永豐2C購01","1.34","＋","3005","神基","69.40","＋","認購","美式","112年04月24日","112年04月24日","112年12月21日","112年12月25日","0.225","    81.97","","",
="042629","大立光永豐2C購01","2.04","＋","3008","大立光","2,305.00","＋","認購","美式","112年04月24日","112年04月24日","112年12月21日","112年12月25日","0.009","    2,550.00","","",
="04262U","裕隆凱基28售06","0.00","","2201","裕隆","82.80","＋","認售","歐式","112年02月13日","112年08月14日","112年08月10日","112年08月14日","0.50","    55.00","","",
="042630","元晶永豐31購01","0.74","","6443","元晶","36.20","＋","認購","美式","112年04月24日","112年04月24日","113年01月19日","113年01月23日","0.15","    40.19","","",
="042631","裕隆第一2B購01","0.00","","2201","裕隆","82.80","＋","認購","美式","112年04月24日","112年04月24日","112年11月21日","112年11月23日","0.053","    87.64","","",
="042632","八貫兆豐2C購01","0.45","＋","1342","八貫","126.50","＋","認購","美式","112年04月24日","112年04月24日","112年12月21日","112年12月25日","0.05","    180.00","","",
="042633","士電兆豐2B購01","3.56","＋","1503","士電","143.50","＋","認購","美式","112年04月24日","112年04月24日","112年11月21日","112年11月23日","0.10","    120.00","","",
="042634","第一銅兆豐2B購01","0.00","","2009","第一銅","32.10","＋","認購","美式","112年04月24日","112年04月24日","112年11月21日","112年11月23日","0.25","    42.00","","",
="042635","中華兆豐2B購01","0.00","","2204","中華","91.60","－","認購","美式","112年04月24日","112年04月24日","112年11月21日","112年11月23日","0.18","    80.00","","",
="042636","建準兆豐2B購01","7.15","＋","2421","建準","89.00","＋","認購","美式","112年04月24日","112年04月24日","112年11月21日","112年11月23日","0.25","    65.00","","",
="042637","承業醫兆豐31購01","0.66","－","4164","承業醫","64.10","","認購","美式","112年04月24日","112年04月24日","113年01月19日","113年01月23日","0.10","    85.00","","",
="042638","穎崴兆豐31購01","1.78","＋","6515","穎崴","830.00","－","認購","美式","112年04月24日","112年04月24日","113年01月19日","113年01月23日","0.012","    888.00","","",
="042639","帝寶兆豐33購01","0.00","","6605","帝寶","99.80","＋","認購","美式","112年04月24日","112年04月24日","113年03月21日","113年03月25日","0.055","    108.00","","",
="04263P","台積電凱基31售04","0.38","－","2330","台積電","568.00","＋","認售","歐式","111年10月14日","113年01月15日","113年01月11日","113年01月15日","0.075","    336.23","","",
="04263U","鴻海凱基28售07","0.40","－","2317","鴻海","105.50","＋","認售","歐式","112年02月13日","112年08月14日","112年08月10日","112年08月14日","0.10","    100.00","","",
="042640","第一銅群益2A購01","0.00","","2009","第一銅","32.10","＋","認購","美式","112年04月24日","112年04月24日","112年10月19日","112年10月23日","0.60","    47.00","","",
="042641","裕隆群益2A購03","2.30","＋","2201","裕隆","82.80","＋","認購","美式","112年04月24日","112年04月24日","112年10月19日","112年10月23日","0.65","    107.00","","",
="042642","裕隆群益2A購04","1.23","","2201","裕隆","82.80","＋","認購","美式","112年04月24日","112年04月24日","112年10月19日","112年10月23日","0.448","    115.00","","",
="042643","威盛群益2A購05","2.04","＋","2388","威盛","83.10","＋","認購","美式","112年04月24日","112年04月24日","112年10月19日","112年10月23日","0.406","    112.00","","",
="042644","美食群益2B購02","0.49","－","2723","美食-KY","152.50","－","認購","美式","112年04月24日","112年04月24日","112年11月21日","112年11月23日","0.10","    229.80","","",
="042645","聯合再群益2B購01","0.00","","3576","聯合再生","20.30","＋","認購","美式","112年04月24日","112年04月24日","112年11月21日","112年11月23日","1.00","    29.00","","",
="042646","碩天群益2A購02","0.00","","3617","碩天","191.00","－","認購","美式","112年04月24日","112年04月24日","112年10月19日","112年10月23日","0.08","    165.00","","",
="042647","茂順群益2C購01","1.30","","9942","茂順","155.00","－","認購","美式","112年04月24日","112年04月24日","112年12月21日","112年12月25日","0.09","    200.00","","",
="042648","世紀鋼群益31購02","0.62","＋","9958","世紀鋼","109.50","＋","認購","美式","112年04月24日","112年04月24日","113年01月19日","113年01月23日","0.20","    173.00","","",
="042649","士電統一2B購01","0.00","","1503","士電","143.50","＋","認購","美式","112年04月24日","112年04月24日","112年11月21日","112年11月23日","0.07","    117.10","","",
="04264U","台積電凱基2A售18","0.27","－","2330","台積電","568.00","＋","認售","歐式","112年02月13日","112年10月12日","112年10月06日","112年10月12日","0.352","    358.06","","",
="042650","光罩統一32購01","0.00","","2338","光罩","81.80","＋","認購","美式","112年04月24日","112年04月24日","113年02月21日","113年02月23日","0.032","    88.88","","",
="042651","聯發科統一2C購05","1.15","＋","2454","聯發科","738.00","＋","認購","美式","112年04月24日","112年04月24日","112年12月21日","112年12月25日","0.008","    666.66","","",
="042652","聯發科統一32購05","0.80","＋","2454","聯發科","738.00","＋","認購","美式","112年04月24日","112年04月24日","113年02月21日","113年02月23日","0.006","    708.00","","",
="042653","華新科統一34購03","0.00","","2492","華新科","101.00","＋","認購","美式","112年04月24日","112年04月24日","113年04月19日","113年04月23日","0.032","    136.66","","",
="042654","晶豪科統一33購01","0.60","","3006","晶豪科","88.20","＋","認購","美式","112年04月24日","112年04月24日","113年03月21日","113年03月25日","0.032","    107.50","","",
="042655","大立光統一32購01","0.98","＋","3008","大立光","2,305.00","＋","認購","美式","112年04月24日","112年04月24日","113年02月21日","113年02月23日","0.003","    2,331.60","","",
="042656","瑞鼎統一32購01","0.00","","3592","瑞鼎","348.00","＋","認購","美式","112年04月24日","112年04月24日","113年02月21日","113年02月23日","0.008","    542.00","","",
="042657","TPK統一2C購01","0.60","＋","3673","TPK-KY","41.75","＋","認購","美式","112年04月24日","112年04月24日","112年12月21日","112年12月25日","0.12","    58.88","","",
="042658","承業醫統一31購01","0.00","","4164","承業醫","64.10","","認購","美式","112年04月24日","112年04月24日","113年01月19日","113年01月23日","0.055","    79.20","","",
="042659","洋基統一2B購01","0.97","＋","6691","洋基工程","297.00","＋","認購","美式","112年04月24日","112年04月24日","112年11月21日","112年11月23日","0.02","    314.40","","",
="04265U","宏達電凱基28售09","1.32","－","2498","宏達電","61.50","＋","認售","歐式","112年02月13日","112年08月14日","112年08月10日","112年08月14日","0.22","    60.00","","",
="042660","采鈺統一2A購01","0.64","＋","6789","采鈺","224.00","＋","認購","美式","112年04月24日","112年04月24日","112年10月19日","112年10月23日","0.022","    252.10","","",
="042661","勤誠統一31購01","1.06","＋","8210","勤誠","101.00","＋","認購","美式","112年04月24日","112年04月24日","113年01月19日","113年01月23日","0.045","    94.40","","",
="042662","勤誠統一32購01","0.86","＋","8210","勤誠","101.00","＋","認購","美式","112年04月24日","112年04月24日","113年02月21日","113年02月23日","0.032","    102.60","","",
="042663","勤誠統一34購02","0.50","＋","8210","勤誠","101.00","＋","認購","美式","112年04月24日","112年04月24日","113年04月19日","113年04月23日","0.028","    123.45","","",
="042664","美費半凱基32購01","0.00","",="00830","國泰費城半導體","31.65","＋","認購","美式","112年04月24日","112年04月24日","113年02月21日","113年02月23日","0.60","    30.00","","",
="042665","士電凱基2C購01","5.55","＋","1503","士電","143.50","＋","認購","美式","112年04月24日","112年04月24日","112年12月21日","112年12月25日","0.18","    145.00","","",
="042666","東元凱基2A購02","2.19","＋","1504","東元","51.80","＋","認購","美式","112年04月24日","112年04月24日","112年10月19日","112年10月23日","0.66","    65.00","","",
="042667","堤維西凱基2A購01","0.88","－","1522","堤維西","29.10","＋","認購","美式","112年04月24日","112年04月24日","112年10月19日","112年10月23日","0.60","    37.00","","",
="042668","美時凱基2B購05","0.00","","1795","美時","330.50","＋","認購","美式","112年04月24日","112年04月24日","112年11月21日","112年11月23日","0.045","    285.00","","",
="042669","第一銅凱基2A購01","0.00","","2009","第一銅","32.10","＋","認購","美式","112年04月24日","112年04月24日","112年10月19日","112年10月23日","0.35","    45.00","","",
="04266U","長榮航凱基28售07","0.17","－","2618","長榮航","33.60","＋","認售","歐式","112年02月13日","112年08月14日","112年08月10日","112年08月14日","0.60","    26.00","","",
="042670","裕隆凱基2C購03","0.00","","2201","裕隆","82.80","＋","認購","美式","112年04月24日","112年04月24日","112年12月21日","112年12月25日","0.20","    124.00","","",
="042671","光寶科凱基2C購01","2.86","＋","2301","光寶科","86.40","＋","認購","美式","112年04月24日","112年04月24日","112年12月21日","112年12月25日","1.00","    109.00","","",
="042672","毅嘉凱基2C購03","1.09","＋","2402","毅嘉","28.70","＋","認購","美式","112年04月24日","112年04月24日","112年12月21日","112年12月25日","0.65","    43.00","","",
="042673","聯發科凱基2A購12","2.46","＋","2454","聯發科","738.00","＋","認購","美式","112年04月24日","112年04月24日","112年10月19日","112年10月23日","0.022","    680.00","","",
="042674","飛宏凱基2B購03","0.76","＋","2457","飛宏","76.40","＋","認購","美式","112年04月24日","112年04月24日","112年11月21日","112年11月23日","0.219","    105.00","","",
="042675","長榮凱基2C購06","0.00","","2603","長榮","157.00","＋","認購","美式","112年04月24日","112年04月24日","112年12月21日","112年12月25日","0.12","    203.00","","",
="042676","陽明凱基2C購02","0.93","＋","2609","陽明","62.00","＋","認購","美式","112年04月24日","112年04月24日","112年12月21日","112年12月25日","0.32","    76.00","","",
="042677","晶豪科凱基2B購02","0.87","","3006","晶豪科","88.20","＋","認購","美式","112年04月24日","112年04月24日","112年11月21日","112年11月23日","0.20","    125.00","","",
="042678","智原凱基2A購07","0.66","＋","3035","智原","173.50","＋","認購","美式","112年04月24日","112年04月24日","112年10月19日","112年10月23日","0.055","    205.00","","",
="042679","欣興凱基2B購07","3.49","－","3037","欣興","182.50","－","認購","美式","112年04月24日","112年04月24日","112年11月21日","112年11月23日","0.10","    167.00","","",
="04267U","嘉澤凱基28售02","0.23","","3533","嘉澤","909.00","－","認售","歐式","112年02月13日","112年08月14日","112年08月10日","112年08月14日","0.035","    646.84","","",
="042680","耀登凱基2B購02","0.00","","3138","耀登","153.00","＋","認購","美式","112年04月24日","112年04月24日","112年11月21日","112年11月23日","0.072","    200.36","","",
="042681","緯創凱基2B購06","8.50","＋","3231","緯創","68.00","＋","認購","美式","112年04月24日","112年04月24日","112年11月21日","112年11月23日","0.85","    68.00","","",
="042682","緯創凱基2B購07","6.30","＋","3231","緯創","68.00","＋","認購","美式","112年04月24日","112年04月24日","112年11月21日","112年11月23日","0.40","    59.00","","",
="042683","緯創凱基2B購08","4.50","＋","3231","緯創","68.00","＋","認購","美式","112年04月24日","112年04月24日","112年11月21日","112年11月23日","0.20","    49.00","","",
="042684","創意凱基2A購15","2.83","","3443","創意","1,515.00","＋","認購","美式","112年04月24日","112年04月24日","112年10月19日","112年10月23日","0.008","    1,230.00","","",
="042685","瑞鼎凱基2A購02","0.00","","3592","瑞鼎","348.00","＋","認購","美式","112年04月24日","112年04月24日","112年10月19日","112年10月23日","0.07","    650.00","","",
="042686","天鈺凱基2B購01","0.00","","4961","天鈺","154.00","＋","認購","美式","112年04月24日","112年04月24日","112年11月21日","112年11月23日","0.10","    220.00","","",
="042687","康舒凱基2A購03","0.62","","6282","康舒","44.05","＋","認購","美式","112年04月24日","112年04月24日","112年10月19日","112年10月23日","0.22","    53.00","","",
="042688","啟碁凱基2A購03","0.00","","6285","啟碁","87.50","＋","認購","美式","112年04月24日","112年04月24日","112年10月19日","112年10月23日","0.20","    135.00","","",
="042689","緯穎凱基2C購02","0.97","＋","6669","緯穎","1,205.00","＋","認購","美式","112年04月24日","112年04月24日","112年12月21日","112年12月25日","0.01","    1,650.00","","",
="04268P","長榮航凱基26售03","0.00","","2618","長榮航","33.60","＋","認售","歐式","111年10月14日","112年06月13日","112年06月09日","112年06月13日","1.00","    18.00","","",
="04268U","晶心科凱基2A售03","0.92","－","6533","晶心科","511.00","＋","認售","歐式","112年02月13日","112年10月12日","112年10月06日","112年10月12日","0.015","    440.00","","",
="042690","力智凱基2C購02","0.32","","6719","力智","303.00","＋","認購","美式","112年04月24日","112年04月24日","112年12月21日","112年12月25日","0.026","    540.00","","",
="042691","采鈺凱基2B購02","0.85","＋","6789","采鈺","224.00","＋","認購","美式","112年04月24日","112年04月24日","112年11月21日","112年11月23日","0.06","    300.00","","",
="042692","宏達電元富34購01","0.94","＋","2498","宏達電","61.50","＋","認購","美式","112年04月24日","112年04月24日","113年04月19日","113年04月23日","0.227","    85.00","","",
="042693","美食元富2B購01","0.00","","2723","美食-KY","152.50","－","認購","美式","112年04月24日","112年04月24日","112年11月21日","112年11月23日","0.40","    210.00","","",
="042694","緯創元富2A購03","0.00","","3231","緯創","68.00","＋","認購","美式","112年04月24日","112年04月24日","112年10月19日","112年10月23日","0.20","    50.00","","",
="042695","創意元富2A購06","3.12","＋","3443","創意","1,515.00","＋","認購","美式","112年04月24日","112年04月24日","112年10月19日","112年10月23日","0.01","    1,400.00","","",
="042696","智易元富34購01","1.62","－","3596","智易","115.00","＋","認購","美式","112年04月24日","112年04月24日","113年04月19日","113年04月23日","0.15","    145.00","","",
="042697","晶碩元富2A購01","0.00","","6491","晶碩","366.50","＋","認購","美式","112年04月24日","112年04月24日","112年10月19日","112年10月23日","0.05","    600.00","","",
="042698","建準麥證2A購02","11.20","＋","2421","建準","89.00","＋","認購","歐式","112年04月24日","112年10月23日","112年10月19日","112年10月23日","0.60","    75.00","","",
="042699","聯發科麥證2A購03","3.03","＋","2454","聯發科","738.00","＋","認購","歐式","112年04月24日","112年10月23日","112年10月19日","112年10月23日","0.03","    710.00","","",
="04269P","新唐凱基26售01","0.00","","4919","新唐","130.50","＋","認售","歐式","111年12月08日","112年06月07日","112年06月05日","112年06月07日","0.12","    100.00","","",
="04269U","緯穎凱基28售01","0.00","","6669","緯穎","1,205.00","＋","認售","歐式","112年02月13日","112年08月14日","112年08月10日","112年08月14日","0.018","    700.00","","",
="042700","聯發科麥證31購02","0.00","","2454","聯發科","738.00","＋","認購","歐式","112年04月24日","113年01月23日","113年01月19日","113年01月23日","0.03","    700.00","","",
="042701","合勤控麥證2A購01","0.79","－","3704","合勤控","43.85","＋","認購","歐式","112年04月24日","112年10月23日","112年10月19日","112年10月23日","0.60","    65.00","","",
="042702","T50反1國票2C購02","0.32","－",="00632R","元大台灣50反1","4.94","－","認購","美式","112年04月24日","112年04月24日","112年12月21日","112年12月25日","1.00","    4.90","","",
="042703","T50反1國票31購01","0.00","",="00632R","元大台灣50反1","4.94","－","認購","美式","112年04月24日","112年04月24日","113年01月19日","113年01月23日","1.00","    5.20","","",
="042704","東陽國票2B購01","1.27","＋","1319","東陽","49.90","＋","認購","美式","112年04月24日","112年04月24日","112年11月21日","112年11月23日","0.30","    55.00","","",
="042705","永冠國票2C購01","0.00","","1589","永冠-KY","71.60","－","認購","美式","112年04月24日","112年04月24日","112年12月21日","112年12月25日","0.22","    107.50","","",
="042706","川湖國票2B購01","1.61","","2059","川湖","436.00","＋","認購","美式","112年04月24日","112年04月24日","112年11月21日","112年11月23日","0.05","    550.00","","",
="042707","美食國票2B購02","0.00","","2723","美食-KY","152.50","－","認購","美式","112年04月24日","112年04月24日","112年11月21日","112年11月23日","0.10","    200.00","","",
="042708","雲品國票2B購01","0.80","－","2748","雲品","90.00","－","認購","美式","112年04月24日","112年04月24日","112年11月21日","112年11月23日","0.085","    115.00","","",
="042709","富邦金國票2B購01","0.00","","2881","富邦金","61.10","＋","認購","美式","112年04月24日","112年04月24日","112年11月21日","112年11月23日","0.80","    70.00","","",
="04270P","裕隆富邦28售01","0.00","","2201","裕隆","82.80","＋","認售","歐式","111年12月08日","112年08月07日","112年08月03日","112年08月07日","0.15","    55.00","","",
="04270U","東哥凱基29售01","0.21","－","8478","東哥遊艇","520.00","＋","認售","歐式","112年02月13日","112年09月12日","112年09月08日","112年09月12日","0.015","    310.00","","",
="042710","大立光國票2B購01","1.86","","3008","大立光","2,305.00","＋","認購","美式","112年04月24日","112年04月24日","112年11月21日","112年11月23日","0.008","    2,400.00","","",
="042711","零壹國票2C購01","2.53","＋","3029","零壹","67.30","＋","認購","美式","112年04月24日","112年04月24日","112年12月21日","112年12月25日","0.30","    75.00","","",
="042712","總太國票2B購01","0.00","","3056","總太","48.60","＋","認購","美式","112年04月24日","112年04月24日","112年11月21日","112年11月23日","0.30","    60.00","","",
="042713","玉晶光國票2B購03","1.52","＋","3406","玉晶光","400.00","＋","認購","美式","112年04月24日","112年04月24日","112年11月21日","112年11月23日","0.035","    420.00","","",
="042714","TPK國票2B購02","1.55","＋","3673","TPK-KY","41.75","＋","認購","美式","112年04月24日","112年04月24日","112年11月21日","112年11月23日","0.50","    50.00","","",
="042715","富采國票2B購01","0.00","","3714","富采","49.90","＋","認購","美式","112年04月24日","112年04月24日","112年11月21日","112年11月23日","0.60","    70.00","","",
="042716","上品國票2B購01","1.43","","4770","上品","297.00","＋","認購","美式","112年04月24日","112年04月24日","112年11月21日","112年11月23日","0.04","    340.00","","",
="042717","天鈺國票2C購01","0.74","－","4961","天鈺","154.00","＋","認購","美式","112年04月24日","112年04月24日","112年12月21日","112年12月25日","0.07","    210.00","","",
="042718","中磊國票2B購04","1.15","＋","5388","中磊","93.30","＋","認購","美式","112年04月24日","112年04月24日","112年11月21日","112年11月23日","0.105","    100.00","","",
="042719","緯穎國票2B購03","0.72","＋","6669","緯穎","1,205.00","＋","認購","美式","112年04月24日","112年04月24日","112年11月21日","112年11月23日","0.013","    1,730.00","","",
="04271U","臺股指永豐2A售03","0.19","","IX0001","臺股指數","16,636.30","","認售","歐式","112年02月13日","112年10月12日","112年10月06日","112年10月12日","0.003","    13,300.00","","",
="042720","嘉基國票2B購01","0.00","","6715","嘉基","145.50","＋","認購","美式","112年04月24日","112年04月24日","112年11月21日","112年11月23日","0.05","    175.00","","",
="042721","力積電國票2B購01","1.35","＋","6770","力積電","30.85","＋","認購","美式","112年04月24日","112年04月24日","112年11月21日","112年11月23日","0.50","    32.50","","",
="042722","富鼎國票2B購02","0.54","","8261","富鼎","106.50","＋","認購","美式","112年04月24日","112年04月24日","112年11月21日","112年11月23日","0.057","    125.00","","",
="042723","臺股指國泰2C購01","1.50","＋","IX0001","臺股指數","16,636.30","","認購","歐式","112年04月24日","112年12月25日","112年12月21日","112年12月25日","0.002","    16,500.00","","",
="042724","臺股指國泰2C購02","0.00","","IX0001","臺股指數","16,636.30","","認購","歐式","112年04月24日","112年12月25日","112年12月21日","112年12月25日","0.002","    16,750.00","","",
="042725","國巨富邦2C購04","0.00","","2327","國巨","508.00","＋","認購","美式","112年04月24日","112年04月24日","112年12月21日","112年12月25日","0.03","    720.00","","",
="042726","聯發科富邦2C購02","0.00","","2454","聯發科","738.00","＋","認購","美式","112年04月24日","112年04月24日","112年12月21日","112年12月25日","0.009","    700.00","","",
="042727","威強電富邦33購01","0.79","＋","3022","威強電","91.20","＋","認購","美式","112年04月24日","112年04月24日","113年03月21日","113年03月25日","0.075","    110.00","","",
="042728","瑞鼎富邦2A購01","0.00","","3592","瑞鼎","348.00","＋","認購","美式","112年04月24日","112年04月24日","112年10月19日","112年10月23日","0.02","    550.00","","",
="042729","富采富邦2C購01","0.00","","3714","富采","49.90","＋","認購","美式","112年04月24日","112年04月24日","112年12月21日","112年12月25日","0.30","    75.00","","",
="04272P","電子類凱基26售03","0.00","","IX0027","電子類","797.58","","認售","歐式","111年10月14日","112年06月13日","112年06月09日","112年06月13日","0.07","    540.00","","",
="04272U","上銀元富28售03","0.00","","2049","上銀","235.50","＋","認售","歐式","112年02月13日","112年08月14日","112年08月10日","112年08月14日","0.08","    210.00","","",
="042730","遠傳富邦2C購01","1.03","－","4904","遠傳","77.10","－","認購","美式","112年04月24日","112年04月24日","112年12月21日","112年12月25日","0.25","    85.00","","",
="042731","力積電富邦2A購02","0.00","","6770","力積電","30.85","＋","認購","美式","112年04月24日","112年04月24日","112年10月19日","112年10月23日","0.25","    35.00","","",
="042732","AES富邦2A購01","0.00","","6781","AES-KY","690.00","＋","認購","美式","112年04月24日","112年04月24日","112年10月19日","112年10月23日","0.009","    900.00","","",
="042733","FBNQ2X元大2B購01","1.49","＋",="00670L","富邦NASDAQ正2","78.90","＋","認購","美式","112年04月24日","112年04月24日","112年11月21日","112年11月23日","0.10","    78.00","","",
="042734","FBNQ2X元大2B購02","1.62","＋",="00670L","富邦NASDAQ正2","78.90","＋","認購","美式","112年04月24日","112年04月24日","112年11月21日","112年11月23日","0.10","    75.00","","",
="042735","美時元大2B購12","3.47","＋","1795","美時","330.50","＋","認購","美式","112年04月24日","112年04月24日","112年11月21日","112年11月23日","0.047","    307.50","","",
="042736","中華元大2A購02","4.76","－","2204","中華","91.60","－","認購","美式","112年04月24日","112年04月24日","112年10月19日","112年10月23日","0.435","    91.60","","",
="042737","中華元大2C購01","6.05","－","2204","中華","91.60","－","認購","美式","112年04月24日","112年04月24日","112年12月21日","112年12月25日","0.61","    100.00","","",
="042738","光寶科元大2A購04","0.00","","2301","光寶科","86.40","＋","認購","美式","112年04月24日","112年04月24日","112年10月19日","112年10月23日","0.407","    88.30","","",
="042739","光寶科元大2C購02","0.00","","2301","光寶科","86.40","＋","認購","美式","112年04月24日","112年04月24日","112年12月21日","112年12月25日","0.651","    101.00","","",
="04273U","宏達電元富28售01","0.00","","2498","宏達電","61.50","＋","認售","歐式","112年02月13日","112年08月14日","112年08月10日","112年08月14日","0.30","    50.00","","",
="042740","台達電元大2B購04","1.02","－","2308","台達電","315.50","－","認購","美式","112年04月24日","112年04月24日","112年11月21日","112年11月23日","0.093","    386.00","","",
="042741","台達電元大2C購01","0.89","－","2308","台達電","315.50","－","認購","美式","112年04月24日","112年04月24日","112年12月21日","112年12月25日","0.166","    440.00","","",
="042742","台達電元大31購01","1.00","－","2308","台達電","315.50","－","認購","美式","112年04月24日","112年04月24日","113年01月19日","113年01月23日","0.186","    455.00","","",
="042743","台積電元大2B購23","3.43","－","2330","台積電","568.00","＋","認購","美式","112年04月24日","112年04月24日","112年11月21日","112年11月23日","0.06","    567.00","","",
="042744","智邦元大2A購03","0.00","","2345","智邦","357.50","＋","認購","美式","112年04月24日","112年04月24日","112年10月19日","112年10月23日","0.057","    373.00","","",
="042745","漢唐元大2A購04","0.00","","2404","漢唐","227.50","＋","認購","美式","112年04月24日","112年04月24日","112年10月19日","112年10月23日","0.054","    241.50","","",
="042746","建準元大2A購03","6.30","＋","2421","建準","89.00","＋","認購","美式","112年04月24日","112年04月24日","112年10月19日","112年10月23日","0.23","    65.00","","",
="042747","興勤元大2A購04","0.00","","2428","興勤","156.50","＋","認購","美式","112年04月24日","112年04月24日","112年10月19日","112年10月23日","0.053","    184.50","","",
="042748","八方元大2B購01","0.00","","2753","八方雲集","167.00","","認購","美式","112年04月24日","112年04月24日","112年11月21日","112年11月23日","0.02","    200.00","","",
="042749","奇鋐元大2A購11","2.39","－","3017","奇鋐","206.00","－","認購","美式","112年04月24日","112年04月24日","112年10月19日","112年10月23日","0.104","    225.00","","",
="04274U","華擎元富28售03","1.14","","3515","華擎","154.00","＋","認售","歐式","112年02月13日","112年08月14日","112年08月10日","112年08月14日","0.08","    145.00","","",
="042750","零壹元大2A購02","2.70","＋","3029","零壹","67.30","＋","認購","美式","112年04月24日","112年04月24日","112年10月19日","112年10月23日","0.208","    60.80","","",
="042751","智原元大2B購09","1.02","","3035","智原","173.50","＋","認購","美式","112年04月24日","112年04月24日","112年11月21日","112年11月23日","0.06","    213.00","","",
="042752","總太元大2A購03","0.00","","3056","總太","48.60","＋","認購","美式","112年04月24日","112年04月24日","112年10月19日","112年10月23日","0.823","    73.00","","",
="042753","華晶科元大2A購02","0.00","","3059","華晶科","34.60","＋","認購","美式","112年04月24日","112年04月24日","112年10月19日","112年10月23日","0.493","    39.30","","",
="042754","景碩元大2A購04","0.82","＋","3189","景碩","116.00","＋","認購","美式","112年04月24日","112年04月24日","112年10月19日","112年10月23日","0.05","    115.00","","",
="042755","緯創元大2B購12","5.70","＋","3231","緯創","68.00","＋","認購","美式","112年04月24日","112年04月24日","112年11月21日","112年11月23日","0.40","    60.00","","",
="042756","緯創元大2C購09","6.70","＋","3231","緯創","68.00","＋","認購","美式","112年04月24日","112年04月24日","112年12月21日","112年12月25日","0.60","    68.00","","",
="042757","明泰元大2A購03","1.32","","3380","明泰","37.30","＋","認購","美式","112年04月24日","112年04月24日","112年10月19日","112年10月23日","0.274","    38.45","","",
="042758","群創元大2B購11","1.02","＋","3481","群創","14.10","＋","認購","美式","112年04月24日","112年04月24日","112年11月21日","112年11月23日","0.541","    14.00","","",
="042759","嘉澤元大2B購11","0.00","","3533","嘉澤","909.00","－","認購","美式","112年04月24日","112年04月24日","112年11月21日","112年11月23日","0.024","    1,120.00","","",
="04275U","世芯元富28售03","0.12","－","3661","世芯-KY","1,660.00","＋","認售","歐式","112年02月13日","112年08月14日","112年08月10日","112年08月14日","0.007","    930.00","","",
="042760","敦泰元大2A購02","0.00","","3545","敦泰","83.70","＋","認購","美式","112年04月24日","112年04月24日","112年10月19日","112年10月23日","0.305","    125.00","","",
="042761","聯合再元大2A購01","0.00","","3576","聯合再生","20.30","＋","認購","美式","112年04月24日","112年04月24日","112年10月19日","112年10月23日","0.453","    23.90","","",
="042762","富采元大2A購02","0.00","","3714","富采","49.90","＋","認購","美式","112年04月24日","112年04月24日","112年10月19日","112年10月23日","0.258","    60.30","","",
="042763","富采元大2C購01","0.00","","3714","富采","49.90","＋","認購","美式","112年04月24日","112年04月24日","112年12月21日","112年12月25日","0.392","    73.00","","",
="042764","富采元大31購01","0.00","","3714","富采","49.90","＋","認購","美式","112年04月24日","112年04月24日","113年01月19日","113年01月23日","0.459","    80.00","","",
="042765","天鈺元大2B購02","0.51","＋","4961","天鈺","154.00","＋","認購","美式","112年04月24日","112年04月24日","112年11月21日","112年11月23日","0.06","    223.00","","",
="042766","天鈺元大2C購01","0.00","","4961","天鈺","154.00","＋","認購","美式","112年04月24日","112年04月24日","112年12月21日","112年12月25日","0.082","    260.00","","",
="042767","虹堡元大2A購03","1.38","＋","5258","虹堡","91.00","＋","認購","美式","112年04月24日","112年04月24日","112年10月19日","112年10月23日","0.333","    130.00","","",
="042768","樺漢元大2A購04","0.97","＋","6414","樺漢","281.00","＋","認購","美式","112年04月24日","112年04月24日","112年10月19日","112年10月23日","0.042","    295.00","","",
="042769","愛普元大2B購10","1.60","","6531","愛普*","328.50","＋","認購","美式","112年04月24日","112年04月24日","112年11月21日","112年11月23日","0.032","    363.50","","",
="04276U","台積電麥證31售02","1.43","－","2330","台積電","568.00","＋","認售","歐式","112年02月13日","113年01月12日","113年01月10日","113年01月12日","0.02","    547.04","","",
="042770","帝寶元大2B購01","1.56","","6605","帝寶","99.80","＋","認購","美式","112年04月24日","112年04月24日","112年11月21日","112年11月23日","0.20","    117.00","","",
="042771","洋基元大2A購05","0.58","＋","6691","洋基工程","297.00","＋","認購","美式","112年04月24日","112年04月24日","112年10月19日","112年10月23日","0.17","    450.00","","",
="042772","嘉基元大2A購03","0.00","","6715","嘉基","145.50","＋","認購","美式","112年04月24日","112年04月24日","112年10月19日","112年10月23日","0.083","    235.00","","",
="042773","威鋒電元大2B購03","1.19","","6756","威鋒電子","223.00","＋","認購","美式","112年04月24日","112年04月24日","112年11月21日","112年11月23日","0.039","    240.00","","",
="042774","威鋒電元大2C購02","0.00","","6756","威鋒電子","223.00","＋","認購","美式","112年04月24日","112年04月24日","112年12月21日","112年12月25日","0.055","    299.00","","",
="042775","威鋒電元大31購01","1.03","","6756","威鋒電子","223.00","＋","認購","美式","112年04月24日","112年04月24日","113年01月19日","113年01月23日","0.055","    318.00","","",
="042776","AES元大2B購06","1.00","＋","6781","AES-KY","690.00","＋","認購","美式","112年04月24日","112年04月24日","112年11月21日","112年11月23日","0.018","    918.00","","",
="042777","川湖中信2A購01","1.04","＋","2059","川湖","436.00","＋","認購","歐式","112年04月25日","112年10月24日","112年10月20日","112年10月24日","0.026","    490.00","","",
="042778","中華永豐2B購01","2.38","－","2204","中華","91.60","－","認購","美式","112年04月25日","112年04月25日","112年11月22日","112年11月24日","0.215","    96.04","","",
="042779","緯創永豐2C購02","0.00","","3231","緯創","68.00","＋","認購","美式","112年04月25日","112年04月25日","112年12月21日","112年12月25日","0.135","    47.62","","",
="04277U","元債2X群益29售02","0.00","",="00680L","元大美債20正2","10.96","＋","認售","歐式","112年02月13日","112年09月12日","112年09月08日","112年09月12日","0.80","    11.00","","",
="042780","宏達電兆豐2C購01","0.98","＋","2498","宏達電","61.50","＋","認購","美式","112年04月25日","112年04月25日","112年12月21日","112年12月25日","0.12","    66.00","","",
="042781","聯電統一2C購03","1.00","＋","2303","聯電","51.20","＋","認購","美式","112年04月25日","112年04月25日","112年12月21日","112年12月25日","0.20","    53.70","","",
="042782","萬海統一2C購03","0.00","","2615","萬海","60.00","＋","認購","美式","112年04月25日","112年04月25日","112年12月21日","112年12月25日","0.09","    72.77","","",
="042783","緯創統一32購01","2.09","＋","3231","緯創","68.00","＋","認購","美式","112年04月25日","112年04月25日","113年02月22日","113年02月26日","0.10","    54.40","","",
="042784","聯合再統一31購01","0.00","","3576","聯合再生","20.30","＋","認購","美式","112年04月25日","112年04月25日","113年01月22日","113年01月24日","0.188","    24.00","","",
="042785","洋基統一31購01","0.72","","6691","洋基工程","297.00","＋","認購","美式","112年04月25日","112年04月25日","113年01月22日","113年01月24日","0.015","    321.40","","",
="042786","士電國票2B購01","6.25","","1503","士電","143.50","＋","認購","美式","112年04月25日","112年04月25日","112年11月22日","112年11月24日","0.15","    115.00","","",
="042787","永冠國票2B購01","0.00","","1589","永冠-KY","71.60","－","認購","美式","112年04月25日","112年04月25日","112年11月22日","112年11月24日","0.10","    80.00","","",
="042788","新光鋼國票2B購01","0.00","","2031","新光鋼","48.80","－","認購","美式","112年04月25日","112年04月25日","112年11月22日","112年11月24日","1.00","    73.00","","",
="042789","中華國票2B購01","7.80","－","2204","中華","91.60","－","認購","美式","112年04月25日","112年04月25日","112年11月22日","112年11月24日","1.00","    112.00","","",
="04278U","裕隆群益29售02","0.00","","2201","裕隆","82.80","＋","認售","歐式","112年02月13日","112年09月12日","112年09月08日","112年09月12日","0.35","    60.00","","",
="042790","仁寶國票2B購01","2.34","＋","2324","仁寶","28.15","＋","認購","美式","112年04月25日","112年04月25日","112年11月22日","112年11月24日","1.00","    30.00","","",
="042791","光罩國票2B購01","0.84","","2338","光罩","81.80","＋","認購","美式","112年04月25日","112年04月25日","112年11月22日","112年11月24日","0.073","    85.00","","",
="042792","晶豪科國票2B購03","1.22","","3006","晶豪科","88.20","＋","認購","美式","112年04月25日","112年04月25日","112年11月22日","112年11月24日","0.105","    90.00","","",
="042793","智原國票2B購02","0.82","","3035","智原","173.50","＋","認購","美式","112年04月25日","112年04月25日","112年11月22日","112年11月24日","0.06","    220.00","","",
="042794","虹堡國票2B購01","1.71","＋","5258","虹堡","91.00","＋","認購","美式","112年04月25日","112年04月25日","112年11月22日","112年11月24日","0.10","    85.00","","",
="042795","東元富邦2C購01","1.46","＋","1504","東元","51.80","＋","認購","美式","112年04月25日","112年04月25日","112年12月21日","112年12月25日","0.20","    55.00","","",
="042796","中興電富邦33購01","0.99","＋","1513","中興電","113.50","＋","認購","美式","112年04月25日","112年04月25日","113年03月21日","113年03月25日","0.045","    110.00","","",
="042797","堤維西富邦2C購01","0.00","","1522","堤維西","29.10","＋","認購","美式","112年04月25日","112年04月25日","112年12月21日","112年12月25日","0.30","    40.00","","",
="042798","華新科富邦33購01","0.78","＋","2492","華新科","101.00","＋","認購","美式","112年04月25日","112年04月25日","113年03月21日","113年03月25日","0.04","    95.00","","",
="042799","奇鋐富邦2C購01","2.99","－","3017","奇鋐","206.00","－","認購","美式","112年04月25日","112年04月25日","112年12月21日","112年12月25日","0.08","    200.00","","",
="04279P","創意國票27售04","0.00","","3443","創意","1,515.00","＋","認售","歐式","111年12月09日","112年07月10日","112年07月06日","112年07月10日","0.062","    410.00","","",
="04279U","國泰金群益28售02","0.00","","2882","國泰金","44.75","＋","認售","歐式","112年02月13日","112年08月14日","112年08月10日","112年08月14日","0.60","    40.00","","",
="042800","緯創富邦2B購01","5.10","＋","3231","緯創","68.00","＋","認購","美式","112年04月25日","112年04月25日","112年11月22日","112年11月24日","0.40","    63.00","","",
="042801","新唐富邦2A購01","0.33","","4919","新唐","130.50","＋","認購","美式","112年04月25日","112年04月25日","112年10月20日","112年10月24日","0.05","    170.00","","",
="042802","八貫元大2A購06","0.00","","1342","八貫","126.50","＋","認購","美式","112年04月25日","112年04月25日","112年10月20日","112年10月24日","0.05","    175.50","","",
="042803","八貫元大2A購07","0.44","","1342","八貫","126.50","＋","認購","美式","112年04月25日","112年04月25日","112年10月20日","112年10月24日","0.045","    164.00","","",
="042804","八貫元大31購01","0.00","","1342","八貫","126.50","＋","認購","美式","112年04月25日","112年04月25日","113年01月22日","113年01月24日","0.043","    169.50","","",
="042805","東元元大2A購06","0.00","","1504","東元","51.80","＋","認購","美式","112年04月25日","112年04月25日","112年10月20日","112年10月24日","0.392","    56.00","","",
="042806","中興電元大2B購04","1.37","＋","1513","中興電","113.50","＋","認購","美式","112年04月25日","112年04月25日","112年11月22日","112年11月24日","0.089","    118.50","","",
="042807","中砂元大2B購01","0.62","－","1560","中砂","114.50","－","認購","美式","112年04月25日","112年04月25日","112年11月22日","112年11月24日","0.042","    115.00","","",
="042808","中砂元大2C購02","0.68","－","1560","中砂","114.50","－","認購","美式","112年04月25日","112年04月25日","112年12月21日","112年12月25日","0.048","    120.00","","",
="042809","中砂元大31購01","0.00","","1560","中砂","114.50","－","認購","美式","112年04月25日","112年04月25日","113年01月22日","113年01月24日","0.135","    165.00","","",
="04280P","臺股指元大29售02","0.00","","IX0001","臺股指數","16,636.30","","認售","歐式","111年10月20日","112年09月19日","112年09月15日","112年09月19日","0.003","    9,600.00","","",
="04280U","世芯群益28售05","0.10","－","3661","世芯-KY","1,660.00","＋","認售","歐式","112年02月13日","112年08月14日","112年08月10日","112年08月14日","0.018","    838.00","","",
="042810","永冠元大2A購01","0.80","","1589","永冠-KY","71.60","－","認購","美式","112年04月25日","112年04月25日","112年10月20日","112年10月24日","0.12","    81.20","","",
="042811","中華元大2A購03","3.79","－","2204","中華","91.60","－","認購","美式","112年04月25日","112年04月25日","112年10月20日","112年10月24日","0.28","    86.50","","",
="042812","台達電元大2B購05","1.11","－","2308","台達電","315.50","－","認購","美式","112年04月25日","112年04月25日","112年11月22日","112年11月24日","0.071","    364.50","","",
="042813","台達電元大2C購02","1.24","－","2308","台達電","315.50","－","認購","美式","112年04月25日","112年04月25日","112年12月21日","112年12月25日","0.061","    354.50","","",
="042814","台達電元大31購02","1.13","","2308","台達電","315.50","－","認購","美式","112年04月25日","112年04月25日","113年01月22日","113年01月24日","0.093","    400.50","","",
="042815","鴻海元大2B購22","0.85","＋","2317","鴻海","105.50","＋","認購","美式","112年04月25日","112年04月25日","112年11月22日","112年11月24日","0.21","    125.50","","",
="042816","鴻海元大2C購16","0.90","＋","2317","鴻海","105.50","＋","認購","美式","112年04月25日","112年04月25日","112年12月21日","112年12月25日","0.239","    131.50","","",
="042817","仁寶元大2A購01","2.03","＋","2324","仁寶","28.15","＋","認購","美式","112年04月25日","112年04月25日","112年10月20日","112年10月24日","0.678","    27.80","","",
="042818","廣宇元大2A購01","1.82","＋","2328","廣宇","39.40","＋","認購","美式","112年04月25日","112年04月25日","112年10月20日","112年10月24日","0.403","    39.05","","",
="042819","廣宇元大2C購01","1.62","＋","2328","廣宇","39.40","＋","認購","美式","112年04月25日","112年04月25日","112年12月21日","112年12月25日","0.40","    43.00","","",
="04281U","愛普群益28售04","0.00","","6531","愛普*","328.50","＋","認售","歐式","112年02月13日","112年08月14日","112年08月10日","112年08月14日","0.025","    255.00","","",
="042820","精英元大2A購01","2.59","＋","2331","精英","28.70","＋","認購","美式","112年04月25日","112年04月25日","112年10月20日","112年10月24日","0.48","    25.60","","",
="042821","智邦元大2A購04","0.00","","2345","智邦","357.50","＋","認購","美式","112年04月25日","112年04月25日","112年10月20日","112年10月24日","0.046","    326.00","","",
="042822","智邦元大2C購01","0.00","","2345","智邦","357.50","＋","認購","美式","112年04月25日","112年04月25日","112年12月21日","112年12月25日","0.05","    349.00","","",
="042823","智邦元大31購01","2.78","＋","2345","智邦","357.50","＋","認購","美式","112年04月25日","112年04月25日","113年01月22日","113年01月24日","0.087","    441.50","","",
="042824","漢唐元大2A購05","1.24","＋","2404","漢唐","227.50","＋","認購","美式","112年04月25日","112年04月25日","112年10月20日","112年10月24日","0.058","    246.00","","",
="042825","南亞科元大2A購07","2.01","－","2408","南亞科","71.20","－","認購","美式","112年04月25日","112年04月25日","112年10月20日","112年10月24日","0.291","    75.00","","",
="042826","興勤元大2A購05","0.57","","2428","興勤","156.50","＋","認購","美式","112年04月25日","112年04月25日","112年10月20日","112年10月24日","0.114","    230.00","","",
="042827","義隆元大2A購02","0.99","＋","2458","義隆","104.00","＋","認購","美式","112年04月25日","112年04月25日","112年10月20日","112年10月24日","0.067","    99.00","","",
="042828","鉅祥元大2A購04","0.00","","2476","鉅祥","50.40","＋","認購","美式","112年04月25日","112年04月25日","112年10月20日","112年10月24日","0.227","    58.80","","",
="042829","晶華元大2B購02","0.00","","2707","晶華","288.00","＋","認購","美式","112年04月25日","112年04月25日","112年11月22日","112年11月24日","0.102","    420.00","","",
="04282U","台積電永豐2A售01","0.29","","2330","台積電","568.00","＋","認售","歐式","112年02月14日","112年10月13日","112年10月11日","112年10月13日","0.076","    415.86","","",
="042830","神基元大2A購06","2.48","＋","3005","神基","69.40","＋","認購","美式","112年04月25日","112年04月25日","112年10月20日","112年10月24日","0.229","    62.50","","",
="042831","神基元大2C購03","2.28","","3005","神基","69.40","＋","認購","美式","112年04月25日","112年04月25日","112年12月21日","112年12月25日","0.277","    71.30","","",
="042832","欣興元大2B購19","0.00","","3037","欣興","182.50","－","認購","美式","112年04月25日","112年04月25日","112年11月22日","112年11月24日","0.088","    152.50","","",
="042833","欣興元大2C購09","0.00","","3037","欣興","182.50","－","認購","美式","112年04月25日","112年04月25日","112年12月21日","112年12月25日","0.089","    158.00","","",
="042834","明泰元大2A購04","1.08","＋","3380","明泰","37.30","＋","認購","美式","112年04月25日","112年04月25日","112年10月20日","112年10月24日","0.461","    46.95","","",
="042835","創意元大2B購12","0.00","","3443","創意","1,515.00","＋","認購","美式","112年04月25日","112年04月25日","112年11月22日","112年11月24日","0.005","    1,040.00","","",
="042836","群創元大2B購12","1.00","＋","3481","群創","14.10","＋","認購","美式","112年04月25日","112年04月25日","112年11月22日","112年11月24日","0.561","    14.25","","",
="042837","嘉澤元大2B購12","1.79","－","3533","嘉澤","909.00","－","認購","美式","112年04月25日","112年04月25日","112年11月22日","112年11月24日","0.023","    1,060.00","","",
="042838","嘉澤元大2C購02","1.74","－","3533","嘉澤","909.00","－","認購","美式","112年04月25日","112年04月25日","112年12月21日","112年12月25日","0.017","    1,020.00","","",
="042839","瑞鼎元大2A購01","0.00","","3592","瑞鼎","348.00","＋","認購","美式","112年04月25日","112年04月25日","112年10月20日","112年10月24日","0.03","    477.50","","",
="04283U","立積群益28售02","0.40","－","4968","立積","170.00","＋","認售","歐式","112年02月14日","112年08月14日","112年08月10日","112年08月14日","0.112","    112.00","","",
="042840","TPK元大2A購03","1.66","＋","3673","TPK-KY","41.75","＋","認購","美式","112年04月25日","112年04月25日","112年10月20日","112年10月24日","0.222","    38.70","","",
="042841","富采元大2B購01","0.00","","3714","富采","49.90","＋","認購","美式","112年04月25日","112年04月25日","112年11月22日","112年11月24日","0.237","    58.20","","",
="042842","富采元大2C購02","0.00","","3714","富采","49.90","＋","認購","美式","112年04月25日","112年04月25日","112年12月21日","112年12月25日","0.245","    62.30","","",
="042843","富采元大31購02","0.77","＋","3714","富采","49.90","＋","認購","美式","112年04月25日","112年04月25日","113年01月22日","113年01月24日","0.393","    76.50","","",
="042844","正文元大2A購05","0.92","＋","4906","正文","31.40","＋","認購","美式","112年04月25日","112年04月25日","112年10月20日","112年10月24日","0.582","    36.60","","",
="042845","虹堡元大2A購04","1.62","＋","5258","虹堡","91.00","＋","認購","美式","112年04月25日","112年04月25日","112年10月20日","112年10月24日","0.274","    119.50","","",
="042846","中磊元大2B購04","1.29","＋","5388","中磊","93.30","＋","認購","美式","112年04月25日","112年04月25日","112年11月22日","112年11月24日","0.082","    86.20","","",
="042847","聯茂元大2A購05","1.16","＋","6213","聯茂","72.30","＋","認購","美式","112年04月25日","112年04月25日","112年10月20日","112年10月24日","0.331","    92.10","","",
="042848","聯茂元大2C購01","1.22","＋","6213","聯茂","72.30","＋","認購","美式","112年04月25日","112年04月25日","112年12月21日","112年12月25日","0.487","    110.00","","",
="042849","台郡元大2A購01","0.98","＋","6269","台郡","99.00","＋","認購","美式","112年04月25日","112年04月25日","112年10月20日","112年10月24日","0.145","    109.50","","",
="04284U","愛普群益2A售01","0.00","","6531","愛普*","328.50","＋","認售","歐式","112年02月14日","112年10月13日","112年10月11日","112年10月13日","0.05","    175.00","","",
="042850","啟碁元大2B購04","0.00","","6285","啟碁","87.50","＋","認購","美式","112年04月25日","112年04月25日","112年11月22日","112年11月24日","0.588","    145.00","","",
="042851","愛普元大2B購11","1.85","＋","6531","愛普*","328.50","＋","認購","美式","112年04月25日","112年04月25日","113年12月21日","112年11月24日","0.03","    332.00","","",
="042852","晶心科元大2B購07","1.10","＋","6533","晶心科","511.00","＋","認購","美式","112年04月25日","112年04月25日","112年11月22日","112年11月24日","0.011","    485.00","","",
="042853","嘉基元大2A購04","0.85","＋","6715","嘉基","145.50","＋","認購","美式","112年04月25日","112年04月25日","112年10月20日","112年10月24日","0.038","    152.50","","",
="042854","嘉基元大2C購01","0.90","＋","6715","嘉基","145.50","＋","認購","美式","112年04月25日","112年04月25日","112年12月21日","112年12月25日","0.041","    168.00","","",
="042855","AES元大2B購07","0.00","","6781","AES-KY","690.00","＋","認購","美式","112年04月25日","112年04月25日","112年11月22日","112年11月24日","0.021","    870.00","","",
="042856","AES元大2C購03","1.21","＋","6781","AES-KY","690.00","＋","認購","美式","112年04月25日","112年04月25日","112年12月21日","112年12月25日","0.021","    953.00","","",
="042857","明基材元大2A購02","0.00","","8215","明基材","35.30","＋","認購","美式","112年04月25日","112年04月25日","112年10月20日","112年10月24日","0.468","    45.60","","",
="042858","巨大元大2A購05","0.00","","9921","巨大","201.00","＋","認購","美式","112年04月25日","112年04月25日","112年10月20日","112年10月24日","0.051","    207.50","","",
="042859","大亞元富34購01","1.43","＋","1609","大亞","31.00","＋","認購","美式","112年04月25日","112年04月25日","113年04月22日","113年04月24日","0.344","    37.00","","",
="04285U","上銀統一2A售02","0.43","－","2049","上銀","235.50","＋","認售","歐式","112年02月14日","112年10月13日","112年10月11日","112年10月13日","0.02","    215.40","","",
="042860","拓凱元富31購01","1.04","","4536","拓凱","196.50","＋","認購","美式","112年04月25日","112年04月25日","113年01月22日","113年01月24日","0.063","    250.00","","",
="042861","上品元富2B購01","0.77","","4770","上品","297.00","＋","認購","美式","112年04月25日","112年04月25日","112年11月22日","112年11月24日","0.04","    420.00","","",
="042862","中興電麥證2A購02","0.88","＋","1513","中興電","113.50","＋","認購","歐式","112年04月25日","112年10月24日","112年10月20日","112年10月24日","0.12","    150.00","","",
="042863","中華麥證2A購01","4.78","－","2204","中華","91.60","－","認購","歐式","112年04月25日","112年10月24日","112年10月20日","112年10月24日","0.60","    100.00","","",
="042864","台積電麥證2B購06","0.00","","2330","台積電","568.00","＋","認購","歐式","112年04月25日","112年11月24日","112年11月22日","112年11月24日","0.045","    500.00","","",
="042865","建準麥證2C購01","5.45","＋","2421","建準","89.00","＋","認購","歐式","112年04月25日","112年12月25日","112年12月21日","112年12月25日","0.24","    70.00","","",
="042866","聯發科麥證2A購04","8.75","＋","2454","聯發科","738.00","＋","認購","歐式","112年04月25日","112年10月24日","112年10月20日","112年10月24日","0.12","    800.00","","",
="042867","聯發科麥證2B購02","2.25","","2454","聯發科","738.00","＋","認購","歐式","112年04月25日","112年11月24日","112年11月22日","112年11月24日","0.015","    650.00","","",
="042868","神基麥證2A購02","2.51","＋","3005","神基","69.40","＋","認購","歐式","112年04月25日","112年10月24日","112年10月20日","112年10月24日","0.60","    80.00","","",
="042869","聯合再麥證2B購01","0.44","","3576","聯合再生","20.30","＋","認購","歐式","112年04月25日","112年11月24日","112年11月22日","112年11月24日","1.00","    30.00","","",
="04286P","臺股指元大29售03","0.00","","IX0001","臺股指數","16,636.30","","認售","歐式","111年10月20日","112年09月19日","112年09月15日","112年09月19日","0.003","    10,000.00","","",
="04286U","台積電統一31售03","0.35","－","2330","台積電","568.00","＋","認售","歐式","112年02月14日","113年01月15日","113年01月11日","113年01月15日","0.015","    458.52","","",
="042870","聯發科第一2C購02","0.93","＋","2454","聯發科","738.00","＋","認購","美式","112年04月25日","112年04月25日","112年12月21日","112年12月25日","0.009","    764.37","","",
="042871","堤維西群益2B購01","0.00","","1522","堤維西","29.10","＋","認購","美式","112年04月25日","112年04月25日","112年11月22日","112年11月24日","0.45","    39.35","","",
="042872","美時群益2B購03","6.25","＋","1795","美時","330.50","＋","認購","美式","112年04月25日","112年04月25日","112年11月22日","112年11月24日","0.16","    385.00","","",
="042873","中鴻群益2B購01","0.00","","2014","中鴻","23.15","＋","認購","美式","112年04月25日","112年04月25日","112年11月22日","112年11月24日","1.00","    38.00","","",
="042874","友訊群益2B購01","1.73","＋","2332","友訊","19.95","＋","認購","美式","112年04月25日","112年04月25日","112年11月22日","112年11月24日","1.00","    22.00","","",
="042875","威盛群益2A購06","4.11","＋","2388","威盛","83.10","＋","認購","美式","112年04月25日","112年04月25日","112年10月20日","112年10月24日","0.35","    85.00","","",
="042876","欣興群益2A購03","2.38","－","3037","欣興","182.50","－","認購","美式","112年04月25日","112年04月25日","112年10月20日","112年10月24日","0.06","    155.00","","",
="042877","緯創群益2A購06","11.10","＋","3231","緯創","68.00","＋","認購","美式","112年04月25日","112年04月25日","112年10月20日","112年10月24日","1.00","    66.66","","",
="042878","玉晶光群益2A購03","3.75","＋","3406","玉晶光","400.00","＋","認購","美式","112年04月25日","112年04月25日","112年10月20日","112年10月24日","0.14","    470.00","","",
="042879","同欣電群益2B購01","0.96","＋","6271","同欣電","179.50","＋","認購","美式","112年04月25日","112年04月25日","112年11月22日","112年11月24日","0.08","    218.00","","",
="04287U","台積電國泰2A售07","0.60","－","2330","台積電","568.00","＋","認售","歐式","112年02月14日","112年10月13日","112年10月11日","112年10月13日","0.151","    427.69","","",
="042880","康舒群益2B購01","0.85","","6282","康舒","44.05","＋","認購","美式","112年04月25日","112年04月25日","112年11月22日","112年11月24日","0.40","    62.00","","",
="042881","愛普群益2A購06","4.53","＋","6531","愛普*","328.50","＋","認購","美式","112年04月25日","112年04月25日","112年10月20日","112年10月24日","0.17","    400.00","","",
="042882","南電群益2A購02","4.41","－","8046","南電","302.50","－","認購","美式","112年04月25日","112年04月25日","112年10月20日","112年10月24日","0.16","    340.00","","",
="042883","富邦媒群益2A購02","1.16","","8454","富邦媒","703.00","＋","認購","美式","112年04月25日","112年04月25日","112年10月20日","112年10月24日","0.03","    950.00","","",
="042884","東元凱基31購01","2.07","＋","1504","東元","51.80","＋","認購","美式","112年04月25日","112年04月25日","113年01月22日","113年01月24日","0.25","    55.00","","",
="042885","華新凱基2C購07","0.00","","1605","華新","46.60","＋","認購","美式","112年04月25日","112年04月25日","112年12月21日","112年12月25日","0.18","    59.50","","",
="042886","美時凱基2C購04","0.00","","1795","美時","330.50","＋","認購","美式","112年04月25日","112年04月25日","112年12月21日","112年12月25日","0.06","    345.00","","",
="042887","川湖凱基2A購02","1.32","＋","2059","川湖","436.00","＋","認購","美式","112年04月25日","112年04月25日","112年10月20日","112年10月24日","0.08","    560.00","","",
="042888","中華凱基2C購01","3.75","－","2204","中華","91.60","－","認購","美式","112年04月25日","112年04月25日","112年12月21日","112年12月25日","0.40","    100.00","","",
="042889","光寶科凱基2A購04","2.81","＋","2301","光寶科","86.40","＋","認購","美式","112年04月25日","112年04月25日","112年10月20日","112年10月24日","0.35","    85.00","","",
="04288P","立積國票26售02","0.00","","4968","立積","170.00","＋","認售","歐式","111年12月09日","112年06月08日","112年06月06日","112年06月08日","0.057","    115.00","","",
="04288U","台積電富邦29售08","0.00","","2330","台積電","568.00","＋","認售","歐式","112年02月14日","112年09月13日","112年09月11日","112年09月13日","0.03","    457.52","","",
="042890","台達電凱基2C購03","1.09","－","2308","台達電","315.50","－","認購","美式","112年04月25日","112年04月25日","112年12月21日","112年12月25日","0.18","    425.00","","",
="042891","鴻海凱基2C購09","1.04","＋","2317","鴻海","105.50","＋","認購","美式","112年04月25日","112年04月25日","112年12月21日","112年12月25日","0.12","    110.50","","",
="042892","順德凱基2A購03","0.48","","2351","順德","123.00","＋","認購","美式","112年04月25日","112年04月25日","112年10月20日","112年10月24日","0.22","    200.00","","",
="042893","宏碁凱基2A購02","1.54","－","2353","宏碁","31.05","＋","認購","美式","112年04月25日","112年04月25日","112年10月20日","112年10月24日","0.60","    31.00","","",
="042894","毅嘉凱基2A購02","0.95","＋","2402","毅嘉","28.70","＋","認購","美式","112年04月25日","112年04月25日","112年10月20日","112年10月24日","0.60","    38.00","","",
="042895","聯發科凱基2A購13","2.82","＋","2454","聯發科","738.00","＋","認購","美式","112年04月25日","112年04月25日","112年10月20日","112年10月24日","0.07","    850.00","","",
="042896","長榮凱基2A購17","0.43","＋","2603","長榮","157.00","＋","認購","美式","112年04月25日","112年04月25日","112年10月20日","112年10月24日","0.25","    223.00","","",
="042897","神基凱基2C購01","2.85","＋","3005","神基","69.40","＋","認購","美式","112年04月25日","112年04月25日","112年12月21日","112年12月25日","0.75","    84.00","","",
="042898","零壹凱基2A購01","0.00","","3029","零壹","67.30","＋","認購","美式","-888年04月25日","112年04月25日","112年10月20日","112年10月24日","0.27","    66.00","","",
="042899","智原凱基31購01","0.00","","3035","智原","173.50","＋","認購","美式","112年04月25日","112年04月25日","113年01月22日","113年01月24日","0.10","    265.00","","",
="04289P","臺股指元大29售04","0.00","","IX0001","臺股指數","16,636.30","","認售","歐式","111年10月20日","112年09月19日","112年09月15日","112年09月19日","0.003","    10,300.00","","",
="04289U","香港2X凱基2B售01","1.92","－",="00650L","FH香港正2","11.60","＋","認售","歐式","112年02月14日","112年11月13日","112年11月09日","112年11月13日","0.60","    13.00","","",
="042900","欣興凱基2B購08","3.53","－","3037","欣興","182.50","－","認購","美式","112年04月25日","112年04月25日","112年11月22日","112年11月24日","0.12","    177.00","","",
="042901","緯創凱基2A購12","0.00","","3231","緯創","68.00","＋","認購","美式","112年04月25日","112年04月25日","112年10月20日","112年10月24日","0.55","    56.00","","",
="042902","明泰凱基2A購01","0.91","","3380","明泰","37.30","＋","認購","美式","112年04月25日","112年04月25日","112年10月20日","112年10月24日","0.50","    48.00","","",
="042903","創意凱基2B購12","0.00","","3443","創意","1,515.00","＋","認購","美式","112年04月25日","112年04月25日","112年11月22日","112年11月24日","0.006","    1,120.00","","",
="042904","群創凱基2A購07","0.00","","3481","群創","14.10","＋","認購","美式","112年04月25日","112年04月25日","112年10月20日","112年10月24日","1.00","    18.25","","",
="042905","聯合再凱基2A購01","0.65","","3576","聯合再生","20.30","＋","認購","美式","112年04月25日","112年04月25日","112年10月20日","112年10月24日","0.55","    23.00","","",
="042906","承業醫凱基31購01","0.00","","4164","承業醫","64.10","","認購","美式","112年04月25日","112年04月25日","113年01月22日","113年01月24日","0.064","    77.00","","",
="042907","啟碁凱基2A購04","0.00","","6285","啟碁","87.50","＋","認購","美式","112年04月25日","112年04月25日","112年10月20日","112年10月24日","0.20","    120.00","","",
="042908","晶碩凱基2B購01","0.43","＋","6491","晶碩","366.50","＋","認購","美式","112年04月25日","112年04月25日","112年11月22日","112年11月24日","0.04","    600.00","","",
="042909","愛普凱基2B購03","2.09","＋","6531","愛普*","328.50","＋","認購","美式","112年04月25日","112年04月25日","112年11月22日","112年11月24日","0.035","    310.00","","",
="04290U","上銀凱基2A售02","1.23","－","2049","上銀","235.50","＋","認售","歐式","112年02月14日","112年10月13日","112年10月11日","112年10月13日","0.20","    180.00","","",
="042910","緯穎凱基2C購03","1.33","＋","6669","緯穎","1,205.00","＋","認購","美式","112年04月25日","112年04月25日","112年12月21日","112年12月25日","0.006","    1,200.00","","",
="042911","洋基凱基2A購02","1.11","＋","6691","洋基工程","297.00","＋","認購","美式","112年04月25日","112年04月25日","112年10月20日","112年10月24日","0.10","    370.00","","",
="042912","力智凱基2A購04","0.23","＋","6719","力智","303.00","＋","認購","美式","112年04月25日","112年04月25日","112年10月20日","112年10月24日","0.032","    465.00","","",
="042913","AES凱基2B購02","0.90","","6781","AES-KY","690.00","＋","認購","美式","112年04月25日","112年04月25日","112年11月22日","112年11月24日","0.025","    950.00","","",
="042914","視陽凱基2A購02","0.00","","6782","視陽","230.00","＋","認購","美式","112年04月25日","112年04月25日","112年10月20日","112年10月24日","0.03","    325.00","","",
="042915","南電凱基2B購08","2.57","－","8046","南電","302.50","－","認購","美式","112年04月25日","112年04月25日","112年11月22日","112年11月24日","0.12","    368.00","","",
="042916","道瓊反中信31購01","0.00","",="00669R","國泰美國道瓊反1","8.06","－","認購","歐式","112年04月26日","113年01月25日","113年01月23日","113年01月25日","1.00","    8.80","","",
="042917","同欣電中信2A購01","1.81","＋","6271","同欣電","179.50","＋","認購","歐式","112年04月26日","112年10月25日","112年10月23日","112年10月25日","0.20","    249.00","","",
="042918","矽力中信2C購03","0.00","","6415","矽力*-KY","394.50","＋","認購","歐式","112年04月26日","112年12月25日","112年12月21日","112年12月25日","0.01","    680.00","","",
="042919","國巨統一31購02","0.97","","2327","國巨","508.00","＋","認購","美式","112年04月26日","112年04月26日","113年01月23日","113年01月25日","0.015","    550.00","","",
="04291U","聯電凱基2A售03","0.37","－","2303","聯電","51.20","＋","認售","歐式","112年02月14日","112年10月13日","112年10月11日","112年10月13日","1.00","    37.00","","",
="042920","臺股指統一2B購01","0.00","","IX0001","臺股指數","16,636.30","","認購","歐式","112年04月26日","112年11月27日","112年11月23日","112年11月27日","0.001","    19,600.00","","",
="042921","華城兆豐2A購01","3.52","＋","1519","華城","141.00","＋","認購","美式","112年04月26日","112年04月26日","112年10月23日","112年10月25日","0.10","    120.00","","",
="042922","華新科兆豐2B購01","0.92","＋","2492","華新科","101.00","＋","認購","美式","112年04月26日","112年04月26日","112年11月23日","112年11月27日","0.10","    110.00","","",
="042923","創意兆豐31購02","0.00","","3443","創意","1,515.00","＋","認購","美式","112年04月26日","112年04月26日","113年01月23日","113年01月25日","0.004","    1,080.00","","",
="042924","華城康和2B購01","4.18","＋","1519","華城","141.00","＋","認購","美式","112年04月26日","112年04月26日","112年11月23日","112年11月27日","0.15","    140.00","","",
="042925","聯電康和2A購04","0.98","＋","2303","聯電","51.20","＋","認購","美式","112年04月26日","112年04月26日","112年10月23日","112年10月25日","0.60","    62.00","","",
="042926","聯發科康和2A購04","1.89","＋","2454","聯發科","738.00","＋","認購","美式","112年04月26日","112年04月26日","112年10月23日","112年10月25日","0.035","    808.00","","",
="042927","國泰金康和2A購01","1.17","＋","2882","國泰金","44.75","＋","認購","美式","112年04月26日","112年04月26日","112年10月23日","112年10月25日","0.55","    49.00","","",
="042928","大立光康和2A購02","0.00","","3008","大立光","2,305.00","＋","認購","美式","112年04月26日","112年04月26日","112年10月23日","112年10月25日","0.012","    2,468.00","","",
="042929","視陽康和2A購01","0.00","","6782","視陽","230.00","＋","認購","美式","112年04月26日","112年04月26日","112年10月23日","112年10月25日","0.03","    368.00","","",
="04292U","金像電凱基28售02","0.07","－","2368","金像電","121.50","","認售","歐式","112年02月14日","112年08月14日","112年08月10日","112年08月14日","0.155","    77.27","","",
="042930","新光鋼群益2B購01","0.00","","2031","新光鋼","48.80","－","認購","美式","112年04月26日","112年04月26日","112年11月23日","112年11月27日","0.35","    68.80","","",
="042931","瑞昱群益2A購01","1.14","＋","2379","瑞昱","388.00","＋","認購","美式","112年04月26日","112年04月26日","112年10月23日","112年10月25日","0.10","    548.00","","",
="042932","富邦金群益2A購01","0.85","","2881","富邦金","61.10","＋","認購","美式","112年04月26日","112年04月26日","112年10月23日","112年10月25日","0.80","    74.80","","",
="042933","大立光群益2C購01","2.40","＋","3008","大立光","2,305.00","＋","認購","美式","112年04月26日","112年04月26日","112年12月21日","112年12月25日","0.02","    2,998.00","","",
="042934","創意群益2B購01","3.53","＋","3443","創意","1,515.00","＋","認購","美式","112年04月26日","112年04月26日","112年11月23日","112年11月27日","0.01","    1,280.00","","",
="042935","晶睿群益2C購01","0.98","＋","3454","晶睿","182.50","＋","認購","美式","112年04月26日","112年04月26日","112年12月21日","112年12月25日","0.10","    300.00","","",
="042936","嘉澤群益2B購01","0.70","＋","3533","嘉澤","909.00","－","認購","美式","112年04月26日","112年04月26日","112年11月23日","112年11月27日","0.02","    1,308.00","","",
="042937","瑞鼎群益2B購01","1.50","＋","3592","瑞鼎","348.00","＋","認購","美式","112年04月26日","112年04月26日","112年11月23日","112年11月27日","0.075","    500.00","","",
="042938","新光鋼永豐2B購01","0.00","","2031","新光鋼","48.80","－","認購","美式","112年04月26日","112年04月26日","112年11月23日","112年11月27日","0.28","    68.60","","",
="042939","華城元富2A購02","0.00","","1519","華城","141.00","＋","認購","美式","112年04月26日","112年04月26日","112年10月23日","112年10月25日","0.11","    120.00","","",
="04293U","威盛凱基28售01","0.53","","2388","威盛","83.10","＋","認售","歐式","112年02月14日","112年08月14日","112年08月10日","112年08月14日","0.25","    60.00","","",
="042940","新光鋼元富2A購01","0.00","","2031","新光鋼","48.80","－","認購","美式","112年04月26日","112年04月26日","112年10月23日","112年10月25日","0.50","    58.56","","",
="042941","聯電元富2C購01","2.29","＋","2303","聯電","51.20","＋","認購","美式","112年04月26日","112年04月26日","112年12月21日","112年12月25日","0.35","    49.00","","",
="042942","台積電元富44購01","0.84","＋","2330","台積電","568.00","＋","認購","美式","112年04月26日","112年04月26日","114年04月23日","114年04月25日","0.012","    650.00","","",
="042943","聯發科元富31購06","2.84","＋","2454","聯發科","738.00","＋","認購","美式","112年04月26日","112年04月26日","113年01月23日","113年01月25日","0.025","    710.00","","",
="042944","聯發科元富31購07","3.62","＋","2454","聯發科","738.00","＋","認購","美式","112年04月26日","112年04月26日","113年01月23日","113年01月25日","0.025","    670.00","","",
="042945","貿聯元富2A購01","1.01","","3665","貿聯-KY","270.50","＋","認購","美式","112年04月26日","112年04月26日","112年10月23日","112年10月25日","0.05","    300.00","","",
="042946","同欣電元富2A購01","1.92","＋","6271","同欣電","179.50","＋","認購","美式","112年04月26日","112年04月26日","112年10月23日","112年10月25日","0.079","    180.00","","",
="042947","緯穎元富2B購01","0.00","","6669","緯穎","1,205.00","＋","認購","美式","112年04月26日","112年04月26日","112年11月23日","112年11月27日","0.037","    1,200.00","","",
="042948","中興電麥證2C購01","0.98","＋","1513","中興電","113.50","＋","認購","歐式","112年04月26日","112年12月25日","112年12月21日","112年12月25日","0.09","    130.00","","",
="042949","華城麥證2C購01","4.54","＋","1519","華城","141.00","＋","認購","歐式","112年04月26日","112年12月25日","112年12月21日","112年12月25日","0.15","    138.88","","",
="04294U","聯發科凱基2A售01","0.34","－","2454","聯發科","738.00","＋","認售","歐式","112年02月14日","112年10月13日","112年10月11日","112年10月13日","0.30","    400.00","","",
="042950","拓凱麥證2A購01","0.69","＋","4536","拓凱","196.50","＋","認購","歐式","112年04月26日","112年10月25日","112年10月23日","112年10月25日","0.04","    222.00","","",
="042951","新唐麥證2A購01","0.84","＋","4919","新唐","130.50","＋","認購","歐式","112年04月26日","112年10月25日","112年10月23日","112年10月25日","0.20","    200.00","","",
="042952","康舒麥證2C購01","0.00","","6282","康舒","44.05","＋","認購","歐式","112年04月26日","112年12月25日","112年12月21日","112年12月25日","0.067","    45.00","","",
="042953","香港2X國票34購01","0.62","＋",="00650L","復華香港正2（原簡稱：FH香港正2）","11.60","＋","認購","美式","112年04月26日","112年04月26日","113年04月23日","113年04月25日","0.882","    19.00","","",
="042954","台泥國票2B購01","0.00","","1101","台泥","38.15","＋","認購","美式","112年04月26日","112年04月26日","112年11月23日","112年11月27日","1.00","    50.00","","",
="042955","士電國票2C購01","0.00","","1503","士電","143.50","＋","認購","美式","112年04月26日","112年04月26日","112年12月21日","112年12月25日","0.20","    130.00","","",
="042956","東元國票2B購01","2.25","","1504","東元","51.80","＋","認購","美式","112年04月26日","112年04月26日","112年11月23日","112年11月27日","0.20","    45.00","","",
="042957","東元國票2B購02","2.53","＋","1504","東元","51.80","＋","認購","美式","112年04月26日","112年04月26日","112年11月23日","112年11月27日","0.65","    65.00","","",
="042958","堤維西國票2A購01","0.00","","1522","堤維西","29.10","＋","認購","美式","112年04月26日","112年04月26日","112年10月23日","112年10月25日","0.30","    30.00","","",
="042959","堤維西國票2B購01","0.00","","1522","堤維西","29.10","＋","認購","美式","112年04月26日","112年04月26日","112年11月23日","112年11月27日","0.50","    36.00","","",
="04295U","陽明凱基28售01","1.42","","2609","陽明","62.00","＋","認售","歐式","112年02月14日","112年08月14日","112年08月10日","112年08月14日","0.30","    60.00","","",
="042960","永冠國票31購01","0.64","","1589","永冠-KY","71.60","－","認購","美式","112年04月26日","112年04月26日","113年01月23日","113年01月25日","0.30","    119.80","","",
="042961","台達電國票2B購01","2.00","－","2308","台達電","315.50","－","認購","美式","112年04月26日","112年04月26日","112年11月23日","112年11月27日","0.06","    310.00","","",
="042962","台達電國票2C購01","0.00","","2308","台達電","315.50","－","認購","美式","112年04月26日","112年04月26日","112年12月21日","112年12月25日","0.12","    380.00","","",
="042963","鴻海國票31購01","0.68","","2317","鴻海","105.50","＋","認購","美式","112年04月26日","112年04月26日","113年01月23日","113年01月25日","0.08","    110.00","","",
="042964","聯發科國票2A購04","2.74","＋","2454","聯發科","738.00","＋","認購","美式","112年04月26日","112年04月26日","112年10月23日","112年10月25日","0.027","    700.00","","",
="042965","華新科國票2B購01","0.00","","2492","華新科","101.00","＋","認購","美式","112年04月26日","112年04月26日","112年11月23日","112年11月27日","0.40","    140.00","","",
="042966","長榮國票2B購01","0.00","","2603","長榮","157.00","＋","認購","美式","112年04月26日","112年04月26日","112年11月23日","112年11月27日","0.12","    225.00","","",
="042967","欣興國票2B購01","2.90","－","3037","欣興","182.50","－","認購","美式","112年04月26日","112年04月26日","112年11月23日","112年11月27日","0.10","    175.00","","",
="042968","耀登國票2B購02","0.00","","3138","耀登","153.00","＋","認購","美式","112年04月26日","112年04月26日","112年11月23日","112年11月27日","0.102","    229.68","","",
="042969","群創國票2A購02","0.86","＋","3481","群創","14.10","＋","認購","美式","112年04月26日","112年04月26日","112年10月23日","112年10月25日","0.75","    15.00","","",
="04296U","玉晶光凱基28售03","0.32","","3406","玉晶光","400.00","＋","認售","歐式","112年02月14日","112年08月14日","112年08月10日","112年08月14日","0.07","    300.00","","",
="042970","群創國票2B購05","0.94","＋","3481","群創","14.10","＋","認購","美式","112年04月26日","112年04月26日","112年11月23日","112年11月27日","0.65","    14.50","","",
="042971","視陽國票2B購02","0.39","","6782","視陽","230.00","＋","認購","美式","112年04月26日","112年04月26日","112年11月23日","112年11月27日","0.06","    430.00","","",
="042972","世紀鋼國票2C購02","0.38","","9958","世紀鋼","109.50","＋","認購","美式","112年04月26日","112年04月26日","112年12月21日","112年12月25日","0.125","    160.00","","",
="042973","台灣50國泰2C購01","2.83","＋",="0050","元大台灣50","126.75","＋","認購","美式","112年04月26日","112年04月26日","112年12月21日","112年12月25日","0.30","    123.24","","",
="042974","聯電富邦31購01","0.00","","2303","聯電","51.20","＋","認購","美式","112年04月26日","112年04月26日","113年01月23日","113年01月25日","0.09","    48.00","","",
="042975","群創富邦31購02","0.82","＋","3481","群創","14.10","＋","認購","美式","112年04月26日","112年04月26日","113年01月23日","113年01月25日","0.35","    13.50","","",
="042976","滬深2X元大31購01","0.46","＋",="00637L","元大滬深300正2","13.77","－","認購","美式","112年04月26日","112年04月26日","113年01月23日","113年01月25日","0.50","    18.50","","",
="042977","A50正2元大2A購03","0.00","",="00655L","國泰中國A50正2","24.65","－","認購","美式","112年04月26日","112年04月26日","112年10月23日","112年10月25日","0.50","    33.00","","",
="042978","元債2X元大2C購01","0.60","＋",="00680L","元大美債20正2","10.96","＋","認購","美式","112年04月26日","112年04月26日","112年12月21日","112年12月25日","0.60","    12.50","","",
="042979","元債2X元大31購01","0.75","＋",="00680L","元大美債20正2","10.96","＋","認購","美式","112年04月26日","112年04月26日","113年01月23日","113年01月25日","1.00","    14.00","","",
="04297U","華擎凱基28售02","0.71","－","3515","華擎","154.00","＋","認售","歐式","112年02月14日","112年08月14日","112年08月10日","112年08月14日","0.05","    145.00","","",
="042980","八貫元大2A購08","0.56","＋","1342","八貫","126.50","＋","認購","美式","112年04月26日","112年04月26日","112年10月23日","112年10月25日","0.038","    144.50","","",
="042981","士電元大2B購02","0.00","","1503","士電","143.50","＋","認購","美式","112年04月26日","112年04月26日","112年11月23日","112年11月27日","0.094","    102.50","","",
="042982","士電元大2C購02","6.50","＋","1503","士電","143.50","＋","認購","美式","112年04月26日","112年04月26日","112年12月21日","112年12月25日","0.174","    137.00","","",
="042983","中砂元大2B購02","0.57","－","1560","中砂","114.50","－","認購","美式","112年04月26日","112年04月26日","112年11月23日","112年11月27日","0.057","    128.00","","",
="042984","中砂元大2C購04","0.58","－","1560","中砂","114.50","－","認購","美式","112年04月26日","112年04月26日","112年12月21日","112年12月25日","0.068","    139.00","","",
="042985","中砂元大31購02","0.00","","1560","中砂","114.50","－","認購","美式","112年04月26日","112年04月26日","113年01月23日","113年01月25日","0.105","    160.00","","",
="042986","川湖元大2B購01","2.11","＋","2059","川湖","436.00","＋","認購","美式","112年04月26日","112年04月26日","112年11月23日","112年11月27日","0.061","    511.00","","",
="042987","仁寶元大2A購02","2.13","＋","2324","仁寶","28.15","＋","認購","美式","112年04月26日","112年04月26日","112年10月23日","112年10月25日","0.41","    24.35","","",
="042988","廣宇元大2A購02","0.72","＋","2328","廣宇","39.40","＋","認購","美式","112年04月26日","112年04月26日","112年10月23日","112年10月25日","1.00","    55.00","","",
="042989","台積電元大2B購25","4.98","","2330","台積電","568.00","＋","認購","美式","112年04月26日","112年04月26日","112年11月23日","112年11月27日","0.099","    585.00","","",
="04298U","中租凱基28售02","0.85","－","5871","中租-KY","210.50","＋","認售","歐式","112年02月14日","112年08月14日","112年08月10日","112年08月14日","0.05","    200.00","","",
="042990","台積電元大2C購09","0.00","","2330","台積電","568.00","＋","認購","美式","112年04月26日","112年04月26日","112年12月21日","112年12月25日","0.15","    670.00","","",
="042991","台積電元大31購03","0.00","","2330","台積電","568.00","＋","認購","美式","112年04月26日","112年04月26日","113年01月23日","113年01月25日","0.099","    657.00","","",
="042992","精英元大2A購02","0.00","","2331","精英","28.70","＋","認購","美式","112年04月26日","112年04月26日","112年10月23日","112年10月25日","0.391","    23.10","","",
="042993","華邦電元大2B購06","1.76","","2344","華邦電","26.90","＋","認購","美式","112年04月26日","112年04月26日","112年11月23日","112年11月27日","0.39","    25.35","","",
="042994","智邦元大2A購05","3.18","＋","2345","智邦","357.50","＋","認購","美式","112年04月26日","112年04月26日","112年10月23日","112年10月25日","0.039","    294.00","","",
="042995","毅嘉元大2A購06","1.73","＋","2402","毅嘉","28.70","＋","認購","美式","112年04月26日","112年04月26日","112年10月23日","112年10月25日","0.42","    30.20","","",
="042996","聯發科元大2B購11","4.15","＋","2454","聯發科","738.00","＋","認購","美式","112年04月26日","112年04月26日","112年11月23日","112年11月27日","0.033","    702.00","","",
="042997","聯發科元大2C購07","3.59","＋","2454","聯發科","738.00","＋","認購","美式","112年04月26日","112年04月26日","112年12月21日","112年12月25日","0.036","    779.00","","",
="042998","聯發科元大31購03","3.12","＋","2454","聯發科","738.00","＋","認購","美式","112年04月26日","112年04月26日","113年01月23日","113年01月25日","0.026","    750.00","","",
="042999","鉅祥元大2B購01","0.00","","2476","鉅祥","50.40","＋","認購","美式","112年04月26日","112年04月26日","112年11月23日","112年11月27日","0.232","    56.90","","",
="04299U","聯發科元大28售07","1.29","－","2454","聯發科","738.00","＋","認售","歐式","112年02月14日","112年08月14日","112年08月10日","112年08月14日","0.035","    667.00","","",
="043000","長榮元大2B購23","1.24","＋","2603","長榮","157.00","＋","認購","美式","112年04月26日","112年04月26日","112年11月23日","112年11月27日","0.17","    196.50","","",
="043001","長榮元大2C購13","0.93","","2603","長榮","157.00","＋","認購","美式","112年04月26日","112年04月26日","112年12月21日","112年12月25日","0.27","    233.50","","",
="043002","富邦金元大2B購01","1.20","","2881","富邦金","61.10","＋","認購","美式","112年04月26日","112年04月26日","112年11月23日","112年11月27日","0.382","    69.50","","",
="043003","奇鋐元大2B購06","0.00","","3017","奇鋐","206.00","－","認購","美式","112年04月26日","112年04月26日","112年11月23日","112年11月27日","0.049","    163.50","","",
="043004","零壹元大2A購03","2.62","＋","3029","零壹","67.30","＋","認購","美式","112年04月26日","112年04月26日","112年10月23日","112年10月25日","0.388","    72.50","","",
="043005","欣興元大2B購20","0.00","","3037","欣興","182.50","－","認購","美式","112年04月26日","112年04月26日","112年11月23日","112年11月27日","0.065","    137.00","","",
="043006","總太元大2B購02","1.36","＋","3056","總太","48.60","＋","認購","美式","112年04月26日","112年04月26日","112年11月23日","112年11月27日","0.228","    52.80","","",
="043007","耀登元大2A購02","0.00","","3138","耀登","153.00","＋","認購","美式","112年04月26日","112年04月26日","112年10月23日","112年10月25日","0.045","    168.59","","",
="043008","玉晶光元大2B購03","2.05","","3406","玉晶光","400.00","＋","認購","美式","112年04月26日","112年04月26日","112年11月23日","112年11月27日","0.034","    386.00","","",
="043009","敦泰元大2B購02","1.18","＋","3545","敦泰","83.70","＋","認購","美式","112年04月26日","112年04月26日","112年11月23日","112年11月27日","0.11","    93.80","","",
="04300U","聯發科元大28售08","0.00","","2454","聯發科","738.00","＋","認售","歐式","112年02月14日","112年08月14日","112年08月10日","112年08月14日","0.027","    696.00","","",
="043010","瑞鼎元大2B購01","0.00","","3592","瑞鼎","348.00","＋","認購","美式","112年04月26日","112年04月26日","112年11月23日","112年11月27日","0.029","    451.00","","",
="043011","上品元大2B購01","1.72","＋","4770","上品","297.00","＋","認購","美式","112年04月26日","112年04月26日","112年11月23日","112年11月27日","0.038","    316.50","","",
="043012","上品元大2C購01","1.47","＋","4770","上品","297.00","＋","認購","美式","112年04月26日","112年04月26日","112年12月21日","112年12月25日","0.039","    354.50","","",
="043013","上品元大31購01","1.47","＋","4770","上品","297.00","＋","認購","美式","112年04月26日","112年04月26日","113年01月23日","113年01月25日","0.038","    367.50","","",
="043014","致伸元大2A購01","1.22","－","4915","致伸","64.40","＋","認購","美式","112年04月26日","112年04月26日","112年10月23日","112年10月25日","0.561","    77.80","","",
="043015","訊連元大2A購02","0.54","＋","5203","訊連","94.00","＋","認購","美式","112年04月26日","112年04月26日","112年10月23日","112年10月25日","0.038","    100.00","","",
="043016","帆宣元大2A購03","0.66","－","6196","帆宣","131.50","","認購","美式","112年04月26日","112年04月26日","112年10月23日","112年10月25日","0.043","    130.00","","",
="043017","啟碁元大2C購03","0.48","＋","6285","啟碁","87.50","＋","認購","美式","112年04月26日","112年04月26日","112年12月21日","112年12月25日","0.066","    105.00","","",
="043018","迅得元大2A購01","0.69","＋","6438","迅得","113.50","＋","認購","美式","112年04月26日","112年04月26日","112年10月23日","112年10月25日","0.06","    127.36","","",
="043019","嘉基元大2B購01","0.00","","6715","嘉基","145.50","＋","認購","美式","112年04月26日","112年04月26日","112年11月23日","112年11月27日","0.074","    215.00","","",
="04301U","聯發科元大28售09","0.00","","2454","聯發科","738.00","＋","認售","歐式","112年02月14日","112年08月14日","112年08月10日","112年08月14日","0.025","    714.00","","",
="043020","台泥凱基2A購02","1.09","＋","1101","台泥","38.15","＋","認購","美式","112年04月26日","112年04月26日","112年10月23日","112年10月25日","0.50","    40.00","","",
="043021","中石化凱基2B購01","0.49","","1314","中石化","9.72","－","認購","美式","112年04月26日","112年04月26日","112年11月23日","112年11月27日","0.90","    11.00","","",
="043022","士電凱基2B購01","0.00","","1503","士電","143.50","＋","認購","美式","112年04月26日","112年04月26日","112年11月23日","112年11月27日","0.12","    95.00","","",
="043023","中興電凱基2C購03","1.32","＋","1513","中興電","113.50","＋","認購","美式","112年04月26日","112年04月26日","112年12月21日","112年12月25日","0.125","    137.00","","",
="043024","華城凱基2A購04","0.00","","1519","華城","141.00","＋","認購","美式","112年04月26日","112年04月26日","112年10月23日","112年10月25日","0.10","    100.00","","",
="043025","美時凱基2B購06","0.00","","1795","美時","330.50","＋","認購","美式","112年04月26日","112年04月26日","112年11月23日","112年11月27日","0.05","    305.00","","",
="043026","新光鋼凱基2B購01","0.00","","2031","新光鋼","48.80","－","認購","美式","112年04月26日","112年04月26日","112年11月23日","112年11月27日","0.55","    74.00","","",
="043027","聯電凱基2B購05","1.17","＋","2303","聯電","51.20","＋","認購","美式","112年04月26日","112年04月26日","112年11月23日","112年11月27日","0.50","    62.00","","",
="043028","順德凱基2A購04","0.75","","2351","順德","123.00","＋","認購","美式","112年04月26日","112年04月26日","112年10月23日","112年10月25日","0.085","    150.00","","",
="043029","友達凱基2A購06","0.00","","2409","友達","17.65","＋","認購","美式","112年04月26日","112年04月26日","112年10月23日","112年10月25日","1.00","    23.00","","",
="04302P","臺股指元大26售15","0.00","","IX0001","臺股指數","16,636.30","","認售","歐式","111年10月14日","112年06月13日","112年06月09日","112年06月13日","0.003","    10,700.00","","",
="04302U","嘉澤元大28售05","0.74","＋","3533","嘉澤","909.00","－","認售","歐式","112年02月14日","112年08月14日","112年08月10日","112年08月14日","0.036","    672.71","","",
="043030","建準凱基2A購04","0.00","","2421","建準","89.00","＋","認購","美式","112年04月26日","112年04月26日","112年10月23日","112年10月25日","0.15","    52.50","","",
="043031","聯發科凱基2C購03","2.62","＋","2454","聯發科","738.00","＋","認購","美式","112年04月26日","112年04月26日","112年12月21日","112年12月25日","0.075","    990.00","","",
="043032","全新凱基2C購01","0.64","＋","2455","全新","100.00","","認購","美式","112年04月26日","112年04月26日","112年12月21日","112年12月25日","0.10","    135.00","","",
="043033","長榮凱基2C購07","0.87","＋","2603","長榮","157.00","＋","認購","美式","112年04月26日","112年04月26日","112年12月21日","112年12月25日","0.15","    208.00","","",
="043034","陽明凱基2A購06","0.00","","2609","陽明","62.00","＋","認購","美式","112年04月26日","112年04月26日","112年10月23日","112年10月25日","0.35","    72.00","","",
="043035","台新金凱基2B購01","1.56","＋","2887","台新金","18.40","＋","認購","美式","112年04月26日","112年04月26日","112年11月23日","112年11月27日","1.00","    18.50","","",
="043036","神基凱基2A購03","3.70","＋","3005","神基","69.40","＋","認購","美式","112年04月26日","112年04月26日","112年10月23日","112年10月25日","0.30","    60.00","","",
="043037","大立光凱基2A購04","1.97","＋","3008","大立光","2,305.00","＋","認購","美式","112年04月26日","112年04月26日","112年10月23日","112年10月25日","0.018","    2,700.00","","",
="043038","欣興凱基2B購09","0.00","","3037","欣興","182.50","－","認購","美式","112年04月26日","112年04月26日","112年11月23日","112年11月27日","0.075","    148.00","","",
="043039","緯創凱基2C購03","7.65","＋","3231","緯創","68.00","＋","認購","美式","112年04月26日","112年04月26日","112年12月21日","112年12月25日","0.40","    52.00","","",
="04303P","臺股指元大26售16","0.00","","IX0001","臺股指數","16,636.30","","認售","歐式","111年10月14日","112年06月13日","112年06月09日","112年06月13日","0.002","    12,000.00","","",
="04303U","新唐元大28售06","0.00","","4919","新唐","130.50","＋","認售","歐式","112年02月14日","112年08月14日","112年08月10日","112年08月14日","0.103","    125.38","","",
="043040","創意凱基2B購13","3.20","","3443","創意","1,515.00","＋","認購","美式","112年04月26日","112年04月26日","112年11月23日","112年11月27日","0.008","    1,190.00","","",
="043041","新唐凱基2B購03","0.78","＋","4919","新唐","130.50","＋","認購","美式","112年04月26日","112年04月26日","112年11月23日","112年11月27日","0.08","    160.00","","",
="043042","祥碩凱基2A購07","1.49","＋","5269","祥碩","1,300.00","＋","認購","美式","112年04月26日","112年04月26日","112年10月23日","112年10月25日","0.008","    1,350.00","","",
="043043","同欣電凱基2A購02","1.79","＋","6271","同欣電","179.50","＋","認購","美式","112年04月26日","112年04月26日","112年10月23日","112年10月25日","0.08","    180.00","","",
="043044","矽力凱基2A購03","0.70","＋","6415","矽力*-KY","394.50","＋","認購","美式","112年04月26日","112年04月26日","112年10月23日","112年10月25日","0.02","    500.00","","",
="043045","緯穎凱基2B購08","1.43","＋","6669","緯穎","1,205.00","＋","認購","美式","112年04月26日","112年04月26日","112年11月23日","112年11月27日","0.006","    1,100.00","","",
="043046","南電凱基31購01","2.77","－","8046","南電","302.50","－","認購","美式","112年04月26日","112年04月26日","113年01月23日","113年01月25日","0.07","    335.00","","",
="043047","大成鋼法興2A購01","0.96","","2027","大成鋼","45.25","＋","認購","歐式","112年04月26日","112年10月25日","112年10月23日","112年10月25日","0.60","    56.00","","",
="043048","聯電法興2A購01","0.94","＋","2303","聯電","51.20","＋","認購","歐式","112年04月26日","112年10月25日","112年10月23日","112年10月25日","0.60","    62.00","","",
="043049","國巨法興2A購01","0.00","","2327","國巨","508.00","＋","認購","歐式","112年04月26日","112年10月25日","112年10月23日","112年10月25日","0.05","    700.00","","",
="04304P","鴻海國票26售02","0.00","","2317","鴻海","105.50","＋","認售","歐式","111年10月17日","112年06月16日","112年06月14日","112年06月16日","0.80","    70.00","","",
="04304U","愛普元大28售09","0.49","－","6531","愛普*","328.50","＋","認售","歐式","112年02月14日","112年08月14日","112年08月10日","112年08月14日","0.048","    238.00","","",
="043050","技嘉法興2A購01","4.85","－","2376","技嘉","186.00","＋","認購","歐式","112年04月26日","112年10月25日","112年10月23日","112年10月25日","0.20","    180.00","","",
="043051","南亞科法興2A購02","1.45","－","2408","南亞科","71.20","－","認購","歐式","112年04月26日","112年10月25日","112年10月23日","112年10月25日","0.40","    88.00","","",
="043052","友達法興2B購01","0.61","＋","2409","友達","17.65","＋","認購","歐式","112年04月26日","112年11月27日","112年11月23日","112年11月27日","1.00","    23.50","","",
="043053","聯發科法興2A購01","2.79","＋","2454","聯發科","738.00","＋","認購","歐式","112年04月26日","112年10月25日","112年10月23日","112年10月25日","0.05","    800.00","","",
="043054","陽明法興2A購01","0.85","","2609","陽明","62.00","＋","認購","歐式","112年04月26日","112年10月25日","112年10月23日","112年10月25日","0.50","    90.00","","",
="043055","長榮航法興2A購01","2.86","＋","2618","長榮航","33.60","＋","認購","歐式","112年04月26日","112年10月25日","112年10月23日","112年10月25日","0.80","    35.00","","",
="043056","大立光法興2A購01","2.10","＋","3008","大立光","2,305.00","＋","認購","歐式","112年04月26日","112年10月25日","112年10月23日","112年10月25日","0.01","    2,400.00","","",
="043057","景碩法興2A購01","1.26","＋","3189","景碩","116.00","＋","認購","歐式","112年04月26日","112年10月25日","112年10月23日","112年10月25日","0.15","    145.00","","",
="043058","群創法興2B購01","0.95","＋","3481","群創","14.10","＋","認購","歐式","112年04月26日","112年11月27日","112年11月23日","112年11月27日","1.00","    16.50","","",
="043059","貿聯法興2A購01","0.86","","3665","貿聯-KY","270.50","＋","認購","歐式","112年04月26日","112年10月25日","112年10月23日","112年10月25日","0.10","    360.00","","",
="04305U","T50反1元富2B售03","0.00","",="00632R","元大台灣50反1","4.94","－","認售","歐式","112年02月14日","112年11月13日","112年11月09日","112年11月13日","1.00","    5.70","","",
="043060","同欣電法興2A購01","0.82","","6271","同欣電","179.50","＋","認購","歐式","112年04月26日","112年10月25日","112年10月23日","112年10月25日","0.08","    240.00","","",
="043061","晶華第一2A購01","0.59","＋","2707","晶華","288.00","＋","認購","美式","112年04月27日","112年04月27日","112年10月24日","112年10月26日","0.017","    307.19","","",
="043062","長榮中信2B購02","1.01","＋","2603","長榮","157.00","＋","認購","歐式","112年04月27日","112年11月27日","112年11月23日","112年11月27日","0.10","    200.00","","",
="043063","康舒中信2C購01","0.67","＋","6282","康舒","44.05","＋","認購","歐式","112年04月27日","112年12月26日","112年12月22日","112年12月26日","0.25","    66.00","","",
="043064","鴻海康和2A購03","0.93","＋","2317","鴻海","105.50","＋","認購","美式","112年04月27日","112年04月27日","112年10月24日","112年10月26日","0.12","    105.00","","",
="043065","緯創康和2A購03","0.00","","3231","緯創","68.00","＋","認購","美式","112年04月27日","112年04月27日","112年10月24日","112年10月26日","0.40","    60.00","","",
="043066","中興電永豐2C購02","1.04","＋","1513","中興電","113.50","＋","認購","美式","112年04月27日","112年04月27日","112年12月22日","112年12月26日","0.05","    110.97","","",
="043067","八貫兆豐2C購02","0.52","","1342","八貫","126.50","＋","認購","美式","112年04月27日","112年04月27日","112年12月22日","112年12月26日","0.05","    170.00","","",
="043068","中興電兆豐2C購02","1.01","＋","1513","中興電","113.50","＋","認購","美式","112年04月27日","112年04月27日","112年12月22日","112年12月26日","0.08","    125.00","","",
="043069","台積電兆豐2C購04","2.11","＋","2330","台積電","568.00","＋","認購","美式","112年04月27日","112年04月27日","112年12月22日","112年12月26日","0.028","    520.00","","",
="04306U","上銀元富28售04","0.00","","2049","上銀","235.50","＋","認售","歐式","112年02月14日","112年08月14日","112年08月10日","112年08月14日","0.05","    230.00","","",
="043070","智原兆豐2C購01","0.90","＋","3035","智原","173.50","＋","認購","美式","112年04月27日","112年04月27日","112年12月22日","112年12月26日","0.04","    195.00","","",
="043071","士電群益2C購01","0.00","","1503","士電","143.50","＋","認購","美式","112年04月27日","112年04月27日","112年12月22日","112年12月26日","0.15","    135.00","","",
="043072","台積電群益2A購14","0.00","","2330","台積電","568.00","＋","認購","美式","112年04月27日","112年04月27日","112年10月24日","112年10月26日","0.06","    541.00","","",
="043073","台積電群益2A購15","0.00","","2330","台積電","568.00","＋","認購","美式","112年04月27日","112年04月27日","112年10月24日","112年10月26日","0.10","    603.00","","",
="043074","奇鋐群益2A購03","6.45","－","3017","奇鋐","206.00","－","認購","美式","112年04月27日","112年04月27日","112年10月24日","112年10月26日","0.17","    200.00","","",
="043075","晶睿群益2A購04","0.77","＋","3454","晶睿","182.50","＋","認購","美式","112年04月27日","112年04月27日","112年10月24日","112年10月26日","0.10","    280.00","","",
="043076","同欣電群益2A購01","1.53","＋","6271","同欣電","179.50","＋","認購","美式","112年04月27日","112年04月27日","112年10月24日","112年10月26日","0.08","    188.80","","",
="043077","晶碩群益2B購01","1.05","＋","6491","晶碩","366.50","＋","認購","美式","112年04月27日","112年04月27日","112年11月23日","112年11月27日","0.05","    488.00","","",
="043078","士電元富31購02","4.73","＋","1503","士電","143.50","＋","認購","美式","112年04月27日","112年04月27日","113年01月24日","113年01月26日","0.15","    140.00","","",
="043079","堤維西元富2A購01","0.00","","1522","堤維西","29.10","＋","認購","美式","112年04月27日","112年04月27日","112年10月24日","112年10月26日","0.47","    31.00","","",
="04307P","宏達電國票27售01","0.00","","2498","宏達電","61.50","＋","認售","歐式","111年10月17日","112年07月17日","112年07月13日","112年07月17日","0.80","    26.50","","",
="04307U","台積電元富28售13","0.00","","2330","台積電","568.00","＋","認售","歐式","112年02月14日","112年08月14日","112年08月10日","112年08月14日","0.05","    447.58","","",
="043080","創意元富2A購07","0.00","","3443","創意","1,515.00","＋","認購","美式","112年04月27日","112年04月27日","112年10月24日","112年10月26日","0.005","    1,000.00","","",
="043081","台灣50凱基31購05","3.31","＋",="0050","元大台灣50","126.75","＋","認購","美式","112年04月27日","112年04月27日","113年01月24日","113年01月26日","0.50","    130.00","","",
="043082","台灣50凱基31購06","2.86","",="0050","元大台灣50","126.75","＋","認購","美式","112年04月27日","112年04月27日","113年01月24日","113年01月26日","0.50","    132.00","","",
="043083","元石油凱基2C購02","1.52","＋",="00642U","期元大S&P石油(原名：元大S&P石油)","15.46","＋","認購","美式","112年04月27日","112年04月27日","112年12月22日","112年12月26日","0.60","    15.00","","",
="043084","S&P反1凱基32購01","0.00","",="00648R","元大S&P500反1","6.93","－","認購","美式","112年04月27日","112年04月27日","113年02月22日","113年02月26日","1.00","    7.50","","",
="043085","元債2X凱基31購02","0.00","",="00680L","元大美債20正2","10.96","＋","認購","美式","112年04月27日","112年04月27日","113年01月24日","113年01月26日","1.00","    15.00","","",
="043086","道瓊2X凱基32購01","0.64","＋",="00852L","國泰美國道瓊正2","18.51","＋","認購","美式","112年04月27日","112年04月27日","113年02月22日","113年02月26日","0.166","    18.00","","",
="043087","台泥凱基31購01","0.00","","1101","台泥","38.15","＋","認購","美式","112年04月27日","112年04月27日","113年01月24日","113年01月26日","1.00","    55.00","","",
="043088","中興電凱基2C購04","1.56","＋","1513","中興電","113.50","＋","認購","美式","112年04月27日","112年04月27日","112年12月22日","112年12月26日","0.075","    107.50","","",
="043089","堤維西凱基2A購02","1.16","","1522","堤維西","29.10","＋","認購","美式","112年04月27日","112年04月27日","112年10月24日","112年10月26日","0.32","    30.00","","",
="04308P","台灣50凱基27售07","0.11","－",="0050","元大台灣50","126.75","＋","認售","歐式","111年12月09日","112年07月10日","112年07月06日","112年07月10日","0.256","    112.47","","",
="04308U","台積電元富28售14","0.00","","2330","台積電","568.00","＋","認售","歐式","112年02月14日","112年08月14日","112年08月10日","112年08月14日","0.04","    497.31","","",
="043090","永冠凱基2A購02","0.46","－","1589","永冠-KY","71.60","－","認購","美式","112年04月27日","112年04月27日","112年10月24日","112年10月26日","0.35","    108.00","","",
="043091","華新凱基2C購08","0.76","","1605","華新","46.60","＋","認購","美式","112年04月27日","112年04月27日","112年12月22日","112年12月26日","0.15","    52.50","","",
="043092","美時凱基2B購07","0.00","","1795","美時","330.50","＋","認購","美式","112年04月27日","112年04月27日","112年11月23日","112年11月27日","0.05","    315.00","","",
="043093","川湖凱基2A購03","1.85","＋","2059","川湖","436.00","＋","認購","美式","112年04月27日","112年04月27日","112年10月24日","112年10月26日","0.05","    480.00","","",
="043094","裕隆凱基2A購06","1.12","＋","2201","裕隆","82.80","＋","認購","美式","112年04月27日","112年04月27日","112年10月24日","112年10月26日","0.45","    115.00","","",
="043095","光寶科凱基2A購05","3.21","＋","2301","光寶科","86.40","＋","認購","美式","112年04月27日","112年04月27日","112年10月24日","112年10月26日","0.22","    73.00","","",
="043096","聯電凱基2A購08","1.70","＋","2303","聯電","51.20","＋","認購","美式","112年04月27日","112年04月27日","112年10月24日","112年10月26日","0.35","    51.00","","",
="043097","台達電凱基2B購02","2.11","＋","2308","台達電","315.50","－","認購","美式","112年04月27日","112年04月27日","112年11月23日","112年11月27日","0.06","    305.00","","",
="043098","鴻海凱基2A購17","1.14","＋","2317","鴻海","105.50","＋","認購","美式","112年04月27日","112年04月27日","112年10月24日","112年10月26日","0.12","    104.00","","",
="043099","台積電凱基2A購24","4.38","＋","2330","台積電","568.00","＋","認購","美式","112年04月27日","112年04月27日","112年10月24日","112年10月26日","0.06","    520.00","","",
="04309U","宏達電元富28售02","0.00","","2498","宏達電","61.50","＋","認售","歐式","112年02月14日","112年08月14日","112年08月10日","112年08月14日","0.15","    55.00","","",
="043100","台積電凱基31購07","4.26","＋","2330","台積電","568.00","＋","認購","美式","112年04月27日","112年04月27日","113年01月24日","113年01月26日","0.06","    550.00","","",
="043101","聯發科凱基2A購14","2.99","＋","2454","聯發科","738.00","＋","認購","美式","112年04月27日","112年04月27日","112年10月24日","112年10月26日","0.035","    740.00","","",
="043102","長榮凱基2B購09","0.54","＋","2603","長榮","157.00","＋","認購","美式","112年04月27日","112年04月27日","112年11月23日","112年11月27日","0.25","    240.00","","",
="043103","陽明凱基2B購05","0.75","＋","2609","陽明","62.00","＋","認購","美式","112年04月27日","112年04月27日","112年11月23日","112年11月27日","1.00","    96.00","","",
="043104","八方凱基2A購03","0.00","","2753","八方雲集","167.00","","認購","美式","112年04月27日","112年04月27日","112年10月24日","112年10月26日","0.03","    190.00","","",
="043105","晶豪科凱基2C購02","0.87","","3006","晶豪科","88.20","＋","認購","美式","112年04月27日","112年04月27日","112年12月22日","112年12月26日","0.072","    96.00","","",
="043106","大立光凱基2A購05","2.47","＋","3008","大立光","2,305.00","＋","認購","美式","112年04月27日","112年04月27日","112年10月24日","112年10月26日","0.01","    2,300.00","","",
="043107","欣興凱基2C購03","0.00","","3037","欣興","182.50","－","認購","美式","112年04月27日","112年04月27日","112年12月22日","112年12月26日","0.08","    160.00","","",
="043108","景碩凱基2B購01","1.24","＋","3189","景碩","116.00","＋","認購","美式","112年04月27日","112年04月27日","112年11月23日","112年11月27日","0.075","    115.00","","",
="043109","景碩凱基2B購02","1.22","＋","3189","景碩","116.00","＋","認購","美式","112年04月27日","112年04月27日","112年11月23日","112年11月27日","0.11","    135.00","","",
="04310U","世芯元富28售04","0.00","","3661","世芯-KY","1,660.00","＋","認售","歐式","112年02月14日","112年08月14日","112年08月10日","112年08月14日","0.041","    505.00","","",
="043110","緯創凱基2B購09","0.00","","3231","緯創","68.00","＋","認購","美式","112年04月27日","112年04月27日","112年11月23日","112年11月27日","0.40","    54.00","","",
="043111","創意凱基2B購14","0.00","","3443","創意","1,515.00","＋","認購","美式","112年04月27日","112年04月27日","112年11月23日","112年11月27日","0.006","    1,070.00","","",
="043112","群創凱基2B購04","0.97","＋","3481","群創","14.10","＋","認購","美式","112年04月27日","112年04月27日","112年11月23日","112年11月27日","0.75","    15.00","","",
="043113","台郡凱基2C購01","0.00","","6269","台郡","99.00","＋","認購","美式","112年04月27日","112年04月27日","112年12月22日","112年12月26日","0.12","    125.00","","",
="043114","啟碁凱基2B購02","0.00","","6285","啟碁","87.50","＋","認購","美式","112年04月27日","112年04月27日","112年11月23日","112年11月27日","0.09","    110.00","","",
="043115","迅得凱基2B購02","0.70","","6438","迅得","113.50","＋","認購","美式","112年04月27日","112年04月27日","112年11月23日","112年11月27日","0.075","    135.00","","",
="043116","視陽凱基2A購03","0.30","＋","6782","視陽","230.00","＋","認購","美式","112年04月27日","112年04月27日","112年10月24日","112年10月26日","0.04","    375.00","","",
="043117","南電凱基31購02","2.65","－","8046","南電","302.50","－","認購","美式","112年04月27日","112年04月27日","113年01月24日","113年01月26日","0.085","    355.00","","",
="043118","世紀鋼凱基2B購02","0.49","","9958","世紀鋼","109.50","＋","認購","美式","112年04月27日","112年04月27日","112年11月23日","112年11月27日","0.20","    165.00","","",
="043119","臺股指凱基31購14","0.00","","IX0001","臺股指數","16,636.30","","認購","歐式","112年04月27日","113年01月26日","113年01月24日","113年01月26日","0.0015","    14,800.00","","",
="04311P","宏達電凱基26售05","0.00","","2498","宏達電","61.50","＋","認售","歐式","111年10月20日","112年06月19日","112年06月15日","112年06月19日","0.25","    45.00","","",
="04311U","新唐元富28售03","0.00","","4919","新唐","130.50","＋","認售","歐式","112年02月14日","112年08月14日","112年08月10日","112年08月14日","0.04","    150.00","","",
="043120","臺股指凱基31購15","0.00","","IX0001","臺股指數","16,636.30","","認購","歐式","112年04月27日","113年01月26日","113年01月24日","113年01月26日","0.05","    20,600.00","","",
="043121","台泥統一32購01","0.00","","1101","台泥","38.15","＋","認購","美式","112年04月27日","112年04月27日","113年02月22日","113年02月26日","0.18","    44.60","","",
="043122","台泥統一32購02","0.00","","1101","台泥","38.15","＋","認購","美式","112年04月27日","112年04月27日","113年02月22日","113年02月26日","0.188","    45.00","","",
="043123","士電統一31購03","0.00","","1503","士電","143.50","＋","認購","美式","112年04月27日","112年04月27日","113年01月24日","113年01月26日","0.035","    110.40","","",
="043124","中華統一32購01","1.02","－","2204","中華","91.60","－","認購","美式","112年04月27日","112年04月27日","113年02月22日","113年02月26日","0.045","    88.80","","",
="043125","中華統一32購02","0.89","－","2204","中華","91.60","－","認購","美式","112年04月27日","112年04月27日","113年02月22日","113年02月26日","0.042","    92.70","","",
="043126","長榮統一34購03","0.00","","2603","長榮","157.00","＋","認購","美式","112年04月27日","112年04月27日","113年04月24日","113年04月26日","0.02","    123.45","","",
="043127","萬海統一2C購04","0.52","＋","2615","萬海","60.00","＋","認購","美式","112年04月27日","112年04月27日","112年12月22日","112年12月26日","0.088","    68.00","","",
="043128","世芯統一2C購09","0.00","","3661","世芯-KY","1,660.00","＋","認購","美式","112年04月27日","112年04月27日","112年12月22日","112年12月26日","0.002","    1,285.00","","",
="043129","承業醫統一32購01","0.00","","4164","承業醫","64.10","","認購","美式","112年04月27日","112年04月27日","113年02月22日","113年02月26日","0.04","    80.10","","",
="04312P","T50正2凱基2A售03","0.32","－",="00631L","元大台灣50正2","129.10","＋","認售","歐式","111年12月09日","112年10月11日","112年10月05日","112年10月11日","0.10","    90.00","","",
="04312U","愛普元富28售03","0.00","","6531","愛普*","328.50","＋","認售","歐式","112年02月14日","112年08月14日","112年08月10日","112年08月14日","0.041","    230.00","","",
="043130","天鈺統一31購01","0.00","","4961","天鈺","154.00","＋","認購","美式","112年04月27日","112年04月27日","113年01月24日","113年01月26日","0.024","    179.50","","",
="043131","元晶統一34購01","0.00","","6443","元晶","36.20","＋","認購","美式","112年04月27日","112年04月27日","113年04月24日","113年04月26日","0.09","    51.68","","",
="043132","穎崴統一32購05","0.89","－","6515","穎崴","830.00","－","認購","美式","112年04月27日","112年04月27日","113年02月22日","113年02月26日","0.004","    782.00","","",
="043133","香港2X元大2A購02","0.00","",="00650L","復華香港正2（原簡稱：FH香港正2）","11.60","＋","認購","美式","112年04月27日","112年04月27日","112年10月24日","112年10月26日","0.50","    14.50","","",
="043134","台泥元大2A購02","0.00","","1101","台泥","38.15","＋","認購","美式","112年04月27日","112年04月27日","112年10月24日","112年10月26日","0.50","    42.50","","",
="043135","中興電元大2B購05","1.24","＋","1513","中興電","113.50","＋","認購","美式","112年04月27日","112年04月27日","112年11月23日","112年11月27日","0.132","    137.50","","",
="043136","堤維西元大2A購02","0.00","","1522","堤維西","29.10","＋","認購","美式","112年04月27日","112年04月27日","112年10月24日","112年10月26日","0.733","    37.80","","",
="043137","美時元大2B購13","0.00","","1795","美時","330.50","＋","認購","美式","112年04月27日","112年04月27日","112年11月23日","112年11月27日","0.032","    259.00","","",
="043138","川湖元大2C購01","2.04","＋","2059","川湖","436.00","＋","認購","美式","112年04月27日","112年04月27日","112年12月22日","112年12月26日","0.108","    600.00","","",
="043139","裕隆元大2B購05","1.81","＋","2201","裕隆","82.80","＋","認購","美式","112年04月27日","112年04月27日","112年11月23日","112年11月27日","0.206","    93.80","","",
="04313U","鴻海麥證29售01","0.52","－","2317","鴻海","105.50","＋","認售","歐式","112年02月14日","112年09月13日","112年09月11日","112年09月13日","0.10","    100.00","","",
="043140","光寶科元大2A購05","0.00","","2301","光寶科","86.40","＋","認購","美式","112年04月27日","112年04月27日","112年10月24日","112年10月26日","0.257","    78.00","","",
="043141","台達電元大2B購06","1.51","－","2308","台達電","315.50","－","認購","美式","112年04月27日","112年04月27日","112年11月23日","112年11月27日","0.041","    305.50","","",
="043142","台達電元大2C購03","1.35","＋","2308","台達電","315.50","－","認購","美式","112年04月27日","112年04月27日","112年12月22日","112年12月26日","0.063","    351.00","","",
="043143","鴻海元大2B購23","0.00","","2317","鴻海","105.50","＋","認購","美式","112年04月27日","112年04月27日","112年11月23日","112年11月27日","0.31","    135.50","","",
="043144","鴻海元大2C購17","0.93","＋","2317","鴻海","105.50","＋","認購","美式","112年04月27日","112年04月27日","112年12月22日","112年12月26日","0.221","    128.50","","",
="043145","金像電元大2B購04","1.20","－","2368","金像電","121.50","","認購","美式","112年04月27日","112年04月27日","112年11月23日","112年11月27日","0.042","    100.00","","",
="043146","金像電元大2C購01","1.25","＋","2368","金像電","121.50","","認購","美式","112年04月27日","112年04月27日","112年12月22日","112年12月26日","0.052","    110.00","","",
="043147","金像電元大31購01","1.35","－","2368","金像電","121.50","","認購","美式","112年04月27日","112年04月27日","113年01月24日","113年01月26日","0.135","    150.00","","",
="043148","美食元大2B購03","0.75","","2723","美食-KY","152.50","－","認購","美式","112年04月27日","112年04月27日","112年11月23日","112年11月27日","0.055","    188.00","","",
="043149","大立光元大2B購06","1.36","＋","3008","大立光","2,305.00","＋","認購","美式","112年04月27日","112年04月27日","112年11月23日","112年11月27日","0.004","    2,215.00","","",
="04314P","華新凱基26售04","0.00","","1605","華新","46.60","＋","認售","歐式","111年12月09日","112年06月08日","112年06月06日","112年06月08日","0.25","    45.00","","",
="04314U","聯發科麥證28售03","1.11","－","2454","聯發科","738.00","＋","認售","歐式","112年02月14日","112年08月14日","112年08月10日","112年08月14日","0.03","    700.00","","",
="043150","大立光元大2C購01","1.39","","3008","大立光","2,305.00","＋","認購","美式","112年04月27日","112年04月27日","112年12月22日","112年12月26日","0.005","    2,415.00","","",
="043151","大立光元大31購01","1.47","＋","3008","大立光","2,305.00","＋","認購","美式","112年04月27日","112年04月27日","113年01月24日","113年01月26日","0.004","    2,255.00","","",
="043152","緯創元大2B購13","0.00","","3231","緯創","68.00","＋","認購","美式","112年04月27日","112年04月27日","112年11月23日","112年11月27日","0.35","    54.80","","",
="043153","緯創元大2C購10","6.10","＋","3231","緯創","68.00","＋","認購","美式","112年04月27日","112年04月27日","112年12月22日","112年12月26日","0.375","    58.80","","",
="043154","緯創元大31購06","6.20","＋","3231","緯創","68.00","＋","認購","美式","112年04月27日","112年04月27日","113年01月24日","113年01月26日","0.482","    66.50","","",
="043155","三福化元大2A購01","0.59","－","4755","三福化","131.00","＋","認購","美式","112年04月27日","112年04月27日","112年10月24日","112年10月26日","0.047","    148.50","","",
="043156","同欣電元大2A購01","1.28","＋","6271","同欣電","179.50","＋","認購","美式","112年04月27日","112年04月27日","112年10月24日","112年10月26日","0.045","    173.25","","",
="043157","同欣電元大2C購01","1.32","＋","6271","同欣電","179.50","＋","認購","美式","112年04月27日","112年04月27日","112年12月22日","112年12月26日","0.05","    189.75","","",
="043158","迅得元大2A購03","0.64","＋","6438","迅得","113.50","＋","認購","美式","112年04月27日","112年04月27日","112年10月24日","112年10月26日","0.039","    115.00","","",
="043159","緯穎元大2C購03","1.49","－","6669","緯穎","1,205.00","＋","認購","美式","112年04月27日","112年04月27日","112年12月22日","112年12月26日","0.014","    1,700.00","","",
="04315P","SGBR2X群益26售03","0.00","",="00715L","期街口布蘭特正2","12.73","＋","認售","歐式","111年10月17日","112年06月16日","112年06月14日","112年06月16日","0.40","    16.40","","",
="04315U","群臺2X永豐2A售01","0.00","",="00685L","群益臺灣加權正2","46.05","＋","認售","歐式","112年02月15日","112年10月16日","112年10月12日","112年10月16日","0.241","    36.51","","",
="043160","臺股指元大2C購30","0.00","","IX0001","臺股指數","16,636.30","","認購","歐式","112年04月27日","112年12月26日","112年12月22日","112年12月26日","0.005","    17,100.00","","",
="043161","臺股指元大2C購31","0.00","","IX0001","臺股指數","16,636.30","","認購","歐式","112年04月27日","112年12月26日","112年12月22日","112年12月26日","0.002","    15,500.00","","",
="043162","臺股指元大31購21","0.00","","IX0001","臺股指數","16,636.30","","認購","歐式","112年04月27日","113年01月26日","113年01月24日","113年01月26日","0.007","    18,000.00","","",
="043163","臺股指元大31購22","2.08","＋","IX0001","臺股指數","16,636.30","","認購","歐式","112年04月27日","113年01月26日","113年01月24日","113年01月26日","0.002","    16,100.00","","",
="043164","臺股指元大31購23","0.00","","IX0001","臺股指數","16,636.30","","認購","歐式","112年04月27日","113年01月26日","113年01月24日","113年01月26日","0.001","    14,900.00","","",
="043165","台泥麥證2A購01","0.00","","1101","台泥","38.15","＋","認購","歐式","112年04月27日","112年10月26日","112年10月24日","112年10月26日","1.00","    45.00","","",
="043166","台泥麥證2C購01","1.23","＋","1101","台泥","38.15","＋","認購","歐式","112年04月27日","112年12月26日","112年12月22日","112年12月26日","1.00","    46.88","","",
="043167","堤維西麥證2A購02","0.00","","1522","堤維西","29.10","＋","認購","歐式","112年04月27日","112年10月26日","112年10月24日","112年10月26日","0.30","    32.00","","",
="043168","全新麥證2B購01","0.97","－","2455","全新","100.00","","認購","歐式","112年04月27日","112年11月27日","112年11月23日","112年11月27日","0.071","    110.00","","",
="043169","正文麥證2A購01","0.90","＋","4906","正文","31.40","＋","認購","歐式","112年04月27日","112年10月26日","112年10月24日","112年10月26日","0.50","    35.00","","",
="04316P","宏達電群益26售02","0.00","","2498","宏達電","61.50","＋","認售","歐式","111年10月17日","112年06月16日","112年06月14日","112年06月16日","0.30","    45.00","","",
="04316U","鴻海永豐29售01","0.51","－","2317","鴻海","105.50","＋","認售","歐式","112年02月15日","112年09月14日","112年09月12日","112年09月14日","0.12","    98.46","","",
="043170","康舒麥證2C購02","0.83","＋","6282","康舒","44.05","＋","認購","歐式","112年04月27日","112年12月26日","112年12月22日","112年12月26日","0.50","    65.00","","",
="043171","緯穎麥證2A購02","4.00","＋","6669","緯穎","1,205.00","＋","認購","歐式","112年04月27日","112年10月26日","112年10月24日","112年10月26日","0.07","    1,600.00","","",
="043172","A50正2國票2B購01","0.48","－",="00655L","國泰中國A50正2","24.65","－","認購","美式","112年04月27日","112年04月27日","112年11月23日","112年11月27日","1.00","    39.00","","",
="043173","道瓊反國票2C購01","0.00","",="00669R","國泰美國道瓊反1","8.06","－","認購","美式","112年04月27日","112年04月27日","112年12月22日","112年12月26日","1.00","    7.90","","",
="043174","士電國票31購01","2.79","＋","1503","士電","143.50","＋","認購","美式","112年04月27日","112年04月27日","113年01月24日","113年01月26日","0.10","    150.00","","",
="043175","台達電國票31購01","1.45","－","2308","台達電","315.50","－","認購","美式","112年04月27日","112年04月27日","113年01月24日","113年01月26日","0.25","    450.00","","",
="043176","光罩國票2B購02","1.07","－","2338","光罩","81.80","＋","認購","美式","112年04月27日","112年04月27日","112年11月23日","112年11月27日","0.129","    95.00","","",
="043177","聯發科國票2A購05","2.75","＋","2454","聯發科","738.00","＋","認購","美式","112年04月27日","112年04月27日","112年10月24日","112年10月26日","0.05","    825.00","","",
="043178","聯發科國票2C購01","2.73","＋","2454","聯發科","738.00","＋","認購","美式","112年04月27日","112年04月27日","112年12月22日","112年12月26日","0.03","    750.00","","",
="043179","聯發科國票2C購02","2.75","＋","2454","聯發科","738.00","＋","認購","美式","112年04月27日","112年04月27日","112年12月22日","112年12月26日","0.08","    1,000.00","","",
="04317U","聯發科永豐29售01","0.00","","2454","聯發科","738.00","＋","認售","歐式","112年02月15日","112年09月14日","112年09月12日","112年09月14日","0.021","    672.98","","",
="043180","宏達電國票31購01","0.00","","2498","宏達電","61.50","＋","認購","美式","112年04月27日","112年04月27日","113年01月24日","113年01月26日","0.50","    80.00","","",
="043181","緯創國票2B購04","8.80","＋","3231","緯創","68.00","＋","認購","美式","112年04月27日","112年04月27日","112年11月23日","112年11月27日","1.00","    69.00","","",
="043182","群創國票2C購01","0.79","＋","3481","群創","14.10","＋","認購","美式","112年04月27日","112年04月27日","112年12月22日","112年12月26日","0.75","    16.00","","",
="043183","敦泰國票2B購02","0.00","","3545","敦泰","83.70","＋","認購","美式","112年04月27日","112年04月27日","112年11月23日","112年11月27日","0.341","    120.00","","",
="043184","健策國票2B購01","0.00","","3653","健策","616.00","＋","認購","美式","112年04月27日","112年04月27日","112年11月23日","112年11月27日","0.051","    580.00","","",
="043185","合勤控國票2B購02","0.00","","3704","合勤控","43.85","＋","認購","美式","112年04月27日","112年04月27日","112年11月23日","112年11月27日","0.736","    58.00","","",
="043186","永崴控國票2B購01","0.00","","3712","永崴投控","37.10","＋","認購","美式","112年04月27日","112年04月27日","112年11月23日","112年11月27日","0.40","    50.00","","",
="043187","力積電國票2C購01","1.65","＋","6770","力積電","30.85","＋","認購","美式","112年04月27日","112年04月27日","112年12月22日","112年12月26日","0.75","    35.00","","",
="043188","台泥國泰2C購01","0.00","","1101","台泥","38.15","＋","認購","美式","112年04月27日","112年04月27日","112年12月22日","112年12月26日","0.80","    46.00","","",
="043189","台積電國泰2C購03","3.82","＋","2330","台積電","568.00","＋","認購","美式","112年04月27日","112年04月27日","112年12月22日","112年12月26日","0.10","    610.00","","",
="04318U","裕隆統一29售03","0.00","","2201","裕隆","82.80","＋","認售","歐式","112年02月15日","112年09月14日","112年09月12日","112年09月14日","0.10","    66.66","","",
="043190","台積電國泰2C購04","3.31","＋","2330","台積電","568.00","＋","認購","美式","112年04月27日","112年04月27日","112年12月22日","112年12月26日","0.08","    600.00","","",
="043191","台灣50富邦32購02","0.00","",="0050","元大台灣50","126.75","＋","認購","美式","112年04月27日","112年04月27日","113年02月22日","113年02月26日","0.30","    130.00","","",
="043192","滬深2X富邦2C購03","0.63","－",="00637L","元大滬深300正2","13.77","－","認購","美式","112年04月27日","112年04月27日","112年12月22日","112年12月26日","1.00","    18.00","","",
="043193","陽明富邦32購01","0.60","＋","2609","陽明","62.00","＋","認購","美式","112年04月27日","112年04月27日","113年02月22日","113年02月26日","0.08","    66.00","","",
="043194","萬海富邦2C購03","0.68","＋","2615","萬海","60.00","＋","認購","美式","112年04月27日","112年04月27日","112年12月22日","112年12月26日","0.20","    80.00","","",
="043195","美食富邦33購01","0.84","－","2723","美食-KY","152.50","－","認購","美式","112年04月27日","112年04月27日","113年03月22日","113年03月26日","0.026","    145.00","","",
="043196","力智富邦31購01","0.57","","6719","力智","303.00","＋","認購","美式","112年04月27日","112年04月27日","113年01月24日","113年01月26日","0.015","    360.00","","",
="043197","香港2X中信32購01","0.49","＋",="00650L","復華香港正2（原簡稱：FH香港正2）","11.60","＋","認購","歐式","112年04月28日","113年02月27日","113年02月23日","113年02月27日","0.383","    16.88","","",
="043198","台泥中信2A購01","0.00","","1101","台泥","38.15","＋","認購","歐式","112年04月28日","112年10月27日","112年10月25日","112年10月27日","1.00","    50.00","","",
="043199","漢翔中信2A購01","0.18","＋","2634","漢翔","55.80","＋","認購","歐式","112年04月28日","112年10月27日","112年10月25日","112年10月27日","0.18","    80.00","","",
="04319P","創意凱基26售02","0.00","","3443","創意","1,515.00","＋","認售","歐式","111年12月09日","112年06月08日","112年06月06日","112年06月08日","0.01","    750.00","","",
="04319U","創意統一28售01","0.05","－","3443","創意","1,515.00","＋","認售","歐式","112年02月15日","112年08月14日","112年08月10日","112年08月14日","0.004","    768.90","","",
="043200","威鋒電中信2C購01","1.49","＋","6756","威鋒電子","223.00","＋","認購","歐式","112年04月28日","112年12月27日","112年12月25日","112年12月27日","0.04","    232.00","","",
="043201","臺股指中信2C購09","0.00","","IX0001","臺股指數","16,636.30","","認購","歐式","112年04月28日","112年12月27日","112年12月25日","112年12月27日","0.001","    15,588.00","","",
="043202","漢翔兆豐2C購01","1.04","","2634","漢翔","55.80","＋","認購","美式","112年04月28日","112年04月28日","112年12月25日","112年12月27日","0.15","    65.00","","",
="043203","大立光兆豐2A購04","2.53","＋","3008","大立光","2,305.00","＋","認購","美式","112年04月28日","112年04月28日","112年10月25日","112年10月27日","0.006","    2,000.00","","",
="043204","元晶兆豐33購01","1.74","＋","6443","元晶","36.20","＋","認購","美式","112年04月28日","112年04月28日","113年03月25日","113年03月27日","0.25","    34.80","","",
="043205","台泥康和2B購01","0.57","","1101","台泥","38.15","＋","認購","美式","112年04月28日","112年04月28日","112年11月23日","112年11月27日","1.00","    52.00","","",
="043206","漢翔康和2A購03","1.01","＋","2634","漢翔","55.80","＋","認購","美式","112年04月28日","112年04月28日","112年10月25日","112年10月27日","0.30","    68.80","","",
="043207","漢翔永豐31購01","0.96","","2634","漢翔","55.80","＋","認購","美式","112年04月28日","112年04月28日","113年01月25日","113年01月29日","0.16","    74.84","","",
="043208","乙盛永豐2C購02","1.95","＋","5243","乙盛-KY","83.70","＋","認購","美式","112年04月28日","112年04月28日","112年12月25日","112年12月27日","0.084","    64.80","","",
="043209","康舒永豐2C購01","1.02","","6282","康舒","44.05","＋","認購","美式","112年04月28日","112年04月28日","112年12月25日","112年12月27日","0.367","    58.19","","",
="04320U","上証2X國票29售01","0.00","",="00633L","富邦上証正2","35.01","－","認售","歐式","112年02月15日","112年09月14日","112年09月12日","112年09月14日","1.00","    28.00","","",
="043210","中興電統一33購04","0.79","＋","1513","中興電","113.50","＋","認購","美式","112年04月28日","112年04月28日","113年03月25日","113年03月27日","0.029","    116.70","","",
="043211","漢翔統一33購01","0.62","＋","2634","漢翔","55.80","＋","認購","美式","112年04月28日","112年04月28日","113年03月25日","113年03月27日","0.06","    65.60","","",
="043212","創意統一34購02","2.17","＋","3443","創意","1,515.00","＋","認購","美式","112年04月28日","112年04月28日","113年04月25日","113年04月29日","0.003","    1,000.00","","",
="043213","元晶統一34購02","0.79","＋","6443","元晶","36.20","＋","認購","美式","112年04月28日","112年04月28日","113年04月25日","113年04月29日","0.13","    45.67","","",
="043214","力智統一31購01","0.00","","6719","力智","303.00","＋","認購","美式","112年04月28日","112年04月28日","113年01月25日","113年01月29日","0.01","    431.00","","",
="043215","潤泰新統一31購01","0.64","","9945","潤泰新","35.00","＋","認購","美式","112年04月28日","112年04月28日","113年01月25日","113年01月29日","0.125","    43.70","","",
="043216","南電第一2C購03","0.98","－","8046","南電","302.50","－","認購","美式","112年04月28日","112年04月28日","112年12月25日","112年12月27日","0.02","    307.91","","",
="043217","道瓊反凱基31購01","0.00","",="00669R","國泰美國道瓊反1","8.06","－","認購","美式","112年04月28日","112年04月28日","113年01月25日","113年01月29日","0.88","    8.60","","",
="043218","士電凱基2A購04","0.00","","1503","士電","143.50","＋","認購","美式","112年04月28日","112年04月28日","112年10月25日","112年10月27日","0.10","    100.00","","",
="043219","東元凱基2A購03","2.61","＋","1504","東元","51.80","＋","認購","美式","112年04月28日","112年04月28日","112年10月25日","112年10月27日","0.28","    47.00","","",
="04321U","道瓊銀國票2A售01","0.57","",="00738U","期元大道瓊白銀(原名：元大道瓊白銀)","22.79","＋","認售","歐式","112年02月15日","112年10月16日","112年10月12日","112年10月16日","1.00","    19.00","","",
="043220","亞力凱基2B購04","0.95","＋","1514","亞力","51.60","＋","認購","美式","112年04月28日","112年04月28日","112年11月23日","112年11月27日","0.14","    56.00","","",
="043221","美時凱基2C購05","0.00","","1795","美時","330.50","＋","認購","美式","112年04月28日","112年04月28日","112年12月25日","112年12月27日","0.055","    335.00","","",
="043222","聯電凱基2B購07","0.00","","2303","聯電","51.20","＋","認購","美式","112年04月28日","112年04月28日","112年11月23日","112年11月27日","0.70","    55.00","","",
="043223","台積電凱基2B購09","3.43","＋","2330","台積電","568.00","＋","認購","美式","112年04月28日","112年04月28日","112年11月23日","112年11月27日","0.08","    580.00","","",
="043224","台積電凱基31購08","0.00","","2330","台積電","568.00","＋","認購","美式","112年04月28日","112年04月28日","113年01月25日","113年01月29日","0.045","    510.00","","",
="043225","旺宏凱基2A購02","1.32","＋","2337","旺宏","33.40","＋","認購","美式","112年04月28日","112年04月28日","112年10月25日","112年10月27日","0.65","    36.00","","",
="043226","聯電第一28購01","0.00","","2303","聯電","51.20","＋","認購","美式","110年08月26日","110年08月26日","112年08月23日","112年08月25日","0.037","    63.29","","",
="043227","光罩凱基2B購02","0.98","＋","2338","光罩","81.80","＋","認購","美式","112年04月28日","112年04月28日","112年11月23日","112年11月27日","0.096","    85.00","","",
="043228","華邦電凱基2B購03","2.02","＋","2344","華邦電","26.90","＋","認購","美式","112年04月28日","112年04月28日","112年11月23日","112年11月27日","0.45","    25.00","","",
="043229","聯發科凱基2A購15","0.00","","2454","聯發科","738.00","＋","認購","美式","112年04月28日","112年04月28日","112年10月25日","112年10月27日","0.20","    950.00","","",
="04322U","鴻海國票29售03","0.00","","2317","鴻海","105.50","＋","認售","歐式","112年02月15日","112年09月14日","112年09月12日","112年09月14日","0.30","    85.00","","",
="043230","聯發科凱基2A購16","4.88","＋","2454","聯發科","738.00","＋","認購","美式","112年04月28日","112年04月28日","112年10月25日","112年10月27日","0.15","    890.00","","",
="043231","聯發科凱基2A購17","4.18","＋","2454","聯發科","738.00","＋","認購","美式","112年04月28日","112年04月28日","112年10月25日","112年10月27日","0.06","    760.00","","",
="043232","長榮凱基2B購10","1.14","＋","2603","長榮","157.00","＋","認購","美式","112年04月28日","112年04月28日","112年11月23日","112年11月27日","0.10","    173.00","","",
="043233","漢翔凱基2A購08","0.61","＋","2634","漢翔","55.80","＋","認購","美式","112年04月28日","112年04月28日","112年10月25日","112年10月27日","0.10","    66.00","","",
="043234","大立光凱基2A購06","2.49","","3008","大立光","2,305.00","＋","認購","美式","112年04月28日","112年04月28日","112年10月25日","112年10月27日","0.007","    2,100.00","","",
="043235","智原凱基2B購06","0.78","＋","3035","智原","173.50","＋","認購","美式","112年04月28日","112年04月28日","112年11月23日","112年11月27日","0.041","    195.00","","",
="043236","欣興凱基2B購10","4.03","－","3037","欣興","182.50","－","認購","美式","112年04月28日","112年04月28日","112年11月23日","112年11月27日","0.125","    170.00","","",
="043237","耀登凱基2A購01","0.00","","3138","耀登","153.00","＋","認購","美式","112年04月28日","112年04月28日","112年10月25日","112年10月27日","0.046","    161.26","","",
="043238","緯創凱基2A購13","6.00","＋","3231","緯創","68.00","＋","認購","美式","112年04月28日","112年04月28日","112年10月25日","112年10月27日","0.25","    45.00","","",
="043239","創意凱基2A購17","0.00","","3443","創意","1,515.00","＋","認購","美式","112年04月28日","112年04月28日","112年10月25日","112年10月27日","0.012","    1,000.00","","",
="04323U","宏達電國票28售04","1.32","－","2498","宏達電","61.50","＋","認售","歐式","112年02月15日","112年08月14日","112年08月10日","112年08月14日","0.15","    65.00","","",
="043240","永崴控凱基2B購01","0.97","","3712","永崴投控","37.10","＋","認購","美式","112年04月28日","112年04月28日","112年11月23日","112年11月27日","0.55","    50.00","","",
="043241","新唐凱基2A購05","1.04","＋","4919","新唐","130.50","＋","認購","美式","112年04月28日","112年04月28日","112年10月25日","112年10月27日","0.07","    135.00","","",
="043242","台郡凱基2A購01","1.49","＋","6269","台郡","99.00","＋","認購","美式","112年04月28日","112年04月28日","112年10月25日","112年10月27日","0.15","    100.00","","",
="043243","晶心科凱基2C購02","1.29","＋","6533","晶心科","511.00","＋","認購","美式","112年04月28日","112年04月28日","112年12月25日","112年12月27日","0.015","    500.00","","",
="043244","緯穎凱基2A購09","1.53","＋","6669","緯穎","1,205.00","＋","認購","美式","112年04月28日","112年04月28日","112年10月25日","112年10月27日","0.008","    1,220.00","","",
="043245","南電凱基2A購05","0.00","","8046","南電","302.50","－","認購","美式","112年04月28日","112年04月28日","112年10月25日","112年10月27日","0.055","    265.00","","",
="043246","滬深2X元富2A購04","0.00","",="00637L","元大滬深300正2","13.77","－","認購","美式","112年04月28日","112年04月28日","112年10月25日","112年10月27日","1.00","    15.50","","",
="043247","新光鋼元富2A購02","0.00","","2031","新光鋼","48.80","－","認購","美式","112年04月28日","112年04月28日","112年10月25日","112年10月27日","0.50","    60.00","","",
="043248","長榮元富34購01","0.87","＋","2603","長榮","157.00","＋","認購","美式","112年04月28日","112年04月28日","113年04月25日","113年04月29日","0.059","    200.00","","",
="043249","合勤控元富2C購01","1.85","","3704","合勤控","43.85","＋","認購","美式","112年04月28日","112年04月28日","112年12月25日","112年12月27日","0.35","    50.00","","",
="04324U","創意國票29售02","0.05","－","3443","創意","1,515.00","＋","認售","歐式","112年02月15日","112年09月14日","112年09月12日","112年09月14日","0.16","    460.00","","",
="043250","拓凱元富2A購01","0.72","","4536","拓凱","196.50","＋","認購","美式","112年04月28日","112年04月28日","112年10月25日","112年10月27日","0.038","    220.00","","",
="043251","漢翔麥證31購01","0.00","","2634","漢翔","55.80","＋","認購","歐式","112年04月28日","113年01月29日","113年01月25日","113年01月29日","0.10","    77.00","","",
="043252","滬深2X元大2C購04","0.72","－",="00637L","元大滬深300正2","13.77","－","認購","美式","112年04月28日","112年04月28日","112年12月25日","112年12月27日","0.50","    15.50","","",
="043253","台泥元大2A購03","0.00","","1101","台泥","38.15","＋","認購","美式","112年04月28日","112年04月28日","112年10月25日","112年10月27日","1.00","    52.00","","",
="043254","台泥元大2A購04","0.00","","1101","台泥","38.15","＋","認購","美式","112年04月28日","112年04月28日","112年10月25日","112年10月27日","0.802","    46.15","","",
="043255","士電元大2A購04","2.86","＋","1503","士電","143.50","＋","認購","美式","112年04月28日","112年04月28日","112年10月25日","112年10月27日","0.063","    111.00","","",
="043256","士電元大2C購03","0.00","","1503","士電","143.50","＋","認購","美式","112年04月28日","112年04月28日","112年12月25日","112年12月27日","0.065","    122.50","","",
="043257","亞力元大2A購02","1.39","＋","1514","亞力","51.60","＋","認購","美式","112年04月28日","112年04月28日","112年10月25日","112年10月27日","0.149","    51.70","","",
="043258","和大元大2A購02","0.00","","1536","和大","71.40","＋","認購","美式","112年04月28日","112年04月28日","112年10月25日","112年10月27日","0.171","    70.20","","",
="043259","永冠元大2A購02","0.93","－","1589","永冠-KY","71.60","－","認購","美式","112年04月28日","112年04月28日","112年10月25日","112年10月27日","0.204","    87.40","","",
="04325U","祥碩國票28售03","0.13","－","5269","祥碩","1,300.00","＋","認售","歐式","112年02月15日","112年08月14日","112年08月10日","112年08月14日","0.008","    900.00","","",
="043260","亞德客元大2A購01","0.00","","1590","亞德客-KY","1,040.00","＋","認購","美式","112年04月28日","112年04月28日","112年10月25日","112年10月27日","0.006","    1,185.00","","",
="043261","台達電元大2B購07","2.06","＋","2308","台達電","315.50","－","認購","美式","112年04月28日","112年04月28日","112年11月23日","112年11月27日","0.097","    344.00","","",
="043262","鴻海元大2B購24","0.90","＋","2317","鴻海","105.50","＋","認購","美式","112年04月28日","112年04月28日","112年11月23日","112年11月27日","0.211","    124.50","","",
="043263","鴻海元大2C購18","0.00","","2317","鴻海","105.50","＋","認購","美式","112年04月28日","112年04月28日","112年12月25日","112年12月27日","0.452","    148.00","","",
="043264","聯發科元大2B購12","3.25","＋","2454","聯發科","738.00","＋","認購","美式","112年04月28日","112年04月28日","112年11月23日","112年11月27日","0.026","    690.00","","",
="043265","宏達電元大2B購08","1.08","","2498","宏達電","61.50","＋","認購","美式","112年04月28日","112年04月28日","112年11月23日","112年11月27日","0.142","    64.60","","",
="043266","長榮元大2B購24","1.34","＋","2603","長榮","157.00","＋","認購","美式","112年04月28日","112年04月28日","112年11月23日","112年11月27日","0.115","    180.00","","",
="043267","美食元大2B購04","0.85","","2723","美食-KY","152.50","－","認購","美式","112年04月28日","112年04月28日","112年11月23日","112年11月27日","0.046","    168.50","","",
="043268","欣興元大2B購22","0.00","","3037","欣興","182.50","－","認購","美式","112年04月28日","112年04月28日","112年11月23日","112年11月27日","0.079","    149.00","","",
="043269","緯創元大2B購14","0.00","","3231","緯創","68.00","＋","認購","美式","112年04月28日","112年04月28日","112年11月23日","112年11月27日","0.204","    43.70","","",
="04326U","臺股指國票29售06","0.73","－","IX0001","臺股指數","16,636.30","","認售","歐式","112年02月15日","112年09月14日","112年09月12日","112年09月14日","0.002","    15,200.00","","",
="043270","拓凱元大2B購04","1.14","＋","4536","拓凱","196.50","＋","認購","美式","112年04月28日","112年04月28日","112年11月23日","112年11月27日","0.038","    200.00","","",
="043271","上品元大2A購03","2.21","＋","4770","上品","297.00","＋","認購","美式","112年04月28日","112年04月28日","112年10月25日","112年10月27日","0.036","    270.50","","",
="043272","新唐元大2B購02","0.63","＋","4919","新唐","130.50","＋","認購","美式","112年04月28日","112年04月28日","112年11月23日","112年11月27日","0.053","    153.50","","",
="043273","同欣電元大2A購03","0.00","","6271","同欣電","179.50","＋","認購","美式","112年04月28日","112年04月28日","112年10月25日","112年10月27日","0.071","    214.50","","",
="043274","同欣電元大2C購02","1.05","＋","6271","同欣電","179.50","＋","認購","美式","112年04月28日","112年04月28日","112年12月25日","112年12月27日","0.09","    247.50","","",
="043275","GIS元大2A購03","0.81","","6456","GIS-KY","75.40","＋","認購","美式","112年04月28日","112年04月28日","112年10月25日","112年10月27日","0.47","    98.22","","",
="043276","緯穎元大2B購13","1.46","－","6669","緯穎","1,205.00","＋","認購","美式","112年04月28日","112年04月28日","112年11月23日","112年11月27日","0.013","    1,530.00","","",
="043277","力智元大2A購08","0.00","","6719","力智","303.00","＋","認購","美式","112年04月28日","112年04月28日","112年10月25日","112年10月27日","0.023","    390.00","","",
="043278","力積電元大2A購03","1.05","＋","6770","力積電","30.85","＋","認購","美式","112年04月28日","112年04月28日","112年10月25日","112年10月27日","0.943","    37.50","","",
="043279","台灣50群益2A購06","3.66","＋",="0050","元大台灣50","126.75","＋","認購","美式","112年04月28日","112年04月28日","112年10月25日","112年10月27日","0.30","    117.00","","",
="04327U","創意麥證29售01","0.15","－","3443","創意","1,515.00","＋","認售","歐式","112年02月15日","112年09月14日","112年09月12日","112年09月14日","0.005","    800.00","","",
="043280","台灣50群益2A購07","3.00","＋",="0050","元大台灣50","126.75","＋","認購","美式","112年04月28日","112年04月28日","112年10月25日","112年10月27日","0.30","    120.00","","",
="043281","台灣50群益2A購08","3.66","",="0050","元大台灣50","126.75","＋","認購","美式","112年04月28日","112年04月28日","112年10月25日","112年10月27日","0.50","    125.00","","",
="043282","台灣50群益2A購09","4.94","＋",="0050","元大台灣50","126.75","＋","認購","美式","112年04月28日","112年04月28日","112年10月25日","112年10月27日","1.00","    130.00","","",
="043283","T50反1群益2C購01","0.30","",="00632R","元大台灣50反1","4.94","－","認購","美式","112年04月28日","112年04月28日","112年12月25日","112年12月27日","1.00","    5.00","","",
="043284","台泥群益2A購01","0.00","","1101","台泥","38.15","＋","認購","美式","112年04月28日","112年04月28日","112年10月25日","112年10月27日","0.85","    56.00","","",
="043285","美時群益2B購04","0.00","","1795","美時","330.50","＋","認購","美式","112年04月28日","112年04月28日","112年11月23日","112年11月27日","0.05","    289.00","","",
="043286","友達群益2B購03","0.39","＋","2409","友達","17.65","＋","認購","美式","112年04月28日","112年04月28日","112年11月23日","112年11月27日","1.00","    24.80","","",
="043287","聯發科群益2A購14","0.00","","2454","聯發科","738.00","＋","認購","美式","112年04月28日","112年04月28日","112年10月25日","112年10月27日","0.03","    636.00","","",
="043288","聯發科群益2B購08","6.60","＋","2454","聯發科","738.00","＋","認購","美式","112年04月28日","112年04月28日","112年11月23日","112年11月27日","0.10","    850.00","","",
="043289","鉅祥群益2A購01","1.11","＋","2476","鉅祥","50.40","＋","認購","美式","112年04月28日","112年04月28日","112年10月25日","112年10月27日","0.30","    61.00","","",
="04328P","台灣50國泰26售01","0.00","",="0050","元大台灣50","126.75","＋","認售","歐式","111年10月17日","112年06月16日","112年06月14日","112年06月16日","0.256","    92.91","","",
="04328U","聯電國泰2A售04","0.00","","2303","聯電","51.20","＋","認售","歐式","112年02月15日","112年10月16日","112年10月12日","112年10月16日","0.80","    36.00","","",
="043290","晶華群益2C購01","1.16","＋","2707","晶華","288.00","＋","認購","美式","112年04月28日","112年04月28日","112年12月25日","112年12月27日","0.08","    388.00","","",
="043291","晶睿群益2A購05","0.95","＋","3454","晶睿","182.50","＋","認購","美式","112年04月28日","112年04月28日","112年10月25日","112年10月27日","0.08","    240.00","","",
="043292","華擎群益2A購03","2.29","＋","3515","華擎","154.00","＋","認購","美式","112年04月28日","112年04月28日","112年10月25日","112年10月27日","0.08","    144.00","","",
="043293","新唐群益2A購02","0.92","＋","4919","新唐","130.50","＋","認購","美式","112年04月28日","112年04月28日","112年10月25日","112年10月27日","0.11","    156.00","","",
="043294","邁達特群益2B購01","5.00","－","6112","邁達特","71.70","＋","認購","美式","112年04月28日","112年04月28日","112年11月23日","112年11月27日","0.18","    54.80","","",
="043295","迅得群益2B購01","0.70","＋","6438","迅得","113.50","＋","認購","美式","112年04月28日","112年04月28日","112年11月23日","112年11月27日","0.09","    138.00","","",
="043296","道瓊銀國票2C購01","0.66","＋",="00738U","期元大道瓊白銀(原名：元大道瓊白銀)","22.79","＋","認購","美式","112年04月28日","112年04月28日","112年12月25日","112年12月27日","0.662","    27.00","","",
="043297","和大國票2A購01","0.00","","1536","和大","71.40","＋","認購","美式","112年04月28日","112年04月28日","112年10月25日","112年10月27日","0.25","    80.00","","",
="043298","中砂國票2B購01","0.00","","1560","中砂","114.50","－","認購","美式","112年04月28日","112年04月28日","112年11月23日","112年11月27日","0.20","    160.00","","",
="043299","威盛國票2B購02","2.77","＋","2388","威盛","83.10","＋","認購","美式","112年04月28日","112年04月28日","112年11月23日","112年11月27日","0.50","    110.00","","",
="04329P","台灣50國泰26售02","0.00","",="0050","元大台灣50","126.75","＋","認售","歐式","111年10月17日","112年06月16日","112年06月14日","112年06月16日","0.358","    83.13","","",
="04329U","創意國泰2A售06","0.11","－","3443","創意","1,515.00","＋","認售","歐式","112年02月15日","112年10月16日","112年10月12日","112年10月16日","0.025","    590.00","","",
="043300","毅嘉國票2B購02","1.48","＋","2402","毅嘉","28.70","＋","認購","美式","112年04月28日","112年04月28日","112年11月23日","112年11月27日","0.45","    32.50","","",
="043301","陽明國票2A購02","1.06","","2609","陽明","62.00","＋","認購","美式","112年04月28日","112年04月28日","112年10月25日","112年10月27日","0.30","    70.00","","",
="043302","創意國票2B購03","0.00","","3443","創意","1,515.00","＋","認購","美式","112年04月28日","112年04月28日","112年11月23日","112年11月27日","0.04","    1,240.00","","",
="043303","正文國票2B購01","0.00","","4906","正文","31.40","＋","認購","美式","112年04月28日","112年04月28日","112年11月23日","112年11月27日","1.00","    46.00","","",
="043304","彩晶國票2A購02","0.67","","6116","彩晶","12.25","＋","認購","美式","112年04月28日","112年04月28日","112年10月25日","112年10月27日","0.60","    13.00","","",
="043305","樺漢國票2B購02","2.61","－","6414","樺漢","281.00","＋","認購","美式","112年04月28日","112年04月28日","112年11月23日","112年11月27日","0.202","    360.00","","",
="043306","GIS國票2A購01","1.03","＋","6456","GIS-KY","75.40","＋","認購","美式","112年04月28日","112年04月28日","112年10月25日","112年10月27日","0.157","    76.29","","",
="043307","富鼎國票2B購03","0.90","＋","8261","富鼎","106.50","＋","認購","美式","112年04月28日","112年04月28日","112年11月23日","112年11月27日","0.061","    110.00","","",
="043308","美時國泰2C購01","4.15","","1795","美時","330.50","＋","認購","美式","112年04月28日","112年04月28日","112年12月25日","112年12月27日","0.08","    345.00","","",
="043309","建準國泰2C購01","0.00","","2421","建準","89.00","＋","認購","美式","112年04月28日","112年04月28日","112年12月25日","112年12月27日","0.25","    62.58","","",
="04330U","臺股指富邦2A售04","0.00","","IX0001","臺股指數","16,636.30","","認售","歐式","112年02月15日","112年10月16日","112年10月12日","112年10月16日","0.001","    15,000.00","","",
="043310","聯發科國泰2C購02","2.52","＋","2454","聯發科","738.00","＋","認購","美式","112年04月28日","112年04月28日","112年12月25日","112年12月27日","0.04","    812.82","","",
="043311","聯發科國泰2C購03","3.75","＋","2454","聯發科","738.00","＋","認購","美式","112年04月28日","112年04月28日","112年12月25日","112年12月27日","0.045","    760.38","","",
="043312","宏達電國泰2C購03","1.69","","2498","宏達電","61.50","＋","認購","美式","112年04月28日","112年04月28日","112年12月25日","112年12月27日","0.30","    68.00","","",
="043313","啟碁國泰2C購02","1.20","＋","6285","啟碁","87.50","＋","認購","美式","112年04月28日","112年04月28日","112年12月25日","112年12月27日","0.18","    108.00","","",
="043314","T50反1富邦34購02","0.00","",="00632R","元大台灣50反1","4.94","－","認購","美式","112年04月28日","112年04月28日","113年04月25日","113年04月29日","1.00","    5.15","","",
="043315","士電富邦2C購01","2.42","＋","1503","士電","143.50","＋","認購","美式","112年04月28日","112年04月28日","112年12月25日","112年12月27日","0.06","    115.00","","",
="043316","為升富邦33購01","0.91","＋","2231","為升","172.50","＋","認購","美式","112年04月28日","112年04月28日","113年03月25日","113年03月27日","0.03","    180.00","","",
="043317","漢翔富邦2C購01","0.53","＋","2634","漢翔","55.80","＋","認購","美式","112年04月28日","112年04月28日","112年12月25日","112年12月27日","0.20","    80.00","","",
="043318","景碩富邦2A購01","1.24","＋","3189","景碩","116.00","＋","認購","美式","112年04月28日","112年04月28日","112年10月25日","112年10月27日","0.07","    110.00","","",
="043319","晶心科富邦2A購02","0.94","＋","6533","晶心科","511.00","＋","認購","美式","112年04月28日","112年04月28日","112年10月25日","112年10月27日","0.01","    486.00","","",
="04331P","台積電康和26售01","0.00","","2330","台積電","568.00","＋","認售","歐式","111年10月17日","112年06月16日","112年06月14日","112年06月16日","0.152","    316.46","","",
="04331U","創意元富28售09","0.00","","3443","創意","1,515.00","＋","認售","歐式","112年02月15日","112年08月14日","112年08月10日","112年08月14日","0.015","    750.00","","",
="043320","臺股指富邦2C購06","0.00","","IX0001","臺股指數","16,636.30","","認購","歐式","112年04月28日","112年12月27日","112年12月25日","112年12月27日","0.002","    15,250.00","","",
="043321","台灣50中信35購01","1.63","",="0050","元大台灣50","126.75","＋","認購","歐式","112年05月02日","113年05月02日","113年04月29日","113年05月02日","1.00","    168.00","","",
="043322","欣興中信33購01","2.69","－","3037","欣興","182.50","－","認購","歐式","112年05月02日","113年03月01日","113年02月27日","113年03月01日","0.08","    186.00","","",
="043323","華城康和2B購02","0.00","","1519","華城","141.00","＋","認購","美式","112年05月02日","112年05月02日","112年10月30日","112年11月01日","0.10","    110.00","","",
="043324","宏達電永豐2B購01","2.32","＋","2498","宏達電","61.50","＋","認購","美式","112年05月02日","112年05月02日","112年10月30日","112年11月01日","0.252","    59.27","","",
="043325","智原永豐31購01","1.34","＋","3035","智原","173.50","＋","認購","美式","112年05月02日","112年05月02日","112年12月28日","113年01月02日","0.045","    174.96","","",
="043326","華城兆豐31購01","0.00","","1519","華城","141.00","＋","認購","美式","112年05月02日","112年05月02日","112年12月28日","113年01月02日","0.075","    108.00","","",
="043327","中砂兆豐31購01","0.78","＋","1560","中砂","114.50","－","認購","美式","112年05月02日","112年05月02日","112年12月28日","113年01月02日","0.05","    116.00","","",
="043328","華新兆豐2C購01","0.86","","1605","華新","46.60","＋","認購","美式","112年05月02日","112年05月02日","112年11月29日","112年12月01日","0.15","    49.00","","",
="043329","聯電兆豐31購01","1.16","＋","2303","聯電","51.20","＋","認購","美式","112年05月02日","112年05月02日","112年12月28日","113年01月02日","0.18","    50.00","","",
="04332U","元晶元富28售02","1.26","－","6443","元晶","36.20","＋","認售","歐式","112年02月15日","112年08月14日","112年08月10日","112年08月14日","0.35","    35.00","","",
="043330","聯發科兆豐31購01","1.90","＋","2454","聯發科","738.00","＋","認購","美式","112年05月02日","112年05月02日","112年12月28日","113年01月02日","0.015","    680.00","","",
="043331","全新兆豐31購01","1.84","－","2455","全新","100.00","","認購","美式","112年05月02日","112年05月02日","112年12月28日","113年01月02日","0.10","    98.00","","",
="043332","景碩兆豐33購01","1.18","＋","3189","景碩","116.00","＋","認購","美式","112年05月02日","112年05月02日","113年02月27日","113年03月01日","0.043","    105.00","","",
="043333","啟碁第一2C購01","0.56","＋","6285","啟碁","87.50","＋","認購","美式","112年05月02日","112年05月02日","112年11月29日","112年12月01日","0.064","    99.44","","",
="043334","台積電麥證2B購07","9.50","＋","2330","台積電","568.00","＋","認購","歐式","112年05月02日","112年11月01日","112年10月30日","112年11月01日","0.27","    588.00","","",
="043335","台積電麥證2B購08","0.00","","2330","台積電","568.00","＋","認購","歐式","112年05月02日","112年11月01日","112年10月30日","112年11月01日","0.125","    530.00","","",
="043336","聯發科麥證2B購03","3.90","＋","2454","聯發科","738.00","＋","認購","歐式","112年05月02日","112年11月01日","112年10月30日","112年11月01日","0.025","    630.00","","",
="043337","視陽麥證2B購01","0.57","","6782","視陽","230.00","＋","認購","歐式","112年05月02日","112年11月01日","112年10月30日","112年11月01日","0.025","    300.00","","",
="043338","道瓊反凱基32購01","0.00","",="00669R","國泰美國道瓊反1","8.06","－","認購","美式","112年05月02日","112年05月02日","113年01月30日","113年02月01日","1.00","    8.30","","",
="043339","中興電凱基2C購05","1.20","＋","1513","中興電","113.50","＋","認購","美式","112年05月02日","112年05月02日","112年11月29日","112年12月01日","0.10","    127.50","","",
="04333U","台灣50兆豐2B售02","0.31","－",="0050","元大台灣50","126.75","＋","認售","歐式","112年02月15日","112年11月14日","112年11月10日","112年11月14日","0.15","    110.00","","",
="043340","新光鋼凱基2B購02","1.67","＋","2031","新光鋼","48.80","－","認購","美式","112年05月02日","112年05月02日","112年10月30日","112年11月01日","0.26","    52.00","","",
="043341","裕隆凱基2B購06","0.00","","2201","裕隆","82.80","＋","認購","美式","112年05月02日","112年05月02日","112年10月30日","112年11月01日","0.12","    81.00","","",
="043342","中華凱基2B購01","3.37","－","2204","中華","91.60","－","認購","美式","112年05月02日","112年05月02日","112年10月30日","112年11月01日","0.30","    90.00","","",
="043343","台積電凱基31購09","4.11","＋","2330","台積電","568.00","＋","認購","美式","112年05月02日","112年05月02日","112年12月28日","113年01月02日","0.15","    660.00","","",
="043344","台積電凱基32購01","3.97","＋","2330","台積電","568.00","＋","認購","美式","112年05月02日","112年05月02日","113年01月30日","113年02月01日","0.08","    600.00","","",
="043345","聯發科凱基2B購11","4.62","＋","2454","聯發科","738.00","＋","認購","美式","112年05月02日","112年05月02日","112年10月30日","112年11月01日","0.085","    820.00","","",
="043346","長榮凱基2B購12","0.95","＋","2603","長榮","157.00","＋","認購","美式","112年05月02日","112年05月02日","112年10月30日","112年11月01日","0.065","    163.00","","",
="043347","漢翔凱基2C購04","0.81","＋","2634","漢翔","55.80","＋","認購","美式","112年05月02日","112年05月02日","112年11月29日","112年12月01日","0.08","    57.00","","",
="043348","漢翔凱基31購01","0.00","","2634","漢翔","55.80","＋","認購","美式","112年05月02日","112年05月02日","112年12月28日","113年01月02日","0.085","    67.00","","",
="043349","智原凱基2C購02","1.39","＋","3035","智原","173.50","＋","認購","美式","112年05月02日","112年05月02日","112年11月29日","112年12月01日","0.05","    175.00","","",
="04334U","聯發科兆豐28售03","0.43","","2454","聯發科","738.00","＋","認售","歐式","112年02月15日","112年08月14日","112年08月10日","112年08月14日","0.012","    700.00","","",
="043350","欣興凱基31購02","3.27","－","3037","欣興","182.50","－","認購","美式","112年05月02日","112年05月02日","112年12月28日","113年01月02日","0.12","    188.00","","",
="043351","創意凱基2B購16","0.00","","3443","創意","1,515.00","＋","認購","美式","112年05月02日","112年05月02日","112年10月30日","112年11月01日","0.006","    950.00","","",
="043352","世芯凱基2B購08","4.19","＋","3661","世芯-KY","1,660.00","＋","認購","美式","112年05月02日","112年05月02日","112年10月30日","112年11月01日","0.012","    1,550.00","","",
="043353","大眾控凱基2B購01","2.31","＋","3701","大眾控","67.10","＋","認購","美式","112年05月02日","112年05月02日","112年10月30日","112年11月01日","0.20","    63.00","","",
="043354","乙盛凱基2B購01","4.58","＋","5243","乙盛-KY","83.70","＋","認購","美式","112年05月02日","112年05月02日","112年10月30日","112年11月01日","0.40","    80.00","","",
="043355","虹堡凱基2B購02","2.13","","5258","虹堡","91.00","＋","認購","美式","112年05月02日","112年05月02日","112年10月30日","112年11月01日","0.15","    88.00","","",
="043356","啟碁凱基2C購04","1.08","","6285","啟碁","87.50","＋","認購","美式","112年05月02日","112年05月02日","112年11月29日","112年12月01日","0.12","    97.00","","",
="043357","樺漢凱基2B購02","2.64","＋","6414","樺漢","281.00","＋","認購","美式","112年05月02日","112年05月02日","112年10月30日","112年11月01日","0.06","    255.00","","",
="043358","元晶凱基2C購01","0.00","","6443","元晶","36.20","＋","認購","美式","112年05月02日","112年05月02日","112年11月29日","112年12月01日","0.477","    51.00","","",
="043359","緯穎凱基2B購09","1.42","＋","6669","緯穎","1,205.00","＋","認購","美式","112年05月02日","112年05月02日","112年10月30日","112年11月01日","0.014","    1,520.00","","",
="04335U","大立光兆豐2A售02","0.17","","3008","大立光","2,305.00","＋","認售","歐式","112年02月15日","112年10月16日","112年10月12日","112年10月16日","0.007","    1,764.23","","",
="043360","力智凱基2B購04","0.84","","6719","力智","303.00","＋","認購","美式","112年05月02日","112年05月02日","112年10月30日","112年11月01日","0.02","    310.00","","",
="043361","南電凱基2B購09","2.59","－","8046","南電","302.50","－","認購","美式","112年05月02日","112年05月02日","112年10月30日","112年11月01日","0.10","    345.00","","",
="043362","T50反1元大34購01","0.41","－",="00632R","元大台灣50反1","4.94","－","認購","美式","112年05月02日","112年05月02日","113年03月28日","113年04月01日","1.00","    5.10","","",
="043363","T50反1元大34購02","0.00","",="00632R","元大台灣50反1","4.94","－","認購","美式","112年05月02日","112年05月02日","113年03月28日","113年04月01日","1.00","    5.20","","",
="043364","S&P反1元大2B購02","0.74","",="00648R","元大S&P500反1","6.93","－","認購","美式","112年05月02日","112年05月02日","112年10月30日","112年11月01日","1.00","    6.70","","",
="043365","台泥元大2B購01","0.00","","1101","台泥","38.15","＋","認購","美式","112年05月02日","112年05月02日","112年10月30日","112年11月01日","1.00","    50.70","","",
="043366","台泥元大2C購01","1.04","","1101","台泥","38.15","＋","認購","美式","112年05月02日","112年05月02日","112年11月29日","112年12月01日","0.604","    44.35","","",
="043367","華新元大2C購12","1.48","＋","1605","華新","46.60","＋","認購","美式","112年05月02日","112年05月02日","112年11月29日","112年12月01日","0.343","    54.90","","",
="043368","新光鋼元大2B購01","1.88","","2031","新光鋼","48.80","－","認購","美式","112年05月02日","112年05月02日","112年10月30日","112年11月01日","0.231","    48.00","","",
="043369","川湖元大2B購02","2.52","＋","2059","川湖","436.00","＋","認購","美式","112年05月02日","112年05月02日","112年10月30日","112年11月01日","0.052","    449.50","","",
="04336U","華新凱基28售07","0.00","","1605","華新","46.60","＋","認售","歐式","112年02月15日","112年08月14日","112年08月10日","112年08月14日","0.25","    51.00","","",
="043370","川湖元大31購01","2.49","＋","2059","川湖","436.00","＋","認購","美式","112年05月02日","112年05月02日","112年12月28日","113年01月02日","0.044","    460.00","","",
="043371","台達電元大2C購04","2.28","－","2308","台達電","315.50","－","認購","美式","112年05月02日","112年05月02日","112年11月29日","112年12月01日","0.066","    312.50","","",
="043372","台積電元大2C購10","0.00","","2330","台積電","568.00","＋","認購","美式","112年05月02日","112年05月02日","112年11月29日","112年12月01日","0.086","    546.00","","",
="043373","台積電元大31購04","4.84","＋","2330","台積電","568.00","＋","認購","美式","112年05月02日","112年05月02日","112年12月28日","113年01月02日","0.069","    551.00","","",
="043374","台積電元大32購01","4.04","＋","2330","台積電","568.00","＋","認購","美式","112年05月02日","112年05月02日","113年01月30日","113年02月01日","0.051","    543.00","","",
="043375","台光電元大2B購01","1.88","＋","2383","台光電","204.50","＋","認購","美式","112年05月02日","112年05月02日","112年10月30日","112年11月01日","0.05","    187.16","","",
="043376","長榮元大2C購15","1.49","＋","2603","長榮","157.00","＋","認購","美式","112年05月02日","112年05月02日","112年11月29日","112年12月01日","0.116","    177.00","","",
="043377","晶豪科元大32購01","0.93","＋","3006","晶豪科","88.20","＋","認購","美式","112年05月02日","112年05月02日","113年01月30日","113年02月01日","0.052","    86.00","","",
="043378","群創元大2C購03","0.00","","3481","群創","14.10","＋","認購","美式","112年05月02日","112年05月02日","112年11月29日","112年12月01日","0.624","    14.40","","",
="043379","TPK元大2B購01","2.06","＋","3673","TPK-KY","41.75","＋","認購","美式","112年05月02日","112年05月02日","112年10月30日","112年11月01日","0.977","    55.00","","",
="04337U","宏達電凱基2A售01","0.00","","2498","宏達電","61.50","＋","認售","歐式","112年02月15日","112年10月16日","112年10月12日","112年10月16日","0.235","    48.00","","",
="043380","拓凱元大2C購02","0.88","＋","4536","拓凱","196.50","＋","認購","美式","112年05月02日","112年05月02日","112年11月29日","112年12月01日","0.033","    208.00","","",
="043381","上品元大2B購03","2.05","＋","4770","上品","297.00","＋","認購","美式","112年05月02日","112年05月02日","112年10月30日","112年11月01日","0.035","    274.00","","",
="043382","乙盛元大2B購01","0.00","","5243","乙盛-KY","83.70","＋","認購","美式","112年05月02日","112年05月02日","112年10月30日","112年11月01日","0.313","    76.80","","",
="043383","中磊元大2B購05","3.19","","5388","中磊","93.30","＋","認購","美式","112年05月02日","112年05月02日","112年10月30日","112年11月01日","0.172","    80.40","","",
="043384","啟碁元大2C購04","0.50","","6285","啟碁","87.50","＋","認購","美式","112年05月02日","112年05月02日","112年11月29日","112年12月01日","0.055","    96.90","","",
="043385","緯穎元大2C購04","1.42","＋","6669","緯穎","1,205.00","＋","認購","美式","112年05月02日","112年05月02日","112年11月29日","112年12月01日","0.014","    1,615.00","","",
="043386","緯穎元大31購01","1.45","－","6669","緯穎","1,205.00","＋","認購","美式","112年05月02日","112年05月02日","112年12月28日","113年01月02日","0.013","    1,645.00","","",
="043387","視陽元大2B購01","0.79","＋","6782","視陽","230.00","＋","認購","美式","112年05月02日","112年05月02日","112年10月30日","112年11月01日","0.028","    280.00","","",
="043388","視陽元大31購01","0.68","","6782","視陽","230.00","＋","認購","美式","112年05月02日","112年05月02日","112年12月28日","113年01月02日","0.023","    309.00","","",
="043389","士電群益2C購02","0.00","","1503","士電","143.50","＋","認購","美式","112年05月02日","112年05月02日","112年11月29日","112年12月01日","0.08","    107.00","","",
="04338P","晶心科凱基27售02","0.00","","6533","晶心科","511.00","＋","認售","歐式","111年12月09日","112年07月10日","112年07月06日","112年07月10日","0.025","    350.00","","",
="04338U","大立光凱基29售04","0.00","","3008","大立光","2,305.00","＋","認售","歐式","112年02月15日","112年09月14日","112年09月12日","112年09月14日","0.031","    1,568.21","","",
="043390","亞德客群益2C購04","1.06","＋","1590","亞德客-KY","1,040.00","＋","認購","美式","112年05月02日","112年05月02日","112年11月29日","112年12月01日","0.01","    1,200.00","","",
="043391","國巨群益2B購01","3.31","＋","2327","國巨","508.00","＋","認購","美式","112年05月02日","112年05月02日","112年10月30日","112年11月01日","0.16","    716.00","","",
="043392","智原群益2B購01","2.16","＋","3035","智原","173.50","＋","認購","美式","112年05月02日","112年05月02日","112年10月30日","112年11月01日","0.07","    163.00","","",
="043393","玉晶光群益2C購01","4.29","＋","3406","玉晶光","400.00","＋","認購","美式","112年05月02日","112年05月02日","112年11月29日","112年12月01日","0.09","    415.00","","",
="043394","健策群益31購01","4.97","－","3653","健策","616.00","＋","認購","美式","112年05月02日","112年05月02日","112年12月28日","113年01月02日","0.03","    500.00","","",
="043395","世芯群益2C購01","6.90","＋","3661","世芯-KY","1,660.00","＋","認購","美式","112年05月02日","112年05月02日","112年11月29日","112年12月01日","0.014","    1,440.00","","",
="043396","臺股指群益32購03","4.78","","IX0001","臺股指數","16,636.30","","認購","歐式","112年05月02日","113年02月01日","113年01月30日","113年02月01日","0.06","    20,500.00","","",
="043397","聯電統一31購02","0.86","＋","2303","聯電","51.20","＋","認購","美式","112年05月02日","112年05月02日","112年12月28日","113年01月02日","0.12","    48.88","","",
="043398","台積電統一31購04","0.00","","2330","台積電","568.00","＋","認購","美式","112年05月02日","112年05月02日","112年12月28日","113年01月02日","0.015","    500.00","","",
="043399","台積電統一35購03","0.94","","2330","台積電","568.00","＋","認購","美式","112年05月02日","112年05月02日","113年04月29日","113年05月02日","0.01","    550.00","","",
="04339P","台積電凱基28售06","0.00","","2330","台積電","568.00","＋","認售","歐式","111年10月17日","112年08月16日","112年08月14日","112年08月16日","0.506","    197.79","","",
="04339U","創意凱基28售06","0.00","","3443","創意","1,515.00","＋","認售","歐式","112年02月15日","112年08月14日","112年08月10日","112年08月14日","0.01","    800.00","","",
="043400","聯發科統一31購01","1.29","＋","2454","聯發科","738.00","＋","認購","美式","112年05月02日","112年05月02日","112年12月28日","113年01月02日","0.008","    618.88","","",
="043401","聯發科統一31購02","1.25","＋","2454","聯發科","738.00","＋","認購","美式","112年05月02日","112年05月02日","112年12月28日","113年01月02日","0.009","    650.00","","",
="043402","聯發科統一31購03","0.00","","2454","聯發科","738.00","＋","認購","美式","112年05月02日","112年05月02日","112年12月28日","113年01月02日","0.007","    598.88","","",
="043403","長榮統一31購03","0.58","","2603","長榮","157.00","＋","認購","美式","112年05月02日","112年05月02日","112年12月28日","113年01月02日","0.03","    160.00","","",
="043404","長榮統一35購02","0.77","","2603","長榮","157.00","＋","認購","美式","112年05月02日","112年05月02日","113年04月29日","113年05月02日","0.031","    168.88","","",
="043405","萬海統一31購01","0.46","＋","2615","萬海","60.00","＋","認購","美式","112年05月02日","112年05月02日","112年12月28日","113年01月02日","0.088","    66.66","","",
="043406","萬海統一31購02","0.53","＋","2615","萬海","60.00","＋","認購","美式","112年05月02日","112年05月02日","112年12月28日","113年01月02日","0.066","    60.00","","",
="043407","智原統一32購02","0.86","＋","3035","智原","173.50","＋","認購","美式","112年05月02日","112年05月02日","113年01月30日","113年02月01日","0.025","    173.30","","",
="043408","欣興統一32購01","1.68","","3037","欣興","182.50","－","認購","美式","112年05月02日","112年05月02日","113年01月30日","113年02月01日","0.033","    150.00","","",
="043409","全訊統一33購01","0.68","＋","5222","全訊","198.00","＋","認購","美式","112年05月02日","112年05月02日","113年02月27日","113年03月01日","0.02","    223.90","","",
="04340P","力積電凱基26售03","0.00","","6770","力積電","30.85","＋","認售","歐式","111年12月09日","112年06月08日","112年06月06日","112年06月08日","1.009","    25.77","","",
="04340U","嘉澤凱基28售03","0.47","","3533","嘉澤","909.00","－","認售","歐式","112年02月15日","112年08月14日","112年08月10日","112年08月14日","0.015","    776.21","","",
="043410","台郡統一32購01","0.85","＋","6269","台郡","99.00","＋","認購","美式","112年05月02日","112年05月02日","113年01月30日","113年02月01日","0.05","    102.50","","",
="043411","上証2X國票2C購01","0.00","",="00633L","富邦上証正2","35.01","－","認購","美式","112年05月02日","112年05月02日","112年11月29日","112年12月01日","0.70","    48.00","","",
="043412","滬深2X國票31購01","0.00","",="00637L","元大滬深300正2","13.77","－","認購","美式","112年05月02日","112年05月02日","112年12月28日","113年01月02日","1.00","    20.00","","",
="043413","元日2X國票2C購01","0.50","－",="00706L","期元大S&P日圓正2(原名：元大S&P日圓正2)","8.72","－","認購","美式","112年05月02日","112年05月02日","112年11月29日","112年12月01日","1.00","    9.30","","",
="043414","元金2X國票31購01","1.10","",="00708L","期元大S&P黃金正2(原名：元大S&P黃金正2)","26.72","－","認購","美式","112年05月02日","112年05月02日","112年12月28日","113年01月02日","0.963","    34.00","","",
="043415","台泥國票2C購01","0.00","","1101","台泥","38.15","＋","認購","美式","112年05月02日","112年05月02日","112年11月29日","112年12月01日","1.00","    55.00","","",
="043416","中石化國票31購01","0.00","","1314","中石化","9.72","－","認購","美式","112年05月02日","112年05月02日","112年12月28日","113年01月02日","1.00","    13.00","","",
="043417","聚陽國票2C購01","1.12","＋","1477","聚陽","219.00","＋","認購","美式","112年05月02日","112年05月02日","112年11月29日","112年12月01日","0.07","    260.00","","",
="043418","亞德客國票2C購01","0.00","","1590","亞德客-KY","1,040.00","＋","認購","美式","112年05月02日","112年05月02日","112年11月29日","112年12月01日","0.007","    1,150.00","","",
="043419","美時國票31購01","3.70","＋","1795","美時","330.50","＋","認購","美式","112年05月02日","112年05月02日","112年12月28日","113年01月02日","0.05","    295.00","","",
="04341U","天鈺凱基28售04","0.00","","4961","天鈺","154.00","＋","認售","歐式","112年02月15日","112年08月14日","112年08月10日","112年08月14日","0.15","    100.00","","",
="043420","台積電國票2B購02","4.71","＋","2330","台積電","568.00","＋","認購","美式","112年05月02日","112年05月02日","112年10月30日","112年11月01日","0.065","    520.00","","",
="043421","台積電國票2C購02","0.00","","2330","台積電","568.00","＋","認購","美式","112年05月02日","112年05月02日","112年11月29日","112年12月01日","0.05","    500.00","","",
="043422","旺宏國票2C購01","2.03","＋","2337","旺宏","33.40","＋","認購","美式","112年05月02日","112年05月02日","112年11月29日","112年12月01日","0.50","    32.50","","",
="043423","毅嘉國票31購01","1.69","＋","2402","毅嘉","28.70","＋","認購","美式","112年05月02日","112年05月02日","112年12月28日","113年01月02日","0.30","    27.50","","",
="043424","長榮國票2C購01","0.00","","2603","長榮","157.00","＋","認購","美式","112年05月02日","112年05月02日","112年11月29日","112年12月01日","0.06","    175.00","","",
="043425","大立光國票2C購01","0.00","","3008","大立光","2,305.00","＋","認購","美式","112年05月02日","112年05月02日","112年11月29日","112年12月01日","0.016","    2,800.00","","",
="043426","奇鋐國票2C購01","0.00","","3017","奇鋐","206.00","－","認購","美式","112年05月02日","112年05月02日","112年11月29日","112年12月01日","0.06","    160.00","","",
="043427","景碩國票2C購01","0.87","－","3189","景碩","116.00","＋","認購","美式","112年05月02日","112年05月02日","112年11月29日","112年12月01日","0.05","    115.00","","",
="043428","矽力國票2C購01","0.99","＋","6415","矽力*-KY","394.50","＋","認購","美式","112年05月02日","112年05月02日","112年11月29日","112年12月01日","0.03","    550.00","","",
="043429","迅得國票2B購02","0.83","＋","6438","迅得","113.50","＋","認購","美式","112年05月02日","112年05月02日","112年10月30日","112年11月01日","0.055","    115.00","","",
="04342U","愛普凱基29售02","0.26","－","6531","愛普*","328.50","＋","認售","歐式","112年02月15日","112年09月14日","112年09月12日","112年09月14日","0.04","    210.00","","",
="043430","力智國票2C購01","0.00","","6719","力智","303.00","＋","認購","美式","112年05月02日","112年05月02日","112年11月29日","112年12月01日","0.05","    360.00","","",
="043431","富鼎國票2C購01","1.94","＋","8261","富鼎","106.50","＋","認購","美式","112年05月02日","112年05月02日","112年11月29日","112年12月01日","0.229","    135.00","","",
="043432","鴻海國泰31購01","0.80","＋","2317","鴻海","105.50","＋","認購","美式","112年05月02日","112年05月02日","112年12月28日","113年01月02日","0.20","    120.00","","",
="043433","鴻海國泰31購02","0.77","＋","2317","鴻海","105.50","＋","認購","美式","112年05月02日","112年05月02日","112年12月28日","113年01月02日","0.40","    130.00","","",
="043434","創意國泰31購01","6.50","","3443","創意","1,515.00","＋","認購","美式","112年05月02日","112年05月02日","112年12月28日","113年01月02日","0.015","    1,300.00","","",
="043435","台灣50富邦32購03","3.70","",="0050","元大台灣50","126.75","＋","認購","美式","112年05月02日","112年05月02日","113年01月30日","113年02月01日","1.00","    140.00","","",
="043436","滬深2X富邦31購01","1.04","－",="00637L","元大滬深300正2","13.77","－","認購","美式","112年05月02日","112年05月02日","112年12月28日","113年01月02日","0.80","    16.00","","",
="043437","中興電富邦35購01","1.37","＋","1513","中興電","113.50","＋","認購","美式","112年05月02日","112年05月02日","113年04月29日","113年05月02日","0.14","    154.00","","",
="043438","裕隆富邦32購01","0.92","－","2201","裕隆","82.80","＋","認購","美式","112年05月02日","112年05月02日","113年01月30日","113年02月01日","0.07","    85.00","","",
="043439","國巨富邦31購01","1.08","＋","2327","國巨","508.00","＋","認購","美式","112年05月02日","112年05月02日","112年12月28日","113年01月02日","0.02","    550.00","","",
="04343P","臺股指凱基26售53","0.00","","IX0001","臺股指數","16,636.30","","認售","歐式","111年12月09日","112年06月08日","112年06月06日","112年06月08日","0.002","    14,600.00","","",
="04343U","SGBR2X元大2A售01","0.00","",="00715L","期街口布蘭特正2","12.73","＋","認售","歐式","112年02月15日","112年10月16日","112年10月12日","112年10月16日","0.30","    13.50","","",
="043440","華邦電富邦31購01","1.24","＋","2344","華邦電","26.90","＋","認購","美式","112年05月02日","112年05月02日","112年12月28日","113年01月02日","0.35","    28.00","","",
="043441","友達富邦2B購02","0.67","＋","2409","友達","17.65","＋","認購","美式","112年05月02日","112年05月02日","112年10月30日","112年11月01日","0.40","    18.00","","",
="043442","敦泰富邦34購01","1.12","＋","3545","敦泰","83.70","＋","認購","美式","112年05月02日","112年05月02日","113年03月28日","113年04月01日","0.065","    85.00","","",
="043443","堤維西元富2B購01","1.70","＋","1522","堤維西","29.10","＋","認購","美式","112年05月02日","112年05月02日","112年10月30日","112年11月01日","1.00","    37.00","","",
="043444","裕隆元富2B購02","7.15","＋","2201","裕隆","82.80","＋","認購","美式","112年05月02日","112年05月02日","112年10月30日","112年11月01日","1.00","    95.00","","",
="043445","台積電元富35購01","0.00","","2330","台積電","568.00","＋","認購","美式","112年05月02日","112年05月02日","113年04月29日","113年05月02日","0.04","    550.00","","",
="043446","全新元富31購01","7.60","－","2455","全新","100.00","","認購","美式","112年05月02日","112年05月02日","112年12月28日","113年01月02日","0.50","    105.00","","",
="043447","世芯元富2B購04","0.00","","3661","世芯-KY","1,660.00","＋","認購","美式","112年05月02日","112年05月02日","112年10月30日","112年11月01日","0.031","    1,234.00","","",
="043448","承業醫元富2C購01","0.00","","4164","承業醫","64.10","","認購","美式","112年05月02日","112年05月02日","112年11月29日","112年12月01日","0.23","    90.00","","",
="043449","臺股指元富31購03","0.00","","IX0001","臺股指數","16,636.30","","認購","歐式","112年05月02日","113年01月02日","112年12月28日","113年01月02日","0.003","    15,200.00","","",
="04344P","富邦金凱基2A售01","0.02","","2881","富邦金","61.10","＋","認售","歐式","111年10月17日","112年10月16日","112年10月12日","112年10月16日","1.00","    30.00","","",
="04344U","創意元大28售06","0.19","－","3443","創意","1,515.00","＋","認售","歐式","112年02月15日","112年08月14日","112年08月10日","112年08月14日","0.009","    888.00","","",
="043450","華邦電康和2B購03","1.46","＋","2344","華邦電","26.90","＋","認購","美式","112年05月03日","112年05月03日","112年10月31日","112年11月02日","0.50","    28.00","","",
="043451","玉晶光永豐31購02","1.11","＋","3406","玉晶光","400.00","＋","認購","美式","112年05月03日","112年05月03日","112年12月28日","113年01月02日","0.017","    392.96","","",
="043452","台泥第一2C購01","0.00","","1101","台泥","38.15","＋","認購","美式","112年05月03日","112年05月03日","112年11月30日","112年12月04日","0.33","    44.80","","",
="043453","長榮航兆豐31購01","1.92","＋","2618","長榮航","33.60","＋","認購","美式","112年05月03日","112年05月03日","112年12月28日","113年01月02日","0.30","    29.00","","",
="043454","奇鋐兆豐2C購01","0.00","","3017","奇鋐","206.00","－","認購","美式","112年05月03日","112年05月03日","112年11月30日","112年12月04日","0.044","    140.00","","",
="043455","智原兆豐31購02","1.04","＋","3035","智原","173.50","＋","認購","美式","112年05月03日","112年05月03日","112年12月28日","113年01月02日","0.033","    168.00","","",
="043456","滬深2X中信31購01","0.00","",="00637L","元大滬深300正2","13.77","－","認購","歐式","112年05月03日","113年01月02日","112年12月28日","113年01月02日","1.00","    18.00","","",
="043457","香港2X中信2C購01","0.44","",="00650L","復華香港正2（原簡稱：FH香港正2）","11.60","＋","認購","歐式","112年05月03日","112年12月04日","112年11月30日","112年12月04日","0.249","    12.80","","",
="043458","元金2X中信32購01","0.00","",="00708L","期元大S&P黃金正2(原名：元大S&P黃金正2)","26.72","－","認購","歐式","112年05月03日","113年02月02日","113年01月31日","113年02月02日","0.20","    30.88","","",
="043459","統一中信2B購01","0.62","","1216","統一","74.70","＋","認購","歐式","112年05月03日","112年11月02日","112年10月31日","112年11月02日","0.70","    100.00","","",
="04345U","新唐元大28售07","1.58","","4919","新唐","130.50","＋","認售","歐式","112年02月15日","112年08月14日","112年08月10日","112年08月14日","0.06","    147.50","","",
="043460","長榮中信31購01","0.71","","2603","長榮","157.00","＋","認購","歐式","112年05月03日","113年01月02日","112年12月28日","113年01月02日","0.039","    168.00","","",
="043461","聯發科統一32購06","1.49","＋","2454","聯發科","738.00","＋","認購","美式","112年05月03日","112年05月03日","113年01月31日","113年02月02日","0.012","    701.40","","",
="043462","聯發科統一33購04","1.48","＋","2454","聯發科","738.00","＋","認購","美式","112年05月03日","112年05月03日","113年02月29日","113年03月04日","0.012","    734.80","","",
="043463","聯發科統一34購03","1.35","＋","2454","聯發科","738.00","＋","認購","美式","112年05月03日","112年05月03日","113年03月29日","113年04月02日","0.009","    680.00","","",
="043464","聯發科統一35購02","0.00","","2454","聯發科","738.00","＋","認購","美式","112年05月03日","112年05月03日","113年04月29日","113年05月02日","0.011","    750.00","","",
="043465","全新統一31購01","0.85","－","2455","全新","100.00","","認購","美式","112年05月03日","112年05月03日","112年12月28日","113年01月02日","0.045","    104.10","","",
="043466","飛宏統一31購03","0.98","＋","2457","飛宏","76.40","＋","認購","美式","112年05月03日","112年05月03日","112年12月28日","113年01月02日","0.06","    82.70","","",
="043467","長榮統一33購05","0.00","","2603","長榮","157.00","＋","認購","美式","112年05月03日","112年05月03日","113年02月29日","113年03月04日","0.035","    174.30","","",
="043468","萬海統一33購01","0.70","＋","2615","萬海","60.00","＋","認購","美式","112年05月03日","112年05月03日","113年02月29日","113年03月04日","0.08","    64.70","","",
="043469","上品統一33購01","0.81","＋","4770","上品","297.00","＋","認購","美式","112年05月03日","112年05月03日","113年02月29日","113年03月04日","0.013","    326.30","","",
="04346P","臺股指凱基27售06","0.00","","IX0001","臺股指數","16,636.30","","認售","歐式","111年12月09日","112年07月10日","112年07月06日","112年07月10日","0.003","    14,000.00","","",
="04346U","台表科元大28售03","0.00","","6278","台表科","100.50","＋","認售","歐式","112年02月15日","112年08月14日","112年08月10日","112年08月14日","0.11","    83.22","","",
="043470","緯穎統一31購05","0.82","＋","6669","緯穎","1,205.00","＋","認購","美式","112年05月03日","112年05月03日","112年12月28日","113年01月02日","0.005","    1,460.60","","",
="043471","新光鋼國票2C購02","0.00","","2031","新光鋼","48.80","－","認購","美式","112年05月03日","112年05月03日","112年11月30日","112年12月04日","1.00","    68.00","","",
="043472","新光鋼國票2C購03","0.00","","2031","新光鋼","48.80","－","認購","美式","112年05月03日","112年05月03日","112年11月30日","112年12月04日","0.60","    62.00","","",
="043473","台積電國票32購01","0.00","","2330","台積電","568.00","＋","認購","美式","112年05月03日","112年05月03日","113年01月31日","113年02月02日","0.20","    725.00","","",
="043474","台光電國票2C購02","2.98","＋","2383","台光電","204.50","＋","認購","美式","112年05月03日","112年05月03日","112年11月30日","112年12月04日","0.12","    220.00","","",
="043475","聯發科國票2C購03","3.94","＋","2454","聯發科","738.00","＋","認購","美式","112年05月03日","112年05月03日","112年11月30日","112年12月04日","0.10","    950.00","","",
="043476","華航國票31購01","1.97","＋","2610","華航","21.65","＋","認購","美式","112年05月03日","112年05月03日","112年12月28日","113年01月02日","0.65","    20.50","","",
="043477","兆豐金國票2B購01","1.92","＋","2886","兆豐金","36.20","＋","認購","美式","112年05月03日","112年05月03日","112年10月31日","112年11月02日","0.60","    35.00","","",
="043478","緯創國票2C購01","13.60","＋","3231","緯創","68.00","＋","認購","美式","112年05月03日","112年05月03日","112年11月30日","112年12月04日","1.00","    60.00","","",
="043479","晶睿國票2B購02","0.83","＋","3454","晶睿","182.50","＋","認購","美式","112年05月03日","112年05月03日","112年10月31日","112年11月02日","0.05","    220.00","","",
="04347U","FBNQ2X群益29售03","0.00","",="00670L","富邦NASDAQ正2","78.90","＋","認售","歐式","112年02月15日","112年09月14日","112年09月12日","112年09月14日","0.15","    56.00","","",
="043480","新唐國票2C購01","0.82","","4919","新唐","130.50","＋","認購","美式","112年05月03日","112年05月03日","112年11月30日","112年12月04日","0.05","    140.00","","",
="043481","台郡國票2C購01","0.99","＋","6269","台郡","99.00","＋","認購","美式","112年05月03日","112年05月03日","112年11月30日","112年12月04日","0.20","    120.00","","",
="043482","力積電國票2B購02","0.00","","6770","力積電","30.85","＋","認購","美式","112年05月03日","112年05月03日","112年10月31日","112年11月02日","0.55","    30.00","","",
="043483","亞力國泰31購01","1.53","＋","1514","亞力","51.60","＋","認購","美式","112年05月03日","112年05月03日","112年12月28日","113年01月02日","0.45","    66.30","","",
="043484","台積電國泰31購01","5.95","＋","2330","台積電","568.00","＋","認購","美式","112年05月03日","112年05月03日","112年12月28日","113年01月02日","0.20","    630.00","","",
="043485","光罩國泰31購01","1.41","＋","2338","光罩","81.80","＋","認購","美式","112年05月03日","112年05月03日","112年12月28日","113年01月02日","0.20","    98.70","","",
="043486","威盛國泰31購01","2.32","","2388","威盛","83.10","＋","認購","美式","112年05月03日","112年05月03日","112年12月28日","113年01月02日","0.25","    98.00","","",
="043487","萬海國泰31購01","0.00","","2615","萬海","60.00","＋","認購","美式","112年05月03日","112年05月03日","112年12月28日","113年01月02日","0.30","    78.20","","",
="043488","穎崴國泰31購01","2.39","－","6515","穎崴","830.00","－","認購","美式","112年05月03日","112年05月03日","112年12月28日","113年01月02日","0.025","    990.00","","",
="043489","上証2X富邦31購01","0.00","",="00633L","富邦上証正2","35.01","－","認購","美式","112年05月03日","112年05月03日","112年12月28日","113年01月02日","0.45","    45.00","","",
="04348P","臺股指凱基26售29","0.00","","IX0001","臺股指數","16,636.30","","認售","歐式","111年10月17日","112年06月16日","112年06月14日","112年06月16日","0.002","    13,100.00","","",
="04348U","國巨群益28售06","0.00","","2327","國巨","508.00","＋","認售","歐式","112年02月15日","112年08月14日","112年08月10日","112年08月14日","0.08","    350.00","","",
="043490","台光電富邦31購01","2.33","＋","2383","台光電","204.50","＋","認購","美式","112年05月03日","112年05月03日","112年12月28日","113年01月02日","0.06","    200.00","","",
="043491","聯詠富邦33購01","1.03","＋","3034","聯詠","423.50","＋","認購","美式","112年05月03日","112年05月03日","113年02月29日","113年03月04日","0.015","    410.00","","",
="043492","永冠群益2B購01","0.79","－","1589","永冠-KY","71.60","－","認購","美式","112年05月03日","112年05月03日","112年10月31日","112年11月02日","0.15","    85.00","","",
="043493","美時群益2B購05","0.00","","1795","美時","330.50","＋","認購","美式","112年05月03日","112年05月03日","112年10月31日","112年11月02日","0.05","    265.00","","",
="043494","威盛群益2C購01","6.45","＋","2388","威盛","83.10","＋","認購","美式","112年05月03日","112年05月03日","112年11月30日","112年12月04日","0.75","    106.00","","",
="043495","建準群益2C購01","10.00","","2421","建準","89.00","＋","認購","美式","112年05月03日","112年05月03日","112年11月30日","112年12月04日","0.46","    69.80","","",
="043496","怡利電群益2B購01","1.41","＋","2497","怡利電","71.30","＋","認購","美式","112年05月03日","112年05月03日","112年10月31日","112年11月02日","0.15","    76.00","","",
="043497","長榮群益2B購05","0.00","","2603","長榮","157.00","＋","認購","美式","112年05月03日","112年05月03日","112年10月31日","112年11月02日","0.12","    189.00","","",
="043498","長榮群益2C購03","1.57","＋","2603","長榮","157.00","＋","認購","美式","112年05月03日","112年05月03日","112年11月30日","112年12月04日","0.12","    172.00","","",
="043499","陽明群益2B購02","1.92","","2609","陽明","62.00","＋","認購","美式","112年05月03日","112年05月03日","112年10月31日","112年11月02日","0.50","    70.00","","",
="04349P","臺股指凱基26售30","0.00","","IX0001","臺股指數","16,636.30","","認售","歐式","111年10月17日","112年06月16日","112年06月14日","112年06月16日","0.003","    11,400.00","","",
="04349U","奇鋐群益28售02","0.00","","3017","奇鋐","206.00","－","認售","歐式","112年02月15日","112年08月14日","112年08月10日","112年08月14日","0.405","    65.90","","",
="043500","虹堡群益2B購02","2.34","","5258","虹堡","91.00","＋","認購","美式","112年05月03日","112年05月03日","112年10月31日","112年11月02日","0.15","    85.00","","",
="043501","威鋒電群益2B購01","2.23","","6756","威鋒電子","223.00","＋","認購","美式","112年05月03日","112年05月03日","112年10月31日","112年11月02日","0.08","    218.00","","",
="043502","視陽群益2B購02","0.00","","6782","視陽","230.00","＋","認購","美式","112年05月03日","112年05月03日","112年10月31日","112年11月02日","0.03","    320.00","","",
="043503","寶成群益2B購01","1.43","","9904","寶成","32.05","－","認購","美式","112年05月03日","112年05月03日","112年10月31日","112年11月02日","1.00","    38.00","","",
="043504","台灣50元大31購05","0.00","",="0050","元大台灣50","126.75","＋","認購","美式","112年05月03日","112年05月03日","112年12月28日","113年01月02日","0.60","    133.00","","",
="043505","台灣50元大31購06","2.79","＋",="0050","元大台灣50","126.75","＋","認購","美式","112年05月03日","112年05月03日","112年12月28日","113年01月02日","0.30","    124.00","","",
="043506","台積電第一28購02","0.13","","2330","台積電","568.00","＋","認購","美式","110年08月30日","110年08月30日","112年08月25日","112年08月29日","0.008","    789.75","","",
="043507","台灣50元大31購07","2.22","＋",="0050","元大台灣50","126.75","＋","認購","美式","112年05月03日","112年05月03日","112年12月28日","113年01月02日","0.15","    116.00","","",
="043508","台灣50元大32購01","3.07","＋",="0050","元大台灣50","126.75","＋","認購","美式","112年05月03日","112年05月03日","113年01月31日","113年02月02日","0.65","    135.00","","",
="043509","台灣50元大32購02","2.65","＋",="0050","元大台灣50","126.75","＋","認購","美式","112年05月03日","112年05月03日","113年01月31日","113年02月02日","0.30","    126.00","","",
="04350U","健策群益28售02","0.00","","3653","健策","616.00","＋","認售","歐式","112年02月15日","112年08月14日","112年08月10日","112年08月14日","0.08","    300.00","","",
="043510","台灣50元大32購03","2.53","＋",="0050","元大台灣50","126.75","＋","認購","美式","112年05月03日","112年05月03日","113年01月31日","113年02月02日","0.20","    120.00","","",
="043511","道瓊反元大32購01","0.61","－",="00669R","國泰美國道瓊反1","8.06","－","認購","美式","112年05月03日","112年05月03日","113年01月31日","113年02月02日","1.00","    8.50","","",
="043512","台泥元大2B購02","0.00","","1101","台泥","38.15","＋","認購","美式","112年05月03日","112年05月03日","112年10月31日","112年11月02日","0.50","    43.10","","",
="043513","中興電元大2B購06","1.15","＋","1513","中興電","113.50","＋","認購","美式","112年05月03日","112年05月03日","112年10月31日","112年11月02日","0.046","    97.50","","",
="043514","美時元大2C購05","0.00","","1795","美時","330.50","＋","認購","美式","112年05月03日","112年05月03日","112年11月30日","112年12月04日","0.04","    262.00","","",
="043515","美時元大31購01","3.55","","1795","美時","330.50","＋","認購","美式","112年05月03日","112年05月03日","112年12月28日","113年01月02日","0.044","    302.50","","",
="043516","裕隆元大2C購03","1.92","＋","2201","裕隆","82.80","＋","認購","美式","112年05月03日","112年05月03日","112年11月30日","112年12月04日","0.18","    89.70","","",
="043517","中華元大2B購01","2.83","－","2204","中華","91.60","－","認購","美式","112年05月03日","112年05月03日","112年10月31日","112年11月02日","0.815","    119.00","","",
="043518","鴻海元大2C購19","0.00","","2317","鴻海","105.50","＋","認購","美式","112年05月03日","112年05月03日","112年11月30日","112年12月04日","0.139","    123.50","","",
="043519","台光電元大2B購02","1.85","＋","2383","台光電","204.50","＋","認購","美式","112年05月03日","112年05月03日","112年10月31日","112年11月02日","0.037","    165.00","","",
="04351U","日月光群益28售03","0.00","","3711","日月光投控","109.00","－","認售","歐式","112年02月15日","112年08月14日","112年08月10日","112年08月14日","0.60","    66.66","","",
="043520","台光電元大31購01","1.57","＋","2383","台光電","204.50","＋","認購","美式","112年05月03日","112年05月03日","112年12月28日","113年01月02日","0.07","    235.00","","",
="043521","緯創元大2C購11","0.00","","3231","緯創","68.00","＋","認購","美式","112年05月03日","112年05月03日","112年11月30日","112年12月04日","0.195","    46.40","","",
="043522","緯創元大31購07","5.20","＋","3231","緯創","68.00","＋","認購","美式","112年05月03日","112年05月03日","112年12月28日","113年01月02日","0.30","    59.40","","",
="043523","群創元大2B購13","0.00","","3481","群創","14.10","＋","認購","美式","112年05月03日","112年05月03日","112年10月31日","112年11月02日","0.60","    15.60","","",
="043524","揚明光元大2B購01","1.99","＋","3504","揚明光","81.70","＋","認購","美式","112年05月03日","112年05月03日","112年10月31日","112年11月02日","0.117","    75.40","","",
="043525","嘉澤元大2C購03","2.00","－","3533","嘉澤","909.00","－","認購","美式","112年05月03日","112年05月03日","112年11月30日","112年12月04日","0.043","    1,220.00","","",
="043526","中磊元大2C購01","2.96","＋","5388","中磊","93.30","＋","認購","美式","112年05月03日","112年05月03日","112年11月30日","112年12月04日","0.17","    81.50","","",
="043527","啟碁元大2C購05","0.00","","6285","啟碁","87.50","＋","認購","美式","112年05月03日","112年05月03日","112年11月30日","112年12月04日","0.135","    118.00","","",
="043528","樺漢元大2B購02","1.48","","6414","樺漢","281.00","＋","認購","美式","112年05月03日","112年05月03日","112年10月31日","112年11月02日","0.029","    245.00","","",
="043529","緯穎元大2C購05","0.75","＋","6669","緯穎","1,205.00","＋","認購","美式","112年05月03日","112年05月03日","112年11月30日","112年12月04日","0.006","    1,510.00","","",
="04352U","緯穎群益28售02","0.00","","6669","緯穎","1,205.00","＋","認售","歐式","112年02月15日","112年08月14日","112年08月10日","112年08月14日","0.06","    500.00","","",
="043530","緯穎元大31購02","0.74","＋","6669","緯穎","1,205.00","＋","認購","美式","112年05月03日","112年05月03日","112年12月28日","113年01月02日","0.007","    1,675.00","","",
="043531","世紀鋼元大32購01","0.65","＋","9958","世紀鋼","109.50","＋","認購","美式","112年05月03日","112年05月03日","113年01月31日","113年02月02日","0.051","    126.00","","",
="043532","台灣50元富2B購04","0.00","",="0050","元大台灣50","126.75","＋","認購","美式","112年05月03日","112年05月03日","112年10月31日","112年11月02日","1.00","    118.00","","",
="043533","T50反1元富35購01","0.00","",="00632R","元大台灣50反1","4.94","－","認購","美式","112年05月03日","112年05月03日","113年04月29日","113年05月02日","1.00","    5.00","","",
="043534","T50反1元富45購02","0.55","－",="00632R","元大台灣50反1","4.94","－","認購","美式","112年05月03日","112年05月03日","114年04月29日","114年05月02日","1.00","    5.40","","",
="043535","中華元富32購01","2.39","－","2204","中華","91.60","－","認購","美式","112年05月03日","112年05月03日","113年01月31日","113年02月02日","0.20","    95.00","","",
="043536","鴻海元富45購01","0.77","＋","2317","鴻海","105.50","＋","認購","美式","112年05月03日","112年05月03日","114年04月29日","114年05月02日","0.07","    125.00","","",
="043537","台積電元富2B購05","36.00","－","2330","台積電","568.00","＋","認購","美式","112年05月03日","112年05月03日","112年10月31日","112年11月02日","0.70","    550.00","","",
="043538","台積電元富45購01","1.67","＋","2330","台積電","568.00","＋","認購","美式","112年05月03日","112年05月03日","114年04月29日","114年05月02日","0.02","    600.00","","",
="043539","智邦元富31購01","0.00","","2345","智邦","357.50","＋","認購","美式","112年05月03日","112年05月03日","112年12月28日","113年01月02日","0.15","    325.00","","",
="04353P","台灣50元大26售02","0.00","",="0050","元大台灣50","126.75","＋","認售","歐式","111年10月17日","112年06月16日","112年06月14日","112年06月16日","0.307","    89.00","","",
="04353U","臺股指群益2B售12","0.00","","IX0001","臺股指數","16,636.30","","認售","歐式","112年02月15日","112年11月14日","112年11月10日","112年11月14日","0.005","    13,200.00","","",
="043540","欣興元富31購03","0.00","","3037","欣興","182.50","－","認購","美式","112年05月03日","112年05月03日","112年12月28日","113年01月02日","0.08","    146.00","","",
="043541","緯穎元富2B購02","0.00","","6669","緯穎","1,205.00","＋","認購","美式","112年05月03日","112年05月03日","112年10月31日","112年11月02日","0.011","    1,350.00","","",
="043542","南電元富2B購02","2.27","－","8046","南電","302.50","－","認購","美式","112年05月03日","112年05月03日","112年10月31日","112年11月02日","0.05","    285.00","","",
="043543","統一麥證2B購01","1.06","＋","1216","統一","74.70","＋","認購","歐式","112年05月03日","112年11月02日","112年10月31日","112年11月02日","0.25","    77.00","","",
="043544","華城麥證2B購01","3.36","＋","1519","華城","141.00","＋","認購","歐式","112年05月03日","112年11月02日","112年10月31日","112年11月02日","0.09","    115.00","","",
="043545","中華麥證2B購01","2.37","－","2204","中華","91.60","－","認購","歐式","112年05月03日","112年11月02日","112年10月31日","112年11月02日","0.50","    115.00","","",
="043546","光寶科麥證2C購01","2.89","","2301","光寶科","86.40","＋","認購","歐式","112年05月03日","112年12月04日","112年11月30日","112年12月04日","0.20","    75.00","","",
="043547","瑞昱麥證2C購01","2.62","＋","2379","瑞昱","388.00","＋","認購","歐式","112年05月03日","112年12月04日","112年11月30日","112年12月04日","0.05","    388.00","","",
="043548","台光電麥證2B購01","3.28","－","2383","台光電","204.50","＋","認購","歐式","112年05月03日","112年11月02日","112年10月31日","112年11月02日","0.08","    175.00","","",
="043549","中華電麥證2B購01","0.61","－","2412","中華電","126.00","－","認購","歐式","112年05月03日","112年11月02日","112年10月31日","112年11月02日","0.07","    133.00","","",
="04354U","臺股指群益2B售13","1.31","－","IX0001","臺股指數","16,636.30","","認售","歐式","112年02月15日","112年11月14日","112年11月10日","112年11月14日","0.005","    13,600.00","","",
="043550","國泰金麥證2C購01","1.68","＋","2882","國泰金","44.75","＋","認購","歐式","112年05月03日","112年12月04日","112年11月30日","112年12月04日","0.42","    45.00","","",
="043551","聯詠麥證2C購01","2.84","＋","3034","聯詠","423.50","＋","認購","歐式","112年05月03日","112年12月04日","112年11月30日","112年12月04日","0.05","    420.00","","",
="043552","創意麥證2B購02","10.90","","3443","創意","1,515.00","＋","認購","歐式","112年05月03日","112年11月02日","112年10月31日","112年11月02日","0.02","    999.00","","",
="043553","啟碁麥證2C購01","0.83","＋","6285","啟碁","87.50","＋","認購","歐式","112年05月03日","112年12月04日","112年11月30日","112年12月04日","0.125","    100.00","","",
="043554","洋基麥證2B購01","1.66","＋","6691","洋基工程","297.00","＋","認購","歐式","112年05月03日","112年11月02日","112年10月31日","112年11月02日","0.05","    298.88","","",
="043555","滬深反凱基32購01","1.13","－",="00638R","元大滬深300反1","9.79","＋","認購","美式","112年05月03日","112年05月03日","113年01月31日","113年02月02日","1.00","    9.50","","",
="043556","元日2X凱基33購01","0.49","－",="00706L","期元大S&P日圓正2(原名：元大S&P日圓正2)","8.72","－","認購","美式","112年05月03日","112年05月03日","113年02月29日","113年03月04日","0.565","    9.00","","",
="043557","道瓊銅凱基33購01","1.02","＋",="00763U","期街口道瓊銅","23.38","＋","認購","美式","112年05月03日","112年05月03日","113年02月29日","113年03月04日","0.30","    25.00","","",
="043558","台泥凱基2B購02","0.00","","1101","台泥","38.15","＋","認購","美式","112年05月03日","112年05月03日","112年10月31日","112年11月02日","0.50","    42.00","","",
="043559","台泥凱基2C購02","0.00","","1101","台泥","38.15","＋","認購","美式","112年05月03日","112年05月03日","112年11月30日","112年12月04日","1.00","    48.50","","",
="04355U","臺股指群益2B售14","0.00","","IX0001","臺股指數","16,636.30","","認售","歐式","112年02月15日","112年11月14日","112年11月10日","112年11月14日","0.004","    13,900.00","","",
="043560","士電凱基2C購03","0.00","","1503","士電","143.50","＋","認購","美式","112年05月03日","112年05月03日","112年11月30日","112年12月04日","0.085","    110.00","","",
="043561","永冠凱基2B購02","0.70","－","1589","永冠-KY","71.60","－","認購","美式","112年05月03日","112年05月03日","112年10月31日","112年11月02日","0.12","    80.00","","",
="043562","亞德客凱基2B購01","0.72","","1590","亞德客-KY","1,040.00","＋","認購","美式","112年05月03日","112年05月03日","112年10月31日","112年11月02日","0.009","    1,200.00","","",
="043563","生達凱基2B購02","1.07","","1720","生達","70.80","＋","認購","美式","112年05月03日","112年05月03日","112年10月31日","112年11月02日","0.10","    75.00","","",
="043564","美時凱基2B購08","3.93","＋","1795","美時","330.50","＋","認購","美式","112年05月03日","112年05月03日","112年10月31日","112年11月02日","0.08","    325.00","","",
="043565","鴻海凱基2B購11","1.09","＋","2317","鴻海","105.50","＋","認購","美式","112年05月03日","112年05月03日","112年10月31日","112年11月02日","0.13","    107.50","","",
="043566","廣宇凱基2B購01","1.74","＋","2328","廣宇","39.40","＋","認購","美式","112年05月03日","112年05月03日","112年10月31日","112年11月02日","0.42","    40.00","","",
="043567","台積電凱基2C購18","3.54","＋","2330","台積電","568.00","＋","認購","美式","112年05月03日","112年05月03日","112年11月30日","112年12月04日","0.12","    630.00","","",
="043568","台光電凱基2B購01","3.16","＋","2383","台光電","204.50","＋","認購","美式","112年05月03日","112年05月03日","112年10月31日","112年11月02日","0.10","    200.00","","",
="043569","台光電凱基2B購02","2.35","＋","2383","台光電","204.50","＋","認購","美式","112年05月03日","112年05月03日","112年10月31日","112年11月02日","0.06","    180.00","","",
="04356U","臺股指群益2B售15","0.00","","IX0001","臺股指數","16,636.30","","認售","歐式","112年02月15日","112年11月14日","112年11月10日","112年11月14日","0.004","    14,100.00","","",
="043570","聯發科凱基31購01","3.12","＋","2454","聯發科","738.00","＋","認購","美式","112年05月03日","112年05月03日","112年12月28日","113年01月02日","0.04","    790.00","","",
="043571","飛宏凱基2B購04","1.48","＋","2457","飛宏","76.40","＋","認購","美式","112年05月03日","112年05月03日","112年10月31日","112年11月02日","0.25","    90.00","","",
="043572","飛宏凱基2C購02","1.13","＋","2457","飛宏","76.40","＋","認購","美式","112年05月03日","112年05月03日","112年11月30日","112年12月04日","0.10","    77.00","","",
="043573","長榮凱基2C購08","1.08","＋","2603","長榮","157.00","＋","認購","美式","112年05月03日","112年05月03日","112年11月30日","112年12月04日","0.17","    201.00","","",
="043574","神基凱基31購01","2.56","＋","3005","神基","69.40","＋","認購","美式","112年05月03日","112年05月03日","112年12月28日","113年01月02日","0.30","    70.00","","",
="043575","大立光凱基31購02","2.33","","3008","大立光","2,305.00","＋","認購","美式","112年05月03日","112年05月03日","112年12月28日","113年01月02日","0.02","    3,000.00","","",
="043576","奇鋐凱基2C購04","0.00","","3017","奇鋐","206.00","－","認購","美式","112年05月03日","112年05月03日","112年11月30日","112年12月04日","0.07","    175.00","","",
="043577","欣興凱基2B購12","3.22","－","3037","欣興","182.50","－","認購","美式","112年05月03日","112年05月03日","112年10月31日","112年11月02日","0.085","    150.00","","",
="043578","緯創凱基2B購11","6.00","＋","3231","緯創","68.00","＋","認購","美式","112年05月03日","112年05月03日","112年10月31日","112年11月02日","0.50","    62.00","","",
="043579","世芯凱基2B購09","0.00","","3661","世芯-KY","1,660.00","＋","認購","美式","112年05月03日","112年05月03日","112年10月31日","112年11月02日","0.007","    1,270.00","","",
="04357U","臺股指群益2B售16","0.81","－","IX0001","臺股指數","16,636.30","","認售","歐式","112年02月15日","112年11月14日","112年11月10日","112年11月14日","0.003","    14,300.00","","",
="043580","三福化凱基2C購01","0.00","","4755","三福化","131.00","＋","認購","美式","112年05月03日","112年05月03日","112年11月30日","112年12月04日","0.08","    170.00","","",
="043581","正文凱基2B購01","1.21","","4906","正文","31.40","＋","認購","美式","112年05月03日","112年05月03日","112年10月31日","112年11月02日","0.55","    34.00","","",
="043582","祥碩凱基31購02","1.81","＋","5269","祥碩","1,300.00","＋","認購","美式","112年05月03日","112年05月03日","112年12月28日","113年01月02日","0.009","    1,450.00","","",
="043583","中磊凱基2B購04","2.77","＋","5388","中磊","93.30","＋","認購","美式","112年05月03日","112年05月03日","112年10月31日","112年11月02日","0.18","    83.00","","",
="043584","緯穎凱基31購01","1.25","＋","6669","緯穎","1,205.00","＋","認購","美式","112年05月03日","112年05月03日","112年12月28日","113年01月02日","0.008","    1,320.00","","",
="043585","巨大凱基2B購02","0.00","","9921","巨大","201.00","＋","認購","美式","112年05月03日","112年05月03日","112年10月31日","112年11月02日","0.15","    230.00","","",
="043586","華邦電兆豐34購01","1.47","","2344","華邦電","26.90","＋","認購","美式","112年05月04日","112年05月04日","113年04月01日","113年04月03日","0.28","    25.80","","",
="043587","飛宏兆豐2B購01","0.97","＋","2457","飛宏","76.40","＋","認購","美式","112年05月04日","112年05月04日","112年11月01日","112年11月03日","0.15","    85.80","","",
="043588","宏碁中信2B購01","0.59","＋","2353","宏碁","31.05","＋","認購","歐式","112年05月04日","112年11月03日","112年11月01日","112年11月03日","1.00","    40.00","","",
="043589","長榮康和2C購01","0.82","＋","2603","長榮","157.00","＋","認購","美式","112年05月04日","112年05月04日","112年11月30日","112年12月04日","0.10","    190.00","","",
="04358U","臺股指群益2B售17","0.00","","IX0001","臺股指數","16,636.30","","認售","歐式","112年02月15日","112年11月14日","112年11月10日","112年11月14日","0.003","    14,600.00","","",
="043590","開發金康和32購01","0.61","－","2883","開發金","12.80","－","認購","美式","112年05月04日","112年05月04日","113年02月01日","113年02月05日","1.00","    15.00","","",
="043591","士電永豐32購01","1.57","＋","1503","士電","143.50","＋","認購","美式","112年05月04日","112年05月04日","113年02月01日","113年02月05日","0.055","    150.75","","",
="043592","華城永豐32購01","3.25","＋","1519","華城","141.00","＋","認購","美式","112年05月04日","112年05月04日","113年02月01日","113年02月05日","0.099","    126.57","","",
="043593","致茂永豐31購01","1.43","＋","2360","致茂","226.50","＋","認購","美式","112年05月04日","112年05月04日","112年12月29日","113年01月03日","0.05","    249.38","","",
="043594","台光電永豐2C購01","2.42","－","2383","台光電","204.50","＋","認購","美式","112年05月04日","112年05月04日","112年11月30日","112年12月04日","0.058","    181.72","","",
="043595","奇鋐永豐31購01","1.90","－","3017","奇鋐","206.00","－","認購","美式","112年05月04日","112年05月04日","112年12月29日","113年01月03日","0.082","    231.95","","",
="043596","欣興永豐31購01","3.69","－","3037","欣興","182.50","－","認購","美式","112年05月04日","112年05月04日","112年12月29日","113年01月03日","0.17","    200.00","","",
="043597","同欣電永豐2C購01","1.36","＋","6271","同欣電","179.50","＋","認購","美式","112年05月04日","112年05月04日","112年11月30日","112年12月04日","0.06","    189.84","","",
="043598","生達國票2B購01","0.00","","1720","生達","70.80","＋","認購","美式","112年05月04日","112年05月04日","112年11月01日","112年11月03日","0.11","    80.00","","",
="043599","生達國票2C購01","0.00","","1720","生達","70.80","＋","認購","美式","112年05月04日","112年05月04日","112年11月30日","112年12月04日","0.18","    100.00","","",
="04359U","電子類群益2B售02","0.00","","IX0027","電子類","797.58","","認售","歐式","112年02月15日","112年11月14日","112年11月10日","112年11月14日","0.10","    680.00","","",
="043600","光寶科國票2C購01","0.00","","2301","光寶科","86.40","＋","認購","美式","112年05月04日","112年05月04日","112年11月30日","112年12月04日","1.00","    110.00","","",
="043601","致茂國票2C購01","2.34","＋","2360","致茂","226.50","＋","認購","美式","112年05月04日","112年05月04日","112年11月30日","112年12月04日","0.12","    280.00","","",
="043602","飛宏國票32購01","1.78","＋","2457","飛宏","76.40","＋","認購","美式","112年05月04日","112年05月04日","113年02月01日","113年02月05日","0.23","    97.50","","",
="043603","漢翔國票2C購01","2.20","","2634","漢翔","55.80","＋","認購","美式","112年05月04日","112年05月04日","112年11月30日","112年12月04日","1.00","    87.00","","",
="043604","晶睿國票2C購03","0.83","＋","3454","晶睿","182.50","＋","認購","美式","112年05月04日","112年05月04日","112年11月30日","112年12月04日","0.06","    250.00","","",
="043605","嘉澤國票2C購01","2.98","－","3533","嘉澤","909.00","－","認購","美式","112年05月04日","112年05月04日","112年11月30日","112年12月04日","0.10","    1,300.00","","",
="043606","上品國票2C購01","2.97","","4770","上品","297.00","＋","認購","美式","112年05月04日","112年05月04日","112年11月30日","112年12月04日","0.12","    420.00","","",
="043607","帆宣國票2C購01","0.77","－","6196","帆宣","131.50","","認購","美式","112年05月04日","112年05月04日","112年11月30日","112年12月04日","0.05","    140.00","","",
="043608","穎崴國票2C購01","1.62","＋","6515","穎崴","830.00","－","認購","美式","112年05月04日","112年05月04日","112年11月30日","112年12月04日","0.008","    750.00","","",
="043609","緯穎國票2C購01","0.95","＋","6669","緯穎","1,205.00","＋","認購","美式","112年05月04日","112年05月04日","112年11月30日","112年12月04日","0.008","    1,400.00","","",
="04360U","裕隆國票2A售01","0.00","","2201","裕隆","82.80","＋","認售","歐式","112年02月16日","112年10月16日","112年10月12日","112年10月16日","1.00","    40.00","","",
="043610","南電國票2C購01","2.54","－","8046","南電","302.50","－","認購","美式","112年05月04日","112年05月04日","112年11月30日","112年12月04日","0.07","    320.00","","",
="043611","鈺齊國票2C購01","0.83","－","9802","鈺齊-KY","124.00","－","認購","美式","112年05月04日","112年05月04日","112年11月30日","112年12月04日","0.065","    140.00","","",
="043612","宏達電國泰31購01","2.11","＋","2498","宏達電","61.50","＋","認購","美式","112年05月04日","112年05月04日","112年12月29日","113年01月03日","0.40","    72.00","","",
="043613","全訊國泰31購01","1.17","＋","5222","全訊","198.00","＋","認購","美式","112年05月04日","112年05月04日","112年12月29日","113年01月03日","0.06","    255.00","","",
="043614","臺股指國泰31購01","0.00","","IX0001","臺股指數","16,636.30","","認購","歐式","112年05月04日","113年01月03日","112年12月29日","113年01月03日","0.01","    18,000.00","","",
="043615","臺股指國泰32購01","0.00","","IX0001","臺股指數","16,636.30","","認購","歐式","112年05月04日","113年02月05日","113年02月01日","113年02月05日","0.002","    15,700.00","","",
="043616","S&P反1富邦33購01","0.00","",="00648R","元大S&P500反1","6.93","－","認購","美式","112年05月04日","112年05月04日","113年02月29日","113年03月04日","1.00","    8.00","","",
="043617","啟碁富邦2B購01","0.00","","6285","啟碁","87.50","＋","認購","美式","112年05月04日","112年05月04日","112年11月01日","112年11月03日","0.05","    102.00","","",
="043618","東元凱基2B購02","2.57","＋","1504","東元","51.80","＋","認購","美式","112年05月04日","112年05月04日","112年11月01日","112年11月03日","0.40","    54.00","","",
="043619","華城凱基2B購02","5.95","","1519","華城","141.00","＋","認購","美式","112年05月04日","112年05月04日","112年11月01日","112年11月03日","0.15","    120.00","","",
="04361U","光罩國票29售04","0.00","","2338","光罩","81.80","＋","認售","歐式","112年02月16日","112年09月15日","112年09月13日","112年09月15日","0.166","    70.00","","",
="043620","美時凱基2B購09","0.00","","1795","美時","330.50","＋","認購","美式","112年05月04日","112年05月04日","112年11月01日","112年11月03日","0.10","    380.00","","",
="043621","台達電凱基31購01","1.72","＋","2308","台達電","315.50","－","認購","美式","112年05月04日","112年05月04日","112年12月29日","113年01月03日","0.09","    350.00","","",
="043622","華通凱基2B購02","1.68","－","2313","華通","44.30","＋","認購","美式","112年05月04日","112年05月04日","112年11月01日","112年11月03日","0.35","    44.00","","",
="043623","旺宏凱基2B購03","1.16","＋","2337","旺宏","33.40","＋","認購","美式","112年05月04日","112年05月04日","112年11月01日","112年11月03日","1.00","    40.00","","",
="043624","華邦電凱基2B購04","1.18","＋","2344","華邦電","26.90","＋","認購","美式","112年05月04日","112年05月04日","112年11月01日","112年11月03日","1.00","    33.00","","",
="043625","技嘉凱基2B購01","0.00","","2376","技嘉","186.00","＋","認購","美式","112年05月04日","112年05月04日","112年11月01日","112年11月03日","0.075","    138.00","","",
="043626","長榮凱基2C購09","0.67","＋","2603","長榮","157.00","＋","認購","美式","112年05月04日","112年05月04日","112年11月30日","112年12月04日","0.20","    221.00","","",
="043627","陽明凱基2B購06","1.55","＋","2609","陽明","62.00","＋","認購","美式","112年05月04日","112年05月04日","112年11月01日","112年11月03日","0.30","    65.00","","",
="043628","長榮航凱基2B購05","4.56","＋","2618","長榮航","33.60","＋","認購","美式","112年05月04日","112年05月04日","112年11月01日","112年11月03日","1.00","    31.00","","",
="043629","奇鋐凱基2B購02","0.00","","3017","奇鋐","206.00","－","認購","美式","112年05月04日","112年05月04日","112年11月01日","112年11月03日","0.06","    160.00","","",
="04362P","裕隆中信26售02","0.00","","2201","裕隆","82.80","＋","認售","歐式","111年12月09日","112年06月08日","112年06月06日","112年06月08日","0.30","    50.00","","",
="04362U","友達國票28售04","0.62","－","2409","友達","17.65","＋","認售","歐式","112年02月16日","112年08月15日","112年08月11日","112年08月15日","0.75","    16.50","","",
="043630","聯詠凱基2B購04","1.60","＋","3034","聯詠","423.50","＋","認購","美式","112年05月04日","112年05月04日","112年11月01日","112年11月03日","0.08","    500.00","","",
="043631","欣興凱基2B購14","2.67","－","3037","欣興","182.50","－","認購","美式","112年05月04日","112年05月04日","112年11月01日","112年11月03日","0.20","    215.00","","",
="043632","景碩凱基31購01","0.90","＋","3189","景碩","116.00","＋","認購","美式","112年05月04日","112年05月04日","112年12月29日","113年01月03日","0.12","    150.00","","",
="043633","緯創凱基2B購12","10.40","＋","3231","緯創","68.00","＋","認購","美式","112年05月04日","112年05月04日","112年11月01日","112年11月03日","1.00","    67.00","","",
="043634","健策凱基2B購02","5.05","＋","3653","健策","616.00","＋","認購","美式","112年05月04日","112年05月04日","112年11月01日","112年11月03日","0.035","    500.00","","",
="043635","全訊凱基2B購03","0.68","＋","5222","全訊","198.00","＋","認購","美式","112年05月04日","112年05月04日","112年11月01日","112年11月03日","0.03","    220.00","","",
="043636","祥碩凱基2C購02","1.44","＋","5269","祥碩","1,300.00","＋","認購","美式","112年05月04日","112年05月04日","112年11月30日","112年12月04日","0.012","    1,650.00","","",
="043637","同欣電凱基2C購01","1.33","＋","6271","同欣電","179.50","＋","認購","美式","112年05月04日","112年05月04日","112年11月30日","112年12月04日","0.13","    220.00","","",
="043638","晶心科凱基2C購03","2.28","＋","6533","晶心科","511.00","＋","認購","美式","112年05月04日","112年05月04日","112年11月30日","112年12月04日","0.023","    470.00","","",
="043639","中興電群益2B購03","1.61","＋","1513","中興電","113.50","＋","認購","美式","112年05月04日","112年05月04日","112年11月01日","112年11月03日","0.18","    128.00","","",
="04363P","臺股指國泰26售06","0.00","","IX0001","臺股指數","16,636.30","","認售","歐式","111年12月09日","112年06月08日","112年06月06日","112年06月08日","0.003","    13,100.00","","",
="04363U","群創國票28售03","0.00","","3481","群創","14.10","＋","認售","歐式","112年02月16日","112年08月15日","112年08月11日","112年08月15日","1.00","    11.00","","",
="043640","美時群益33購01","8.05","＋","1795","美時","330.50","＋","認購","美式","112年05月04日","112年05月04日","113年02月29日","113年03月04日","0.127","    358.00","","",
="043641","光寶科群益31購01","4.95","＋","2301","光寶科","86.40","＋","認購","美式","112年05月04日","112年05月04日","112年12月29日","113年01月03日","0.70","    90.00","","",
="043642","南亞科群益2C購01","1.88","＋","2408","南亞科","71.20","－","認購","美式","112年05月04日","112年05月04日","112年11月30日","112年12月04日","1.00","    98.00","","",
="043643","宏達電群益2B購04","1.86","＋","2498","宏達電","61.50","＋","認購","美式","112年05月04日","112年05月04日","112年11月01日","112年11月03日","0.256","    61.50","","",
="043644","漢翔群益2B購04","0.91","＋","2634","漢翔","55.80","＋","認購","美式","112年05月04日","112年05月04日","112年11月01日","112年11月03日","0.28","    72.40","","",
="043645","欣興群益2C購01","1.80","－","3037","欣興","182.50","－","認購","美式","112年05月04日","112年05月04日","112年11月30日","112年12月04日","0.07","    195.00","","",
="043646","創意群益2B購03","0.00","","3443","創意","1,515.00","＋","認購","美式","112年05月04日","112年05月04日","112年11月01日","112年11月03日","0.01","    1,188.00","","",
="043647","群創群益2B購01","0.78","","3481","群創","14.10","＋","認購","美式","112年05月04日","112年05月04日","112年11月01日","112年11月03日","0.75","    15.30","","",
="043648","群創群益2C購03","0.92","","3481","群創","14.10","＋","認購","美式","112年05月04日","112年05月04日","112年11月30日","112年12月04日","1.00","    17.28","","",
="043649","三福化群益2B購01","1.00","－","4755","三福化","131.00","＋","認購","美式","112年05月04日","112年05月04日","112年11月01日","112年11月03日","0.10","    158.00","","",
="04364P","國巨富邦28售02","0.00","","2327","國巨","508.00","＋","認售","歐式","111年12月09日","112年08月08日","112年08月04日","112年08月08日","0.015","    450.00","","",
="04364U","敦泰國票29售01","0.00","","3545","敦泰","83.70","＋","認售","歐式","112年02月16日","112年09月15日","112年09月13日","112年09月15日","0.201","    60.00","","",
="043650","上品群益2B購01","4.20","","4770","上品","297.00","＋","認購","美式","112年05月04日","112年05月04日","112年11月01日","112年11月03日","0.20","    420.00","","",
="043651","天鈺群益2B購03","0.77","","4961","天鈺","154.00","＋","認購","美式","112年05月04日","112年05月04日","112年11月01日","112年11月03日","0.08","    196.00","","",
="043652","愛普群益2B購06","6.00","＋","6531","愛普*","328.50","＋","認購","美式","112年05月04日","112年05月04日","112年11月01日","112年11月03日","0.11","    322.00","","",
="043653","緯穎群益2B購02","2.26","＋","6669","緯穎","1,205.00","＋","認購","美式","112年05月04日","112年05月04日","112年11月01日","112年11月03日","0.012","    1,295.00","","",
="043654","中興電統一33購05","0.00","","1513","中興電","113.50","＋","認購","美式","112年05月04日","112年05月04日","113年02月29日","113年03月04日","0.033","    99.99","","",
="043655","華城統一35購01","1.87","＋","1519","華城","141.00","＋","認購","美式","112年05月04日","112年05月04日","113年04月30日","113年05月03日","0.035","    113.50","","",
="043656","聯發科統一35購03","1.19","＋","2454","聯發科","738.00","＋","認購","美式","112年05月04日","112年05月04日","113年04月30日","113年05月03日","0.008","    695.70","","",
="043657","聯發科統一3B購01","0.90","＋","2454","聯發科","738.00","＋","認購","美式","112年05月04日","112年05月04日","113年10月31日","113年11月04日","0.004","    700.00","","",
="043658","飛宏統一35購01","0.82","＋","2457","飛宏","76.40","＋","認購","美式","112年05月04日","112年05月04日","113年04月30日","113年05月03日","0.05","    87.60","","",
="043659","陽明統一2C購04","0.69","＋","2609","陽明","62.00","＋","認購","美式","112年05月04日","112年05月04日","112年11月30日","112年12月04日","0.088","    61.68","","",
="04365P","裕隆元大26售03","0.00","","2201","裕隆","82.80","＋","認售","歐式","111年12月09日","112年06月08日","112年06月06日","112年06月08日","0.174","    60.00","","",
="04365U","天鈺國票29售02","0.00","","4961","天鈺","154.00","＋","認售","歐式","112年02月16日","112年09月15日","112年09月13日","112年09月15日","0.05","    145.00","","",
="043660","陽明統一2C購05","0.75","＋","2609","陽明","62.00","＋","認購","美式","112年05月04日","112年05月04日","112年11月30日","112年12月04日","0.08","    58.88","","",
="043661","長榮航統一2B購04","2.02","＋","2618","長榮航","33.60","＋","認購","美式","112年05月04日","112年05月04日","112年11月01日","112年11月03日","0.333","    29.50","","",
="043662","奇鋐統一32購01","1.58","－","3017","奇鋐","206.00","－","認購","美式","112年05月04日","112年05月04日","113年02月01日","113年02月05日","0.033","    205.60","","",
="043663","聯詠統一2C購05","0.71","＋","3034","聯詠","423.50","＋","認購","美式","112年05月04日","112年05月04日","112年11月30日","112年12月04日","0.012","    432.10","","",
="043664","緯穎統一2C購03","0.68","＋","6669","緯穎","1,205.00","＋","認購","美式","112年05月04日","112年05月04日","112年11月30日","112年12月04日","0.003","    1,234.56","","",
="043665","亞德客元富2B購01","0.00","","1590","亞德客-KY","1,040.00","＋","認購","美式","112年05月04日","112年05月04日","112年11月01日","112年11月03日","0.015","    1,500.00","","",
="043666","台光電元富31購01","2.81","＋","2383","台光電","204.50","＋","認購","美式","112年05月04日","112年05月04日","112年12月29日","113年01月03日","0.08","    195.50","","",
="043667","台光電元富31購02","4.10","－","2383","台光電","204.50","＋","認購","美式","112年05月04日","112年05月04日","112年12月29日","113年01月03日","0.08","    170.00","","",
="043668","欣興元富31購04","3.30","－","3037","欣興","182.50","－","認購","美式","112年05月04日","112年05月04日","112年12月29日","113年01月03日","0.10","    170.00","","",
="043669","欣興元富31購05","3.11","","3037","欣興","182.50","－","認購","美式","112年05月04日","112年05月04日","112年12月29日","113年01月03日","0.08","    157.00","","",
="04366P","台積電元大26售29","0.00","","2330","台積電","568.00","＋","認售","歐式","111年12月09日","112年06月08日","112年06月06日","112年06月08日","0.08","    382.22","","",
="04366U","台積電統一29售07","0.76","－","2330","台積電","568.00","＋","認售","歐式","112年02月16日","112年09月15日","112年09月13日","112年09月15日","0.03","    522.17","","",
="043670","晶睿元富2B購02","0.97","","3454","晶睿","182.50","＋","認購","美式","112年05月04日","112年05月04日","112年11月01日","112年11月03日","0.06","    230.00","","",
="043671","AES元富31購01","2.40","","6781","AES-KY","690.00","＋","認購","美式","112年05月04日","112年05月04日","112年12月29日","113年01月03日","0.025","    800.00","","",
="043672","亞德客麥證2B購01","0.56","＋","1590","亞德客-KY","1,040.00","＋","認購","歐式","112年05月04日","112年11月03日","112年11月01日","112年11月03日","0.033","    1,600.00","","",
="043673","漢翔麥證2B購01","0.85","＋","2634","漢翔","55.80","＋","認購","歐式","112年05月04日","112年11月03日","112年11月01日","112年11月03日","0.50","    85.00","","",
="043674","奇鋐麥證2B購01","4.28","＋","3017","奇鋐","206.00","－","認購","歐式","112年05月04日","112年11月03日","112年11月01日","112年11月03日","0.10","    180.00","","",
="043675","美指2X元大31購01","0.82","＋",="00683L","期元大美元指正2(原名：元大美元指數正2)","21.98","－","認購","美式","112年05月04日","112年05月04日","112年12月29日","113年01月03日","0.36","    22.00","","",
="043676","美債2X元大2C購01","0.65","＋",="00688L","國泰20年美債正2","10.74","＋","認購","美式","112年05月04日","112年05月04日","112年11月30日","112年12月04日","1.00","    13.50","","",
="043677","元日2X元大2C購02","0.32","",="00706L","期元大S&P日圓正2(原名：元大S&P日圓正2)","8.72","－","認購","美式","112年05月04日","112年05月04日","112年11月30日","112年12月04日","0.75","    10.00","","",
="043678","台泥元大2B購03","0.00","","1101","台泥","38.15","＋","認購","美式","112年05月04日","112年05月04日","112年11月01日","112年11月03日","0.361","    38.00","","",
="043679","台泥元大2C購02","0.00","","1101","台泥","38.15","＋","認購","美式","112年05月04日","112年05月04日","112年11月30日","112年12月04日","0.923","    48.40","","",
="04367P","大立光元大26售15","0.00","","3008","大立光","2,305.00","＋","認售","歐式","111年12月09日","112年06月08日","112年06月06日","112年06月08日","0.023","    1,578.01","","",
="04367U","長榮統一2A售07","0.27","","2603","長榮","157.00","＋","認售","歐式","112年02月16日","112年10月16日","112年10月12日","112年10月16日","0.10","    100.00","","",
="043680","士電元大2C購04","2.49","＋","1503","士電","143.50","＋","認購","美式","112年05月04日","112年05月04日","112年11月30日","112年12月04日","0.075","    141.00","","",
="043681","永冠元大2B購02","0.68","－","1589","永冠-KY","71.60","－","認購","美式","112年05月04日","112年05月04日","112年11月01日","112年11月03日","0.328","    102.50","","",
="043682","亞德客元大2B購02","0.59","","1590","亞德客-KY","1,040.00","＋","認購","美式","112年05月04日","112年05月04日","112年11月01日","112年11月03日","0.007","    1,260.00","","",
="043683","生達元大2B購02","1.03","","1720","生達","70.80","＋","認購","美式","112年05月04日","112年05月04日","112年11月01日","112年11月03日","0.20","    98.10","","",
="043684","中華元大2C購02","3.07","－","2204","中華","91.60","－","認購","美式","112年05月04日","112年05月04日","112年11月30日","112年12月04日","0.477","    109.50","","",
="043685","台達電元大2C購05","1.31","－","2308","台達電","315.50","－","認購","美式","112年05月04日","112年05月04日","112年11月30日","112年12月04日","0.075","    358.00","","",
="043686","鴻海元大2C購20","0.00","","2317","鴻海","105.50","＋","認購","美式","112年05月04日","112年05月04日","112年11月30日","112年12月04日","0.12","    121.00","","",
="043687","鴻海元大31購01","0.00","","2317","鴻海","105.50","＋","認購","美式","112年05月04日","112年05月04日","112年12月29日","113年01月03日","0.155","    131.00","","",
="043688","毅嘉元大2B購01","1.20","＋","2402","毅嘉","28.70","＋","認購","美式","112年05月04日","112年05月04日","112年11月01日","112年11月03日","0.788","    39.55","","",
="043689","南亞科元大2B購02","0.00","","2408","南亞科","71.20","－","認購","美式","112年05月04日","112年05月04日","112年11月01日","112年11月03日","0.181","    68.90","","",
="04368U","台灣50永豐28售04","0.00","",="0050","元大台灣50","126.75","＋","認售","歐式","112年02月16日","112年08月15日","112年08月11日","112年08月15日","0.30","    112.00","","",
="043690","漢翔元大32購02","1.44","＋","2634","漢翔","55.80","＋","認購","美式","112年05月04日","112年05月04日","113年02月01日","113年02月05日","0.216","    77.20","","",
="043691","神基元大2C購04","2.52","","3005","神基","69.40","＋","認購","美式","112年05月04日","112年05月04日","112年11月30日","112年12月04日","0.298","    68.40","","",
="043692","群創元大2C購04","0.81","＋","3481","群創","14.10","＋","認購","美式","112年05月04日","112年05月04日","112年11月30日","112年12月04日","0.399","    13.55","","",
="043693","揚明光元大2B購02","1.91","＋","3504","揚明光","81.70","＋","認購","美式","112年05月04日","112年05月04日","112年11月01日","112年11月03日","0.116","    76.30","","",
="043694","三福化元大2B購01","0.54","－","4755","三福化","131.00","＋","認購","美式","112年05月04日","112年05月04日","112年11月01日","112年11月03日","0.056","    162.00","","",
="043695","中磊元大2C購02","1.22","＋","5388","中磊","93.30","＋","認購","美式","112年05月04日","112年05月04日","112年11月30日","112年12月04日","0.075","    83.30","","",
="043696","啟碁元大2C購06","0.00","","6285","啟碁","87.50","＋","認購","美式","112年05月04日","112年05月04日","112年11月30日","112年12月04日","0.099","    107.00","","",
="043697","矽力元大2C購01","0.85","＋","6415","矽力*-KY","394.50","＋","認購","美式","112年05月04日","112年05月04日","112年11月30日","112年12月04日","0.016","    475.00","","",
="043698","迅得元大2B購01","0.81","＋","6438","迅得","113.50","＋","認購","美式","112年05月04日","112年05月04日","112年11月01日","112年11月03日","0.105","    136.50","","",
="043699","迅得元大31購01","0.74","","6438","迅得","113.50","＋","認購","美式","112年05月04日","112年05月04日","112年12月29日","113年01月03日","0.096","    148.00","","",
="04369U","臺股指永豐2B售01","0.37","－","IX0001","臺股指數","16,636.30","","認售","歐式","112年02月16日","112年11月15日","112年11月13日","112年11月15日","0.001","    14,600.00","","",
="043700","晶碩元大2C購01","0.93","＋","6491","晶碩","366.50","＋","認購","美式","112年05月04日","112年05月04日","112年11月30日","112年12月04日","0.051","    531.00","","",
="043701","帝寶元大2C購01","0.00","","6605","帝寶","99.80","＋","認購","美式","112年05月04日","112年05月04日","112年11月30日","112年12月04日","0.075","    120.00","","",
="043702","緯穎元大2C購06","0.79","＋","6669","緯穎","1,205.00","＋","認購","美式","112年05月04日","112年05月04日","112年11月30日","112年12月04日","0.004","    1,265.00","","",
="043703","緯穎元大31購03","0.99","＋","6669","緯穎","1,205.00","＋","認購","美式","112年05月04日","112年05月04日","112年12月29日","113年01月03日","0.009","    1,660.00","","",
="043704","富邦媒元大2C購01","0.00","","8454","富邦媒","703.00","＋","認購","美式","112年05月04日","112年05月04日","112年11月30日","112年12月04日","0.04","    1,243.00","","",
="043705","台泥兆豐31購01","0.60","","1101","台泥","38.15","＋","認購","美式","112年05月05日","112年05月05日","113年01月02日","113年01月04日","0.30","    43.80","","",
="043706","鴻海兆豐2C購03","0.78","＋","2317","鴻海","105.50","＋","認購","美式","112年05月05日","112年05月05日","112年11月30日","112年12月04日","0.36","    123.00","","",
="043707","健策兆豐2B購01","3.17","＋","3653","健策","616.00","＋","認購","美式","112年05月05日","112年05月05日","112年11月02日","112年11月06日","0.025","    528.00","","",
="043708","華新康和2B購01","0.80","＋","1605","華新","46.60","＋","認購","美式","112年05月05日","112年05月05日","112年11月02日","112年11月06日","0.25","    55.00","","",
="043709","台勝科康和2B購01","1.22","＋","3532","台勝科","157.00","＋","認購","美式","112年05月05日","112年05月05日","112年11月02日","112年11月06日","0.09","    180.00","","",
="04370P","南電元大26售07","0.00","","8046","南電","302.50","－","認售","歐式","111年12月09日","112年06月08日","112年06月06日","112年06月08日","0.039","    281.50","","",
="04370U","聯發科國泰2A售03","0.00","","2454","聯發科","738.00","＋","認售","歐式","112年02月16日","112年10月16日","112年10月12日","112年10月16日","0.05","    547.96","","",
="043710","緯穎康和2B購01","1.13","＋","6669","緯穎","1,205.00","＋","認購","美式","112年05月05日","112年05月05日","112年11月02日","112年11月06日","0.012","    1,450.00","","",
="043711","聯發科永豐31購02","2.15","＋","2454","聯發科","738.00","＋","認購","美式","112年05月05日","112年05月05日","113年01月02日","113年01月04日","0.022","    750.00","","",
="043712","緯創永豐2C購03","3.12","＋","3231","緯創","68.00","＋","認購","美式","112年05月05日","112年05月05日","112年11月30日","112年12月04日","0.30","    66.49","","",
="043713","群創永豐2C購01","0.75","＋","3481","群創","14.10","＋","認購","美式","112年05月05日","112年05月05日","112年11月30日","112年12月04日","0.58","    15.15","","",
="043714","健策永豐2C購01","2.76","＋","3653","健策","616.00","＋","認購","美式","112年05月05日","112年05月05日","112年11月30日","112年12月04日","0.03","    611.65","","",
="043715","啟碁永豐31購01","0.84","＋","6285","啟碁","87.50","＋","認購","美式","112年05月05日","112年05月05日","113年01月02日","113年01月04日","0.092","    99.64","","",
="043716","AES永豐2C購01","1.14","－","6781","AES-KY","690.00","＋","認購","美式","112年05月05日","112年05月05日","112年11月30日","112年12月04日","0.013","    722.70","","",
="043717","士電中信2B購02","1.10","＋","1503","士電","143.50","＋","認購","歐式","112年05月05日","112年11月06日","112年11月02日","112年11月06日","0.046","    162.80","","",
="043718","華城中信2B購01","2.05","＋","1519","華城","141.00","＋","認購","歐式","112年05月05日","112年11月06日","112年11月02日","112年11月06日","0.05","    120.00","","",
="043719","奇鋐中信31購01","1.51","＋","3017","奇鋐","206.00","－","認購","歐式","112年05月05日","113年01月04日","113年01月02日","113年01月04日","0.04","    220.00","","",
="04371U","台積電元富32售04","0.83","－","2330","台積電","568.00","＋","認售","歐式","112年02月16日","113年02月15日","113年02月02日","113年02月15日","0.05","    447.58","","",
="043720","緯創中信2B購03","1.81","＋","3231","緯創","68.00","＋","認購","歐式","112年05月05日","112年11月06日","112年11月02日","112年11月06日","0.33","    75.00","","",
="043721","士電元富32購01","3.10","＋","1503","士電","143.50","＋","認購","美式","112年05月05日","112年05月05日","113年02月01日","113年02月05日","0.10","    140.00","","",
="043722","台積電元富2B購06","0.00","","2330","台積電","568.00","＋","認購","美式","112年05月05日","112年05月05日","112年11月02日","112年11月06日","0.80","    600.00","","",
="043723","創意元富45購01","6.05","＋","3443","創意","1,515.00","＋","認購","美式","112年05月05日","112年05月05日","114年04月30日","114年05月05日","0.01","    1,300.00","","",
="043724","晶心科元富2B購01","2.95","＋","6533","晶心科","511.00","＋","認購","美式","112年05月05日","112年05月05日","112年11月02日","112年11月06日","0.03","    490.00","","",
="043725","元晶麥證31購01","0.00","","6443","元晶","36.20","＋","認購","歐式","112年05月05日","113年01月04日","113年01月02日","113年01月04日","0.107","    40.00","","",
="043726","台灣50凱基2C購16","0.00","",="0050","元大台灣50","126.75","＋","認購","美式","112年05月05日","112年05月05日","112年11月30日","112年12月04日","0.25","    125.00","","",
="043727","滬深反凱基32購02","0.00","",="00638R","元大滬深300反1","9.79","＋","認購","美式","112年05月05日","112年05月05日","113年02月01日","113年02月05日","0.80","    10.00","","",
="043728","士電凱基33購01","1.50","＋","1503","士電","143.50","＋","認購","美式","112年05月05日","112年05月05日","113年02月29日","113年03月04日","0.05","    165.75","","",
="043729","士電凱基33購02","1.28","＋","1503","士電","143.50","＋","認購","美式","112年05月05日","112年05月05日","113年02月29日","113年03月04日","0.04","    147.88","","",
="04372U","聯詠元富28售01","0.00","","3034","聯詠","423.50","＋","認售","歐式","112年02月16日","112年08月15日","112年08月11日","112年08月15日","0.05","    350.00","","",
="043730","中興電凱基31購01","1.71","＋","1513","中興電","113.50","＋","認購","美式","112年05月05日","112年05月05日","113年01月02日","113年01月04日","0.10","    117.50","","",
="043731","永冠凱基31購01","1.31","＋","1589","永冠-KY","71.60","－","認購","美式","112年05月05日","112年05月05日","113年01月02日","113年01月04日","0.25","    90.00","","",
="043732","生達凱基31購01","1.09","","1720","生達","70.80","＋","認購","美式","112年05月05日","112年05月05日","113年01月02日","113年01月04日","0.10","    80.00","","",
="043733","聯電凱基2C購01","1.26","","2303","聯電","51.20","＋","認購","美式","112年05月05日","112年05月05日","112年11月30日","112年12月04日","1.00","    68.00","","",
="043734","英業達凱基2C購01","2.91","＋","2356","英業達","37.50","＋","認購","美式","112年05月05日","112年05月05日","112年11月30日","112年12月04日","0.80","    40.00","","",
="043735","全新凱基2C購02","1.01","＋","2455","全新","100.00","","認購","美式","112年05月05日","112年05月05日","112年11月30日","112年12月04日","0.081","    110.00","","",
="043736","宏達電凱基2B購05","2.00","＋","2498","宏達電","61.50","＋","認購","美式","112年05月05日","112年05月05日","112年11月02日","112年11月06日","0.22","    58.00","","",
="043737","晶豪科凱基31購01","1.56","＋","3006","晶豪科","88.20","＋","認購","美式","112年05月05日","112年05月05日","113年01月02日","113年01月04日","0.10","    87.00","","",
="043738","零壹凱基31購01","1.29","＋","3029","零壹","67.30","＋","認購","美式","112年05月05日","112年05月05日","113年01月02日","113年01月04日","0.25","    90.00","","",
="043739","零壹凱基31購02","1.36","＋","3029","零壹","67.30","＋","認購","美式","112年05月05日","112年05月05日","113年01月02日","113年01月04日","0.17","    75.00","","",
="04373U","康舒元富2B售01","0.37","－","6282","康舒","44.05","＋","認售","歐式","112年02月16日","112年11月15日","112年11月13日","112年11月15日","0.101","    37.50","","",
="043740","景碩凱基2C購01","0.87","＋","3189","景碩","116.00","＋","認購","美式","112年05月05日","112年05月05日","112年11月30日","112年12月04日","0.15","    155.00","","",
="043741","緯創凱基35購01","3.57","＋","3231","緯創","68.00","＋","認購","美式","112年05月05日","112年05月05日","113年05月02日","113年05月06日","0.25","    75.00","","",
="043742","緯創凱基35購02","3.32","＋","3231","緯創","68.00","＋","認購","美式","112年05月05日","112年05月05日","113年05月02日","113年05月06日","0.20","    65.00","","",
="043743","創意凱基31購03","1.40","＋","3443","創意","1,515.00","＋","認購","美式","112年05月05日","112年05月05日","113年01月02日","113年01月04日","0.003","    1,200.00","","",
="043744","創意凱基31購04","1.69","＋","3443","創意","1,515.00","＋","認購","美式","112年05月05日","112年05月05日","113年01月02日","113年01月04日","0.005","    1,500.00","","",
="043745","台耀凱基31購01","0.58","－","4746","台耀","84.00","＋","認購","美式","112年05月05日","112年05月05日","113年01月02日","113年01月04日","0.12","    137.25","","",
="043746","台耀凱基31購02","0.50","","4746","台耀","84.00","＋","認購","美式","112年05月05日","112年05月05日","113年01月02日","113年01月04日","0.06","    109.31","","",
="043747","康舒凱基2C購01","0.89","","6282","康舒","44.05","＋","認購","美式","112年05月05日","112年05月05日","112年11月30日","112年12月04日","0.30","    57.00","","",
="043748","啟碁凱基2B購03","0.29","","6285","啟碁","87.50","＋","認購","美式","112年05月05日","112年05月05日","112年11月02日","112年11月06日","0.20","    130.00","","",
="043749","臺股指凱基2B購35","0.00","","IX0001","臺股指數","16,636.30","","認購","歐式","112年05月05日","112年11月06日","112年11月02日","112年11月06日","0.06","    19,800.00","","",
="04374P","臺股指元大2A售21","0.00","","IX0001","臺股指數","16,636.30","","認售","歐式","111年12月09日","112年10月11日","112年10月05日","112年10月11日","0.002","    11,500.00","","",
="04374U","臺股指元富29售06","0.92","－","IX0001","臺股指數","16,636.30","","認售","歐式","112年02月16日","112年09月15日","112年09月13日","112年09月15日","0.002","    15,500.00","","",
="043750","臺股指凱基31購18","0.00","","IX0001","臺股指數","16,636.30","","認購","歐式","112年05月05日","113年01月04日","113年01月02日","113年01月04日","0.05","    20,200.00","","",
="043751","滬深2X國票2C購03","0.00","",="00637L","元大滬深300正2","13.77","－","認購","美式","112年05月05日","112年05月05日","112年11月30日","112年12月04日","0.60","    16.00","","",
="043752","S&P反1國票2B購01","0.00","",="00648R","元大S&P500反1","6.93","－","認購","美式","112年05月05日","112年05月05日","112年11月02日","112年11月06日","1.00","    6.80","","",
="043753","裕隆國票2C購01","4.66","＋","2201","裕隆","82.80","＋","認購","美式","112年05月05日","112年05月05日","112年11月30日","112年12月04日","1.00","    120.00","","",
="043754","台積電國票2B購06","3.98","","2330","台積電","568.00","＋","認購","美式","112年05月05日","112年05月05日","112年11月02日","112年11月06日","0.08","    560.00","","",
="043755","精英國票2C購01","2.27","＋","2331","精英","28.70","＋","認購","美式","112年05月05日","112年05月05日","112年11月30日","112年12月04日","1.00","    38.00","","",
="043756","宏達電國票2C購02","1.86","","2498","宏達電","61.50","＋","認購","美式","112年05月05日","112年05月05日","112年11月30日","112年12月04日","0.50","    75.00","","",
="043757","長榮國票2C購02","0.00","","2603","長榮","157.00","＋","認購","美式","112年05月05日","112年05月05日","112年11月30日","112年12月04日","0.05","    165.00","","",
="043758","陽明國票2C購01","1.28","","2609","陽明","62.00","＋","認購","美式","112年05月05日","112年05月05日","112年11月30日","112年12月04日","0.45","    75.00","","",
="043759","華航國票2C購01","2.08","＋","2610","華航","21.65","＋","認購","美式","112年05月05日","112年05月05日","112年11月30日","112年12月04日","0.80","    21.50","","",
="04375U","正崴麥證28售02","0.00","","2392","正崴","40.30","＋","認售","歐式","112年02月16日","112年08月15日","112年08月11日","112年08月15日","1.00","    30.00","","",
="043760","雲品國票2C購01","1.45","－","2748","雲品","90.00","－","認購","美式","112年05月05日","112年05月05日","112年11月30日","112年12月04日","0.08","    85.00","","",
="043761","奇鋐國票2C購02","2.56","－","3017","奇鋐","206.00","－","認購","美式","112年05月05日","112年05月05日","112年11月30日","112年12月04日","0.12","    240.00","","",
="043762","欣興國票2C購02","2.33","－","3037","欣興","182.50","－","認購","美式","112年05月05日","112年05月05日","112年11月30日","112年12月04日","0.07","    165.00","","",
="043763","緯創國票2C購02","6.80","＋","3231","緯創","68.00","＋","認購","美式","112年05月05日","112年05月05日","112年11月30日","112年12月04日","1.00","    75.00","","",
="043764","玉晶光國票2C購01","2.21","＋","3406","玉晶光","400.00","＋","認購","美式","112年05月05日","112年05月05日","112年11月30日","112年12月04日","0.035","    375.00","","",
="043765","大眾控國票2C購01","1.64","＋","3701","大眾控","67.10","＋","認購","美式","112年05月05日","112年05月05日","112年11月30日","112年12月04日","0.25","    80.00","","",
="043766","台耀國票2C購01","1.05","－","4746","台耀","84.00","＋","認購","美式","112年05月05日","112年05月05日","112年11月30日","112年12月04日","0.20","    130.00","","",
="043767","邁達特國票2B購01","3.05","＋","6112","邁達特","71.70","＋","認購","美式","112年05月05日","112年05月05日","112年11月02日","112年11月06日","0.20","    65.00","","",
="043768","彩晶國票2C購01","0.00","","6116","彩晶","12.25","＋","認購","美式","112年05月05日","112年05月05日","112年11月30日","112年12月04日","0.80","    14.50","","",
="043769","玉晶光國泰31購01","1.37","＋","3406","玉晶光","400.00","＋","認購","美式","112年05月05日","112年05月05日","113年01月02日","113年01月04日","0.04","    460.00","","",
="04376P","臺股指元大2A售22","0.00","","IX0001","臺股指數","16,636.30","","認售","歐式","111年12月09日","112年10月11日","112年10月05日","112年10月11日","0.001","    13,500.00","","",
="04376U","鴻海凱基28售08","0.46","－","2317","鴻海","105.50","＋","認售","歐式","112年02月16日","112年08月15日","112年08月11日","112年08月15日","0.20","    95.00","","",
="043770","臺指反富邦32購01","0.29","",="00664R","國泰臺灣加權反1","5.58","－","認購","美式","112年05月05日","112年05月05日","113年02月01日","113年02月05日","1.00","    5.80","","",
="043771","中興電富邦34購01","1.13","＋","1513","中興電","113.50","＋","認購","美式","112年05月05日","112年05月05日","113年04月02日","113年04月08日","0.035","    90.00","","",
="043772","華城富邦2B購01","1.35","＋","1519","華城","141.00","＋","認購","美式","112年05月05日","112年05月05日","112年11月02日","112年11月06日","0.04","    120.00","","",
="043773","裕隆富邦33購01","1.14","＋","2201","裕隆","82.80","＋","認購","美式","112年05月05日","112年05月05日","113年02月29日","113年03月04日","0.10","    95.00","","",
="043774","聯發科富邦32購01","1.02","","2454","聯發科","738.00","＋","認購","美式","112年05月05日","112年05月05日","113年02月01日","113年02月05日","0.018","    850.00","","",
="043775","欣興富邦33購01","1.74","－","3037","欣興","182.50","－","認購","美式","112年05月05日","112年05月05日","113年02月29日","113年03月04日","0.045","    170.00","","",
="043776","緯創富邦2C購01","1.88","＋","3231","緯創","68.00","＋","認購","美式","112年05月05日","112年05月05日","112年11月30日","112年12月04日","0.20","    70.00","","",
="043777","日月光富邦31購01","0.81","－","3711","日月光投控","109.00","－","認購","美式","112年05月05日","112年05月05日","113年01月02日","113年01月04日","0.06","    105.00","","",
="043778","香港2X元大2C購01","0.00","",="00650L","復華香港正2（原簡稱：FH香港正2）","11.60","＋","認購","美式","112年05月05日","112年05月05日","112年11月30日","112年12月04日","0.40","    15.00","","",
="043779","臺指反元大35購01","0.00","",="00664R","國泰臺灣加權反1","5.58","－","認購","美式","112年05月05日","112年05月05日","113年05月02日","113年05月06日","1.00","    6.00","","",
="04377U","王品凱基29售02","0.11","－","2727","王品","320.00","－","認售","歐式","112年02月16日","112年09月15日","112年09月13日","112年09月15日","0.045","    180.00","","",
="043780","道瓊反元大31購01","0.00","",="00669R","國泰美國道瓊反1","8.06","－","認購","美式","112年05月05日","112年05月05日","113年01月02日","113年01月04日","1.00","    8.00","","",
="043781","台泥元大2C購03","0.00","","1101","台泥","38.15","＋","認購","美式","112年05月05日","112年05月05日","112年11月30日","112年12月04日","0.766","    47.85","","",
="043782","台泥元大31購01","0.00","","1101","台泥","38.15","＋","認購","美式","112年05月05日","112年05月05日","113年01月02日","113年01月04日","1.00","    55.90","","",
="043783","台泥元大32購01","0.00","","1101","台泥","38.15","＋","認購","美式","112年05月05日","112年05月05日","113年02月01日","113年02月05日","1.00","    59.50","","",
="043784","士電元大2C購05","1.84","＋","1503","士電","143.50","＋","認購","美式","112年05月05日","112年05月05日","112年11月30日","112年12月04日","0.074","    165.50","","",
="043785","中華元大2C購03","3.41","－","2204","中華","91.60","－","認購","美式","112年05月05日","112年05月05日","112年11月30日","112年12月04日","0.317","    95.80","","",
="043786","中華元大31購01","3.08","－","2204","中華","91.60","－","認購","美式","112年05月05日","112年05月05日","113年01月02日","113年01月04日","0.355","    105.00","","",
="043787","台達電元大2C購06","1.19","－","2308","台達電","315.50","－","認購","美式","112年05月05日","112年05月05日","112年11月30日","112年12月04日","0.20","    425.00","","",
="043788","華通元大2C購01","1.68","－","2313","華通","44.30","＋","認購","美式","112年05月05日","112年05月05日","112年11月30日","112年12月04日","0.816","    54.50","","",
="043789","鴻海元大2C購21","0.00","","2317","鴻海","105.50","＋","認購","美式","112年05月05日","112年05月05日","112年11月30日","112年12月04日","0.147","    127.50","","",
="04378P","T50正2元富29售02","0.31","－",="00631L","元大台灣50正2","129.10","＋","認售","歐式","111年12月09日","112年09月08日","112年09月06日","112年09月08日","0.079","    99.00","","",
="04378U","晶豪科凱基28售02","0.00","","3006","晶豪科","88.20","＋","認售","歐式","112年02月16日","112年08月15日","112年08月11日","112年08月15日","0.27","    60.00","","",
="043790","鴻海元大31購02","0.58","＋","2317","鴻海","105.50","＋","認購","美式","112年05月05日","112年05月05日","113年01月02日","113年01月04日","0.38","    153.00","","",
="043791","台積電元大2C購11","0.00","","2330","台積電","568.00","＋","認購","美式","112年05月05日","112年05月05日","112年11月30日","112年12月04日","0.106","    577.00","","",
="043792","台積電元大31購05","0.00","","2330","台積電","568.00","＋","認購","美式","112年05月05日","112年05月05日","113年01月02日","113年01月04日","0.067","    556.00","","",
="043793","台積電元大32購02","3.99","－","2330","台積電","568.00","＋","認購","美式","112年05月05日","112年05月05日","113年02月01日","113年02月05日","0.069","    589.00","","",
="043794","精英元大2B購01","1.94","＋","2331","精英","28.70","＋","認購","美式","112年05月05日","112年05月05日","112年11月02日","112年11月06日","0.436","    27.80","","",
="043795","聯發科元大2C購08","4.05","＋","2454","聯發科","738.00","＋","認購","美式","112年05月05日","112年05月05日","112年11月30日","112年12月04日","0.026","    640.00","","",
="043796","聯發科元大31購04","3.66","＋","2454","聯發科","738.00","＋","認購","美式","112年05月05日","112年05月05日","113年01月02日","113年01月04日","0.04","    789.00","","",
="043797","聯發科元大32購01","3.05","＋","2454","聯發科","738.00","＋","認購","美式","112年05月05日","112年05月05日","113年02月01日","113年02月05日","0.027","    745.00","","",
="043798","長榮元大2C購16","0.00","","2603","長榮","157.00","＋","認購","美式","112年05月05日","112年05月05日","112年11月30日","112年12月04日","0.111","    160.00","","",
="043799","長榮元大31購02","0.00","","2603","長榮","157.00","＋","認購","美式","112年05月05日","112年05月05日","113年01月02日","113年01月04日","0.162","    185.50","","",
="04379U","景碩凱基29售01","0.40","","3189","景碩","116.00","＋","認售","歐式","112年02月16日","112年09月15日","112年09月13日","112年09月15日","0.25","    75.00","","",
="043800","長榮元大32購01","1.82","＋","2603","長榮","157.00","＋","認購","美式","112年05月05日","112年05月05日","113年02月01日","113年02月05日","0.115","    178.50","","",
="043801","台新金元大2B購01","0.00","","2887","台新金","18.40","＋","認購","美式","112年05月05日","112年05月05日","112年11月02日","112年11月06日","0.75","    19.92","","",
="043802","奇鋐元大2C購05","2.12","＋","3017","奇鋐","206.00","－","認購","美式","112年05月05日","112年05月05日","112年11月30日","112年12月04日","0.054","    197.00","","",
="043803","奇鋐元大31購01","2.09","＋","3017","奇鋐","206.00","－","認購","美式","112年05月05日","112年05月05日","113年01月02日","113年01月04日","0.088","    246.00","","",
="043804","耀登元大2B購02","0.00","","3138","耀登","153.00","＋","認購","美式","112年05月05日","112年05月05日","112年11月02日","112年11月06日","0.068","    202.00","","",
="043805","緯創元大2C購12","4.94","＋","3231","緯創","68.00","＋","認購","美式","112年05月05日","112年05月05日","112年11月30日","112年12月04日","0.479","    70.80","","",
="043806","緯創元大31購08","4.97","＋","3231","緯創","68.00","＋","認購","美式","112年05月05日","112年05月05日","113年01月02日","113年01月04日","0.491","    73.70","","",
="043807","三福化元大2B購02","0.00","","4755","三福化","131.00","＋","認購","美式","112年05月05日","112年05月05日","112年11月02日","112年11月06日","0.07","    176.50","","",
="043808","虹堡元大2B購01","1.98","＋","5258","虹堡","91.00","＋","認購","美式","112年05月05日","112年05月05日","112年11月02日","112年11月06日","0.107","    82.40","","",
="043809","中磊元大2B購06","1.19","＋","5388","中磊","93.30","＋","認購","美式","112年05月05日","112年05月05日","112年11月02日","112年11月06日","0.086","    87.90","","",
="04380U","台表科凱基28售01","0.44","","6278","台表科","100.50","＋","認售","歐式","112年02月16日","112年08月15日","112年08月11日","112年08月15日","0.13","    80.00","","",
="043810","邁達特元大2B購01","0.00","","6112","邁達特","71.70","＋","認購","美式","112年05月05日","112年05月05日","112年11月02日","112年11月06日","0.233","    60.95","","",
="043811","緯穎元大2C購07","0.67","－","6669","緯穎","1,205.00","＋","認購","美式","112年05月05日","112年05月05日","112年11月30日","112年12月04日","0.009","    1,750.00","","",
="043812","緯穎元大31購04","0.66","＋","6669","緯穎","1,205.00","＋","認購","美式","112年05月05日","112年05月05日","113年01月02日","113年01月04日","0.008","    1,800.00","","",
="043813","茂順元大2B購01","0.95","－","9942","茂順","155.00","－","認購","美式","112年05月05日","112年05月05日","112年11月02日","112年11月06日","0.05","    171.64","","",
="043814","士電統一35購01","0.84","＋","1503","士電","143.50","＋","認購","美式","112年05月05日","112年05月05日","113年05月02日","113年05月06日","0.015","    139.99","","",
="043815","東元統一33購01","0.92","＋","1504","東元","51.80","＋","認購","美式","112年05月05日","112年05月05日","113年02月29日","113年03月04日","0.088","    55.00","","",
="043816","鴻海統一35購02","0.37","＋","2317","鴻海","105.50","＋","認購","美式","112年05月05日","112年05月05日","113年05月02日","113年05月06日","0.036","    116.66","","",
="043817","鴻海統一35購03","0.58","＋","2317","鴻海","105.50","＋","認購","美式","112年05月05日","112年05月05日","113年05月02日","113年05月06日","0.036","    99.99","","",
="043818","華邦電統一2B購02","0.96","＋","2344","華邦電","26.90","＋","認購","美式","112年05月05日","112年05月05日","112年11月02日","112年11月06日","0.275","    27.10","","",
="043819","台灣50第一28購01","0.00","",="0050","元大台灣50","126.75","＋","認購","美式","110年09月01日","110年09月01日","112年08月29日","112年08月31日","0.022","    156.17","","",
="04381U","啟碁凱基29售03","0.00","","6285","啟碁","87.50","＋","認售","歐式","112年02月16日","112年09月15日","112年09月13日","112年09月15日","0.22","    70.00","","",
="043820","順德統一32購01","0.86","＋","2351","順德","123.00","＋","認購","美式","112年05月05日","112年05月05日","113年02月01日","113年02月05日","0.033","    131.40","","",
="043821","致茂統一32購01","1.27","＋","2360","致茂","226.50","＋","認購","美式","112年05月05日","112年05月05日","113年02月01日","113年02月05日","0.024","    214.40","","",
="043822","長榮統一35購03","0.00","","2603","長榮","157.00","＋","認購","美式","112年05月05日","112年05月05日","113年05月02日","113年05月06日","0.04","    157.70","","",
="043823","陽明統一34購01","0.00","","2609","陽明","62.00","＋","認購","美式","112年05月05日","112年05月05日","113年04月02日","113年04月08日","0.088","    56.66","","",
="043824","玉晶光統一33購02","0.92","＋","3406","玉晶光","400.00","＋","認購","美式","112年05月05日","112年05月05日","113年02月29日","113年03月04日","0.011","    388.88","","",
="043825","創意統一32購03","1.33","","3443","創意","1,515.00","＋","認購","美式","112年05月05日","112年05月05日","113年02月01日","113年02月05日","0.003","    1,415.00","","",
="043826","上証2X群益31購01","1.51","",="00633L","富邦上証正2","35.01","－","認購","美式","112年05月05日","112年05月05日","113年01月02日","113年01月04日","0.45","    41.00","","",
="043827","A50正2群益31購01","0.78","－",="00655L","國泰中國A50正2","24.65","－","認購","美式","112年05月05日","112年05月05日","113年01月02日","113年01月04日","0.30","    27.50","","",
="043828","道瓊反群益31購01","0.00","",="00669R","國泰美國道瓊反1","8.06","－","認購","美式","112年05月05日","112年05月05日","113年01月02日","113年01月04日","1.00","    7.30","","",
="043829","元油反群益31購01","0.00","",="00673R","期元大S&P原油反1(原名：元大S&P原油反1)","9.03","－","認購","美式","112年05月05日","112年05月05日","113年01月02日","113年01月04日","0.50","    9.00","","",
="04382P","臺股指富邦29售01","0.00","","IX0001","臺股指數","16,636.30","","認售","歐式","111年10月17日","112年09月18日","112年09月14日","112年09月18日","0.001","    11,200.00","","",
="04382U","愛普凱基28售02","0.00","","6531","愛普*","328.50","＋","認售","歐式","112年02月16日","112年08月15日","112年08月11日","112年08月15日","0.03","    240.00","","",
="043830","台泥群益2B購02","0.00","","1101","台泥","38.15","＋","認購","美式","112年05月05日","112年05月05日","112年11月02日","112年11月06日","0.75","    46.00","","",
="043831","士電群益31購01","3.60","＋","1503","士電","143.50","＋","認購","美式","112年05月05日","112年05月05日","113年01月02日","113年01月04日","0.15","    165.00","","",
="043832","亞力群益2C購01","1.65","＋","1514","亞力","51.60","＋","認購","美式","112年05月05日","112年05月05日","112年11月30日","112年12月04日","0.45","    80.00","","",
="043833","華新群益2B購02","0.00","","1605","華新","46.60","＋","認購","美式","112年05月05日","112年05月05日","112年11月02日","112年11月06日","0.50","    66.00","","",
="043834","美時群益2B購06","7.60","＋","1795","美時","330.50","＋","認購","美式","112年05月05日","112年05月05日","112年11月02日","112年11月06日","0.125","    317.00","","",
="043835","台達電群益2B購02","1.74","－","2308","台達電","315.50","－","認購","美式","112年05月05日","112年05月05日","112年11月02日","112年11月06日","0.125","    368.00","","",
="043836","鴻海群益2B購05","0.58","","2317","鴻海","105.50","＋","認購","美式","112年05月05日","112年05月05日","112年11月02日","112年11月06日","0.08","    105.00","","",
="043837","宏碁群益2B購01","0.84","－","2353","宏碁","31.05","＋","認購","美式","112年05月05日","112年05月05日","112年11月02日","112年11月06日","1.00","    40.00","","",
="043838","萬海群益2B購01","0.73","＋","2615","萬海","60.00","＋","認購","美式","112年05月05日","112年05月05日","112年11月02日","112年11月06日","0.26","    74.80","","",
="043839","慧洋群益2B購02","0.63","","2637","慧洋-KY","60.30","＋","認購","美式","112年05月05日","112年05月05日","112年11月02日","112年11月06日","0.28","    66.63","","",
="04383U","臺股指凱基29售34","0.00","","IX0001","臺股指數","16,636.30","","認售","歐式","112年02月16日","112年09月15日","112年09月13日","112年09月15日","0.003","    13,600.00","","",
="043840","大立光群益2B購02","2.53","＋","3008","大立光","2,305.00","＋","認購","美式","112年05月05日","112年05月05日","112年11月02日","112年11月06日","0.02","    2,753.00","","",
="043841","奇鋐群益2B購03","4.78","－","3017","奇鋐","206.00","－","認購","美式","112年05月05日","112年05月05日","112年11月02日","112年11月06日","0.16","    230.00","","",
="043842","零壹群益2B購01","1.76","＋","3029","零壹","67.30","＋","認購","美式","112年05月05日","112年05月05日","112年11月02日","112年11月06日","0.25","    74.80","","",
="043843","聯詠群益2B購02","0.00","","3034","聯詠","423.50","＋","認購","美式","112年05月05日","112年05月05日","112年11月02日","112年11月06日","0.05","    600.00","","",
="043844","智原群益2C購03","2.58","＋","3035","智原","173.50","＋","認購","美式","112年05月05日","112年05月05日","112年11月30日","112年12月04日","0.10","    176.00","","",
="043845","欣興群益2C購02","2.23","－","3037","欣興","182.50","－","認購","美式","112年05月05日","112年05月05日","112年11月30日","112年12月04日","0.07","    177.77","","",
="043846","緯創群益2B購01","9.90","＋","3231","緯創","68.00","＋","認購","美式","112年05月05日","112年05月05日","112年11月02日","112年11月06日","0.85","    70.00","","",
="043847","貿聯群益2B購01","1.85","＋","3665","貿聯-KY","270.50","＋","認購","美式","112年05月05日","112年05月05日","112年11月02日","112年11月06日","0.08","    288.80","","",
="043848","永崴控群益31購01","0.40","","3712","永崴投控","37.10","＋","認購","美式","112年05月05日","112年05月05日","113年01月02日","113年01月04日","0.30","    60.00","","",
="043849","台耀群益2B購01","0.48","","4746","台耀","84.00","＋","認購","美式","112年05月05日","112年05月05日","112年11月02日","112年11月06日","0.10","    118.00","","",
="04384P","智原元富26售01","0.00","","3035","智原","173.50","＋","認售","歐式","111年12月09日","112年06月08日","112年06月06日","112年06月08日","0.07","    160.00","","",
="04384U","臺股指凱基2A售24","0.00","","IX0001","臺股指數","16,636.30","","認售","歐式","112年02月16日","112年10月16日","112年10月12日","112年10月16日","0.002","    14,700.00","","",
="043850","上品群益2B購02","2.41","＋","4770","上品","297.00","＋","認購","美式","112年05月05日","112年05月05日","112年11月02日","112年11月06日","0.11","    400.00","","",
="043851","臻鼎群益2B購02","0.75","＋","4958","臻鼎-KY","114.50","＋","認購","美式","112年05月05日","112年05月05日","112年11月02日","112年11月06日","0.12","    128.80","","",
="043852","邁達特群益2B購02","0.00","","6112","邁達特","71.70","＋","認購","美式","112年05月05日","112年05月05日","112年11月02日","112年11月06日","0.38","    68.00","","",
="043853","邁達特群益2B購03","0.00","","6112","邁達特","71.70","＋","認購","美式","112年05月05日","112年05月05日","112年11月02日","112年11月06日","0.50","    77.00","","",
="043854","GIS群益2B購01","0.85","＋","6456","GIS-KY","75.40","＋","認購","美式","112年05月05日","112年05月05日","112年11月02日","112年11月06日","0.367","    94.21","","",
="043855","南電群益2B購01","1.34","","8046","南電","302.50","－","認購","美式","112年05月05日","112年05月05日","112年11月02日","112年11月06日","0.04","    320.00","","",
="043856","聯發科第一37購01","1.02","＋","2454","聯發科","738.00","＋","認購","美式","112年05月08日","112年05月08日","113年07月04日","113年07月08日","0.007","    795.73","","",
="043857","視陽中信2C購01","0.00","","6782","視陽","230.00","＋","認購","歐式","112年05月08日","112年12月07日","112年12月05日","112年12月07日","0.018","    438.00","","",
="043858","士電康和2B購01","1.36","＋","1503","士電","143.50","＋","認購","美式","112年05月08日","112年05月08日","112年11月03日","112年11月07日","0.05","    138.00","","",
="043859","東元康和2B購01","2.10","＋","1504","東元","51.80","＋","認購","美式","112年05月08日","112年05月08日","112年11月03日","112年11月07日","0.50","    63.00","","",
="04385P","台灣50麥證26售05","0.00","",="0050","元大台灣50","126.75","＋","認售","歐式","111年12月09日","112年06月08日","112年06月06日","112年06月08日","1.023","    73.35","","",
="04385U","臺股指凱基2A售25","0.83","","IX0001","臺股指數","16,636.30","","認售","歐式","112年02月16日","112年10月16日","112年10月12日","112年10月16日","0.002","    15,000.00","","",
="043860","奇鋐康和2C購03","2.27","－","3017","奇鋐","206.00","－","認購","美式","112年05月08日","112年05月08日","112年12月05日","112年12月07日","0.10","    240.00","","",
="043861","康舒康和2B購01","1.10","","6282","康舒","44.05","＋","認購","美式","112年05月08日","112年05月08日","112年11月03日","112年11月07日","0.30","    51.00","","",
="043862","華城永豐33購01","2.23","＋","1519","華城","141.00","＋","認購","美式","112年05月08日","112年05月08日","113年03月05日","113年03月07日","0.049","    114.08","","",
="043863","萬海永豐2C購01","1.17","＋","2615","萬海","60.00","＋","認購","美式","112年05月08日","112年05月08日","112年12月05日","112年12月07日","0.52","    78.94","","",
="043864","晶豪科永豐2C購01","2.31","＋","3006","晶豪科","88.20","＋","認購","美式","112年05月08日","112年05月08日","112年12月05日","112年12月07日","0.141","    84.28","","",
="043865","全訊永豐32購01","0.35","＋","5222","全訊","198.00","＋","認購","美式","112年05月08日","112年05月08日","113年02月02日","113年02月15日","0.013","    294.97","","",
="043866","美時兆豐31購01","1.56","＋","1795","美時","330.50","＋","認購","美式","112年05月08日","112年05月08日","113年01月04日","113年01月08日","0.033","    368.00","","",
="043867","彩晶兆豐2C購01","0.86","＋","6116","彩晶","12.25","＋","認購","美式","112年05月08日","112年05月08日","112年12月05日","112年12月07日","1.00","    14.98","","",
="043868","東元元富2B購01","2.83","＋","1504","東元","51.80","＋","認購","美式","112年05月08日","112年05月08日","112年11月03日","112年11月07日","0.30","    48.00","","",
="043869","華城元富32購01","4.30","＋","1519","華城","141.00","＋","認購","美式","112年05月08日","112年05月08日","113年02月02日","113年02月15日","0.13","    140.00","","",
="04386U","臺股指凱基2B售16","0.60","－","IX0001","臺股指數","16,636.30","","認售","歐式","112年02月16日","112年11月15日","112年11月13日","112年11月15日","0.002","    14,500.00","","",
="043870","緯穎元富2C購02","6.05","＋","6669","緯穎","1,205.00","＋","認購","美式","112年05月08日","112年05月08日","112年12月05日","112年12月07日","0.079","    1,750.00","","",
="043871","士電統一33購03","1.06","＋","1503","士電","143.50","＋","認購","美式","112年05月08日","112年05月08日","113年03月05日","113年03月07日","0.025","    136.20","","",
="043872","士電統一33購04","1.37","＋","1503","士電","143.50","＋","認購","美式","112年05月08日","112年05月08日","113年03月05日","113年03月07日","0.035","    136.20","","",
="043873","士電統一34購02","1.24","＋","1503","士電","143.50","＋","認購","美式","112年05月08日","112年05月08日","113年04月02日","113年04月08日","0.028","    132.00","","",
="043874","東元統一31購02","1.17","＋","1504","東元","51.80","＋","認購","美式","112年05月08日","112年05月08日","113年01月04日","113年01月08日","0.11","    50.70","","",
="043875","東元統一33購02","0.95","＋","1504","東元","51.80","＋","認購","美式","112年05月08日","112年05月08日","113年03月05日","113年03月07日","0.07","    50.00","","",
="043876","華城統一33購03","1.85","＋","1519","華城","141.00","＋","認購","美式","112年05月08日","112年05月08日","113年03月05日","113年03月07日","0.035","    111.11","","",
="043877","長榮統一2C購08","0.61","＋","2603","長榮","157.00","＋","認購","美式","112年05月08日","112年05月08日","112年12月05日","112年12月07日","0.042","    175.00","","",
="043878","長榮統一2C購09","0.00","","2603","長榮","157.00","＋","認購","美式","112年05月08日","112年05月08日","112年12月05日","112年12月07日","0.026","    147.77","","",
="043879","長榮統一2C購10","0.69","＋","2603","長榮","157.00","＋","認購","美式","112年05月08日","112年05月08日","112年12月05日","112年12月07日","0.022","    138.88","","",
="04387P","瑞昱麥證26售01","0.00","","2379","瑞昱","388.00","＋","認售","歐式","111年12月09日","112年06月08日","112年06月06日","112年06月08日","0.05","    275.00","","",
="04387U","香港2X元大28售02","0.00","",="00650L","FH香港正2","11.60","＋","認售","歐式","112年02月16日","112年08月15日","112年08月11日","112年08月15日","0.50","    14.00","","",
="043880","長榮統一33購06","1.08","＋","2603","長榮","157.00","＋","認購","美式","112年05月08日","112年05月08日","113年03月05日","113年03月07日","0.03","    145.00","","",
="043881","萬海統一31購03","0.72","＋","2615","萬海","60.00","＋","認購","美式","112年05月08日","112年05月08日","113年01月04日","113年01月08日","0.10","    65.10","","",
="043882","大立光統一31購02","1.08","","3008","大立光","2,305.00","＋","認購","美式","112年05月08日","112年05月08日","113年01月04日","113年01月08日","0.002","    1,888.88","","",
="043883","大眾控統一33購01","0.71","＋","3701","大眾控","67.10","＋","認購","美式","112年05月08日","112年05月08日","113年03月05日","113年03月07日","0.052","    75.30","","",
="043884","致伸統一33購01","0.70","","4915","致伸","64.40","＋","認購","美式","112年05月08日","112年05月08日","113年03月05日","113年03月07日","0.068","    75.00","","",
="043885","亞翔統一34購01","1.57","＋","6139","亞翔","63.80","－","認購","美式","112年05月08日","112年05月08日","113年04月02日","113年04月08日","0.068","    60.66","","",
="043886","S&P反1凱基35購01","0.00","",="00648R","元大S&P500反1","6.93","－","認購","美式","112年05月08日","112年05月08日","113年05月03日","113年05月07日","0.66","    6.80","","",
="043887","台泥凱基2C購03","0.00","","1101","台泥","38.15","＋","認購","美式","112年05月08日","112年05月08日","112年12月05日","112年12月07日","1.00","    52.00","","",
="043888","台泥凱基31購02","0.00","","1101","台泥","38.15","＋","認購","美式","112年05月08日","112年05月08日","113年01月04日","113年01月08日","1.00","    58.00","","",
="043889","中興電凱基2B購03","0.82","＋","1513","中興電","113.50","＋","認購","美式","112年05月08日","112年05月08日","112年11月03日","112年11月07日","0.08","    132.00","","",
="04388P","T50正2群益26售01","0.00","",="00631L","元大台灣50正2","129.10","＋","認售","歐式","111年12月09日","112年06月08日","112年06月06日","112年06月08日","0.30","    95.00","","",
="04388U","聚陽元大28售04","0.00","","1477","聚陽","219.00","＋","認售","歐式","112年02月16日","112年08月15日","112年08月11日","112年08月15日","0.113","    161.88","","",
="043890","華新凱基2B購06","0.00","","1605","華新","46.60","＋","認購","美式","112年05月08日","112年05月08日","112年11月03日","112年11月07日","0.50","    61.00","","",
="043891","大亞凱基31購01","1.95","＋","1609","大亞","31.00","＋","認購","美式","112年05月08日","112年05月08日","113年01月04日","113年01月08日","0.50","    34.00","","",
="043892","美時凱基35購01","0.00","","1795","美時","330.50","＋","認購","美式","112年05月08日","112年05月08日","113年05月03日","113年05月07日","0.035","    400.00","","",
="043893","裕隆凱基2B購07","1.93","","2201","裕隆","82.80","＋","認購","美式","112年05月08日","112年05月08日","112年11月03日","112年11月07日","0.50","    105.00","","",
="043894","鴻海凱基2B購12","0.62","＋","2317","鴻海","105.50","＋","認購","美式","112年05月08日","112年05月08日","112年11月03日","112年11月07日","0.20","    126.00","","",
="043895","鴻海凱基35購01","0.72","","2317","鴻海","105.50","＋","認購","美式","112年05月08日","112年05月08日","113年05月03日","113年05月07日","0.30","    158.00","","",
="043896","廣宇凱基2B購02","1.35","＋","2328","廣宇","39.40","＋","認購","美式","112年05月08日","112年05月08日","112年11月03日","112年11月07日","1.00","    50.00","","",
="043897","廣宇凱基2B購03","1.02","","2328","廣宇","39.40","＋","認購","美式","112年05月08日","112年05月08日","112年11月03日","112年11月07日","0.40","    45.00","","",
="043898","台積電凱基2B購11","0.00","","2330","台積電","568.00","＋","認購","美式","112年05月08日","112年05月08日","112年11月03日","112年11月07日","0.04","    500.00","","",
="043899","興勤凱基2C購01","0.00","","2428","興勤","156.50","＋","認購","美式","112年05月08日","112年05月08日","112年12月05日","112年12月07日","0.07","    186.60","","",
="04389U","長榮航元大28售10","0.56","－","2618","長榮航","33.60","＋","認售","歐式","112年02月16日","112年08月15日","112年08月11日","112年08月15日","0.756","    26.50","","",
="043900","興勤凱基31購01","0.72","","2428","興勤","156.50","＋","認購","美式","112年05月08日","112年05月08日","113年01月04日","113年01月08日","0.10","    229.50","","",
="043901","聯發科凱基31購02","3.41","＋","2454","聯發科","738.00","＋","認購","美式","112年05月08日","112年05月08日","113年01月04日","113年01月08日","0.033","    730.00","","",
="043902","奇鋐凱基2B購03","2.89","－","3017","奇鋐","206.00","－","認購","美式","112年05月08日","112年05月08日","112年11月03日","112年11月07日","0.06","    170.00","","",
="043903","奇鋐凱基2B購04","3.74","＋","3017","奇鋐","206.00","－","認購","美式","112年05月08日","112年05月08日","112年11月03日","112年11月07日","0.15","    220.00","","",
="043904","零壹凱基2B購02","2.35","＋","3029","零壹","67.30","＋","認購","美式","112年05月08日","112年05月08日","112年11月03日","112年11月07日","0.20","    63.00","","",
="043905","緯創凱基2B購13","5.30","＋","3231","緯創","68.00","＋","認購","美式","112年05月08日","112年05月08日","112年11月03日","112年11月07日","0.38","    60.00","","",
="043906","緯創凱基2B購14","4.78","＋","3231","緯創","68.00","＋","認購","美式","112年05月08日","112年05月08日","112年11月03日","112年11月07日","0.28","    55.00","","",
="043907","緯創凱基31購03","6.05","＋","3231","緯創","68.00","＋","認購","美式","112年05月08日","112年05月08日","113年01月04日","113年01月08日","0.42","    63.00","","",
="043908","緯創凱基31購04","5.05","","3231","緯創","68.00","＋","認購","美式","112年05月08日","112年05月08日","113年01月04日","113年01月08日","0.32","    58.00","","",
="043909","創意凱基31購05","2.97","＋","3443","創意","1,515.00","＋","認購","美式","112年05月08日","112年05月08日","113年01月04日","113年01月08日","0.01","    1,620.00","","",
="04390P","大立光群益26售03","0.00","","3008","大立光","2,305.00","＋","認售","歐式","111年12月09日","112年06月08日","112年06月06日","112年06月08日","0.013","    1,850.48","","",
="04390U","世芯元大28售06","0.14","－","3661","世芯-KY","1,660.00","＋","認售","歐式","112年02月16日","112年08月15日","112年08月11日","112年08月15日","0.011","    880.00","","",
="043910","創意凱基31購06","2.70","＋","3443","創意","1,515.00","＋","認購","美式","112年05月08日","112年05月08日","113年01月04日","113年01月08日","0.008","    1,470.00","","",
="043911","全訊凱基31購01","0.39","＋","5222","全訊","198.00","＋","認購","美式","112年05月08日","112年05月08日","113年01月04日","113年01月08日","0.032","    320.00","","",
="043912","乙盛凱基2C購01","3.06","－","5243","乙盛-KY","83.70","＋","認購","美式","112年05月08日","112年05月08日","112年12月05日","112年12月07日","0.189","    73.00","","",
="043913","中磊凱基31購01","1.40","＋","5388","中磊","93.30","＋","認購","美式","112年05月08日","112年05月08日","113年01月04日","113年01月08日","0.084","    85.00","","",
="043914","士電麥證2B購01","2.52","＋","1503","士電","143.50","＋","認購","歐式","112年05月08日","112年11月07日","112年11月03日","112年11月07日","0.125","    160.00","","",
="043915","和大麥證2B購01","1.29","＋","1536","和大","71.40","＋","認購","歐式","112年05月08日","112年11月07日","112年11月03日","112年11月07日","0.20","    77.00","","",
="043916","寶成麥證2B購01","1.35","＋","9904","寶成","32.05","－","認購","歐式","112年05月08日","112年11月07日","112年11月03日","112年11月07日","0.50","    33.88","","",
="043917","臺股指麥證2B購04","7.15","＋","IX0001","臺股指數","16,636.30","","認購","歐式","112年05月08日","112年11月07日","112年11月03日","112年11月07日","0.015","    16,888.00","","",
="043918","臺股指麥證31購07","0.00","","IX0001","臺股指數","16,636.30","","認購","歐式","112年05月08日","113年01月08日","113年01月04日","113年01月08日","0.003","    15,500.00","","",
="043919","臺股指麥證35購01","0.00","","IX0001","臺股指數","16,636.30","","認購","歐式","112年05月08日","113年05月07日","113年05月03日","113年05月07日","0.015","    18,888.00","","",
="04391P","AES群益26售02","0.00","","6781","AES-KY","690.00","＋","認售","歐式","111年12月09日","112年06月08日","112年06月06日","112年06月08日","0.025","    600.00","","",
="04391U","穎崴元大28售05","0.07","－","6515","穎崴","830.00","－","認售","歐式","112年02月16日","112年08月15日","112年08月11日","112年08月15日","0.016","    447.10","","",
="043920","東元群益2B購02","3.03","＋","1504","東元","51.80","＋","認購","美式","112年05月08日","112年05月08日","112年11月03日","112年11月07日","0.333","    47.00","","",
="043921","東元群益2C購01","3.51","＋","1504","東元","51.80","＋","認購","美式","112年05月08日","112年05月08日","112年12月05日","112年12月07日","0.444","    53.00","","",
="043922","東元群益31購01","3.77","＋","1504","東元","51.80","＋","認購","美式","112年05月08日","112年05月08日","113年01月04日","113年01月08日","0.555","    60.00","","",
="043923","永冠群益31購02","0.92","－","1589","永冠-KY","71.60","－","認購","美式","112年05月08日","112年05月08日","113年01月04日","113年01月08日","0.45","    123.50","","",
="043924","華新群益2B購03","0.58","","1605","華新","46.60","＋","認購","美式","112年05月08日","112年05月08日","112年11月03日","112年11月07日","0.60","    68.00","","",
="043925","美時群益32購01","5.10","＋","1795","美時","330.50","＋","認購","美式","112年05月08日","112年05月08日","113年02月02日","113年02月15日","0.117","    408.50","","",
="043926","中華群益2B購01","6.85","－","2204","中華","91.60","－","認購","美式","112年05月08日","112年05月08日","112年11月03日","112年11月07日","0.60","    100.00","","",
="043927","華通群益2B購01","1.17","","2313","華通","44.30","＋","認購","美式","112年05月08日","112年05月08日","112年11月03日","112年11月07日","0.30","    45.00","","",
="043928","國巨群益2B購02","3.07","＋","2327","國巨","508.00","＋","認購","美式","112年05月08日","112年05月08日","112年11月03日","112年11月07日","0.045","    500.00","","",
="043929","廣宇群益2B購01","1.81","＋","2328","廣宇","39.40","＋","認購","美式","112年05月08日","112年05月08日","112年11月03日","112年11月07日","0.858","    47.65","","",
="04392U","緯穎元大28售05","0.00","","6669","緯穎","1,205.00","＋","認售","歐式","112年02月16日","112年08月15日","112年08月11日","112年08月15日","0.238","    412.50","","",
="043930","智邦群益2C購01","5.75","＋","2345","智邦","357.50","＋","認購","美式","112年05月08日","112年05月08日","112年12月05日","112年12月07日","0.15","    442.50","","",
="043931","威盛群益2B購02","3.24","＋","2388","威盛","83.10","＋","認購","美式","112年05月08日","112年05月08日","112年11月03日","112年11月07日","0.208","    75.40","","",
="043932","益航群益2C購02","1.26","－","2601","益航","9.02","＋","認購","美式","112年05月08日","112年05月08日","112年12月05日","112年12月07日","0.85","    9.50","","",
="043933","長榮群益2B購06","1.76","＋","2603","長榮","157.00","＋","認購","美式","112年05月08日","112年05月08日","112年11月03日","112年11月07日","0.12","    163.00","","",
="043934","長榮群益2B購07","0.00","","2603","長榮","157.00","＋","認購","美式","112年05月08日","112年05月08日","112年11月03日","112年11月07日","0.12","    181.00","","",
="043935","神基群益2B購01","3.80","＋","3005","神基","69.40","＋","認購","美式","112年05月08日","112年05月08日","112年11月03日","112年11月07日","0.85","    88.00","","",
="043936","華晶科群益2B購01","1.46","＋","3059","華晶科","34.60","＋","認購","美式","112年05月08日","112年05月08日","112年11月03日","112年11月07日","0.50","    38.80","","",
="043937","緯創群益31購01","0.00","","3231","緯創","68.00","＋","認購","美式","112年05月08日","112年05月08日","113年01月04日","113年01月08日","0.50","    72.00","","",
="043938","富采群益2B購02","0.00","","3714","富采","49.90","＋","認購","美式","112年05月08日","112年05月08日","112年11月03日","112年11月07日","0.35","    54.80","","",
="043939","全訊群益33購01","1.35","＋","5222","全訊","198.00","＋","認購","美式","112年05月08日","112年05月08日","113年03月05日","113年03月07日","0.08","    327.50","","",
="04393P","臺指2X國票28售01","0.00","",="00663L","國泰臺灣加權正2","119.40","＋","認售","歐式","111年12月12日","112年08月11日","112年08月09日","112年08月11日","0.11","    75.00","","",
="04393U","東哥元大28售03","0.00","","8478","東哥遊艇","520.00","＋","認售","歐式","112年02月16日","112年08月15日","112年08月11日","112年08月15日","0.042","    236.50","","",
="043940","富邦媒群益2C購01","0.00","","8454","富邦媒","703.00","＋","認購","美式","112年05月08日","112年05月08日","112年12月05日","112年12月07日","0.005","    820.00","","",
="043941","臺股指群益2B購18","0.00","","IX0001","臺股指數","16,636.30","","認購","歐式","112年05月08日","112年11月07日","112年11月03日","112年11月07日","0.015","    16,800.00","","",
="043942","臺股指群益2B購19","3.15","","IX0001","臺股指數","16,636.30","","認購","歐式","112年05月08日","112年11月07日","112年11月03日","112年11月07日","0.065","    19,900.00","","",
="043943","臺股指群益31購03","0.00","","IX0001","臺股指數","16,636.30","","認購","歐式","112年05月08日","113年01月08日","113年01月04日","113年01月08日","0.055","    20,200.00","","",
="043944","滬深2X元大31購02","0.61","－",="00637L","元大滬深300正2","13.77","－","認購","美式","112年05月08日","112年05月08日","113年01月04日","113年01月08日","0.50","    16.50","","",
="043945","華城元大2C購02","2.06","＋","1519","華城","141.00","＋","認購","美式","112年05月08日","112年05月08日","112年12月05日","112年12月07日","0.044","    115.00","","",
="043946","生達元大2B購03","0.00","","1720","生達","70.80","＋","認購","美式","112年05月08日","112年05月08日","112年11月03日","112年11月07日","0.176","    91.70","","",
="043947","美時元大32購01","3.11","－","1795","美時","330.50","＋","認購","美式","112年05月08日","112年05月08日","113年02月02日","113年02月15日","0.065","    405.00","","",
="043948","光寶科元大2C購03","2.82","＋","2301","光寶科","86.40","＋","認購","美式","112年05月08日","112年05月08日","112年12月05日","112年12月07日","0.262","    82.80","","",
="043949","鴻海元大2B購25","0.00","","2317","鴻海","105.50","＋","認購","美式","112年05月08日","112年05月08日","112年11月03日","112年11月07日","0.09","    115.00","","",
="04394U","台積電群益29售10","0.00","","2330","台積電","568.00","＋","認售","歐式","112年02月16日","112年09月15日","112年09月13日","112年09月15日","0.352","    397.85","","",
="043950","鴻海元大2C購22","0.00","","2317","鴻海","105.50","＋","認購","美式","112年05月08日","112年05月08日","112年12月05日","112年12月07日","0.125","    125.00","","",
="043951","鴻海元大31購03","0.54","＋","2317","鴻海","105.50","＋","認購","美式","112年05月08日","112年05月08日","113年01月04日","113年01月08日","0.17","    135.00","","",
="043952","廣宇元大2B購01","1.77","＋","2328","廣宇","39.40","＋","認購","美式","112年05月08日","112年05月08日","112年11月03日","112年11月07日","0.671","    45.00","","",
="043953","台積電元大2C購12","0.00","","2330","台積電","568.00","＋","認購","美式","112年05月08日","112年05月08日","112年12月05日","112年12月07日","0.078","    540.00","","",
="043954","台積電元大31購06","4.96","－","2330","台積電","568.00","＋","認購","美式","112年05月08日","112年05月08日","113年01月04日","113年01月08日","0.071","    560.00","","",
="043955","台積電元大32購03","4.30","＋","2330","台積電","568.00","＋","認購","美式","112年05月08日","112年05月08日","113年02月02日","113年02月15日","0.053","    553.00","","",
="043956","華邦電元大2C購02","1.58","","2344","華邦電","26.90","＋","認購","美式","112年05月08日","112年05月08日","112年12月05日","112年12月07日","0.577","    30.10","","",
="043957","宏碁元大2B購02","0.74","＋","2353","宏碁","31.05","＋","認購","美式","112年05月08日","112年05月08日","112年11月03日","112年11月07日","1.00","    39.75","","",
="043958","聯發科元大2C購09","2.95","＋","2454","聯發科","738.00","＋","認購","美式","112年05月08日","112年05月08日","112年12月05日","112年12月07日","0.026","    714.00","","",
="043959","八方元大2B購02","0.00","","2753","八方雲集","167.00","","認購","美式","112年05月08日","112年05月08日","112年11月03日","112年11月07日","0.048","    190.00","","",
="04395U","台積電群益29售11","1.03","","2330","台積電","568.00","＋","認售","歐式","112年02月16日","112年09月15日","112年09月13日","112年09月15日","0.101","    472.44","","",
="043960","奇鋐元大2C購06","2.03","＋","3017","奇鋐","206.00","－","認購","美式","112年05月08日","112年05月08日","112年12月05日","112年12月07日","0.085","    238.00","","",
="043961","聯合再元大2B購02","0.86","＋","3576","聯合再生","20.30","＋","認購","美式","112年05月08日","112年05月08日","112年11月03日","112年11月07日","0.402","    20.85","","",
="043962","三福化元大2B購03","0.52","－","4755","三福化","131.00","＋","認購","美式","112年05月08日","112年05月08日","112年11月03日","112年11月07日","0.063","    169.50","","",
="043963","正文元大2B購01","1.01","＋","4906","正文","31.40","＋","認購","美式","112年05月08日","112年05月08日","112年11月03日","112年11月07日","0.704","    36.60","","",
="043964","天鈺元大2C購02","0.00","","4961","天鈺","154.00","＋","認購","美式","112年05月08日","112年05月08日","112年12月05日","112年12月07日","0.07","    216.50","","",
="043965","全訊元大31購01","0.41","","5222","全訊","198.00","＋","認購","美式","112年05月08日","112年05月08日","113年01月04日","113年01月08日","0.03","    300.00","","",
="043966","南電元大2C購09","2.39","－","8046","南電","302.50","－","認購","美式","112年05月08日","112年05月08日","112年12月05日","112年12月07日","0.052","    310.50","","",
="043967","茂順元大2B購02","0.97","－","9942","茂順","155.00","－","認購","美式","112年05月08日","112年05月08日","112年11月03日","112年11月07日","0.033","    144.50","","",
="043968","FBNQ2X國票2C購01","3.51","＋",="00670L","富邦NASDAQ正2","78.90","＋","認購","美式","112年05月08日","112年05月08日","112年12月05日","112年12月07日","0.20","    70.00","","",
="043969","FBNQ2X國票31購01","3.86","＋",="00670L","富邦NASDAQ正2","78.90","＋","認購","美式","112年05月08日","112年05月08日","113年01月04日","113年01月08日","0.50","    99.00","","",
="04396P","第一銅國票27售01","0.00","","2009","第一銅","32.10","＋","認售","歐式","111年12月12日","112年07月11日","112年07月07日","112年07月11日","1.00","    18.00","","",
="04396U","台積電群益2A售05","1.34","－","2330","台積電","568.00","＋","認售","歐式","112年02月16日","112年10月16日","112年10月12日","112年10月16日","0.151","    447.58","","",
="043970","元日2X國票32購01","0.84","－",="00706L","期元大S&P日圓正2(原名：元大S&P日圓正2)","8.72","－","認購","美式","112年05月08日","112年05月08日","113年02月02日","113年02月15日","1.00","    8.80","","",
="043971","美費半國票2B購01","0.00","",="00830","國泰費城半導體","31.65","＋","認購","美式","112年05月08日","112年05月08日","112年11月03日","112年11月07日","0.65","    27.00","","",
="043972","美費半國票31購01","3.05","＋",="00830","國泰費城半導體","31.65","＋","認購","美式","112年05月08日","112年05月08日","113年01月04日","113年01月08日","1.00","    33.00","","",
="043973","士電國票2B購03","2.07","＋","1503","士電","143.50","＋","認購","美式","112年05月08日","112年05月08日","112年11月03日","112年11月07日","0.13","    170.00","","",
="043974","中興電國票2C購01","2.45","＋","1513","中興電","113.50","＋","認購","美式","112年05月08日","112年05月08日","112年12月05日","112年12月07日","0.366","    158.00","","",
="043975","萬海國票2C購01","1.13","","2615","萬海","60.00","＋","認購","美式","112年05月08日","112年05月08日","112年12月05日","112年12月07日","0.20","    65.00","","",
="043976","神基國票2C購01","2.21","＋","3005","神基","69.40","＋","認購","美式","112年05月08日","112年05月08日","112年12月05日","112年12月07日","0.50","    80.00","","",
="043977","零壹國票2C購02","2.13","＋","3029","零壹","67.30","＋","認購","美式","112年05月08日","112年05月08日","112年12月05日","112年12月07日","0.40","    85.00","","",
="043978","瑞鼎國票2C購02","1.17","","3592","瑞鼎","348.00","＋","認購","美式","112年05月08日","112年05月08日","112年12月05日","112年12月07日","0.09","    560.00","","",
="043979","永崴控國票2C購01","0.00","","3712","永崴投控","37.10","＋","認購","美式","112年05月08日","112年05月08日","112年12月05日","112年12月07日","0.80","    60.00","","",
="04397P","晶心科國票26售02","0.00","","6533","晶心科","511.00","＋","認售","歐式","111年10月18日","112年06月19日","112年06月15日","112年06月19日","0.025","    240.00","","",
="04397U","AES群益2B售01","0.00","","6781","AES-KY","690.00","＋","認售","歐式","112年02月16日","112年11月15日","112年11月13日","112年11月15日","0.02","    660.00","","",
="043980","拓凱國票2C購01","0.00","","4536","拓凱","196.50","＋","認購","美式","112年05月08日","112年05月08日","112年12月05日","112年12月07日","0.037","    210.00","","",
="043981","致伸國票2C購01","1.64","","4915","致伸","64.40","＋","認購","美式","112年05月08日","112年05月08日","112年12月05日","112年12月07日","0.40","    75.00","","",
="043982","元晶國票2C購03","0.85","","6443","元晶","36.20","＋","認購","美式","112年05月08日","112年05月08日","112年12月05日","112年12月07日","0.195","    38.00","","",
="043983","晶心科國票2B購02","2.54","","6533","晶心科","511.00","＋","認購","美式","112年05月08日","112年05月08日","112年11月03日","112年11月07日","0.024","    450.00","","",
="043984","威鋒電國票2B購01","0.00","","6756","威鋒電子","223.00","＋","認購","美式","112年05月08日","112年05月08日","112年11月03日","112年11月07日","0.055","    225.00","","",
="043985","AES國票2C購02","1.37","＋","6781","AES-KY","690.00","＋","認購","美式","112年05月08日","112年05月08日","112年12月05日","112年12月07日","0.012","    670.00","","",
="043986","采鈺國票2B購01","1.25","＋","6789","采鈺","224.00","＋","認購","美式","112年05月08日","112年05月08日","112年11月03日","112年11月07日","0.06","    250.00","","",
="043987","茂順國票2C購01","1.17","－","9942","茂順","155.00","－","認購","美式","112年05月08日","112年05月08日","112年12月05日","112年12月07日","0.12","    220.00","","",
="043988","元債2X國泰31購01","0.00","",="00680L","元大美債20正2","10.96","＋","認購","美式","112年05月08日","112年05月08日","113年01月04日","113年01月08日","1.00","    13.50","","",
="043989","台泥國泰31購01","1.11","＋","1101","台泥","38.15","＋","認購","美式","112年05月08日","112年05月08日","113年01月04日","113年01月08日","0.70","    44.50","","",
="04398P","裕隆康和28售01","0.00","","2201","裕隆","82.80","＋","認售","歐式","111年12月12日","112年08月11日","112年08月09日","112年08月11日","0.27","    45.00","","",
="04398U","台灣50國票29售04","0.46","－",="0050","元大台灣50","126.75","＋","認售","歐式","112年02月17日","112年09月18日","112年09月14日","112年09月18日","0.50","    111.25","","",
="043990","香港2X富邦33購01","0.69","＋",="00650L","復華香港正2（原簡稱：FH香港正2）","11.60","＋","認購","美式","112年05月08日","112年05月08日","113年03月05日","113年03月07日","0.60","    14.00","","",
="043991","士電富邦2C購02","1.44","＋","1503","士電","143.50","＋","認購","美式","112年05月08日","112年05月08日","112年12月05日","112年12月07日","0.06","    150.00","","",
="043992","東元富邦2C購02","1.20","＋","1504","東元","51.80","＋","認購","美式","112年05月08日","112年05月08日","112年12月05日","112年12月07日","0.20","    60.00","","",
="043993","裕隆富邦33購02","1.36","＋","2201","裕隆","82.80","＋","認購","美式","112年05月08日","112年05月08日","113年03月05日","113年03月07日","0.12","    105.00","","",
="043994","聯發科富邦33購01","1.47","","2454","聯發科","738.00","＋","認購","美式","112年05月08日","112年05月08日","113年03月05日","113年03月07日","0.02","    850.00","","",
="043995","宏達電富邦31購01","0.96","＋","2498","宏達電","61.50","＋","認購","美式","112年05月08日","112年05月08日","113年01月04日","113年01月08日","0.09","    60.00","","",
="043996","陽明富邦33購01","0.70","＋","2609","陽明","62.00","＋","認購","美式","112年05月08日","112年05月08日","113年03月05日","113年03月07日","0.08","    61.50","","",
="043997","神基富邦31購01","1.43","＋","3005","神基","69.40","＋","認購","美式","112年05月08日","112年05月08日","113年01月04日","113年01月08日","0.13","    65.00","","",
="043998","奇鋐富邦2C購02","1.56","－","3017","奇鋐","206.00","－","認購","美式","112年05月08日","112年05月08日","112年12月05日","112年12月07日","0.05","    220.00","","",
="043999","緯穎富邦2B購01","0.46","＋","6669","緯穎","1,205.00","＋","認購","美式","112年05月08日","112年05月08日","112年11月03日","112年11月07日","0.003","    1,300.00","","",
="04399P","南電元富26售03","0.00","","8046","南電","302.50","－","認售","歐式","111年12月12日","112年06月12日","112年06月08日","112年06月12日","0.05","    280.00","","",
="04399U","台灣50國票2A售01","0.00","",="0050","元大台灣50","126.75","＋","認售","歐式","112年02月17日","112年10月16日","112年10月12日","112年10月16日","0.30","    118.75","","",
="044000","華通法興2B購01","1.14","－","2313","華通","44.30","＋","認購","歐式","112年05月08日","112年11月07日","112年11月03日","112年11月07日","0.70","    55.00","","",
="044001","鴻海法興2B購01","0.83","＋","2317","鴻海","105.50","＋","認購","歐式","112年05月08日","112年11月07日","112年11月03日","112年11月07日","0.30","    118.00","","",
="044002","台積電法興2B購01","0.00","","2330","台積電","568.00","＋","認購","歐式","112年05月08日","112年11月07日","112年11月03日","112年11月07日","0.05","    525.00","","",
="044003","台積電法興2B購02","0.00","","2330","台積電","568.00","＋","認購","歐式","112年05月08日","112年11月07日","112年11月03日","112年11月07日","0.10","    600.00","","",
="044004","技嘉法興2B購01","4.50","－","2376","技嘉","186.00","＋","認購","歐式","112年05月08日","112年11月07日","112年11月03日","112年11月07日","0.20","    190.00","","",
="044005","友達法興2B購02","1.17","＋","2409","友達","17.65","＋","認購","歐式","112年05月08日","112年11月07日","112年11月03日","112年11月07日","0.80","    19.00","","",
="044006","聯發科法興2B購01","2.27","＋","2454","聯發科","738.00","＋","認購","歐式","112年05月08日","112年11月07日","112年11月03日","112年11月07日","0.03","    760.00","","",
="044007","欣興法興2B購01","0.00","","3037","欣興","182.50","－","認購","歐式","112年05月08日","112年11月07日","112年11月03日","112年11月07日","0.10","    190.00","","",
="044008","萬海兆豐31購01","0.89","＋","2615","萬海","60.00","＋","認購","美式","112年05月09日","112年05月09日","113年01月04日","113年01月08日","0.15","    66.00","","",
="044009","富邦金兆豐31購01","0.94","＋","2881","富邦金","61.10","＋","認購","美式","112年05月09日","112年05月09日","113年01月04日","113年01月08日","0.30","    70.00","","",
="04400P","萬海麥證26售02","0.00","","2615","萬海","60.00","＋","認售","歐式","111年12月12日","112年06月12日","112年06月08日","112年06月12日","0.50","    50.00","","",
="04400U","台積電國票28售08","0.00","","2330","台積電","568.00","＋","認售","歐式","112年02月17日","112年08月16日","112年08月14日","112年08月16日","0.101","    447.58","","",
="044010","奇鋐兆豐31購02","1.66","－","3017","奇鋐","206.00","－","認購","美式","112年05月09日","112年05月09日","113年01月04日","113年01月08日","0.043","    200.00","","",
="044011","同欣電兆豐2B購01","1.81","＋","6271","同欣電","179.50","＋","認購","美式","112年05月09日","112年05月09日","112年11月06日","112年11月08日","0.13","    208.00","","",
="044012","奇鋐中信2C購01","1.04","－","3017","奇鋐","206.00","－","認購","歐式","112年05月09日","112年12月08日","112年12月06日","112年12月08日","0.035","    255.00","","",
="044013","萬海康和2B購01","1.08","＋","2615","萬海","60.00","＋","認購","美式","112年05月09日","112年05月09日","112年11月06日","112年11月08日","0.15","    60.00","","",
="044014","欣興康和2B購03","3.06","－","3037","欣興","182.50","－","認購","美式","112年05月09日","112年05月09日","112年11月06日","112年11月08日","0.12","    178.80","","",
="044015","技嘉永豐2C購01","2.54","＋","2376","技嘉","186.00","＋","認購","美式","112年05月09日","112年05月09日","112年12月06日","112年12月08日","0.058","    156.40","","",
="044016","長榮永豐2C購01","1.09","＋","2603","長榮","157.00","＋","認購","美式","112年05月09日","112年05月09日","112年12月06日","112年12月08日","0.07","    166.38","","",
="044017","景碩永豐31購01","0.87","＋","3189","景碩","116.00","＋","認購","美式","112年05月09日","112年05月09日","113年01月04日","113年01月08日","0.057","    121.28","","",
="044018","台郡永豐2C購01","0.91","＋","6269","台郡","99.00","＋","認購","美式","112年05月09日","112年05月09日","112年12月06日","112年12月08日","0.094","    107.99","","",
="044019","威鋒電永豐2B購01","1.46","＋","6756","威鋒電子","223.00","＋","認購","美式","112年05月09日","112年05月09日","112年11月06日","112年11月08日","0.058","    233.24","","",
="04401P","晶心科國票27售01","0.00","","6533","晶心科","511.00","＋","認售","歐式","111年10月18日","112年07月17日","112年07月13日","112年07月17日","0.03","    200.00","","",
="04401U","台積電國票2A售03","1.16","","2330","台積電","568.00","＋","認售","歐式","112年02月17日","112年10月16日","112年10月12日","112年10月16日","0.04","    527.15","","",
="044020","聯電第一35購01","0.92","＋","2303","聯電","51.20","＋","認購","美式","112年05月09日","112年05月09日","113年05月06日","113年05月08日","0.111","    55.78","","",
="044021","A50正2凱基2C購03","0.00","",="00655L","國泰中國A50正2","24.65","－","認購","美式","112年05月09日","112年05月09日","112年12月06日","112年12月08日","0.447","    33.00","","",
="044022","美債2X凱基2C購01","0.00","",="00688L","國泰20年美債正2","10.74","＋","認購","美式","112年05月09日","112年05月09日","112年12月06日","112年12月08日","1.00","    13.00","","",
="044023","美債2X凱基31購01","0.00","",="00688L","國泰20年美債正2","10.74","＋","認購","美式","112年05月09日","112年05月09日","113年01月04日","113年01月08日","1.00","    14.00","","",
="044024","美債2X凱基32購01","0.53","＋",="00688L","國泰20年美債正2","10.74","＋","認購","美式","112年05月09日","112年05月09日","113年02月02日","113年02月15日","1.00","    15.00","","",
="044025","元日2X凱基33購02","0.40","－",="00706L","期元大S&P日圓正2(原名：元大S&P日圓正2)","8.72","－","認購","美式","112年05月09日","112年05月09日","113年03月06日","113年03月08日","1.00","    10.50","","",
="044026","台泥凱基2C購04","0.00","","1101","台泥","38.15","＋","認購","美式","112年05月09日","112年05月09日","112年12月06日","112年12月08日","0.65","    44.00","","",
="044027","永冠凱基32購01","0.00","","1589","永冠-KY","71.60","－","認購","美式","112年05月09日","112年05月09日","113年02月02日","113年02月15日","0.218","    120.00","","",
="044028","美時凱基31購01","0.00","","1795","美時","330.50","＋","認購","美式","112年05月09日","112年05月09日","113年01月04日","113年01月08日","0.035","    300.00","","",
="044029","晶華凱基2C購02","0.00","","2707","晶華","288.00","＋","認購","美式","112年05月09日","112年05月09日","112年12月06日","112年12月08日","0.06","    315.00","","",
="04402U","聯發科國票28售05","1.17","－","2454","聯發科","738.00","＋","認售","歐式","112年02月17日","112年08月16日","112年08月14日","112年08月16日","0.025","    730.00","","",
="044030","奇鋐凱基31購01","2.78","－","3017","奇鋐","206.00","－","認購","美式","112年05月09日","112年05月09日","113年01月04日","113年01月08日","0.15","    260.00","","",
="044031","威強電凱基2C購01","2.16","＋","3022","威強電","91.20","＋","認購","美式","112年05月09日","112年05月09日","112年12月06日","112年12月08日","0.18","    96.00","","",
="044032","零壹凱基2B購03","1.93","＋","3029","零壹","67.30","＋","認購","美式","112年05月09日","112年05月09日","112年11月06日","112年11月08日","0.20","    68.00","","",
="044033","耀登凱基2C購01","0.82","","3138","耀登","153.00","＋","認購","美式","112年05月09日","112年05月09日","112年12月06日","112年12月08日","0.12","    225.00","","",
="044034","世芯凱基33購01","2.00","＋","3661","世芯-KY","1,660.00","＋","認購","美式","112年05月09日","112年05月09日","113年03月06日","113年03月08日","0.004","    1,450.00","","",
="044035","永崴控凱基2B購02","0.69","","3712","永崴投控","37.10","＋","認購","美式","112年05月09日","112年05月09日","112年11月06日","112年11月08日","0.25","    45.00","","",
="044036","永崴控凱基2C購01","0.00","","3712","永崴投控","37.10","＋","認購","美式","112年05月09日","112年05月09日","112年12月06日","112年12月08日","0.40","    55.00","","",
="044037","永崴控凱基31購01","0.00","","3712","永崴投控","37.10","＋","認購","美式","112年05月09日","112年05月09日","113年01月04日","113年01月08日","0.50","    60.00","","",
="044038","正文凱基31購01","1.56","","4906","正文","31.40","＋","認購","美式","112年05月09日","112年05月09日","113年01月04日","113年01月08日","1.00","    38.00","","",
="044039","邁達特凱基2C購01","1.98","＋","6112","邁達特","71.70","＋","認購","美式","112年05月09日","112年05月09日","112年12月06日","112年12月08日","0.10","    58.00","","",
="04403U","聯發科國票28售06","0.00","","2454","聯發科","738.00","＋","認售","歐式","112年02月17日","112年08月16日","112年08月14日","112年08月16日","0.05","    625.00","","",
="044040","邁達特凱基31購01","2.15","＋","6112","邁達特","71.70","＋","認購","美式","112年05月09日","112年05月09日","113年01月04日","113年01月08日","0.15","    75.00","","",
="044041","迅得凱基31購01","0.71","","6438","迅得","113.50","＋","認購","美式","112年05月09日","112年05月09日","113年01月04日","113年01月08日","0.11","    150.00","","",
="044042","迅得凱基31購02","0.00","","6438","迅得","113.50","＋","認購","美式","112年05月09日","112年05月09日","113年01月04日","113年01月08日","0.16","    172.00","","",
="044043","威鋒電凱基2B購01","1.05","","6756","威鋒電子","223.00","＋","認購","美式","112年05月09日","112年05月09日","112年11月06日","112年11月08日","0.09","    275.00","","",
="044044","視陽凱基2C購02","0.43","","6782","視陽","230.00","＋","認購","美式","112年05月09日","112年05月09日","112年12月06日","112年12月08日","0.07","    430.00","","",
="044045","長榮統一2C購11","0.00","","2603","長榮","157.00","＋","認購","美式","112年05月09日","112年05月09日","112年12月06日","112年12月08日","0.022","    123.45","","",
="044046","長榮統一31購04","0.84","","2603","長榮","157.00","＋","認購","美式","112年05月09日","112年05月09日","113年01月04日","113年01月08日","0.025","    136.66","","",
="044047","長榮統一33購07","0.00","","2603","長榮","157.00","＋","認購","美式","112年05月09日","112年05月09日","113年03月06日","113年03月08日","0.033","    156.66","","",
="044048","萬海統一2C購05","0.70","＋","2615","萬海","60.00","＋","認購","美式","112年05月09日","112年05月09日","112年12月06日","112年12月08日","0.088","    58.88","","",
="044049","晶華統一34購01","0.73","＋","2707","晶華","288.00","＋","認購","美式","112年05月09日","112年05月09日","113年04月02日","113年04月08日","0.015","    376.66","","",
="04404U","晶華國票29售01","0.00","","2707","晶華","288.00","＋","認售","歐式","112年02月17日","112年09月18日","112年09月14日","112年09月18日","0.328","    140.00","","",
="044050","奇鋐統一34購04","0.94","－","3017","奇鋐","206.00","－","認購","美式","112年05月09日","112年05月09日","113年04月02日","113年04月08日","0.017","    213.80","","",
="044051","南電統一2C購04","0.86","－","8046","南電","302.50","－","認購","美式","112年05月09日","112年05月09日","112年12月06日","112年12月08日","0.018","    301.68","","",
="044052","台泥元富2B購01","0.00","","1101","台泥","38.15","＋","認購","美式","112年05月09日","112年05月09日","112年11月06日","112年11月08日","1.00","    47.40","","",
="044053","中鋼元富2B購01","2.02","－","2002","中鋼","29.05","－","認購","美式","112年05月09日","112年05月09日","112年11月06日","112年11月08日","1.00","    30.00","","",
="044054","長榮元富2B購02","5.75","＋","2603","長榮","157.00","＋","認購","美式","112年05月09日","112年05月09日","112年11月06日","112年11月08日","1.00","    210.00","","",
="044055","晶華元富2B購01","0.00","","2707","晶華","288.00","＋","認購","美式","112年05月09日","112年05月09日","112年11月06日","112年11月08日","0.23","    340.00","","",
="044056","奇鋐元富31購04","1.14","＋","3017","奇鋐","206.00","－","認購","美式","112年05月09日","112年05月09日","113年01月04日","113年01月08日","0.025","    195.00","","",
="044057","奇鋐元富31購05","3.02","－","3017","奇鋐","206.00","－","認購","美式","112年05月09日","112年05月09日","113年01月04日","113年01月08日","0.15","    260.00","","",
="044058","中信金麥證2B購01","1.67","＋","2891","中信金","24.40","＋","認購","歐式","112年05月09日","112年11月08日","112年11月06日","112年11月08日","1.00","    24.88","","",
="044059","士電元大2C購06","0.00","","1503","士電","143.50","＋","認購","美式","112年05月09日","112年05月09日","112年12月06日","112年12月08日","0.035","    117.00","","",
="04405U","臺股指國票28售13","0.00","","IX0001","臺股指數","16,636.30","","認售","歐式","112年02月17日","112年08月16日","112年08月14日","112年08月16日","0.004","    14,000.00","","",
="044060","士電元大31購01","0.00","","1503","士電","143.50","＋","認購","美式","112年05月09日","112年05月09日","113年01月04日","113年01月08日","0.039","    132.00","","",
="044061","士電元大35購01","1.55","＋","1503","士電","143.50","＋","認購","美式","112年05月09日","112年05月09日","113年05月06日","113年05月08日","0.038","    155.00","","",
="044062","東元元大2C購04","2.05","","1504","東元","51.80","＋","認購","美式","112年05月09日","112年05月09日","112年12月06日","112年12月08日","0.262","    53.30","","",
="044063","生達元大2B購04","0.00","","1720","生達","70.80","＋","認購","美式","112年05月09日","112年05月09日","112年11月06日","112年11月08日","0.338","    110.00","","",
="044064","美時元大2C購06","3.20","＋","1795","美時","330.50","＋","認購","美式","112年05月09日","112年05月09日","112年12月06日","112年12月08日","0.056","    355.00","","",
="044065","光寶科元大2B購01","2.64","＋","2301","光寶科","86.40","＋","認購","美式","112年05月09日","112年05月09日","112年11月06日","112年11月08日","0.392","    90.00","","",
="044066","台達電元大2C購07","2.09","＋","2308","台達電","315.50","－","認購","美式","112年05月09日","112年05月09日","112年12月06日","112年12月08日","0.272","    413.00","","",
="044067","鴻海元大2C購24","0.00","","2317","鴻海","105.50","＋","認購","美式","112年05月09日","112年05月09日","112年12月06日","112年12月08日","0.085","    112.00","","",
="044068","鴻海元大31購04","0.66","","2317","鴻海","105.50","＋","認購","美式","112年05月09日","112年05月09日","113年01月04日","113年01月08日","0.105","    122.00","","",
="044069","鴻海元大35購01","0.77","","2317","鴻海","105.50","＋","認購","美式","112年05月09日","112年05月09日","113年05月06日","113年05月08日","0.11","    129.50","","",
="04406P","大立光中信26售02","0.00","","3008","大立光","2,305.00","＋","認售","歐式","111年10月18日","112年06月19日","112年06月15日","112年06月19日","0.012","    1,164.39","","",
="04406U","臺股指國票29售07","0.39","－","IX0001","臺股指數","16,636.30","","認售","歐式","112年02月17日","112年09月18日","112年09月14日","112年09月18日","0.003","    14,400.00","","",
="044070","台積電元大2C購13","0.00","","2330","台積電","568.00","＋","認購","美式","112年05月09日","112年05月09日","112年12月06日","112年12月08日","0.054","    498.00","","",
="044071","台積電元大31購07","0.00","","2330","台積電","568.00","＋","認購","美式","112年05月09日","112年05月09日","113年01月04日","113年01月08日","0.048","    511.00","","",
="044072","台積電元大35購01","3.87","＋","2330","台積電","568.00","＋","認購","美式","112年05月09日","112年05月09日","113年05月06日","113年05月08日","0.042","    547.00","","",
="044073","精英元大2B購02","1.26","＋","2331","精英","28.70","＋","認購","美式","112年05月09日","112年05月09日","112年11月06日","112年11月08日","1.00","    39.00","","",
="044074","英業達元大2B購02","0.00","","2356","英業達","37.50","＋","認購","美式","112年05月09日","112年05月09日","112年11月06日","112年11月08日","0.579","    37.50","","",
="044075","聯發科元大2C購10","4.13","＋","2454","聯發科","738.00","＋","認購","美式","112年05月09日","112年05月09日","112年12月06日","112年12月08日","0.035","    708.00","","",
="044076","聯發科元大31購05","3.33","＋","2454","聯發科","738.00","＋","認購","美式","112年05月09日","112年05月09日","113年01月04日","113年01月08日","0.04","    814.00","","",
="044077","台新金元大2B購02","0.00","","2887","台新金","18.40","＋","認購","美式","112年05月09日","112年05月09日","112年11月06日","112年11月08日","0.60","    19.00","","",
="044078","大立光元大2C購02","0.00","","3008","大立光","2,305.00","＋","認購","美式","112年05月09日","112年05月09日","112年12月06日","112年12月08日","0.004","    2,030.00","","",
="044079","大立光元大31購02","1.40","","3008","大立光","2,305.00","＋","認購","美式","112年05月09日","112年05月09日","113年01月04日","113年01月08日","0.005","    2,340.00","","",
="04407P","T50反1國泰2A售01","0.00","",="00632R","元大台灣50反1","4.94","－","認售","歐式","111年10月18日","112年10月17日","112年10月13日","112年10月17日","1.00","    6.10","","",
="04407U","臺股指國票29售08","0.41","","IX0001","臺股指數","16,636.30","","認售","歐式","112年02月17日","112年09月18日","112年09月14日","112年09月18日","0.002","    14,900.00","","",
="044080","大立光元大35購01","1.88","＋","3008","大立光","2,305.00","＋","認購","美式","112年05月09日","112年05月09日","113年05月06日","113年05月08日","0.005","    2,365.00","","",
="044081","奇鋐元大2C購07","1.81","＋","3017","奇鋐","206.00","－","認購","美式","112年05月09日","112年05月09日","112年12月06日","112年12月08日","0.051","    205.00","","",
="044082","奇鋐元大31購02","1.74","－","3017","奇鋐","206.00","－","認購","美式","112年05月09日","112年05月09日","113年01月04日","113年01月08日","0.081","    254.50","","",
="044083","奇鋐元大35購01","1.76","－","3017","奇鋐","206.00","－","認購","美式","112年05月09日","112年05月09日","113年05月06日","113年05月08日","0.062","    262.50","","",
="044084","緯創元大2C購13","4.49","＋","3231","緯創","68.00","＋","認購","美式","112年05月09日","112年05月09日","112年12月06日","112年12月08日","0.268","    58.30","","",
="044085","玉晶光元大2C購01","2.12","＋","3406","玉晶光","400.00","＋","認購","美式","112年05月09日","112年05月09日","112年12月06日","112年12月08日","0.043","    414.50","","",
="044086","聯合再元大2B購03","0.85","","3576","聯合再生","20.30","＋","認購","美式","112年05月09日","112年05月09日","112年11月06日","112年11月08日","0.48","    22.40","","",
="044087","世芯元大2C購07","2.18","＋","3661","世芯-KY","1,660.00","＋","認購","美式","112年05月09日","112年05月09日","112年12月06日","112年12月08日","0.005","    1,640.00","","",
="044088","上緯控元大2B購01","0.00","","3708","上緯投控","96.50","－","認購","美式","112年05月09日","112年05月09日","112年11月06日","112年11月08日","0.062","    115.00","","",
="044089","台耀元大2B購01","0.40","－","4746","台耀","84.00","＋","認購","美式","112年05月09日","112年05月09日","112年11月06日","112年11月08日","0.073","    120.00","","",
="04408P","國巨中信26售02","0.00","","2327","國巨","508.00","＋","認售","歐式","111年12月12日","112年06月12日","112年06月08日","112年06月12日","0.026","    400.00","","",
="04408U","電子類國票28售01","0.54","－","IX0027","電子類","797.58","","認售","歐式","112年02月17日","112年08月16日","112年08月14日","112年08月16日","0.04","    710.00","","",
="044090","邁達特元大2B購02","0.00","","6112","邁達特","71.70","＋","認購","美式","112年05月09日","112年05月09日","112年11月06日","112年11月08日","0.20","    55.00","","",
="044091","啟碁元大2B購05","0.00","","6285","啟碁","87.50","＋","認購","美式","112年05月09日","112年05月09日","112年11月06日","112年11月08日","0.09","    110.00","","",
="044092","元晶元大2C購01","1.38","＋","6443","元晶","36.20","＋","認購","美式","112年05月09日","112年05月09日","112年12月06日","112年12月08日","0.316","    39.00","","",
="044093","晶心科元大2C購02","2.54","＋","6533","晶心科","511.00","＋","認購","美式","112年05月09日","112年05月09日","112年12月06日","112年12月08日","0.02","    435.00","","",
="044094","緯穎元大2C購08","0.00","","6669","緯穎","1,205.00","＋","認購","美式","112年05月09日","112年05月09日","112年12月06日","112年12月08日","0.006","    1,465.00","","",
="044095","鴻海第一29購01","0.22","＋","2317","鴻海","105.50","＋","認購","美式","110年09月03日","110年09月03日","112年08月31日","112年09月04日","0.021","    116.11","","",
="044096","富邦金第一29購01","0.00","","2881","富邦金","61.10","＋","認購","美式","110年09月03日","110年09月03日","112年08月31日","112年09月04日","0.031","    82.43","","",
="044097","國泰金第一29購01","0.00","","2882","國泰金","44.75","＋","認購","美式","110年09月03日","110年09月03日","112年08月31日","112年09月04日","0.06","    65.45","","",
="044098","寶成元大2B購01","0.00","","9904","寶成","32.05","－","認購","美式","112年05月09日","112年05月09日","112年11月06日","112年11月08日","0.62","    36.71","","",
="044099","臺股指元大2C購34","4.07","＋","IX0001","臺股指數","16,636.30","","認購","歐式","112年05月09日","112年12月08日","112年12月06日","112年12月08日","0.02","    18,400.00","","",
="04409P","台積電國泰28售02","0.00","","2330","台積電","568.00","＋","認售","歐式","111年12月12日","112年08月11日","112年08月09日","112年08月11日","0.162","    395.57","","",
="04409U","電子類國票28售02","0.00","","IX0027","電子類","797.58","","認售","歐式","112年02月17日","112年08月16日","112年08月14日","112年08月16日","0.05","    690.00","","",
="044100","臺股指元大2C購35","3.48","＋","IX0001","臺股指數","16,636.30","","認購","歐式","112年05月09日","112年12月08日","112年12月06日","112年12月08日","0.004","    16,200.00","","",
="044101","臺股指元大2C購36","0.00","","IX0001","臺股指數","16,636.30","","認購","歐式","112年05月09日","112年12月08日","112年12月06日","112年12月08日","0.002","    15,200.00","","",
="044102","臺股指元大31購27","0.00","","IX0001","臺股指數","16,636.30","","認購","歐式","112年05月09日","113年01月08日","113年01月04日","113年01月08日","0.004","    16,600.00","","",
="044103","臺股指元大31購28","2.31","＋","IX0001","臺股指數","16,636.30","","認購","歐式","112年05月09日","113年01月08日","113年01月04日","113年01月08日","0.002","    15,800.00","","",
="044104","道瓊反國票32購01","0.00","",="00669R","國泰美國道瓊反1","8.06","－","認購","美式","112年05月09日","112年05月09日","113年02月02日","113年02月15日","0.966","    7.60","","",
="044105","美時國票2C購02","3.13","－","1795","美時","330.50","＋","認購","美式","112年05月09日","112年05月09日","112年12月06日","112年12月08日","0.10","    418.50","","",
="044106","第一銅國票2C購01","0.00","","2009","第一銅","32.10","＋","認購","美式","112年05月09日","112年05月09日","112年12月06日","112年12月08日","0.50","    40.00","","",
="044107","南亞科國票2C購02","2.40","－","2408","南亞科","71.20","－","認購","美式","112年05月09日","112年05月09日","112年12月06日","112年12月08日","0.40","    80.00","","",
="044108","創意國票2C購01","3.26","＋","3443","創意","1,515.00","＋","認購","美式","112年05月09日","112年05月09日","112年12月06日","112年12月08日","0.008","    1,260.00","","",
="044109","群創國票2B購06","0.98","＋","3481","群創","14.10","＋","認購","美式","112年05月09日","112年05月09日","112年11月06日","112年11月08日","0.55","    13.50","","",
="04410P","華新凱基26售05","0.00","","1605","華新","46.60","＋","認售","歐式","111年12月12日","112年06月12日","112年06月08日","112年06月12日","0.80","    35.00","","",
="04410U","電子類國票28售03","0.00","","IX0027","電子類","797.58","","認售","歐式","112年02月17日","112年08月16日","112年08月14日","112年08月16日","0.05","    670.00","","",
="044110","士電國泰31購01","3.03","＋","1503","士電","143.50","＋","認購","美式","112年05月09日","112年05月09日","113年01月04日","113年01月08日","0.14","    156.78","","",
="044111","聯電國泰31購01","2.46","＋","2303","聯電","51.20","＋","認購","美式","112年05月09日","112年05月09日","113年01月04日","113年01月08日","0.80","    57.27","","",
="044112","聯電國泰31購02","1.64","＋","2303","聯電","51.20","＋","認購","美式","112年05月09日","112年05月09日","113年01月04日","113年01月08日","0.60","    58.76","","",
="044113","建準國泰33購01","4.08","＋","2421","建準","89.00","＋","認購","美式","112年05月09日","112年05月09日","113年03月06日","113年03月08日","0.21","    79.75","","",
="044114","長榮國泰31購01","1.08","＋","2603","長榮","157.00","＋","認購","美式","112年05月09日","112年05月09日","113年01月04日","113年01月08日","0.10","    181.50","","",
="044115","長榮國泰33購01","1.21","＋","2603","長榮","157.00","＋","認購","美式","112年05月09日","112年05月09日","113年03月06日","113年03月08日","0.10","    184.53","","",
="044116","長榮國泰33購02","1.40","＋","2603","長榮","157.00","＋","認購","美式","112年05月09日","112年05月09日","113年03月06日","113年03月08日","0.10","    178.48","","",
="044117","智原國泰31購01","1.06","＋","3035","智原","173.50","＋","認購","美式","112年05月09日","112年05月09日","113年01月04日","113年01月08日","0.08","    223.41","","",
="044118","欣興國泰31購01","2.10","－","3037","欣興","182.50","－","認購","美式","112年05月09日","112年05月09日","113年01月04日","113年01月08日","0.10","    197.51","","",
="044119","力智國泰31購01","0.88","＋","6719","力智","303.00","＋","認購","美式","112年05月09日","112年05月09日","113年01月04日","113年01月08日","0.05","    409.70","","",
="04411P","陽明國泰26售04","0.00","","2609","陽明","62.00","＋","認售","歐式","111年10月18日","112年06月19日","112年06月15日","112年06月19日","0.30","    54.00","","",
="04411U","電子類國票28售04","0.00","","IX0027","電子類","797.58","","認售","歐式","112年02月17日","112年08月16日","112年08月14日","112年08月16日","0.05","    640.00","","",
="044120","臺指反富邦33購01","0.36","－",="00664R","國泰臺灣加權反1","5.58","－","認購","美式","112年05月09日","112年05月09日","113年03月06日","113年03月08日","1.00","    5.60","","",
="044121","華夏富邦31購01","0.71","","1305","華夏","23.85","－","認購","美式","112年05月09日","112年05月09日","113年01月04日","113年01月08日","0.22","    25.50","","",
="044122","台積電富邦31購02","1.40","＋","2330","台積電","568.00","＋","認購","美式","112年05月09日","112年05月09日","113年01月04日","113年01月08日","0.04","    600.00","","",
="044123","南亞科富邦2B購02","1.28","＋","2408","南亞科","71.20","－","認購","美式","112年05月09日","112年05月09日","112年11月06日","112年11月08日","0.20","    80.00","","",
="044124","萬海富邦2C購04","0.99","＋","2615","萬海","60.00","＋","認購","美式","112年05月09日","112年05月09日","112年12月06日","112年12月08日","0.20","    70.00","","",
="044125","矽創富邦2C購01","0.98","＋","8016","矽創","225.50","＋","認購","美式","112年05月09日","112年05月09日","112年12月06日","112年12月08日","0.04","    250.00","","",
="044126","元石油群益2B購02","1.38","＋",="00642U","期元大S&P石油(原名：元大S&P石油)","15.46","＋","認購","美式","112年05月09日","112年05月09日","112年11月06日","112年11月08日","0.60","    15.00","","",
="044127","中興電群益2B購04","1.31","＋","1513","中興電","113.50","＋","認購","美式","112年05月09日","112年05月09日","112年11月06日","112年11月08日","0.25","    158.00","","",
="044128","華城群益2B購01","4.30","＋","1519","華城","141.00","＋","認購","美式","112年05月09日","112年05月09日","112年11月06日","112年11月08日","0.10","    122.00","","",
="044129","華新群益2C購01","1.40","＋","1605","華新","46.60","＋","認購","美式","112年05月09日","112年05月09日","112年12月06日","112年12月08日","1.00","    75.00","","",
="04412P","創意國泰26售01","0.00","","3443","創意","1,515.00","＋","認售","歐式","111年10月18日","112年06月19日","112年06月15日","112年06月19日","0.02","    374.00","","",
="04412U","金融類國票28售03","0.00","","IX0039","金融類","1,620.43","","認售","歐式","112年02月17日","112年08月16日","112年08月14日","112年08月16日","0.025","    1,475.00","","",
="044130","大亞群益31購01","2.19","","1609","大亞","31.00","＋","認購","美式","112年05月09日","112年05月09日","113年01月04日","113年01月08日","0.90","    46.50","","",
="044131","聯電群益2C購01","0.97","＋","2303","聯電","51.20","＋","認購","美式","112年05月09日","112年05月09日","112年12月06日","112年12月08日","1.00","    72.50","","",
="044132","台積電群益2B購06","0.00","","2330","台積電","568.00","＋","認購","美式","112年05月09日","112年05月09日","112年11月06日","112年11月08日","0.05","    506.00","","",
="044133","台積電群益2B購07","0.00","","2330","台積電","568.00","＋","認購","美式","112年05月09日","112年05月09日","112年11月06日","112年11月08日","0.11","    581.00","","",
="044134","台積電群益31購02","3.17","","2330","台積電","568.00","＋","認購","美式","112年05月09日","112年05月09日","113年01月04日","113年01月08日","0.15","    691.00","","",
="044135","致茂群益2B購01","1.97","＋","2360","致茂","226.50","＋","認購","美式","112年05月09日","112年05月09日","112年11月06日","112年11月08日","0.08","    250.00","","",
="044136","華新科群益2B購02","1.06","＋","2492","華新科","101.00","＋","認購","美式","112年05月09日","112年05月09日","112年11月06日","112年11月08日","0.10","    108.80","","",
="044137","宏達電群益2B購05","2.13","＋","2498","宏達電","61.50","＋","認購","美式","112年05月09日","112年05月09日","112年11月06日","112年11月08日","0.35","    65.00","","",
="044138","長榮群益2B購08","1.52","＋","2603","長榮","157.00","＋","認購","美式","112年05月09日","112年05月09日","112年11月06日","112年11月08日","0.08","    154.00","","",
="044139","晶華群益2C購02","2.41","","2707","晶華","288.00","＋","認購","美式","112年05月09日","112年05月09日","112年12月06日","112年12月08日","0.08","    318.00","","",
="04413P","中鋼凱基27售01","0.00","","2002","中鋼","29.05","－","認售","歐式","111年12月12日","112年07月11日","112年07月07日","112年07月11日","1.00","    25.00","","",
="04413U","金融類國票28售04","0.00","","IX0039","金融類","1,620.43","","認售","歐式","112年02月17日","112年08月16日","112年08月14日","112年08月16日","0.03","    1,400.00","","",
="044140","八方群益31購01","0.90","＋","2753","八方雲集","167.00","","認購","美式","112年05月09日","112年05月09日","113年01月04日","113年01月08日","0.111","    270.00","","",
="044141","晶豪科群益2C購01","3.02","＋","3006","晶豪科","88.20","＋","認購","美式","112年05月09日","112年05月09日","112年12月06日","112年12月08日","0.20","    105.00","","",
="044142","奇鋐群益2C購01","4.30","－","3017","奇鋐","206.00","－","認購","美式","112年05月09日","112年05月09日","112年12月06日","112年12月08日","0.15","    260.00","","",
="044143","景碩群益2C購01","1.47","－","3189","景碩","116.00","＋","認購","美式","112年05月09日","112年05月09日","112年12月06日","112年12月08日","0.19","    160.00","","",
="044144","創意群益2B購04","3.60","＋","3443","創意","1,515.00","＋","認購","美式","112年05月09日","112年05月09日","112年11月06日","112年11月08日","0.01","    1,388.00","","",
="044145","創意群益2C購02","4.83","＋","3443","創意","1,515.00","＋","認購","美式","112年05月09日","112年05月09日","112年12月06日","112年12月08日","0.016","    1,618.00","","",
="044146","嘉澤群益2C購01","0.74","－","3533","嘉澤","909.00","－","認購","美式","112年05月09日","112年05月09日","112年12月06日","112年12月08日","0.025","    1,358.00","","",
="044147","健策群益2B購02","3.56","＋","3653","健策","616.00","＋","認購","美式","112年05月09日","112年05月09日","112年11月06日","112年11月08日","0.035","    580.00","","",
="044148","TPK群益2C購01","0.00","","3673","TPK-KY","41.75","＋","認購","美式","112年05月09日","112年05月09日","112年12月06日","112年12月08日","0.75","    58.42","","",
="044149","大眾控群益2B購01","3.23","＋","3701","大眾控","67.10","＋","認購","美式","112年05月09日","112年05月09日","112年11月06日","112年11月08日","0.60","    88.88","","",
="04414P","華通凱基27售01","0.00","","2313","華通","44.30","＋","認售","歐式","111年12月12日","112年07月11日","112年07月07日","112年07月11日","0.531","    37.67","","",
="04414U","陽明統一2B售03","0.00","","2609","陽明","62.00","＋","認售","歐式","112年02月17日","112年11月16日","112年11月14日","112年11月16日","0.10","    48.20","","",
="044150","啟碁群益2B購02","1.39","＋","6285","啟碁","87.50","＋","認購","美式","112年05月09日","112年05月09日","112年11月06日","112年11月08日","0.20","    105.00","","",
="044151","惠特群益2B購01","0.54","","6706","惠特","82.70","＋","認購","美式","112年05月09日","112年05月09日","112年11月06日","112年11月08日","0.10","    110.00","","",
="044152","南電群益2C購01","1.50","－","8046","南電","302.50","－","認購","美式","112年05月09日","112年05月09日","112年12月06日","112年12月08日","0.04","    330.00","","",
="044153","明基材群益2B購01","1.19","","8215","明基材","35.30","＋","認購","美式","112年05月09日","112年05月09日","112年11月06日","112年11月08日","0.65","    50.00","","",
="044154","台光電康和2B購01","1.86","＋","2383","台光電","204.50","＋","認購","美式","112年05月10日","112年05月10日","112年11月07日","112年11月09日","0.06","    200.00","","",
="044155","宏達電康和2B購03","1.61","","2498","宏達電","61.50","＋","認購","美式","112年05月10日","112年05月10日","112年11月07日","112年11月09日","0.20","    62.00","","",
="044156","力積電康和2B購01","0.00","","6770","力積電","30.85","＋","認購","美式","112年05月10日","112年05月10日","112年11月07日","112年11月09日","0.80","    37.00","","",
="044157","元石油永豐32購01","0.00","",="00642U","期元大S&P石油(原名：元大S&P石油)","15.46","＋","認購","美式","112年05月10日","112年05月10日","113年02月02日","113年02月15日","0.66","    18.00","","",
="044158","SGBR2X永豐32購01","0.00","",="00715L","期街口布蘭特正2","12.73","＋","認購","美式","112年05月10日","112年05月10日","113年02月02日","113年02月15日","0.35","    15.20","","",
="044159","光寶科永豐2C購01","2.37","＋","2301","光寶科","86.40","＋","認購","美式","112年05月10日","112年05月10日","112年12月07日","112年12月11日","0.34","    88.26","","",
="04415U","萬海統一2B售01","0.81","－","2615","萬海","60.00","＋","認售","歐式","112年02月17日","112年11月16日","112年11月14日","112年11月16日","0.08","    59.00","","",
="044160","友達永豐2C購01","0.87","＋","2409","友達","17.65","＋","認購","美式","112年05月10日","112年05月10日","112年12月07日","112年12月11日","0.58","    19.57","","",
="044161","聯陽永豐31購01","1.46","＋","3014","聯陽","113.50","＋","認購","美式","112年05月10日","112年05月10日","113年01月05日","113年01月09日","0.10","    117.42","","",
="044162","上品永豐31購01","1.62","＋","4770","上品","297.00","＋","認購","美式","112年05月10日","112年05月10日","113年01月05日","113年01月09日","0.033","    322.00","","",
="044163","盛群永豐2C購01","1.25","＋","6202","盛群","69.70","＋","認購","美式","112年05月10日","112年05月10日","112年12月07日","112年12月11日","0.168","    80.48","","",
="044164","T50反1中信35購01","0.00","",="00632R","元大台灣50反1","4.94","－","認購","歐式","112年05月10日","113年05月09日","113年05月07日","113年05月09日","1.00","    7.50","","",
="044165","S&P反1中信33購01","0.00","",="00648R","元大S&P500反1","6.93","－","認購","歐式","112年05月10日","113年03月11日","113年03月07日","113年03月11日","1.00","    7.00","","",
="044166","聯陽中信2B購01","1.04","＋","3014","聯陽","113.50","＋","認購","歐式","112年05月10日","112年11月09日","112年11月07日","112年11月09日","0.066","    118.00","","",
="044167","台達電兆豐33購01","0.98","－","2308","台達電","315.50","－","認購","美式","112年05月10日","112年05月10日","113年03月07日","113年03月11日","0.043","    355.00","","",
="044168","全新兆豐31購02","1.26","－","2455","全新","100.00","","認購","美式","112年05月10日","112年05月10日","113年01月05日","113年01月09日","0.09","    109.00","","",
="044169","義隆兆豐2B購01","1.17","＋","2458","義隆","104.00","＋","認購","美式","112年05月10日","112年05月10日","112年11月07日","112年11月09日","0.168","    116.88","","",
="04416U","聯詠永豐29售02","0.55","","3034","聯詠","423.50","＋","認售","歐式","112年02月17日","112年09月18日","112年09月14日","112年09月18日","0.05","    340.00","","",
="044170","華航兆豐34購01","1.98","＋","2610","華航","21.65","＋","認購","美式","112年05月10日","112年05月10日","113年04月03日","113年04月09日","0.42","    18.80","","",
="044171","富采兆豐2B購01","0.00","","3714","富采","49.90","＋","認購","美式","112年05月10日","112年05月10日","112年11月07日","112年11月09日","0.38","    58.88","","",
="044172","第一金麥證2B購01","1.54","＋","2892","第一金","28.00","＋","認購","歐式","112年05月10日","112年11月09日","112年11月07日","112年11月09日","0.80","    28.88","","",
="044173","晶碩麥證2B購01","0.55","－","6491","晶碩","366.50","＋","認購","歐式","112年05月10日","112年11月09日","112年11月07日","112年11月09日","0.035","    500.00","","",
="044174","欣興第一35購02","1.08","－","3037","欣興","182.50","－","認購","美式","112年05月10日","112年05月10日","113年05月07日","113年05月09日","0.027","    180.04","","",
="044175","道瓊指凱基32購01","1.03","",="00668","國泰美國道瓊","36.92","＋","認購","美式","112年05月10日","112年05月10日","113年02月02日","113年02月15日","0.29","    39.00","","",
="044176","元債2X凱基32購02","0.70","",="00680L","元大美債20正2","10.96","＋","認購","美式","112年05月10日","112年05月10日","113年02月02日","113年02月15日","1.00","    14.00","","",
="044177","SGBR2X凱基2C購03","1.62","＋",="00715L","期街口布蘭特正2","12.73","＋","認購","美式","112年05月10日","112年05月10日","112年12月07日","112年12月11日","0.50","    13.50","","",
="044178","儲能凱基2C購02","0.85","",="00902","中信電池及儲能","11.71","－","認購","美式","112年05月10日","112年05月10日","112年12月07日","112年12月11日","1.00","    13.00","","",
="044179","聚陽凱基2B購01","0.00","","1477","聚陽","219.00","＋","認購","美式","112年05月10日","112年05月10日","112年11月07日","112年11月09日","0.12","    300.00","","",
="04417P","威盛凱基26售05","0.00","","2388","威盛","83.10","＋","認售","歐式","111年12月12日","112年06月12日","112年06月08日","112年06月12日","0.16","    60.00","","",
="04417U","臺股指永豐28售02","0.00","","IX0001","臺股指數","16,636.30","","認售","歐式","112年02月17日","112年08月16日","112年08月14日","112年08月16日","0.003","    13,000.00","","",
="044180","士電凱基2B購02","0.00","","1503","士電","143.50","＋","認購","美式","112年05月10日","112年05月10日","112年11月07日","112年11月09日","0.045","    120.00","","",
="044181","東元凱基2B購03","2.26","＋","1504","東元","51.80","＋","認購","美式","112年05月10日","112年05月10日","112年11月07日","112年11月09日","0.50","    59.00","","",
="044182","東元凱基31購02","1.91","","1504","東元","51.80","＋","認購","美式","112年05月10日","112年05月10日","113年01月05日","113年01月09日","0.20","    49.00","","",
="044183","亞力凱基32購02","0.80","＋","1514","亞力","51.60","＋","認購","美式","112年05月10日","112年05月10日","113年02月02日","113年02月15日","0.064","    53.00","","",
="044184","第一銅凱基2B購01","0.00","","2009","第一銅","32.10","＋","認購","美式","112年05月10日","112年05月10日","112年11月07日","112年11月09日","0.50","    38.00","","",
="044185","裕隆凱基2B購08","0.99","","2201","裕隆","82.80","＋","認購","美式","112年05月10日","112年05月10日","112年11月07日","112年11月09日","0.28","    107.00","","",
="044186","光寶科凱基31購01","2.87","＋","2301","光寶科","86.40","＋","認購","美式","112年05月10日","112年05月10日","113年01月05日","113年01月09日","0.50","    93.00","","",
="044187","台達電凱基2C購04","1.97","－","2308","台達電","315.50","－","認購","美式","112年05月10日","112年05月10日","112年12月07日","112年12月11日","0.10","    340.00","","",
="044188","鴻海凱基2B購13","0.62","","2317","鴻海","105.50","＋","認購","美式","112年05月10日","112年05月10日","112年11月07日","112年11月09日","0.25","    129.00","","",
="044189","台積電凱基2C購19","3.06","＋","2330","台積電","568.00","＋","認購","美式","112年05月10日","112年05月10日","112年12月07日","112年12月11日","0.30","    730.00","","",
="04418U","聯電凱基29售02","0.16","－","2303","聯電","51.20","＋","認售","歐式","112年02月17日","112年09月18日","112年09月14日","112年09月18日","1.00","    35.00","","",
="044190","技嘉凱基2B購02","0.00","","2376","技嘉","186.00","＋","認購","美式","112年05月10日","112年05月10日","112年11月07日","112年11月09日","0.085","    155.00","","",
="044191","漢唐凱基2B購02","1.16","＋","2404","漢唐","227.50","＋","認購","美式","112年05月10日","112年05月10日","112年11月07日","112年11月09日","0.06","    240.00","","",
="044192","建準凱基33購01","2.16","＋","2421","建準","89.00","＋","認購","美式","112年05月10日","112年05月10日","113年03月07日","113年03月11日","0.10","    86.84","","",
="044193","建準凱基33購02","2.28","＋","2421","建準","89.00","＋","認購","美式","112年05月10日","112年05月10日","113年03月07日","113年03月11日","0.11","    92.40","","",
="044194","益航凱基31購01","0.00","","2601","益航","9.02","＋","認購","美式","112年05月10日","112年05月10日","113年01月05日","113年01月09日","1.00","    11.00","","",
="044195","晶華凱基2C購03","0.00","","2707","晶華","288.00","＋","認購","美式","112年05月10日","112年05月10日","112年12月07日","112年12月11日","0.12","    390.00","","",
="044196","晶華凱基2C購04","0.00","","2707","晶華","288.00","＋","認購","美式","112年05月10日","112年05月10日","112年12月07日","112年12月11日","0.10","    370.00","","",
="044197","神基凱基2B購01","2.43","＋","3005","神基","69.40","＋","認購","美式","112年05月10日","112年05月10日","112年11月07日","112年11月09日","0.60","    78.00","","",
="044198","大立光凱基2C購02","2.30","＋","3008","大立光","2,305.00","＋","認購","美式","112年05月10日","112年05月10日","112年12月07日","112年12月11日","0.01","    2,400.00","","",
="044199","欣興凱基32購01","2.71","－","3037","欣興","182.50","－","認購","美式","112年05月10日","112年05月10日","113年02月02日","113年02月15日","0.10","    200.00","","",
="04419U","瑞昱凱基28售05","0.00","","2379","瑞昱","388.00","＋","認售","歐式","112年02月17日","112年08月16日","112年08月14日","112年08月16日","0.035","    340.00","","",
="044200","聯合再凱基2B購02","0.00","","3576","聯合再生","20.30","＋","認購","美式","112年05月10日","112年05月10日","112年11月07日","112年11月09日","0.85","    25.00","","",
="044201","TPK凱基2B購01","0.00","","3673","TPK-KY","41.75","＋","認購","美式","112年05月10日","112年05月10日","112年11月07日","112年11月09日","0.35","    44.00","","",
="044202","TPK凱基2B購02","2.05","＋","3673","TPK-KY","41.75","＋","認購","美式","112年05月10日","112年05月10日","112年11月07日","112年11月09日","0.50","    49.00","","",
="044203","承業醫凱基2C購02","0.00","","4164","承業醫","64.10","","認購","美式","112年05月10日","112年05月10日","112年12月07日","112年12月11日","0.057","    75.00","","",
="044204","緯穎凱基2B購11","0.99","＋","6669","緯穎","1,205.00","＋","認購","美式","112年05月10日","112年05月10日","112年11月07日","112年11月09日","0.005","    1,180.00","","",
="044205","南電凱基2C購04","2.31","－","8046","南電","302.50","－","認購","美式","112年05月10日","112年05月10日","112年12月07日","112年12月11日","0.06","    310.00","","",
="044206","富鼎凱基31購01","0.00","","8261","富鼎","106.50","＋","認購","美式","112年05月10日","112年05月10日","113年01月05日","113年01月09日","0.148","    130.00","","",
="044207","滬深2X元大33購01","0.70","－",="00637L","元大滬深300正2","13.77","－","認購","美式","112年05月10日","112年05月10日","113年03月07日","113年03月11日","0.70","    18.50","","",
="044208","台泥元大2C購04","0.00","","1101","台泥","38.15","＋","認購","美式","112年05月10日","112年05月10日","112年12月07日","112年12月11日","0.394","    40.20","","",
="044209","台泥元大31購02","0.00","","1101","台泥","38.15","＋","認購","美式","112年05月10日","112年05月10日","113年01月05日","113年01月09日","0.60","    45.60","","",
="04420U","聯發科凱基2A售02","0.00","","2454","聯發科","738.00","＋","認售","歐式","112年02月17日","112年10月16日","112年10月12日","112年10月16日","0.03","    650.00","","",
="044210","台泥元大35購01","0.00","","1101","台泥","38.15","＋","認購","美式","112年05月10日","112年05月10日","113年05月07日","113年05月09日","0.32","    43.70","","",
="044211","中石化元大2B購01","0.51","－","1314","中石化","9.72","－","認購","美式","112年05月10日","112年05月10日","112年11月07日","112年11月09日","0.60","    10.00","","",
="044212","士電元大2C購07","1.75","＋","1503","士電","143.50","＋","認購","美式","112年05月10日","112年05月10日","112年12月07日","112年12月11日","0.053","    148.00","","",
="044213","士電元大31購02","1.77","＋","1503","士電","143.50","＋","認購","美式","112年05月10日","112年05月10日","113年01月05日","113年01月09日","0.056","    158.00","","",
="044214","士電元大35購02","0.00","","1503","士電","143.50","＋","認購","美式","112年05月10日","112年05月10日","113年05月07日","113年05月09日","0.049","    160.50","","",
="044215","東元元大2C購05","2.34","＋","1504","東元","51.80","＋","認購","美式","112年05月10日","112年05月10日","112年12月07日","112年12月11日","0.236","    48.95","","",
="044216","華城元大2C購03","2.04","＋","1519","華城","141.00","＋","認購","美式","112年05月10日","112年05月10日","112年12月07日","112年12月11日","0.056","    135.00","","",
="044217","中化元大2B購01","0.00","","1701","中化","25.95","＋","認購","美式","112年05月10日","112年05月10日","112年11月07日","112年11月09日","0.531","    31.14","","",
="044218","生達元大2B購05","1.31","","1720","生達","70.80","＋","認購","美式","112年05月10日","112年05月10日","112年11月07日","112年11月09日","0.124","    75.40","","",
="044219","生達元大31購01","1.26","＋","1720","生達","70.80","＋","認購","美式","112年05月10日","112年05月10日","113年01月05日","113年01月09日","0.118","    81.70","","",
="04421P","大立光凱基26售06","0.00","","3008","大立光","2,305.00","＋","認售","歐式","111年12月12日","112年06月12日","112年06月08日","112年06月12日","0.01","    1,960.26","","",
="04421U","長榮凱基28售05","0.16","","2603","長榮","157.00","＋","認售","歐式","112年02月17日","112年08月16日","112年08月14日","112年08月16日","0.60","    95.00","","",
="044220","美時元大2C購07","0.00","","1795","美時","330.50","＋","認購","美式","112年05月10日","112年05月10日","112年12月07日","112年12月11日","0.035","    300.00","","",
="044221","裕隆元大2C購04","1.87","＋","2201","裕隆","82.80","＋","認購","美式","112年05月10日","112年05月10日","112年12月07日","112年12月11日","0.28","    103.50","","",
="044222","光寶科元大2B購02","2.56","＋","2301","光寶科","86.40","＋","認購","美式","112年05月10日","112年05月10日","112年11月07日","112年11月09日","0.55","    96.30","","",
="044223","鴻海元大2C購25","0.62","","2317","鴻海","105.50","＋","認購","美式","112年05月10日","112年05月10日","112年12月07日","112年12月11日","0.062","    108.00","","",
="044224","鴻海元大31購05","0.63","","2317","鴻海","105.50","＋","認購","美式","112年05月10日","112年05月10日","113年01月05日","113年01月09日","0.085","    117.50","","",
="044225","鴻海元大35購02","0.57","","2317","鴻海","105.50","＋","認購","美式","112年05月10日","112年05月10日","113年05月07日","113年05月09日","0.163","    148.50","","",
="044226","台積電元大2C購14","0.00","","2330","台積電","568.00","＋","認購","美式","112年05月10日","112年05月10日","112年12月07日","112年12月11日","0.064","    519.00","","",
="044227","台積電元大31購08","0.00","","2330","台積電","568.00","＋","認購","美式","112年05月10日","112年05月10日","113年01月05日","113年01月09日","0.069","    557.00","","",
="044228","台積電元大35購02","3.99","＋","2330","台積電","568.00","＋","認購","美式","112年05月10日","112年05月10日","113年05月07日","113年05月09日","0.054","    590.00","","",
="044229","精英元大2B購03","1.59","＋","2331","精英","28.70","＋","認購","美式","112年05月10日","112年05月10日","112年11月07日","112年11月09日","0.913","    35.75","","",
="04422P","T50正2群益2A售01","0.00","",="00631L","元大台灣50正2","129.10","＋","認售","歐式","111年12月12日","112年10月11日","112年10月05日","112年10月11日","0.60","    50.00","","",
="04422U","嘉澤凱基29售03","0.46","＋","3533","嘉澤","909.00","－","認售","歐式","112年02月17日","112年09月18日","112年09月14日","112年09月18日","0.02","    696.60","","",
="044230","怡利電元大2B購01","1.86","＋","2497","怡利電","71.30","＋","認購","美式","112年05月10日","112年05月10日","112年11月07日","112年11月09日","0.164","    71.80","","",
="044231","雲品元大2B購02","1.53","－","2748","雲品","90.00","－","認購","美式","112年05月10日","112年05月10日","112年11月07日","112年11月09日","0.121","    103.00","","",
="044232","晶豪科元大2C購01","2.34","＋","3006","晶豪科","88.20","＋","認購","美式","112年05月10日","112年05月10日","112年12月07日","112年12月11日","0.114","    75.00","","",
="044233","奇鋐元大2C購08","1.65","＋","3017","奇鋐","206.00","－","認購","美式","112年05月10日","112年05月10日","112年12月07日","112年12月11日","0.082","    250.50","","",
="044234","零壹元大2B購02","1.22","＋","3029","零壹","67.30","＋","認購","美式","112年05月10日","112年05月10日","112年11月07日","112年11月09日","0.127","    69.00","","",
="044235","全科元大2B購02","0.00","","3209","全科","41.75","＋","認購","美式","112年05月10日","112年05月10日","112年11月07日","112年11月09日","0.236","    42.65","","",
="044236","緯創元大2C購14","0.00","","3231","緯創","68.00","＋","認購","美式","112年05月10日","112年05月10日","112年12月07日","112年12月11日","0.267","    56.30","","",
="044237","緯創元大31購09","4.23","＋","3231","緯創","68.00","＋","認購","美式","112年05月10日","112年05月10日","113年01月05日","113年01月09日","0.297","    62.10","","",
="044238","緯創元大35購01","3.95","＋","3231","緯創","68.00","＋","認購","美式","112年05月10日","112年05月10日","113年05月07日","113年05月09日","0.289","    72.20","","",
="044239","玉晶光元大2C購02","2.00","＋","3406","玉晶光","400.00","＋","認購","美式","112年05月10日","112年05月10日","112年12月07日","112年12月11日","0.035","    394.50","","",
="04423U","康舒凱基29售03","0.21","－","6282","康舒","44.05","＋","認售","歐式","112年02月17日","112年09月18日","112年09月14日","112年09月18日","0.20","    32.00","","",
="044240","世芯元大2C購08","2.84","＋","3661","世芯-KY","1,660.00","＋","認購","美式","112年05月10日","112年05月10日","112年12月07日","112年12月11日","0.01","    1,825.00","","",
="044241","合勤控元大2C購01","1.48","＋","3704","合勤控","43.85","＋","認購","美式","112年05月10日","112年05月10日","112年12月07日","112年12月11日","0.168","    40.65","","",
="044242","永崴控元大2B購01","0.00","","3712","永崴投控","37.10","＋","認購","美式","112年05月10日","112年05月10日","112年11月07日","112年11月09日","0.376","    44.82","","",
="044243","承業醫元大2B購02","0.46","＋","4164","承業醫","64.10","","認購","美式","112年05月10日","112年05月10日","112年11月07日","112年11月09日","0.129","    92.50","","",
="044244","台耀元大2B購02","0.41","－","4746","台耀","84.00","＋","認購","美式","112年05月10日","112年05月10日","112年11月07日","112年11月09日","0.12","    135.00","","",
="044245","邁達特元大2B購03","3.79","＋","6112","邁達特","71.70","＋","認購","美式","112年05月10日","112年05月10日","112年11月07日","112年11月09日","0.25","    70.00","","",
="044246","台郡元大2B購01","0.79","","6269","台郡","99.00","＋","認購","美式","112年05月10日","112年05月10日","112年11月07日","112年11月09日","0.078","    100.00","","",
="044247","晶碩元大2C購02","0.00","","6491","晶碩","366.50","＋","認購","美式","112年05月10日","112年05月10日","112年12月07日","112年12月11日","0.048","    489.00","","",
="044248","緯穎元大2C購09","1.55","＋","6669","緯穎","1,205.00","＋","認購","美式","112年05月10日","112年05月10日","112年12月07日","112年12月11日","0.009","    1,365.00","","",
="044249","力智元大2C購01","1.06","","6719","力智","303.00","＋","認購","美式","112年05月10日","112年05月10日","112年12月07日","112年12月11日","0.023","    335.00","","",
="04424U","緯穎凱基28售02","0.11","","6669","緯穎","1,205.00","＋","認售","歐式","112年02月17日","112年08月16日","112年08月14日","112年08月16日","0.015","    777.00","","",
="044250","世芯法興31購01","0.00","","3661","世芯-KY","1,660.00","＋","認購","歐式","112年05月10日","113年01月09日","113年01月05日","113年01月09日","0.006","    1,800.00","","",
="044251","上証2X群益2B購01","0.00","",="00633L","富邦上証正2","35.01","－","認購","美式","112年05月10日","112年05月10日","112年11月07日","112年11月09日","0.75","    51.50","","",
="044252","滬深2X群益2C購01","1.00","－",="00637L","元大滬深300正2","13.77","－","認購","美式","112年05月10日","112年05月10日","112年12月07日","112年12月11日","0.80","    15.80","","",
="044253","FBNQ2X群益2B購01","0.00","",="00670L","富邦NASDAQ正2","78.90","＋","認購","美式","112年05月10日","112年05月10日","112年11月07日","112年11月09日","0.50","    77.00","","",
="044254","元油反群益2C購01","1.00","",="00673R","期元大S&P原油反1(原名：元大S&P原油反1)","9.03","－","認購","美式","112年05月10日","112年05月10日","112年12月07日","112年12月11日","1.00","    10.22","","",
="044255","SGBR2X群益2C購01","2.81","＋",="00715L","期街口布蘭特正2","12.73","＋","認購","美式","112年05月10日","112年05月10日","112年12月07日","112年12月11日","1.00","    15.00","","",
="044256","美費半群益2C購01","0.00","",="00830","國泰費城半導體","31.65","＋","認購","美式","112年05月10日","112年05月10日","112年12月07日","112年12月11日","1.00","    31.20","","",
="044257","FB越南群益2B購02","0.00","",="00885","富邦越南","11.45","＋","認購","美式","112年05月10日","112年05月10日","112年11月07日","112年11月09日","1.00","    13.00","","",
="044258","台泥群益2B購03","0.00","","1101","台泥","38.15","＋","認購","美式","112年05月10日","112年05月10日","112年11月07日","112年11月09日","0.65","    40.00","","",
="044259","宏達電群益2B購06","2.34","＋","2498","宏達電","61.50","＋","認購","美式","112年05月10日","112年05月10日","112年11月07日","112年11月09日","0.25","    57.00","","",
="04425U","電子類凱基2B售03","0.00","","IX0027","電子類","797.58","","認售","歐式","112年02月17日","112年11月16日","112年11月14日","112年11月16日","0.04","    630.00","","",
="044260","晶華群益2C購03","0.00","","2707","晶華","288.00","＋","認購","美式","112年05月10日","112年05月10日","112年12月07日","112年12月11日","0.07","    424.00","","",
="044261","奇鋐群益2B購04","2.46","－","3017","奇鋐","206.00","－","認購","美式","112年05月10日","112年05月10日","112年11月07日","112年11月09日","0.08","    220.00","","",
="044262","聯詠群益2C購02","3.60","＋","3034","聯詠","423.50","＋","認購","美式","112年05月10日","112年05月10日","112年12月07日","112年12月11日","0.20","    630.00","","",
="044263","欣興群益2C購03","4.08","－","3037","欣興","182.50","－","認購","美式","112年05月10日","112年05月10日","112年12月07日","112年12月11日","0.20","    228.75","","",
="044264","創意群益2B購05","3.59","＋","3443","創意","1,515.00","＋","認購","美式","112年05月10日","112年05月10日","112年11月07日","112年11月09日","0.014","    1,668.00","","",
="044265","嘉澤群益2B購02","2.27","－","3533","嘉澤","909.00","－","認購","美式","112年05月10日","112年05月10日","112年11月07日","112年11月09日","0.04","    1,192.00","","",
="044266","智易群益2B購01","1.08","＋","3596","智易","115.00","＋","認購","美式","112年05月10日","112年05月10日","112年11月07日","112年11月09日","0.12","    128.88","","",
="044267","碩天群益2C購01","0.00","","3617","碩天","191.00","－","認購","美式","112年05月10日","112年05月10日","112年12月07日","112年12月11日","0.12","    150.00","","",
="044268","緯穎群益2B購03","2.66","＋","6669","緯穎","1,205.00","＋","認購","美式","112年05月10日","112年05月10日","112年11月07日","112年11月09日","0.019","    1,695.00","","",
="044269","威鋒電群益2B購02","3.36","","6756","威鋒電子","223.00","＋","認購","美式","112年05月10日","112年05月10日","112年11月07日","112年11月09日","0.161","    250.00","","",
="04426U","金融類凱基2A售07","0.00","","IX0039","金融類","1,620.43","","認售","歐式","112年02月17日","112年10月16日","112年10月12日","112年10月16日","0.035","    1,320.00","","",
="044270","世紀鋼群益2C購01","0.92","＋","9958","世紀鋼","109.50","＋","認購","美式","112年05月10日","112年05月10日","112年12月07日","112年12月11日","0.10","    130.00","","",
="044271","臺股指群益2C購05","0.00","","IX0001","臺股指數","16,636.30","","認購","歐式","112年05月10日","112年12月11日","112年12月07日","112年12月11日","0.004","    16,200.00","","",
="044272","臺股指群益2C購06","0.00","","IX0001","臺股指數","16,636.30","","認購","歐式","112年05月10日","112年12月11日","112年12月07日","112年12月11日","0.02","    18,300.00","","",
="044273","臺股指群益31購04","0.00","","IX0001","臺股指數","16,636.30","","認購","歐式","112年05月10日","113年01月09日","113年01月05日","113年01月09日","0.004","    16,500.00","","",
="044274","FB越南國票2C購01","1.31","＋",="00885","富邦越南","11.45","＋","認購","美式","112年05月10日","112年05月10日","112年12月07日","112年12月11日","1.00","    11.00","","",
="044275","台泥國票2C購02","0.00","","1101","台泥","38.15","＋","認購","美式","112年05月10日","112年05月10日","112年12月07日","112年12月11日","0.60","    43.00","","",
="044276","中化國票2C購01","0.00","","1701","中化","25.95","＋","認購","美式","112年05月10日","112年05月10日","112年12月07日","112年12月11日","0.30","    27.00","","",
="044277","漢唐國票2C購01","0.00","","2404","漢唐","227.50","＋","認購","美式","112年05月10日","112年05月10日","112年12月07日","112年12月11日","0.14","    320.00","","",
="044278","華新科國票2C購01","0.00","","2492","華新科","101.00","＋","認購","美式","112年05月10日","112年05月10日","112年12月07日","112年12月11日","0.20","    150.00","","",
="044279","慧洋國票2B購01","1.18","＋","2637","慧洋-KY","60.30","＋","認購","美式","112年05月10日","112年05月10日","112年11月07日","112年11月09日","0.196","    53.53","","",
="04427U","長榮群益28售09","0.00","","2603","長榮","157.00","＋","認售","歐式","112年02月17日","112年08月16日","112年08月14日","112年08月16日","0.30","    110.00","","",
="044280","晶華國票2C購01","1.69","","2707","晶華","288.00","＋","認購","美式","112年05月10日","112年05月10日","112年12月07日","112年12月11日","0.08","    360.00","","",
="044281","聯陽國票2C購01","3.89","＋","3014","聯陽","113.50","＋","認購","美式","112年05月10日","112年05月10日","112年12月07日","112年12月11日","0.30","    120.00","","",
="044282","奇鋐國票2C購03","2.65","－","3017","奇鋐","206.00","－","認購","美式","112年05月10日","112年05月10日","112年12月07日","112年12月11日","0.14","    260.00","","",
="044283","欣興國票2C購03","2.48","－","3037","欣興","182.50","－","認購","美式","112年05月10日","112年05月10日","112年12月07日","112年12月11日","0.09","    185.00","","",
="044284","嘉澤國票2C購02","2.55","－","3533","嘉澤","909.00","－","認購","美式","112年05月10日","112年05月10日","112年12月07日","112年12月11日","0.10","    1,400.00","","",
="044285","智易國票2C購01","0.92","－","3596","智易","115.00","＋","認購","美式","112年05月10日","112年05月10日","112年12月07日","112年12月11日","0.09","    130.00","","",
="044286","邁達特國票2C購01","3.09","＋","6112","邁達特","71.70","＋","認購","美式","112年05月10日","112年05月10日","112年12月07日","112年12月11日","0.30","    84.00","","",
="044287","康舒國票2C購01","2.26","＋","6282","康舒","44.05","＋","認購","美式","112年05月10日","112年05月10日","112年12月07日","112年12月11日","0.349","    45.00","","",
="044288","富邦媒國票2C購01","1.66","","8454","富邦媒","703.00","＋","認購","美式","112年05月10日","112年05月10日","112年12月07日","112年12月11日","0.02","    800.00","","",
="044289","美時國泰31購01","2.43","＋","1795","美時","330.50","＋","認購","美式","112年05月10日","112年05月10日","113年01月05日","113年01月09日","0.05","    360.00","","",
="04428U","大立光群益28售09","0.00","","3008","大立光","2,305.00","＋","認售","歐式","112年02月17日","112年08月16日","112年08月14日","112年08月16日","0.015","    1,862.25","","",
="044290","陽明國泰31購01","1.42","＋","2609","陽明","62.00","＋","認購","美式","112年05月10日","112年05月10日","113年01月05日","113年01月09日","0.40","    72.50","","",
="044291","全訊國泰31購02","0.93","＋","5222","全訊","198.00","＋","認購","美式","112年05月10日","112年05月10日","113年01月05日","113年01月09日","0.06","    275.00","","",
="044292","華新富邦2B購01","0.00","","1605","華新","46.60","＋","認購","美式","112年05月10日","112年05月10日","112年11月07日","112年11月09日","0.15","    60.00","","",
="044293","玉晶光富邦31購01","0.87","－","3406","玉晶光","400.00","＋","認購","美式","112年05月10日","112年05月10日","113年01月05日","113年01月09日","0.025","    480.00","","",
="044294","創意富邦33購02","1.63","＋","3443","創意","1,515.00","＋","認購","美式","112年05月10日","112年05月10日","113年03月07日","113年03月11日","0.003","    1,110.00","","",
="044295","智易富邦2B購01","0.64","－","3596","智易","115.00","＋","認購","美式","112年05月10日","112年05月10日","112年11月07日","112年11月09日","0.05","    118.88","","",
="044296","貿聯富邦31購01","0.91","＋","3665","貿聯-KY","270.50","＋","認購","美式","112年05月10日","112年05月10日","113年01月05日","113年01月09日","0.02","    255.00","","",
="044297","威鋒電富邦2B購01","0.00","","6756","威鋒電子","223.00","＋","認購","美式","112年05月10日","112年05月10日","112年11月07日","112年11月09日","0.015","    228.00","","",
="044298","中鋼元富32購01","0.84","＋","2002","中鋼","29.05","－","認購","美式","112年05月10日","112年05月10日","113年02月02日","113年02月15日","1.00","    34.92","","",
="044299","台積電元富2B購07","0.00","","2330","台積電","568.00","＋","認購","美式","112年05月10日","112年05月10日","112年11月07日","112年11月09日","0.02","    500.00","","",
="04429U","嘉澤群益28售05","0.00","","3533","嘉澤","909.00","－","認售","歐式","112年02月17日","112年08月16日","112年08月14日","112年08月16日","0.016","    707.54","","",
="044300","宏碁元富32購01","0.00","","2353","宏碁","31.05","＋","認購","美式","112年05月10日","112年05月10日","113年02月02日","113年02月15日","1.00","    33.00","","",
="044301","緯創元富2B購01","2.85","＋","3231","緯創","68.00","＋","認購","美式","112年05月10日","112年05月10日","112年11月07日","112年11月09日","0.20","    60.00","","",
="044302","群創元富32購01","0.86","＋","3481","群創","14.10","＋","認購","美式","112年05月10日","112年05月10日","113年02月02日","113年02月15日","0.70","    16.00","","",
="044303","SGBR2X統一2C購05","1.38","＋",="00715L","期街口布蘭特正2","12.73","＋","認購","美式","112年05月10日","112年05月10日","112年12月07日","112年12月11日","0.33","    11.11","","",
="044304","SGBR2X統一2C購06","0.00","",="00715L","期街口布蘭特正2","12.73","＋","認購","美式","112年05月10日","112年05月10日","112年12月07日","112年12月11日","0.40","    11.11","","",
="044305","SGBR2X統一2C購07","0.00","",="00715L","期街口布蘭特正2","12.73","＋","認購","美式","112年05月10日","112年05月10日","112年12月07日","112年12月11日","0.33","    14.56","","",
="044306","技嘉統一34購01","1.53","－","2376","技嘉","186.00","＋","認購","美式","112年05月10日","112年05月10日","113年04月03日","113年04月09日","0.026","    157.50","","",
="044307","長榮統一33購08","3.03","＋","2603","長榮","157.00","＋","認購","美式","112年05月10日","112年05月10日","113年03月07日","113年03月11日","0.066","    125.00","","",
="044308","奇鋐統一33購01","0.96","－","3017","奇鋐","206.00","－","認購","美式","112年05月10日","112年05月10日","113年03月07日","113年03月11日","0.02","    215.00","","",
="044309","奇鋐統一35購01","0.83","－","3017","奇鋐","206.00","－","認購","美式","112年05月10日","112年05月10日","113年05月07日","113年05月09日","0.014","    250.00","","",
="04430P","中砂群益28售01","0.53","＋","1560","中砂","114.50","－","認售","歐式","111年12月12日","112年08月11日","112年08月09日","112年08月11日","0.10","    100.00","","",
="04430U","臺股指群益28售10","0.00","","IX0001","臺股指數","16,636.30","","認售","歐式","112年02月17日","112年08月16日","112年08月14日","112年08月16日","0.005","    12,000.00","","",
="044310","欣興統一33購01","1.29","－","3037","欣興","182.50","－","認購","美式","112年05月10日","112年05月10日","113年03月07日","113年03月11日","0.032","    178.00","","",
="044311","南電統一33購01","0.00","","8046","南電","302.50","－","認購","美式","112年05月10日","112年05月10日","113年03月07日","113年03月11日","0.018","    338.88","","",
="044312","美時第一2B購01","0.00","","1795","美時","330.50","＋","認購","美式","112年05月11日","112年05月11日","112年11月08日","112年11月10日","0.02","    315.84","","",
="044313","士電中信31購01","0.66","＋","1503","士電","143.50","＋","認購","歐式","112年05月11日","113年01月10日","113年01月08日","113年01月10日","0.022","    180.00","","",
="044314","東元永豐31購01","0.93","＋","1504","東元","51.80","＋","認購","美式","112年05月11日","112年05月11日","113年01月08日","113年01月10日","0.275","    70.00","","",
="044315","仁寶永豐31購01","2.36","＋","2324","仁寶","28.15","＋","認購","美式","112年05月11日","112年05月11日","113年01月08日","113年01月10日","0.66","    28.53","","",
="044316","鴻海法興2B購02","0.73","＋","2317","鴻海","105.50","＋","認購","歐式","112年05月11日","112年11月10日","112年11月08日","112年11月10日","0.15","    110.00","","",
="044317","鴻海法興2B購03","0.91","","2317","鴻海","105.50","＋","認購","歐式","112年05月11日","112年11月10日","112年11月08日","112年11月10日","0.50","    125.00","","",
="044318","華邦電法興2B購01","1.87","＋","2344","華邦電","26.90","＋","認購","歐式","112年05月11日","112年11月10日","112年11月08日","112年11月10日","0.80","    30.00","","",
="044319","士電群益2B購02","2.49","＋","1503","士電","143.50","＋","認購","美式","112年05月11日","112年05月11日","112年11月08日","112年11月10日","0.10","    150.00","","",
="04431U","臺股指群益28售11","0.26","－","IX0001","臺股指數","16,636.30","","認售","歐式","112年02月17日","112年08月16日","112年08月14日","112年08月16日","0.005","    13,600.00","","",
="044320","華城群益31購02","2.96","＋","1519","華城","141.00","＋","認購","美式","112年05月11日","112年05月11日","113年01月08日","113年01月10日","0.092","    163.00","","",
="044321","裕隆群益2C購01","0.00","","2201","裕隆","82.80","＋","認購","美式","112年05月11日","112年05月11日","112年12月07日","112年12月11日","1.00","    110.00","","",
="044322","聯發科群益2B購09","6.15","＋","2454","聯發科","738.00","＋","認購","美式","112年05月11日","112年05月11日","112年11月08日","112年11月10日","0.10","    818.00","","",
="044323","聯發科群益2B購10","3.41","＋","2454","聯發科","738.00","＋","認購","美式","112年05月11日","112年05月11日","112年11月08日","112年11月10日","0.10","    947.00","","",
="044324","大立光群益2B購03","0.00","","3008","大立光","2,305.00","＋","認購","美式","112年05月11日","112年05月11日","112年11月08日","112年11月10日","0.008","    2,018.00","","",
="044325","緯創群益2B購02","7.40","＋","3231","緯創","68.00","＋","認購","美式","112年05月11日","112年05月11日","112年11月08日","112年11月10日","0.50","    61.00","","",
="044326","世芯群益2B購02","4.20","＋","3661","世芯-KY","1,660.00","＋","認購","美式","112年05月11日","112年05月11日","112年11月08日","112年11月10日","0.01","    1,500.00","","",
="044327","天鈺群益2B購04","2.16","","4961","天鈺","154.00","＋","認購","美式","112年05月11日","112年05月11日","112年11月08日","112年11月10日","0.10","    164.00","","",
="044328","邁達特群益2C購01","2.83","＋","6112","邁達特","71.70","＋","認購","美式","112年05月11日","112年05月11日","112年12月07日","112年12月11日","0.35","    88.88","","",
="044329","穎崴群益2B購01","5.85","＋","6515","穎崴","830.00","－","認購","美式","112年05月11日","112年05月11日","112年11月08日","112年11月10日","0.03","    735.00","","",
="04432U","臺股指群益28售12","0.51","－","IX0001","臺股指數","16,636.30","","認售","歐式","112年02月17日","112年08月16日","112年08月14日","112年08月16日","0.004","    14,300.00","","",
="044330","帝寶群益2B購02","0.00","","6605","帝寶","99.80","＋","認購","美式","112年05月11日","112年05月11日","112年11月08日","112年11月10日","0.115","    128.00","","",
="044331","台泥凱基2B購03","0.00","","1101","台泥","38.15","＋","認購","美式","112年05月11日","112年05月11日","112年11月08日","112年11月10日","1.00","    51.00","","",
="044332","士電凱基2C購04","1.23","＋","1503","士電","143.50","＋","認購","美式","112年05月11日","112年05月11日","112年12月07日","112年12月11日","0.055","    177.00","","",
="044333","士電凱基2C購05","1.10","＋","1503","士電","143.50","＋","認購","美式","112年05月11日","112年05月11日","112年12月07日","112年12月11日","0.04","    153.40","","",
="044334","東元凱基31購03","1.36","＋","1504","東元","51.80","＋","認購","美式","112年05月11日","112年05月11日","113年01月08日","113年01月10日","0.35","    72.00","","",
="044335","裕隆凱基2B購09","2.54","","2201","裕隆","82.80","＋","認購","美式","112年05月11日","112年05月11日","112年11月08日","112年11月10日","0.30","    90.00","","",
="044336","國巨凱基2B購05","1.07","＋","2327","國巨","508.00","＋","認購","美式","112年05月11日","112年05月11日","112年11月08日","112年11月10日","0.02","    510.00","","",
="044337","台積電凱基2C購20","3.49","","2330","台積電","568.00","＋","認購","美式","112年05月11日","112年05月11日","112年12月07日","112年12月11日","0.20","    680.00","","",
="044338","聯發科凱基2B購12","1.93","＋","2454","聯發科","738.00","＋","認購","美式","112年05月11日","112年05月11日","112年11月08日","112年11月10日","0.02","    710.00","","",
="044339","華新科凱基2C購01","0.00","","2492","華新科","101.00","＋","認購","美式","112年05月11日","112年05月11日","112年12月07日","112年12月11日","0.07","    110.00","","",
="04433U","臺股指群益28售13","0.70","－","IX0001","臺股指數","16,636.30","","認售","歐式","112年02月17日","112年08月16日","112年08月14日","112年08月16日","0.004","    14,600.00","","",
="044340","宏達電凱基2B購06","2.03","＋","2498","宏達電","61.50","＋","認購","美式","112年05月11日","112年05月11日","112年11月08日","112年11月10日","0.25","    60.00","","",
="044341","長榮凱基2C購10","1.42","＋","2603","長榮","157.00","＋","認購","美式","112年05月11日","112年05月11日","112年12月07日","112年12月11日","0.12","    176.00","","",
="044342","神基凱基31購02","2.67","＋","3005","神基","69.40","＋","認購","美式","112年05月11日","112年05月11日","113年01月08日","113年01月10日","0.85","    90.00","","",
="044343","聯陽凱基2C購01","1.60","＋","3014","聯陽","113.50","＋","認購","美式","112年05月11日","112年05月11日","112年12月07日","112年12月11日","0.15","    125.00","","",
="044344","欣興凱基2B購16","2.05","－","3037","欣興","182.50","－","認購","美式","112年05月11日","112年05月11日","112年11月08日","112年11月10日","0.18","    220.00","","",
="044345","嘉澤凱基31購02","1.27","－","3533","嘉澤","909.00","－","認購","美式","112年05月11日","112年05月11日","113年01月08日","113年01月10日","0.012","    990.00","","",
="044346","世芯凱基2C購06","0.00","","3661","世芯-KY","1,660.00","＋","認購","美式","112年05月11日","112年05月11日","112年12月07日","112年12月11日","0.01","    1,400.00","","",
="044347","邁達特凱基2C購02","1.34","＋","6112","邁達特","71.70","＋","認購","美式","112年05月11日","112年05月11日","112年12月07日","112年12月11日","0.15","    90.00","","",
="044348","同欣電凱基31購01","1.30","＋","6271","同欣電","179.50","＋","認購","美式","112年05月11日","112年05月11日","113年01月08日","113年01月10日","0.055","    195.00","","",
="044349","迅得凱基2B購03","0.75","＋","6438","迅得","113.50","＋","認購","美式","112年05月11日","112年05月11日","112年11月08日","112年11月10日","0.07","    125.00","","",
="04434U","臺股指群益28售14","0.88","－","IX0001","臺股指數","16,636.30","","認售","歐式","112年02月17日","112年08月16日","112年08月14日","112年08月16日","0.003","    15,000.00","","",
="044350","元晶凱基2B購02","0.00","","6443","元晶","36.20","＋","認購","美式","112年05月11日","112年05月11日","112年11月08日","112年11月10日","0.312","    40.00","","",
="044351","巨大凱基2B購03","1.39","－","9921","巨大","201.00","＋","認購","美式","112年05月11日","112年05月11日","112年11月08日","112年11月10日","0.25","    270.00","","",
="044352","臺股指凱基2B購36","0.00","","IX0001","臺股指數","16,636.30","","認購","歐式","112年05月11日","112年11月10日","112年11月08日","112年11月10日","0.05","    19,288.00","","",
="044353","臺股指凱基2C購31","0.00","","IX0001","臺股指數","16,636.30","","認購","歐式","112年05月11日","112年12月11日","112年12月07日","112年12月11日","0.007","    17,100.00","","",
="044354","臺股指凱基31購19","0.00","","IX0001","臺股指數","16,636.30","","認購","歐式","112年05月11日","113年01月10日","113年01月08日","113年01月10日","0.015","    18,600.00","","",
="044355","臺股指凱基32購08","2.46","","IX0001","臺股指數","16,636.30","","認購","歐式","112年05月11日","113年02月15日","113年02月02日","113年02月15日","0.0025","    16,100.00","","",
="044356","T50反1元大34購03","0.00","",="00632R","元大台灣50反1","4.94","－","認購","美式","112年05月11日","112年05月11日","113年04月08日","113年04月10日","1.00","    5.10","","",
="044357","T50反1元大35購01","0.00","",="00632R","元大台灣50反1","4.94","－","認購","美式","112年05月11日","112年05月11日","113年05月08日","113年05月10日","1.00","    5.00","","",
="044358","滬深2X元大31購03","0.00","",="00637L","元大滬深300正2","13.77","－","認購","美式","112年05月11日","112年05月11日","113年01月08日","113年01月10日","0.50","    17.50","","",
="044359","SGBR2X元大2C購01","1.08","＋",="00715L","期街口布蘭特正2","12.73","＋","認購","美式","112年05月11日","112年05月11日","112年12月07日","112年12月11日","0.30","    13.00","","",
="04435P","台積電凱基28售07","0.00","","2330","台積電","568.00","＋","認售","歐式","111年10月18日","112年08月17日","112年08月15日","112年08月17日","0.102","    316.46","","",
="04435U","臺股指群益28售15","0.70","－","IX0001","臺股指數","16,636.30","","認售","歐式","112年02月17日","112年08月16日","112年08月14日","112年08月16日","0.002","    15,200.00","","",
="044360","台泥元大2C購05","0.00","","1101","台泥","38.15","＋","認購","美式","112年05月11日","112年05月11日","112年12月07日","112年12月11日","0.352","    39.65","","",
="044361","台泥元大31購03","0.00","","1101","台泥","38.15","＋","認購","美式","112年05月11日","112年05月11日","113年01月08日","113年01月10日","0.386","    41.90","","",
="044362","台泥元大35購02","0.93","＋","1101","台泥","38.15","＋","認購","美式","112年05月11日","112年05月11日","113年05月08日","113年05月10日","0.734","    53.90","","",
="044363","中石化元大2B購02","0.00","","1314","中石化","9.72","－","認購","美式","112年05月11日","112年05月11日","112年11月08日","112年11月10日","0.785","    10.50","","",
="044364","東陽元大2B購01","1.00","","1319","東陽","49.90","＋","認購","美式","112年05月11日","112年05月11日","112年11月08日","112年11月10日","0.402","    62.50","","",
="044365","士電元大2C購08","0.00","","1503","士電","143.50","＋","認購","美式","112年05月11日","112年05月11日","112年12月07日","112年12月11日","0.059","    169.00","","",
="044366","士電元大31購03","0.00","","1503","士電","143.50","＋","認購","美式","112年05月11日","112年05月11日","113年01月08日","113年01月10日","0.057","    172.50","","",
="044367","士電元大35購03","1.75","＋","1503","士電","143.50","＋","認購","美式","112年05月11日","112年05月11日","113年05月08日","113年05月10日","0.05","    179.00","","",
="044368","中興電元大31購01","1.22","＋","1513","中興電","113.50","＋","認購","美式","112年05月11日","112年05月11日","113年01月08日","113年01月10日","0.125","    155.00","","",
="044369","中興電元大31購02","1.17","＋","1513","中興電","113.50","＋","認購","美式","112年05月11日","112年05月11日","113年01月08日","113年01月10日","0.10","    145.00","","",
="04436P","裕隆群益26售02","0.00","","2201","裕隆","82.80","＋","認售","歐式","111年12月12日","112年06月12日","112年06月08日","112年06月12日","0.40","    50.00","","",
="04436U","臺股指群益28售16","0.99","－","IX0001","臺股指數","16,636.30","","認售","歐式","112年02月17日","112年08月16日","112年08月14日","112年08月16日","0.002","    15,600.00","","",
="044370","中化元大2B購02","0.00","","1701","中化","25.95","＋","認購","美式","112年05月11日","112年05月11日","112年11月08日","112年11月10日","0.359","    27.55","","",
="044371","台積電元大2C購15","0.00","","2330","台積電","568.00","＋","認購","美式","112年05月11日","112年05月11日","112年12月07日","112年12月11日","0.12","    600.00","","",
="044372","台積電元大31購09","0.00","","2330","台積電","568.00","＋","認購","美式","112年05月11日","112年05月11日","113年01月08日","113年01月10日","0.096","    608.00","","",
="044373","台積電元大35購03","3.98","＋","2330","台積電","568.00","＋","認購","美式","112年05月11日","112年05月11日","113年05月08日","113年05月10日","0.071","    643.00","","",
="044374","建準元大2C購02","2.28","＋","2421","建準","89.00","＋","認購","美式","112年05月11日","112年05月11日","112年12月07日","112年12月11日","0.115","    85.00","","",
="044375","全新元大2C購01","0.00","","2455","全新","100.00","","認購","美式","112年05月11日","112年05月11日","112年12月07日","112年12月11日","0.116","    133.00","","",
="044376","晶華元大2C購03","0.00","","2707","晶華","288.00","＋","認購","美式","112年05月11日","112年05月11日","112年12月07日","112年12月11日","0.055","    344.50","","",
="044377","神基元大2C購05","0.00","","3005","神基","69.40","＋","認購","美式","112年05月11日","112年05月11日","112年12月07日","112年12月11日","0.422","    78.90","","",
="044378","大立光元大2C購03","1.62","＋","3008","大立光","2,305.00","＋","認購","美式","112年05月11日","112年05月11日","112年12月07日","112年12月11日","0.004","    2,090.00","","",
="044379","大立光元大31購03","1.60","","3008","大立光","2,305.00","＋","認購","美式","112年05月11日","112年05月11日","113年01月08日","113年01月10日","0.004","    2,145.00","","",
="04437U","台灣50元富28售07","0.00","",="0050","元大台灣50","126.75","＋","認售","歐式","112年02月17日","112年08月16日","112年08月14日","112年08月16日","1.00","    108.00","","",
="044380","大立光元大35購02","1.61","＋","3008","大立光","2,305.00","＋","認購","美式","112年05月11日","112年05月11日","113年05月08日","113年05月10日","0.005","    2,390.00","","",
="044381","奇鋐元大2C購09","1.64","－","3017","奇鋐","206.00","－","認購","美式","112年05月11日","112年05月11日","112年12月07日","112年12月11日","0.051","    215.00","","",
="044382","大眾控元大2B購01","1.84","＋","3701","大眾控","67.10","＋","認購","美式","112年05月11日","112年05月11日","112年11月08日","112年11月10日","0.314","    80.20","","",
="044383","永崴控元大2B購02","0.85","＋","3712","永崴投控","37.10","＋","認購","美式","112年05月11日","112年05月11日","112年11月08日","112年11月10日","0.196","    39.80","","",
="044384","邁達特元大2B購04","2.27","＋","6112","邁達特","71.70","＋","認購","美式","112年05月11日","112年05月11日","112年11月08日","112年11月10日","0.133","    65.50","","",
="044385","台郡元大2B購02","0.00","","6269","台郡","99.00","＋","認購","美式","112年05月11日","112年05月11日","112年11月08日","112年11月10日","0.135","    115.00","","",
="044386","迅得元大2C購01","0.46","＋","6438","迅得","113.50","＋","認購","美式","112年05月11日","112年05月11日","112年12月07日","112年12月11日","0.15","    175.00","","",
="044387","GIS元大2B購03","1.25","＋","6456","GIS-KY","75.40","＋","認購","美式","112年05月11日","112年05月11日","112年11月08日","112年11月10日","0.445","    92.50","","",
="044388","帝寶元大2C購02","0.00","","6605","帝寶","99.80","＋","認購","美式","112年05月11日","112年05月11日","112年12月07日","112年12月11日","0.055","    108.00","","",
="044389","勤誠元大2B購01","0.00","","8210","勤誠","101.00","＋","認購","美式","112年05月11日","112年05月11日","112年11月08日","112年11月10日","0.086","    84.80","","",
="04438P","國巨元大26售04","0.00","","2327","國巨","508.00","＋","認售","歐式","111年12月12日","112年06月12日","112年06月08日","112年06月12日","0.188","    280.00","","",
="04438U","元債2X元富2B售03","1.42","－",="00680L","元大美債20正2","10.96","＋","認售","歐式","112年02月17日","112年11月16日","112年11月14日","112年11月16日","1.00","    11.00","","",
="044390","宏全元大2B購01","0.79","＋","9939","宏全","106.50","＋","認購","美式","112年05月11日","112年05月11日","112年11月08日","112年11月10日","0.128","    125.00","","",
="044391","茂順元大2B購03","0.94","－","9942","茂順","155.00","－","認購","美式","112年05月11日","112年05月11日","112年11月08日","112年11月10日","0.04","    158.00","","",
="044392","SGBR2X統一35購01","0.89","＋",="00715L","期街口布蘭特正2","12.73","＋","認購","美式","112年05月11日","112年05月11日","113年05月08日","113年05月10日","0.20","    13.70","","",
="044393","士電統一35購02","0.78","＋","1503","士電","143.50","＋","認購","美式","112年05月11日","112年05月11日","113年05月08日","113年05月10日","0.015","    168.88","","",
="044394","華城統一34購01","1.12","＋","1519","華城","141.00","＋","認購","美式","112年05月11日","112年05月11日","113年04月08日","113年04月10日","0.029","    156.66","","",
="044395","長榮統一33購09","3.58","＋","2603","長榮","157.00","＋","認購","美式","112年05月11日","112年05月11日","113年03月07日","113年03月11日","0.066","    111.11","","",
="044396","漢翔統一33購02","0.74","＋","2634","漢翔","55.80","＋","認購","美式","112年05月11日","112年05月11日","113年03月07日","113年03月11日","0.07","    65.80","","",
="044397","欣興統一35購01","1.20","－","3037","欣興","182.50","－","認購","美式","112年05月11日","112年05月11日","113年05月08日","113年05月10日","0.025","    177.77","","",
="044398","世芯統一32購09","1.35","＋","3661","世芯-KY","1,660.00","＋","認購","美式","112年05月11日","112年05月11日","113年02月02日","113年02月15日","0.003","    1,637.50","","",
="044399","力智統一31購02","0.58","","6719","力智","303.00","＋","認購","美式","112年05月11日","112年05月11日","113年01月08日","113年01月10日","0.011","    333.33","","",
="04439P","友達元大28售03","0.00","","2409","友達","17.65","＋","認售","歐式","111年12月12日","112年08月11日","112年08月09日","112年08月11日","1.00","    11.35","","",
="04439U","台積電元富28售16","0.00","","2330","台積電","568.00","＋","認售","歐式","112年02月17日","112年08月16日","112年08月14日","112年08月16日","0.05","    467.47","","",
="044400","神基台新2B購01","2.01","＋","3005","神基","69.40","＋","認購","歐式","112年05月11日","112年11月10日","112年11月08日","112年11月10日","0.20","    65.16","","",
="044401","欣興台新2C購01","1.75","－","3037","欣興","182.50","－","認購","歐式","112年05月11日","112年12月11日","112年12月07日","112年12月11日","0.055","    171.99","","",
="044402","士電元富2B購01","3.31","＋","1503","士電","143.50","＋","認購","美式","112年05月11日","112年05月11日","112年11月08日","112年11月10日","0.20","    160.00","","",
="044403","士電元富32購02","3.41","＋","1503","士電","143.50","＋","認購","美式","112年05月11日","112年05月11日","113年02月02日","113年02月15日","0.20","    180.00","","",
="044404","華城元富35購01","0.00","","1519","華城","141.00","＋","認購","美式","112年05月11日","112年05月11日","113年05月08日","113年05月10日","0.059","    110.00","","",
="044405","美時元富32購01","3.35","－","1795","美時","330.50","＋","認購","美式","112年05月11日","112年05月11日","113年02月02日","113年02月15日","0.07","    380.00","","",
="044406","裕隆元富32購02","1.29","－","2201","裕隆","82.80","＋","認購","美式","112年05月11日","112年05月11日","113年02月02日","113年02月15日","0.23","    115.00","","",
="044407","鴻海元富2B購02","0.65","＋","2317","鴻海","105.50","＋","認購","美式","112年05月11日","112年05月11日","112年11月08日","112年11月10日","0.06","    100.00","","",
="044408","台積電元富2B購08","0.00","","2330","台積電","568.00","＋","認購","美式","112年05月11日","112年05月11日","112年11月08日","112年11月10日","0.02","    500.00","","",
="044409","乙盛元富31購01","2.84","－","5243","乙盛-KY","83.70","＋","認購","美式","112年05月11日","112年05月11日","113年01月08日","113年01月10日","0.155","    74.24","","",
="04440P","欣興元大26售10","0.00","","3037","欣興","182.50","－","認售","歐式","111年12月12日","112年06月12日","112年06月08日","112年06月12日","0.095","    130.50","","",
="04440U","臺股指法興28售06","0.35","－","IX0001","臺股指數","16,636.30","","認售","歐式","112年02月17日","112年08月16日","112年08月14日","112年08月16日","0.003","    14,800.00","","",
="044410","聚陽麥證2B購01","0.81","＋","1477","聚陽","219.00","＋","認購","歐式","112年05月11日","112年11月10日","112年11月08日","112年11月10日","0.05","    250.00","","",
="044411","華城麥證2B購02","1.77","＋","1519","華城","141.00","＋","認購","歐式","112年05月11日","112年11月10日","112年11月08日","112年11月10日","0.056","    130.00","","",
="044412","新光金麥證31購01","0.93","＋","2888","新光金","8.63","＋","認購","歐式","112年05月11日","113年01月10日","113年01月08日","113年01月10日","1.00","    8.88","","",
="044413","東元國票2B購03","1.87","＋","1504","東元","51.80","＋","認購","美式","112年05月11日","112年05月11日","112年11月08日","112年11月10日","0.30","    55.00","","",
="044414","台積電國票2C購05","4.03","＋","2330","台積電","568.00","＋","認購","美式","112年05月11日","112年05月11日","112年12月07日","112年12月11日","0.06","    540.00","","",
="044415","台積電國票31購01","3.76","","2330","台積電","568.00","＋","認購","美式","112年05月11日","112年05月11日","113年01月08日","113年01月10日","0.25","    750.00","","",
="044416","建準國票2C購01","5.25","＋","2421","建準","89.00","＋","認購","美式","112年05月11日","112年05月11日","112年12月07日","112年12月11日","0.20","    70.00","","",
="044417","宏達電國票31購02","2.29","＋","2498","宏達電","61.50","＋","認購","美式","112年05月11日","112年05月11日","113年01月08日","113年01月10日","0.35","    68.00","","",
="044418","陽明國票2B購01","1.52","＋","2609","陽明","62.00","＋","認購","美式","112年05月11日","112年05月11日","112年11月08日","112年11月10日","0.20","    60.00","","",
="044419","陽明國票2C購02","1.51","","2609","陽明","62.00","＋","認購","美式","112年05月11日","112年05月11日","112年12月07日","112年12月11日","0.30","    67.50","","",
="04441U","臺股指法興28售07","0.54","－","IX0001","臺股指數","16,636.30","","認售","歐式","112年02月17日","112年08月16日","112年08月14日","112年08月16日","0.003","    15,200.00","","",
="044420","神基國票2C購02","0.00","","3005","神基","69.40","＋","認購","美式","112年05月11日","112年05月11日","112年12月07日","112年12月11日","1.00","    90.00","","",
="044421","邁達特國票31購01","1.71","＋","6112","邁達特","71.70","＋","認購","美式","112年05月11日","112年05月11日","113年01月08日","113年01月10日","0.12","    74.50","","",
="044422","啟碁國票2C購01","1.31","＋","6285","啟碁","87.50","＋","認購","美式","112年05月11日","112年05月11日","112年12月07日","112年12月11日","0.193","    100.00","","",
="044423","迅得國票31購01","0.00","","6438","迅得","113.50","＋","認購","美式","112年05月11日","112年05月11日","113年01月08日","113年01月10日","0.08","    150.00","","",
="044424","威鋒電國票31購01","0.00","","6756","威鋒電子","223.00","＋","認購","美式","112年05月11日","112年05月11日","113年01月08日","113年01月10日","0.102","    300.00","","",
="044425","國巨國泰31購01","1.48","＋","2327","國巨","508.00","＋","認購","美式","112年05月11日","112年05月11日","113年01月08日","113年01月10日","0.04","    595.00","","",
="044426","長榮國泰31購02","0.80","＋","2603","長榮","157.00","＋","認購","美式","112年05月11日","112年05月11日","113年01月08日","113年01月10日","0.05","    168.30","","",
="044427","長榮國泰31購03","0.94","＋","2603","長榮","157.00","＋","認購","美式","112年05月11日","112年05月11日","113年01月08日","113年01月10日","0.07","    175.95","","",
="044428","康舒國泰31購01","1.59","＋","6282","康舒","44.05","＋","認購","美式","112年05月11日","112年05月11日","113年01月08日","113年01月10日","0.40","    54.00","","",
="044429","富邦媒國泰31購01","1.11","","8454","富邦媒","703.00","＋","認購","美式","112年05月11日","112年05月11日","113年01月08日","113年01月10日","0.02","    930.00","","",
="04442P","玉晶光元大26售05","0.00","","3406","玉晶光","400.00","＋","認售","歐式","111年12月12日","112年06月12日","112年06月08日","112年06月12日","0.044","    325.00","","",
="04442U","臺股指法興28售08","0.83","－","IX0001","臺股指數","16,636.30","","認售","歐式","112年02月17日","112年08月16日","112年08月14日","112年08月16日","0.002","    16,000.00","","",
="044430","元油反富邦35購01","0.00","",="00673R","期元大S&P原油反1(原名：元大S&P原油反1)","9.03","－","認購","美式","112年05月11日","112年05月11日","113年05月08日","113年05月10日","1.00","    12.50","","",
="044431","鴻海富邦2C購01","0.50","","2317","鴻海","105.50","＋","認購","美式","112年05月11日","112年05月11日","112年12月07日","112年12月11日","0.10","    110.00","","",
="044432","萬海富邦2C購05","1.10","＋","2615","萬海","60.00","＋","認購","美式","112年05月11日","112年05月11日","112年12月07日","112年12月11日","0.30","    75.00","","",
="044433","大立光富邦33購03","1.31","＋","3008","大立光","2,305.00","＋","認購","美式","112年05月11日","112年05月11日","113年03月07日","113年03月11日","0.003","    2,000.00","","",
="044434","大立光富邦35購02","1.88","＋","3008","大立光","2,305.00","＋","認購","美式","112年05月11日","112年05月11日","113年05月08日","113年05月10日","0.015","    3,000.00","","",
="044435","奇鋐富邦31購01","0.00","","3017","奇鋐","206.00","－","認購","美式","112年05月11日","112年05月11日","113年01月08日","113年01月10日","0.05","    250.00","","",
="044436","拓凱富邦32購01","0.71","＋","4536","拓凱","196.50","＋","認購","美式","112年05月11日","112年05月11日","113年02月02日","113年02月15日","0.03","    230.00","","",
="044437","長榮第一31購01","0.70","","2603","長榮","157.00","＋","認購","美式","112年05月12日","112年05月12日","113年01月09日","113年01月11日","0.035","    162.18","","",
="044438","美食第一2B購01","0.53","－","2723","美食-KY","152.50","－","認購","美式","112年05月12日","112年05月12日","112年11月09日","112年11月13日","0.03","    170.23","","",
="044439","元債2X中信31購02","1.52","＋",="00680L","元大美債20正2","10.96","＋","認購","歐式","112年05月12日","113年01月11日","113年01月09日","113年01月11日","1.00","    11.60","","",
="04443P","健策元大26售02","0.00","","3653","健策","616.00","＋","認售","歐式","111年12月12日","112年06月12日","112年06月08日","112年06月12日","0.071","    283.00","","",
="04443U","臺股指法興28售09","0.63","－","IX0001","臺股指數","16,636.30","","認售","歐式","112年02月17日","112年08月16日","112年08月14日","112年08月16日","0.001","    16,400.00","","",
="044440","中興電永豐32購01","0.83","＋","1513","中興電","113.50","＋","認購","美式","112年05月12日","112年05月12日","113年02月02日","113年02月15日","0.05","    119.03","","",
="044441","大亞永豐31購01","0.99","＋","1609","大亞","31.00","＋","認購","美式","112年05月12日","112年05月12日","113年01月09日","113年01月11日","0.54","    41.00","","",
="044442","美時永豐2B購02","1.62","＋","1795","美時","330.50","＋","認購","美式","112年05月12日","112年05月12日","112年11月09日","112年11月13日","0.05","    370.00","","",
="044443","漢翔永豐32購01","1.58","＋","2634","漢翔","55.80","＋","認購","美式","112年05月12日","112年05月12日","113年02月02日","113年02月15日","0.20","    61.21","","",
="044444","矽力永豐2C購01","0.62","＋","6415","矽力*-KY","394.50","＋","認購","美式","112年05月12日","112年05月12日","112年12月07日","112年12月11日","0.015","    494.78","","",
="044445","帝寶永豐2C購01","0.53","＋","6605","帝寶","99.80","＋","認購","美式","112年05月12日","112年05月12日","112年12月07日","112年12月11日","0.152","    149.10","","",
="044446","南電永豐2C購01","1.32","－","8046","南電","302.50","－","認購","美式","112年05月12日","112年05月12日","112年12月07日","112年12月11日","0.041","    336.30","","",
="044447","士電兆豐2B購02","3.90","＋","1503","士電","143.50","＋","認購","美式","112年05月12日","112年05月12日","112年11月09日","112年11月13日","0.165","    149.88","","",
="044448","華城兆豐2C購01","5.15","＋","1519","華城","141.00","＋","認購","美式","112年05月12日","112年05月12日","112年12月07日","112年12月11日","0.16","    133.88","","",
="044449","大亞兆豐34購01","1.40","","1609","大亞","31.00","＋","認購","美式","112年05月12日","112年05月12日","113年04月09日","113年04月11日","0.28","    32.80","","",
="04444P","南電元大26售08","0.00","","8046","南電","302.50","－","認售","歐式","111年12月12日","112年06月12日","112年06月08日","112年06月12日","0.044","    250.00","","",
="04444U","台灣50元大28售13","0.49","－",="0050","元大台灣50","126.75","＋","認售","歐式","112年02月17日","112年08月16日","112年08月14日","112年08月16日","0.30","    116.00","","",
="044450","長榮兆豐31購01","1.02","＋","2603","長榮","157.00","＋","認購","美式","112年05月12日","112年05月12日","113年01月09日","113年01月11日","0.05","    155.00","","",
="044451","漢翔兆豐31購01","1.29","＋","2634","漢翔","55.80","＋","認購","美式","112年05月12日","112年05月12日","113年01月09日","113年01月11日","0.15","    60.00","","",
="044452","威強電兆豐2B購01","1.75","","3022","威強電","91.20","＋","認購","美式","112年05月12日","112年05月12日","112年11月09日","112年11月13日","0.168","    96.88","","",
="044453","台勝科兆豐31購01","1.13","＋","3532","台勝科","157.00","＋","認購","美式","112年05月12日","112年05月12日","113年01月09日","113年01月11日","0.05","    168.00","","",
="044454","健策兆豐2B購02","8.30","＋","3653","健策","616.00","＋","認購","美式","112年05月12日","112年05月12日","112年11月09日","112年11月13日","0.08","    599.88","","",
="044455","三福化兆豐2B購01","1.30","＋","4755","三福化","131.00","＋","認購","美式","112年05月12日","112年05月12日","112年11月09日","112年11月13日","0.12","    158.58","","",
="044456","嘉聯益兆豐2B購01","1.20","＋","6153","嘉聯益","23.15","＋","認購","美式","112年05月12日","112年05月12日","112年11月09日","112年11月13日","1.00","    29.88","","",
="044457","南電法興2B購01","0.00","","8046","南電","302.50","－","認購","歐式","112年05月12日","112年11月13日","112年11月09日","112年11月13日","0.06","    380.00","","",
="044458","美債2X元富2B購02","0.89","＋",="00688L","國泰20年美債正2","10.74","＋","認購","美式","112年05月12日","112年05月12日","112年11月09日","112年11月13日","0.922","    11.50","","",
="044459","鴻海元富2B購03","0.32","","2317","鴻海","105.50","＋","認購","美式","112年05月12日","112年05月12日","112年11月09日","112年11月13日","0.20","    130.00","","",
="04445P","台積電富邦2A售05","0.00","","2330","台積電","568.00","＋","認售","歐式","111年12月12日","112年10月11日","112年10月05日","112年10月11日","0.075","    346.13","","",
="04445U","台灣50元大28售14","0.00","",="0050","元大台灣50","126.75","＋","認售","歐式","112年02月17日","112年08月16日","112年08月14日","112年08月16日","0.30","    114.00","","",
="044460","鴻海元富32購01","0.34","＋","2317","鴻海","105.50","＋","認購","美式","112年05月12日","112年05月12日","113年02月02日","113年02月15日","0.20","    140.00","","",
="044461","台積電元富2B購10","1.54","","2330","台積電","568.00","＋","認購","美式","112年05月12日","112年05月12日","112年11月09日","112年11月13日","0.03","    550.00","","",
="044462","台積電元富2B購11","0.00","","2330","台積電","568.00","＋","認購","美式","112年05月12日","112年05月12日","112年11月09日","112年11月13日","0.02","    500.00","","",
="044463","康舒元富32購01","2.48","","6282","康舒","44.05","＋","認購","美式","112年05月12日","112年05月12日","113年02月02日","113年02月15日","0.31","    50.00","","",
="044464","東元麥證2B購01","0.99","＋","1504","東元","51.80","＋","認購","歐式","112年05月12日","112年11月13日","112年11月09日","112年11月13日","0.38","    70.00","","",
="044465","奇鋐麥證2B購03","2.98","－","3017","奇鋐","206.00","－","認購","歐式","112年05月12日","112年11月13日","112年11月09日","112年11月13日","0.25","    270.00","","",
="044466","永續半凱基2B購01","1.15","",="00891","中信關鍵半導體","13.44","＋","認購","美式","112年05月12日","112年05月12日","112年11月09日","112年11月13日","1.01","    14.73","","",
="044467","士電凱基2C購06","1.48","＋","1503","士電","143.50","＋","認購","美式","112年05月12日","112年05月12日","112年12月07日","112年12月11日","0.04","    135.00","","",
="044468","東元凱基2C購02","1.75","＋","1504","東元","51.80","＋","認購","美式","112年05月12日","112年05月12日","112年12月07日","112年12月11日","0.50","    67.00","","",
="044469","中華凱基2C購03","2.95","－","2204","中華","91.60","－","認購","美式","112年05月12日","112年05月12日","112年12月07日","112年12月11日","0.50","    110.00","","",
="04446P","智原康和26售02","0.00","","3035","智原","173.50","＋","認售","歐式","111年12月13日","112年06月12日","112年06月08日","112年06月12日","0.05","    135.00","","",
="04446U","台灣50元大28售15","0.00","",="0050","元大台灣50","126.75","＋","認售","歐式","112年02月17日","112年08月16日","112年08月14日","112年08月16日","0.25","    118.00","","",
="044470","台達電凱基2B購04","1.46","－","2308","台達電","315.50","－","認購","美式","112年05月12日","112年05月12日","112年11月09日","112年11月13日","0.16","    370.00","","",
="044471","仁寶凱基2B購01","2.02","＋","2324","仁寶","28.15","＋","認購","美式","112年05月12日","112年05月12日","112年11月09日","112年11月13日","0.80","    28.00","","",
="044472","台積電凱基2B購12","4.27","＋","2330","台積電","568.00","＋","認購","美式","112年05月12日","112年05月12日","112年11月09日","112年11月13日","0.085","    558.00","","",
="044473","台積電凱基33購06","4.99","＋","2330","台積電","568.00","＋","認購","美式","112年05月12日","112年05月12日","113年03月07日","113年03月11日","0.20","    710.00","","",
="044474","聯發科凱基2B購13","3.66","＋","2454","聯發科","738.00","＋","認購","美式","112年05月12日","112年05月12日","112年11月09日","112年11月13日","0.16","    980.00","","",
="044475","長榮凱基2C購11","1.35","＋","2603","長榮","157.00","＋","認購","美式","112年05月12日","112年05月12日","112年12月07日","112年12月11日","0.08","    161.00","","",
="044476","晶華凱基2C購05","0.00","","2707","晶華","288.00","＋","認購","美式","112年05月12日","112年05月12日","112年12月07日","112年12月11日","0.12","    410.00","","",
="044477","國泰金凱基2B購02","1.91","＋","2882","國泰金","44.75","＋","認購","美式","112年05月12日","112年05月12日","112年11月09日","112年11月13日","0.50","    45.00","","",
="044478","神基凱基2B購03","2.45","＋","3005","神基","69.40","＋","認購","美式","112年05月12日","112年05月12日","112年11月09日","112年11月13日","0.30","    68.00","","",
="044479","欣興凱基2B購17","2.15","－","3037","欣興","182.50","－","認購","美式","112年05月12日","112年05月12日","112年11月09日","112年11月13日","0.12","    205.00","","",
="04447P","S&P正2國票28售01","0.00","",="00647L","元大S&P500正2","57.80","＋","認售","歐式","111年12月13日","112年08月14日","112年08月10日","112年08月14日","0.216","    46.00","","",
="04447U","台灣50元大29售12","0.52","－",="0050","元大台灣50","126.75","＋","認售","歐式","112年02月17日","112年09月18日","112年09月14日","112年09月18日","0.25","    115.00","","",
="044480","緯創凱基2B購15","4.06","＋","3231","緯創","68.00","＋","認購","美式","112年05月12日","112年05月12日","112年11月09日","112年11月13日","0.20","    50.50","","",
="044481","京鼎凱基2B購01","0.95","＋","3413","京鼎","193.00","＋","認購","美式","112年05月12日","112年05月12日","112年11月09日","112年11月13日","0.10","    240.00","","",
="044482","創意凱基31購08","2.61","＋","3443","創意","1,515.00","＋","認購","美式","112年05月12日","112年05月12日","113年01月09日","113年01月11日","0.006","    1,250.00","","",
="044483","群創凱基2C購04","1.02","＋","3481","群創","14.10","＋","認購","美式","112年05月12日","112年05月12日","112年12月07日","112年12月11日","0.70","    14.50","","",
="044484","大眾控凱基2B購02","1.98","","3701","大眾控","67.10","＋","認購","美式","112年05月12日","112年05月12日","112年11月09日","112年11月13日","0.35","    80.00","","",
="044485","合勤控凱基2C購01","1.32","＋","3704","合勤控","43.85","＋","認購","美式","112年05月12日","112年05月12日","112年12月07日","112年12月11日","0.165","    42.00","","",
="044486","元晶凱基2C購02","1.75","＋","6443","元晶","36.20","＋","認購","美式","112年05月12日","112年05月12日","112年12月07日","112年12月11日","0.40","    37.00","","",
="044487","視陽凱基31購01","0.00","","6782","視陽","230.00","＋","認購","美式","112年05月12日","112年05月12日","113年01月09日","113年01月11日","0.025","    310.00","","",
="044488","宏全凱基2B購01","0.88","＋","9939","宏全","106.50","＋","認購","美式","112年05月12日","112年05月12日","112年11月09日","112年11月13日","0.125","    120.00","","",
="044489","東元國票31購01","2.03","＋","1504","東元","51.80","＋","認購","美式","112年05月12日","112年05月12日","113年01月09日","113年01月11日","0.35","    60.00","","",
="04448P","群臺2X國票28售01","0.00","",="00685L","群益臺灣加權正2","46.05","＋","認售","歐式","111年12月13日","112年08月14日","112年08月10日","112年08月14日","0.244","    32.00","","",
="04448U","台灣50元大29售13","0.62","",="0050","元大台灣50","126.75","＋","認售","歐式","112年02月17日","112年09月18日","112年09月14日","112年09月18日","0.25","    117.00","","",
="044490","建準國票2C購02","5.25","＋","2421","建準","89.00","＋","認購","美式","112年05月12日","112年05月12日","112年12月07日","112年12月11日","0.26","    80.00","","",
="044491","宏達電國票2C購03","2.57","","2498","宏達電","61.50","＋","認購","美式","112年05月12日","112年05月12日","112年12月07日","112年12月11日","0.25","    58.00","","",
="044492","漢翔國票2C購02","0.00","","2634","漢翔","55.80","＋","認購","美式","112年05月12日","112年05月12日","112年12月07日","112年12月11日","1.00","    81.00","","",
="044493","亞光國票2B購01","1.57","","3019","亞光","65.20","＋","認購","美式","112年05月12日","112年05月12日","112年11月09日","112年11月13日","0.25","    72.00","","",
="044494","智原國票2C購01","1.49","＋","3035","智原","173.50","＋","認購","美式","112年05月12日","112年05月12日","112年12月07日","112年12月11日","0.153","    240.00","","",
="044495","邁達特國票32購01","1.55","＋","6112","邁達特","71.70","＋","認購","美式","112年05月12日","112年05月12日","113年02月02日","113年02月15日","0.16","    94.65","","",
="044496","華新國泰31購01","1.46","＋","1605","華新","46.60","＋","認購","美式","112年05月12日","112年05月12日","113年01月09日","113年01月11日","0.40","    56.00","","",
="044497","威盛富邦31購01","0.86","＋","2388","威盛","83.10","＋","認購","美式","112年05月12日","112年05月12日","113年01月09日","113年01月11日","0.08","    98.00","","",
="044498","漢翔富邦31購01","0.89","＋","2634","漢翔","55.80","＋","認購","美式","112年05月12日","112年05月12日","113年01月09日","113年01月11日","0.20","    70.00","","",
="044499","神基富邦33購01","1.61","＋","3005","神基","69.40","＋","認購","美式","112年05月12日","112年05月12日","113年03月07日","113年03月11日","0.28","    80.00","","",
="04449U","S&P正2元大29售01","0.00","",="00647L","元大S&P500正2","57.80","＋","認售","歐式","112年02月17日","112年09月18日","112年09月14日","112年09月18日","0.10","    52.00","","",
="044500","欣興富邦33購02","1.08","－","3037","欣興","182.50","－","認購","美式","112年05月12日","112年05月12日","113年03月07日","113年03月11日","0.09","    240.00","","",
="044501","南電富邦33購01","0.95","－","8046","南電","302.50","－","認購","美式","112年05月12日","112年05月12日","113年03月07日","113年03月11日","0.025","    330.00","","",
="044502","大亞康和2B購01","1.05","＋","1609","大亞","31.00","＋","認購","美式","112年05月12日","112年05月12日","112年11月09日","112年11月13日","0.50","    37.50","","",
="044503","美時康和2B購01","1.78","＋","1795","美時","330.50","＋","認購","美式","112年05月12日","112年05月12日","112年11月09日","112年11月13日","0.04","    345.00","","",
="044504","智易康和2B購01","0.83","－","3596","智易","115.00","＋","認購","美式","112年05月12日","112年05月12日","112年11月09日","112年11月13日","0.10","    133.00","","",
="044505","上品康和2B購01","1.30","＋","4770","上品","297.00","＋","認購","美式","112年05月12日","112年05月12日","112年11月09日","112年11月13日","0.04","    345.00","","",
="044506","南電康和2B購03","1.48","－","8046","南電","302.50","－","認購","美式","112年05月12日","112年05月12日","112年11月09日","112年11月13日","0.06","    345.00","","",
="044507","台泥統一31購01","0.00","","1101","台泥","38.15","＋","認購","美式","112年05月12日","112年05月12日","113年01月09日","113年01月11日","0.20","    42.30","","",
="044508","士電統一33購05","0.00","","1503","士電","143.50","＋","認購","美式","112年05月12日","112年05月12日","113年03月07日","113年03月11日","0.03","    132.70","","",
="044509","士電統一35購03","0.93","＋","1503","士電","143.50","＋","認購","美式","112年05月12日","112年05月12日","113年05月09日","113年05月13日","0.023","    145.00","","",
="04450P","光罩群益28售03","0.00","","2338","光罩","81.80","＋","認售","歐式","111年12月13日","112年08月14日","112年08月10日","112年08月14日","0.15","    65.00","","",
="04450U","上銀元大28售06","0.00","","2049","上銀","235.50","＋","認售","歐式","112年02月17日","112年08月16日","112年08月14日","112年08月16日","0.095","    199.75","","",
="044510","東元統一32購02","1.03","","1504","東元","51.80","＋","認購","美式","112年05月12日","112年05月12日","113年02月02日","113年02月15日","0.10","    52.60","","",
="044511","華新統一2C購06","0.56","＋","1605","華新","46.60","＋","認購","美式","112年05月12日","112年05月12日","112年12月07日","112年12月11日","0.088","    47.77","","",
="044512","大亞統一35購01","0.62","","1609","大亞","31.00","＋","認購","美式","112年05月12日","112年05月12日","113年05月09日","113年05月13日","0.095","    36.50","","",
="044513","漢翔統一32購03","0.94","","2634","漢翔","55.80","＋","認購","美式","112年05月12日","112年05月12日","113年02月02日","113年02月15日","0.085","    63.90","","",
="044514","欣興統一32購02","1.47","＋","3037","欣興","182.50","－","認購","美式","112年05月12日","112年05月12日","113年02月02日","113年02月15日","0.04","    188.88","","",
="044515","欣興統一33購02","1.16","－","3037","欣興","182.50","－","認購","美式","112年05月12日","112年05月12日","113年03月07日","113年03月11日","0.03","    188.40","","",
="044516","緯創統一32購02","2.50","＋","3231","緯創","68.00","＋","認購","美式","112年05月12日","112年05月12日","113年02月02日","113年02月15日","0.15","    60.00","","",
="044517","台勝科統一32購01","0.95","＋","3532","台勝科","157.00","＋","認購","美式","112年05月12日","112年05月12日","113年02月02日","113年02月15日","0.03","    167.00","","",
="044518","力智統一31購03","0.84","＋","6719","力智","303.00","＋","認購","美式","112年05月12日","112年05月12日","113年01月09日","113年01月11日","0.015","    325.00","","",
="044519","南電統一33購02","0.71","","8046","南電","302.50","－","認購","美式","112年05月12日","112年05月12日","113年03月07日","113年03月11日","0.013","    336.30","","",
="04451P","長榮凱基26售03","0.00","","2603","長榮","157.00","＋","認售","歐式","111年10月18日","112年06月19日","112年06月15日","112年06月19日","0.30","    85.00","","",
="04451U","上銀元大28售07","0.00","","2049","上銀","235.50","＋","認售","歐式","112年02月17日","112年08月16日","112年08月14日","112年08月16日","0.063","    223.25","","",
="044520","南電統一33購03","0.85","－","8046","南電","302.50","－","認購","美式","112年05月12日","112年05月12日","113年03月07日","113年03月11日","0.015","    322.20","","",
="044521","台泥元大2C購06","0.00","","1101","台泥","38.15","＋","認購","美式","112年05月12日","112年05月12日","112年12月07日","112年12月11日","0.453","    40.75","","",
="044522","台泥元大31購04","0.00","","1101","台泥","38.15","＋","認購","美式","112年05月12日","112年05月12日","113年01月09日","113年01月11日","0.686","    46.70","","",
="044523","聚陽元大2B購01","0.59","","1477","聚陽","219.00","＋","認購","美式","112年05月12日","112年05月12日","112年11月09日","112年11月13日","0.094","    295.00","","",
="044524","士電元大2C購09","0.00","","1503","士電","143.50","＋","認購","美式","112年05月12日","112年05月12日","112年12月07日","112年12月11日","0.039","    126.00","","",
="044525","東元元大2C購06","1.81","＋","1504","東元","51.80","＋","認購","美式","112年05月12日","112年05月12日","112年12月07日","112年12月11日","0.328","    60.20","","",
="044526","東元元大31購02","1.84","＋","1504","東元","51.80","＋","認購","美式","112年05月12日","112年05月12日","113年01月09日","113年01月11日","0.394","    66.20","","",
="044527","台達電元大2C購08","1.94","－","2308","台達電","315.50","－","認購","美式","112年05月12日","112年05月12日","112年12月07日","112年12月11日","0.183","    391.50","","",
="044528","廣宇元大2B購02","1.55","＋","2328","廣宇","39.40","＋","認購","美式","112年05月12日","112年05月12日","112年11月09日","112年11月13日","1.00","    50.00","","",
="044529","台積電元大2C購16","0.00","","2330","台積電","568.00","＋","認購","美式","112年05月12日","112年05月12日","112年12月07日","112年12月11日","0.057","    515.00","","",
="04452P","智原群益26售04","0.00","","3035","智原","173.50","＋","認售","歐式","111年12月13日","112年06月12日","112年06月08日","112年06月12日","0.13","    120.00","","",
="04452U","聯發科元大28售10","0.00","","2454","聯發科","738.00","＋","認售","歐式","112年02月17日","112年08月16日","112年08月14日","112年08月16日","0.03","    680.00","","",
="044530","台積電元大31購11","0.00","","2330","台積電","568.00","＋","認購","美式","112年05月12日","112年05月12日","113年01月09日","113年01月11日","0.072","    574.00","","",
="044531","台積電元大35購04","4.00","＋","2330","台積電","568.00","＋","認購","美式","112年05月12日","112年05月12日","113年05月09日","113年05月13日","0.077","    654.00","","",
="044532","全新元大2B購01","0.00","","2455","全新","100.00","","認購","美式","112年05月12日","112年05月12日","112年11月09日","112年11月13日","0.099","    129.00","","",
="044533","飛宏元大2C購01","1.46","＋","2457","飛宏","76.40","＋","認購","美式","112年05月12日","112年05月12日","112年12月07日","112年12月11日","0.131","    83.70","","",
="044534","漢翔元大2C購04","1.77","＋","2634","漢翔","55.80","＋","認購","美式","112年05月12日","112年05月12日","112年12月07日","112年12月11日","0.20","    62.50","","",
="044535","晶華元大2C購04","0.00","","2707","晶華","288.00","＋","認購","美式","112年05月12日","112年05月12日","112年12月07日","112年12月11日","0.05","    317.50","","",
="044536","晶華元大31購01","0.00","","2707","晶華","288.00","＋","認購","美式","112年05月12日","112年05月12日","113年01月09日","113年01月11日","0.056","    337.00","","",
="044537","晶華元大35購01","1.95","","2707","晶華","288.00","＋","認購","美式","112年05月12日","112年05月12日","113年05月09日","113年05月13日","0.05","    352.50","","",
="044538","晶豪科元大2B購02","1.18","＋","3006","晶豪科","88.20","＋","認購","美式","112年05月12日","112年05月12日","112年11月09日","112年11月13日","0.064","    78.50","","",
="044539","大立光元大2C購04","1.46","＋","3008","大立光","2,305.00","＋","認購","美式","112年05月12日","112年05月12日","112年12月07日","112年12月11日","0.006","    2,440.00","","",
="04453P","華航凱基28售01","0.00","","2610","華航","21.65","＋","認售","歐式","111年10月18日","112年08月17日","112年08月15日","112年08月17日","1.00","    11.00","","",
="04453U","聯發科元大28售11","1.51","－","2454","聯發科","738.00","＋","認售","歐式","112年02月17日","112年08月16日","112年08月14日","112年08月16日","0.023","    729.00","","",
="044540","大立光元大31購04","1.32","","3008","大立光","2,305.00","＋","認購","美式","112年05月12日","112年05月12日","113年01月09日","113年01月11日","0.007","    2,560.00","","",
="044541","大立光元大35購03","1.70","＋","3008","大立光","2,305.00","＋","認購","美式","112年05月12日","112年05月12日","113年05月09日","113年05月13日","0.006","    2,585.00","","",
="044542","欣興元大35購01","1.61","－","3037","欣興","182.50","－","認購","美式","112年05月12日","112年05月12日","113年05月09日","113年05月13日","0.059","    221.50","","",
="044543","緯創元大2C購15","5.20","＋","3231","緯創","68.00","＋","認購","美式","112年05月12日","112年05月12日","112年12月07日","112年12月11日","0.471","    69.40","","",
="044544","世芯元大2C購09","3.01","＋","3661","世芯-KY","1,660.00","＋","認購","美式","112年05月12日","112年05月12日","112年12月07日","112年12月11日","0.009","    1,745.00","","",
="044545","麗豐元大2B購01","0.95","","4137","麗豐-KY","216.00","＋","認購","美式","112年05月12日","112年05月12日","112年11月09日","112年11月13日","0.069","    297.00","","",
="044546","天鈺元大2B購03","0.85","－","4961","天鈺","154.00","＋","認購","美式","112年05月12日","112年05月12日","112年11月09日","112年11月13日","0.052","    180.00","","",
="044547","天鈺元大31購01","1.04","＋","4961","天鈺","154.00","＋","認購","美式","112年05月12日","112年05月12日","113年01月09日","113年01月11日","0.044","    171.00","","",
="044548","啟碁元大2C購07","0.00","","6285","啟碁","87.50","＋","認購","美式","112年05月12日","112年05月12日","112年12月07日","112年12月11日","0.18","    137.00","","",
="044549","富鼎元大2B購01","0.78","－","8261","富鼎","106.50","＋","認購","美式","112年05月12日","112年05月12日","112年11月09日","112年11月13日","0.07","    120.00","","",
="04454P","萬海凱基26售01","0.00","","2615","萬海","60.00","＋","認售","歐式","111年10月18日","112年06月19日","112年06月15日","112年06月19日","0.70","    42.00","","",
="04454U","長榮元大28售14","0.00","","2603","長榮","157.00","＋","認售","歐式","112年02月17日","112年08月16日","112年08月14日","112年08月16日","0.117","    135.50","","",
="044550","士電群益2B購03","2.16","＋","1503","士電","143.50","＋","認購","美式","112年05月12日","112年05月12日","112年11月09日","112年11月13日","0.055","    121.00","","",
="044551","飛宏群益2B購01","4.06","＋","2457","飛宏","76.40","＋","認購","美式","112年05月12日","112年05月12日","112年11月09日","112年11月13日","0.55","    93.00","","",
="044552","正文群益2B購01","2.00","＋","4906","正文","31.40","＋","認購","美式","112年05月12日","112年05月12日","112年11月09日","112年11月13日","0.46","    29.50","","",
="044553","愛普群益2B購07","3.65","＋","6531","愛普*","328.50","＋","認購","美式","112年05月12日","112年05月12日","112年11月09日","112年11月13日","0.14","    416.00","","",
="044554","臺股指群益2B購20","0.00","","IX0001","臺股指數","16,636.30","","認購","歐式","112年05月12日","112年11月13日","112年11月09日","112年11月13日","0.05","    19,100.00","","",
="044555","臺股指群益2C購09","0.00","","IX0001","臺股指數","16,636.30","","認購","歐式","112年05月12日","112年12月11日","112年12月07日","112年12月11日","0.008","    17,100.00","","",
="044556","臺股指群益2C購10","0.00","","IX0001","臺股指數","16,636.30","","認購","歐式","112年05月12日","112年12月11日","112年12月07日","112年12月11日","0.05","    19,600.00","","",
="044557","臺股指群益31購05","0.00","","IX0001","臺股指數","16,636.30","","認購","歐式","112年05月12日","113年01月11日","113年01月09日","113年01月11日","0.015","    18,600.00","","",
="044558","臺股指群益32購08","0.00","","IX0001","臺股指數","16,636.30","","認購","歐式","112年05月12日","113年02月15日","113年02月02日","113年02月15日","0.0025","    16,000.00","","",
="044559","臺股指群益33購05","2.60","","IX0001","臺股指數","16,636.30","","認購","歐式","112年05月12日","113年03月11日","113年03月07日","113年03月11日","0.08","    22,000.00","","",
="04455P","敦泰群益27售02","0.00","","3545","敦泰","83.70","＋","認售","歐式","111年12月13日","112年07月12日","112年07月10日","112年07月12日","0.108","    50.00","","",
="04455U","長榮元大28售15","1.03","－","2603","長榮","157.00","＋","認售","歐式","112年02月17日","112年08月16日","112年08月14日","112年08月16日","0.09","    141.00","","",
="044560","陽明永豐31購01","1.65","＋","2609","陽明","62.00","＋","認購","美式","112年05月15日","112年05月15日","113年01月11日","113年01月15日","0.255","    64.96","","",
="044561","長榮航永豐2B購01","0.00","","2618","長榮航","33.60","＋","認購","美式","112年05月15日","112年05月15日","112年11月10日","112年11月14日","0.25","    29.22","","",
="044562","奇鋐永豐31購02","1.38","－","3017","奇鋐","206.00","－","認購","美式","112年05月15日","112年05月15日","113年01月11日","113年01月15日","0.086","    262.24","","",
="044563","新唐永豐2C購01","0.69","＋","4919","新唐","130.50","＋","認購","美式","112年05月15日","112年05月15日","112年12月12日","112年12月14日","0.052","    147.21","","",
="044564","亞翔永豐2C購01","1.29","－","6139","亞翔","63.80","－","認購","美式","112年05月15日","112年05月15日","112年12月12日","112年12月14日","0.20","    73.78","","",
="044565","啟碁永豐31購02","0.00","","6285","啟碁","87.50","＋","認購","美式","112年05月15日","112年05月15日","113年01月11日","113年01月15日","0.081","    115.00","","",
="044566","承業醫兆豐31購02","0.82","－","4164","承業醫","64.10","","認購","美式","112年05月15日","112年05月15日","113年01月11日","113年01月15日","0.10","    75.00","","",
="044567","穎崴兆豐33購01","2.90","－","6515","穎崴","830.00","－","認購","美式","112年05月15日","112年05月15日","113年03月12日","113年03月14日","0.012","    688.00","","",
="044568","大立光中信2B購01","1.60","＋","3008","大立光","2,305.00","＋","認購","歐式","112年05月15日","112年11月14日","112年11月10日","112年11月14日","0.006","    2,358.00","","",
="044569","台泥凱基33購01","0.00","","1101","台泥","38.15","＋","認購","美式","112年05月15日","112年05月15日","113年03月12日","113年03月14日","1.00","    56.00","","",
="04456P","長榮航凱基2A售01","0.00","","2618","長榮航","33.60","＋","認售","歐式","111年10月18日","112年10月17日","112年10月13日","112年10月17日","1.00","    13.00","","",
="04456U","長榮元大28售16","0.00","","2603","長榮","157.00","＋","認售","歐式","112年02月17日","112年08月16日","112年08月14日","112年08月16日","0.072","    146.50","","",
="044570","大亞凱基2C購02","0.83","＋","1609","大亞","31.00","＋","認購","美式","112年05月15日","112年05月15日","112年12月12日","112年12月14日","0.17","    32.00","","",
="044571","台達電凱基2B購05","1.72","＋","2308","台達電","315.50","－","認購","美式","112年05月15日","112年05月15日","112年11月10日","112年11月14日","0.08","    330.00","","",
="044572","技嘉凱基31購01","3.68","－","2376","技嘉","186.00","＋","認購","美式","112年05月15日","112年05月15日","113年01月11日","113年01月15日","0.15","    190.00","","",
="044573","友達凱基2C購01","1.23","＋","2409","友達","17.65","＋","認購","美式","112年05月15日","112年05月15日","112年12月12日","112年12月14日","0.70","    18.50","","",
="044574","聯發科凱基2B購14","2.60","＋","2454","聯發科","738.00","＋","認購","美式","112年05月15日","112年05月15日","112年11月10日","112年11月14日","0.05","    830.00","","",
="044575","飛宏凱基2C購03","1.50","＋","2457","飛宏","76.40","＋","認購","美式","112年05月15日","112年05月15日","112年12月12日","112年12月14日","0.13","    82.00","","",
="044576","長榮凱基2B購14","1.15","＋","2603","長榮","157.00","＋","認購","美式","112年05月15日","112年05月15日","112年11月10日","112年11月14日","0.14","    182.00","","",
="044577","裕民凱基2C購01","0.85","","2606","裕民","49.75","＋","認購","美式","112年05月15日","112年05月15日","112年12月12日","112年12月14日","0.30","    65.00","","",
="044578","晶華凱基2C購06","0.00","","2707","晶華","288.00","＋","認購","美式","112年05月15日","112年05月15日","112年12月12日","112年12月14日","0.184","    422.00","","",
="044579","八方凱基31購01","0.93","－","2753","八方雲集","167.00","","認購","美式","112年05月15日","112年05月15日","113年01月11日","113年01月15日","0.06","    210.00","","",
="04457U","萬海元大28售11","1.47","－","2615","萬海","60.00","＋","認售","歐式","112年02月17日","112年08月16日","112年08月14日","112年08月16日","1.00","    44.65","","",
="044580","神基凱基2B購04","2.64","＋","3005","神基","69.40","＋","認購","美式","112年05月15日","112年05月15日","112年11月10日","112年11月14日","1.00","    87.00","","",
="044581","晶豪科凱基2B購03","2.25","＋","3006","晶豪科","88.20","＋","認購","美式","112年05月15日","112年05月15日","112年11月10日","112年11月14日","0.144","    80.00","","",
="044582","大立光凱基2C購03","2.26","＋","3008","大立光","2,305.00","＋","認購","美式","112年05月15日","112年05月15日","112年12月12日","112年12月14日","0.02","    2,900.00","","",
="044583","聯陽凱基31購01","1.84","＋","3014","聯陽","113.50","＋","認購","美式","112年05月15日","112年05月15日","113年01月11日","113年01月15日","0.20","    140.00","","",
="044584","聯陽凱基31購02","1.88","＋","3014","聯陽","113.50","＋","認購","美式","112年05月15日","112年05月15日","113年01月11日","113年01月15日","0.08","    100.00","","",
="044585","群創凱基2C購05","1.19","＋","3481","群創","14.10","＋","認購","美式","112年05月15日","112年05月15日","112年12月12日","112年12月14日","0.70","    14.00","","",
="044586","聯合再凱基2B購03","0.94","","3576","聯合再生","20.30","＋","認購","美式","112年05月15日","112年05月15日","112年11月10日","112年11月14日","0.60","    22.00","","",
="044587","世芯凱基31購03","2.64","＋","3661","世芯-KY","1,660.00","＋","認購","美式","112年05月15日","112年05月15日","113年01月11日","113年01月15日","0.01","    2,010.00","","",
="044588","永崴控凱基2B購03","0.00","","3712","永崴投控","37.10","＋","認購","美式","112年05月15日","112年05月15日","112年11月10日","112年11月14日","0.18","    40.00","","",
="044589","帝寶凱基2B購01","0.00","","6605","帝寶","99.80","＋","認購","美式","112年05月15日","112年05月15日","112年11月10日","112年11月14日","0.18","    140.00","","",
="04458U","萬海元大28售12","0.00","","2615","萬海","60.00","＋","認售","歐式","112年02月17日","112年08月16日","112年08月14日","112年08月16日","0.341","    59.60","","",
="044590","緯穎凱基2B購13","2.32","＋","6669","緯穎","1,205.00","＋","認購","美式","112年05月15日","112年05月15日","112年11月10日","112年11月14日","0.007","    1,000.00","","",
="044591","威鋒電凱基2B購02","1.54","＋","6756","威鋒電子","223.00","＋","認購","美式","112年05月15日","112年05月15日","112年11月10日","112年11月14日","0.055","    220.00","","",
="044592","百和凱基2C購01","0.00","","9938","百和","55.00","＋","認購","美式","112年05月15日","112年05月15日","112年12月12日","112年12月14日","0.30","    65.00","","",
="044593","宏全凱基2B購02","2.46","＋","9939","宏全","106.50","＋","認購","美式","112年05月15日","112年05月15日","112年11月10日","112年11月14日","0.25","    110.00","","",
="044594","元石油統一33購01","0.79","＋",="00642U","期元大S&P石油(原名：元大S&P石油)","15.46","＋","認購","美式","112年05月15日","112年05月15日","113年03月12日","113年03月14日","0.308","    16.88","","",
="044595","台泥統一31購02","0.00","","1101","台泥","38.15","＋","認購","美式","112年05月15日","112年05月15日","113年01月11日","113年01月15日","0.188","    40.00","","",
="044596","南亞科統一32購02","1.10","－","2408","南亞科","71.20","－","認購","美式","112年05月15日","112年05月15日","113年02月02日","113年02月15日","0.075","    68.88","","",
="044597","宏達電統一35購01","1.02","＋","2498","宏達電","61.50","＋","認購","美式","112年05月15日","112年05月15日","113年05月10日","113年05月14日","0.066","    66.66","","",
="044598","長榮統一31購06","0.73","＋","2603","長榮","157.00","＋","認購","美式","112年05月15日","112年05月15日","113年01月11日","113年01月15日","0.035","    155.55","","",
="044599","敦泰統一33購01","0.00","","3545","敦泰","83.70","＋","認購","美式","112年05月15日","112年05月15日","113年03月12日","113年03月14日","0.045","    77.77","","",
="04459U","萬海元大28售13","0.00","","2615","萬海","60.00","＋","認售","歐式","112年02月17日","112年08月16日","112年08月14日","112年08月16日","0.307","    60.70","","",
="044600","亞翔統一33購01","0.00","","6139","亞翔","63.80","－","認購","美式","112年05月15日","112年05月15日","113年03月12日","113年03月14日","0.05","    77.77","","",
="044601","晶心科統一2C購01","1.03","＋","6533","晶心科","511.00","＋","認購","美式","112年05月15日","112年05月15日","112年12月12日","112年12月14日","0.008","    450.00","","",
="044602","美時群益2C購01","1.89","＋","1795","美時","330.50","＋","認購","美式","112年05月15日","112年05月15日","112年12月12日","112年12月14日","0.055","    397.00","","",
="044603","萬海群益2B購02","0.88","＋","2615","萬海","60.00","＋","認購","美式","112年05月15日","112年05月15日","112年11月10日","112年11月14日","0.25","    68.80","","",
="044604","長榮航群益2B購02","5.45","＋","2618","長榮航","33.60","＋","認購","美式","112年05月15日","112年05月15日","112年11月10日","112年11月14日","1.00","    30.00","","",
="044605","長榮航群益31購01","1.71","＋","2618","長榮航","33.60","＋","認購","美式","112年05月15日","112年05月15日","113年01月11日","113年01月15日","1.00","    41.00","","",
="044606","亞翔群益2B購01","2.50","","6139","亞翔","63.80","－","認購","美式","112年05月15日","112年05月15日","112年11月10日","112年11月14日","0.30","    68.00","","",
="044607","台泥元富2B購02","0.00","","1101","台泥","38.15","＋","認購","美式","112年05月15日","112年05月15日","112年11月10日","112年11月14日","0.30","    40.00","","",
="044608","華新元富2C購01","1.90","＋","1605","華新","46.60","＋","認購","美式","112年05月15日","112年05月15日","112年12月12日","112年12月14日","0.30","    48.00","","",
="044609","聯電元富31購02","2.60","＋","2303","聯電","51.20","＋","認購","美式","112年05月15日","112年05月15日","113年01月11日","113年01月15日","0.50","    53.50","","",
="04460U","長榮航元大28售11","0.00","","2618","長榮航","33.60","＋","認售","歐式","112年02月17日","112年08月16日","112年08月14日","112年08月16日","1.00","    20.20","","",
="044610","台積電元富2B購12","26.30","＋","2330","台積電","568.00","＋","認購","美式","112年05月15日","112年05月15日","112年11月10日","112年11月14日","0.30","    500.00","","",
="044611","欣興元富31購06","1.09","－","3037","欣興","182.50","－","認購","美式","112年05月15日","112年05月15日","113年01月11日","113年01月15日","0.03","    165.00","","",
="044612","台泥麥證32購01","0.00","","1101","台泥","38.15","＋","認購","歐式","112年05月15日","113年02月15日","113年02月02日","113年02月15日","0.33","    42.00","","",
="044613","中興電麥證2B購02","0.88","＋","1513","中興電","113.50","＋","認購","歐式","112年05月15日","112年11月14日","112年11月10日","112年11月14日","0.125","    140.00","","",
="044614","華新科麥證2B購01","2.31","＋","2492","華新科","101.00","＋","認購","歐式","112年05月15日","112年11月14日","112年11月10日","112年11月14日","0.35","    125.00","","",
="044615","長榮麥證33購01","2.18","＋","2603","長榮","157.00","＋","認購","歐式","112年05月15日","113年03月14日","113年03月12日","113年03月14日","0.20","    220.00","","",
="044616","奇鋐麥證2B購04","1.67","＋","3017","奇鋐","206.00","－","認購","歐式","112年05月15日","112年11月14日","112年11月10日","112年11月14日","0.10","    238.88","","",
="044617","奇鋐麥證31購01","2.94","－","3017","奇鋐","206.00","－","認購","歐式","112年05月15日","113年01月15日","113年01月11日","113年01月15日","0.15","    250.00","","",
="044618","世芯麥證33購01","2.07","","3661","世芯-KY","1,660.00","＋","認購","歐式","112年05月15日","113年03月14日","113年03月12日","113年03月14日","0.005","    1,600.00","","",
="044619","元債2X元大2C購02","0.00","",="00680L","元大美債20正2","10.96","＋","認購","美式","112年05月15日","112年05月15日","112年12月12日","112年12月14日","1.00","    13.00","","",
="04461U","嘉澤元大28售06","0.00","","3533","嘉澤","909.00","－","認售","歐式","112年02月17日","112年08月16日","112年08月14日","112年08月16日","0.023","    756.30","","",
="044620","東元元大2C購07","0.00","","1504","東元","51.80","＋","認購","美式","112年05月15日","112年05月15日","112年12月12日","112年12月14日","0.223","    51.10","","",
="044621","美時元大2C購08","2.84","＋","1795","美時","330.50","＋","認購","美式","112年05月15日","112年05月15日","112年12月12日","112年12月14日","0.07","    415.00","","",
="044622","裕隆元大2C購05","2.12","＋","2201","裕隆","82.80","＋","認購","美式","112年05月15日","112年05月15日","112年12月12日","112年12月14日","0.227","    91.60","","",
="044623","中華元大2B購04","0.00","","2204","中華","91.60","－","認購","美式","112年05月15日","112年05月15日","112年11月10日","112年11月14日","0.41","    102.50","","",
="044624","台達電元大2C購09","2.06","－","2308","台達電","315.50","－","認購","美式","112年05月15日","112年05月15日","112年12月12日","112年12月14日","0.081","    337.50","","",
="044625","廣宇元大2B購03","2.02","＋","2328","廣宇","39.40","＋","認購","美式","112年05月15日","112年05月15日","112年11月10日","112年11月14日","0.525","    41.05","","",
="044626","台積電元大2C購17","0.00","","2330","台積電","568.00","＋","認購","美式","112年05月15日","112年05月15日","112年12月12日","112年12月14日","0.053","    504.00","","",
="044627","台積電元大31購12","4.43","－","2330","台積電","568.00","＋","認購","美式","112年05月15日","112年05月15日","113年01月11日","113年01月15日","0.05","    523.00","","",
="044628","台積電元大35購05","0.00","","2330","台積電","568.00","＋","認購","美式","112年05月15日","112年05月15日","113年05月10日","113年05月14日","0.054","    593.00","","",
="044629","飛宏元大2C購02","0.95","＋","2457","飛宏","76.40","＋","認購","美式","112年05月15日","112年05月15日","112年12月12日","112年12月14日","0.12","    94.80","","",
="04462P","臺股指麥證26售13","0.00","","IX0001","臺股指數","16,636.30","","認售","歐式","111年12月13日","112年06月12日","112年06月08日","112年06月12日","0.003","    13,579.00","","",
="04462U","愛普元大28售10","0.27","－","6531","愛普*","328.50","＋","認售","歐式","112年02月17日","112年08月16日","112年08月14日","112年08月16日","0.072","    198.00","","",
="044630","華新科元大2C購01","0.74","","2492","華新科","101.00","＋","認購","美式","112年05月15日","112年05月15日","112年12月12日","112年12月14日","0.042","    100.00","","",
="044631","晶華元大2C購05","0.00","","2707","晶華","288.00","＋","認購","美式","112年05月15日","112年05月15日","112年12月12日","112年12月14日","0.051","    323.50","","",
="044632","神基元大2B購02","2.38","＋","3005","神基","69.40","＋","認購","美式","112年05月15日","112年05月15日","112年11月10日","112年11月14日","0.364","    73.70","","",
="044633","奇鋐元大2C購10","1.58","－","3017","奇鋐","206.00","－","認購","美式","112年05月15日","112年05月15日","112年12月12日","112年12月14日","0.085","    258.50","","",
="044634","欣興元大2C購10","0.00","","3037","欣興","182.50","－","認購","美式","112年05月15日","112年05月15日","112年12月12日","112年12月14日","0.076","    217.00","","",
="044635","世芯元大2C購10","1.35","＋","3661","世芯-KY","1,660.00","＋","認購","美式","112年05月15日","112年05月15日","112年12月12日","112年12月14日","0.005","    1,965.00","","",
="044636","康舒元大2C購01","1.33","＋","6282","康舒","44.05","＋","認購","美式","112年05月15日","112年05月15日","112年12月12日","112年12月14日","0.335","    56.80","","",
="044637","矽力元大2B購02","0.91","","6415","矽力*-KY","394.50","＋","認購","美式","112年05月15日","112年05月15日","112年11月10日","112年11月14日","0.021","    488.50","","",
="044638","矽力元大31購01","1.00","","6415","矽力*-KY","394.50","＋","認購","美式","112年05月15日","112年05月15日","113年01月11日","113年01月15日","0.019","    502.00","","",
="044639","迅得元大2B購02","0.54","＋","6438","迅得","113.50","＋","認購","美式","112年05月15日","112年05月15日","112年11月10日","112年11月14日","0.15","    160.00","","",
="04463P","友達元大26售01","0.00","","2409","友達","17.65","＋","認售","歐式","111年12月13日","112年06月12日","112年06月08日","112年06月12日","0.666","    16.00","","",
="04463U","AES元大28售03","2.10","－","6781","AES-KY","690.00","＋","認售","歐式","112年02月17日","112年08月16日","112年08月14日","112年08月16日","0.021","    685.10","","",
="044640","南電元大2C購10","2.41","－","8046","南電","302.50","－","認購","美式","112年05月15日","112年05月15日","112年12月12日","112年12月14日","0.069","    336.50","","",
="044641","南電元大31購03","2.23","－","8046","南電","302.50","－","認購","美式","112年05月15日","112年05月15日","113年01月11日","113年01月15日","0.055","    330.50","","",
="044642","宏全元大2B購02","1.27","＋","9939","宏全","106.50","＋","認購","美式","112年05月15日","112年05月15日","112年11月10日","112年11月14日","0.165","    120.00","","",
="044643","茂順元大2B購04","0.83","","9942","茂順","155.00","－","認購","美式","112年05月15日","112年05月15日","112年11月10日","112年11月14日","0.067","    194.00","","",
="044644","聚陽國票2C購02","0.00","","1477","聚陽","219.00","＋","認購","美式","112年05月15日","112年05月15日","112年12月12日","112年12月14日","0.12","    300.00","","",
="044645","中華國票2C購02","3.84","－","2204","中華","91.60","－","認購","美式","112年05月15日","112年05月15日","112年12月12日","112年12月14日","0.40","    100.00","","",
="044646","仁寶國票2C購01","0.90","＋","2324","仁寶","28.15","＋","認購","美式","112年05月15日","112年05月15日","112年12月12日","112年12月14日","1.00","    38.00","","",
="044647","國巨國票2C購01","1.82","＋","2327","國巨","508.00","＋","認購","美式","112年05月15日","112年05月15日","112年12月12日","112年12月14日","0.05","    575.00","","",
="044648","國巨國票2C購02","0.00","","2327","國巨","508.00","＋","認購","美式","112年05月15日","112年05月15日","112年12月12日","112年12月14日","0.10","    700.00","","",
="044649","國巨國票31購01","1.66","＋","2327","國巨","508.00","＋","認購","美式","112年05月15日","112年05月15日","113年01月11日","113年01月15日","0.025","    500.00","","",
="04464P","聯發科元大26售23","0.00","","2454","聯發科","738.00","＋","認售","歐式","111年12月13日","112年06月12日","112年06月08日","112年06月12日","0.045","    577.00","","",
="04464U","東哥元大28售04","0.33","","8478","東哥遊艇","520.00","＋","認售","歐式","112年02月17日","112年08月16日","112年08月14日","112年08月16日","0.016","    348.00","","",
="044650","旺宏國票31購01","1.90","＋","2337","旺宏","33.40","＋","認購","美式","112年05月15日","112年05月15日","113年01月11日","113年01月15日","0.80","    37.50","","",
="044651","裕民國票2C購01","0.00","","2606","裕民","49.75","＋","認購","美式","112年05月15日","112年05月15日","112年12月12日","112年12月14日","0.30","    65.00","","",
="044652","大立光國票2C購02","1.78","＋","3008","大立光","2,305.00","＋","認購","美式","112年05月15日","112年05月15日","112年12月12日","112年12月14日","0.02","    3,000.00","","",
="044653","聯陽國票2C購02","3.50","＋","3014","聯陽","113.50","＋","認購","美式","112年05月15日","112年05月15日","112年12月12日","112年12月14日","0.60","    150.00","","",
="044654","聯詠國票2B購04","1.56","＋","3034","聯詠","423.50","＋","認購","美式","112年05月15日","112年05月15日","112年11月10日","112年11月14日","0.035","    425.00","","",
="044655","聯詠國票2C購01","0.00","","3034","聯詠","423.50","＋","認購","美式","112年05月15日","112年05月15日","112年12月12日","112年12月14日","0.05","    475.00","","",
="044656","智原國票2C購02","2.02","","3035","智原","173.50","＋","認購","美式","112年05月15日","112年05月15日","112年12月12日","112年12月14日","0.10","    200.00","","",
="044657","晶技國票2C購01","1.60","－","3042","晶技","89.40","＋","認購","美式","112年05月15日","112年05月15日","112年12月12日","112年12月14日","0.20","    100.00","","",
="044658","合勤控國票2C購02","3.11","","3704","合勤控","43.85","＋","認購","美式","112年05月15日","112年05月15日","112年12月12日","112年12月14日","0.56","    48.00","","",
="044659","麗豐國票2C購01","0.00","","4137","麗豐-KY","216.00","＋","認購","美式","112年05月15日","112年05月15日","112年12月12日","112年12月14日","0.10","    300.00","","",
="04465P","大立光元大26售16","0.00","","3008","大立光","2,305.00","＋","認售","歐式","111年12月13日","112年06月12日","112年06月08日","112年06月12日","0.016","    1,715.23","","",
="04465U","台積電第一2B售05","0.00","","2330","台積電","568.00","＋","認售","歐式","112年02月20日","112年11月20日","112年11月16日","112年11月20日","0.014","    473.37","","",
="044660","矽力國票2C購02","1.11","＋","6415","矽力*-KY","394.50","＋","認購","美式","112年05月15日","112年05月15日","112年12月12日","112年12月14日","0.06","    650.00","","",
="044661","瑞祺國票2B購01","1.46","－","6416","瑞祺電通","102.00","＋","認購","美式","112年05月15日","112年05月15日","112年11月10日","112年11月14日","0.10","    100.00","","",
="044662","緯穎國票2C購03","4.90","＋","6669","緯穎","1,205.00","＋","認購","美式","112年05月15日","112年05月15日","112年12月12日","112年12月14日","0.04","    1,500.00","","",
="044663","聯發科國泰31購01","3.55","＋","2454","聯發科","738.00","＋","認購","美式","112年05月15日","112年05月15日","113年01月11日","113年01月15日","0.06","    838.13","","",
="044664","緯創國泰31購01","7.65","＋","3231","緯創","68.00","＋","認購","美式","112年05月15日","112年05月15日","113年01月11日","113年01月15日","0.60","    61.00","","",
="044665","東元富邦2C購03","1.34","＋","1504","東元","51.80","＋","認購","美式","112年05月15日","112年05月15日","112年12月12日","112年12月14日","0.30","    65.00","","",
="044666","鴻海富邦2C購02","0.59","","2317","鴻海","105.50","＋","認購","美式","112年05月15日","112年05月15日","112年12月12日","112年12月14日","0.20","    120.00","","",
="044667","台積電富邦31購03","2.97","－","2330","台積電","568.00","＋","認購","美式","112年05月15日","112年05月15日","113年01月11日","113年01月15日","0.10","    620.00","","",
="044668","技嘉富邦2B購01","1.65","－","2376","技嘉","186.00","＋","認購","美式","112年05月15日","112年05月15日","112年11月10日","112年11月14日","0.04","    153.00","","",
="044669","漢翔富邦31購02","1.14","＋","2634","漢翔","55.80","＋","認購","美式","112年05月15日","112年05月15日","113年01月11日","113年01月15日","0.20","    65.00","","",
="04466P","東哥元大26售03","0.00","","8478","東哥遊艇","520.00","＋","認售","歐式","111年12月13日","112年06月12日","112年06月08日","112年06月12日","0.059","    209.30","","",
="04466U","創意第一28售01","0.25","","3443","創意","1,515.00","＋","認售","歐式","112年02月20日","112年08月21日","112年08月17日","112年08月21日","0.012","    850.96","","",
="044670","健策富邦31購01","1.93","＋","3653","健策","616.00","＋","認購","美式","112年05月15日","112年05月15日","113年01月11日","113年01月15日","0.02","    650.00","","",
="044671","緯穎富邦2B購02","0.00","","6669","緯穎","1,205.00","＋","認購","美式","112年05月15日","112年05月15日","112年11月10日","112年11月14日","0.005","    1,100.00","","",
="044672","仁寶康和2B購01","1.21","＋","2324","仁寶","28.15","＋","認購","美式","112年05月15日","112年05月15日","112年11月10日","112年11月14日","0.50","    28.00","","",
="044673","景碩康和2B購03","1.42","＋","3189","景碩","116.00","＋","認購","美式","112年05月15日","112年05月15日","112年11月10日","112年11月14日","0.15","    135.00","","",
="044674","晶心科康和2B購01","1.53","＋","6533","晶心科","511.00","＋","認購","美式","112年05月15日","112年05月15日","112年11月10日","112年11月14日","0.024","    555.50","","",
="044675","中石化法興31購01","0.00","","1314","中石化","9.72","－","認購","歐式","112年05月15日","113年01月15日","113年01月11日","113年01月15日","1.00","    10.50","","",
="044676","鴻海法興2B購04","1.25","＋","2317","鴻海","105.50","＋","認購","歐式","112年05月15日","112年11月14日","112年11月10日","112年11月14日","0.12","    100.00","","",
="044677","鴻海法興2B購05","0.82","","2317","鴻海","105.50","＋","認購","歐式","112年05月15日","112年11月14日","112年11月10日","112年11月14日","0.80","    135.00","","",
="044678","台積電法興2B購03","0.00","","2330","台積電","568.00","＋","認購","歐式","112年05月15日","112年11月14日","112年11月10日","112年11月14日","0.03","    500.00","","",
="044679","台積電法興2B購04","0.00","","2330","台積電","568.00","＋","認購","歐式","112年05月15日","112年11月14日","112年11月10日","112年11月14日","0.20","    680.00","","",
="04467P","東哥元大26售04","0.00","","8478","東哥遊艇","520.00","＋","認售","歐式","111年12月13日","112年06月12日","112年06月08日","112年06月12日","0.039","    241.50","","",
="04467U","台灣50國票2A售02","0.00","",="0050","元大台灣50","126.75","＋","認售","歐式","112年02月20日","112年10月19日","112年10月17日","112年10月19日","0.25","    113.75","","",
="044680","富邦金法興2B購01","1.57","＋","2881","富邦金","61.10","＋","認購","歐式","112年05月15日","112年11月14日","112年11月10日","112年11月14日","0.66","    68.00","","",
="044681","開發金法興32購01","1.03","","2883","開發金","12.80","－","認購","歐式","112年05月15日","113年02月15日","113年02月02日","113年02月15日","1.00","    14.50","","",
="044682","新光金法興32購01","0.66","＋","2888","新光金","8.63","＋","認購","歐式","112年05月15日","113年02月15日","113年02月02日","113年02月15日","1.00","    9.50","","",
="044683","日月光法興2B購01","1.95","＋","3711","日月光投控","109.00","－","認購","歐式","112年05月15日","112年11月14日","112年11月10日","112年11月14日","0.20","    115.00","","",
="044684","智原第一34購01","0.83","＋","3035","智原","173.50","＋","認購","美式","112年05月16日","112年05月16日","113年04月11日","113年04月15日","0.022","    182.33","","",
="044685","南電第一31購01","0.74","－","8046","南電","302.50","－","認購","美式","112年05月16日","112年05月16日","113年01月11日","113年01月15日","0.016","    312.40","","",
="044686","台新金中信2B購01","0.68","＋","2887","台新金","18.40","＋","認購","歐式","112年05月16日","112年11月15日","112年11月13日","112年11月15日","1.00","    22.00","","",
="044687","緯穎中信31購01","1.40","＋","6669","緯穎","1,205.00","＋","認購","歐式","112年05月16日","113年01月15日","113年01月11日","113年01月15日","0.006","    1,168.00","","",
="044688","元黃金凱基31購01","0.00","",="00635U","期元大S&P黃金(原名：元大S&P黃金)","24.50","－","認購","美式","112年05月16日","112年05月16日","113年01月11日","113年01月15日","0.968","    28.00","","",
="044689","和大凱基2B購01","0.00","","1536","和大","71.40","＋","認購","美式","112年05月16日","112年05月16日","112年11月13日","112年11月15日","0.25","    80.00","","",
="04468P","東哥元大26售05","0.00","","8478","東哥遊艇","520.00","＋","認售","歐式","111年12月13日","112年06月12日","112年06月08日","112年06月12日","0.028","    273.70","","",
="04468U","台灣50國票2A售03","0.00","",="0050","元大台灣50","126.75","＋","認售","歐式","112年02月20日","112年10月19日","112年10月17日","112年10月19日","0.50","    108.00","","",
="044690","大亞凱基31購02","1.06","＋","1609","大亞","31.00","＋","認購","美式","112年05月16日","112年05月16日","113年01月11日","113年01月15日","0.174","    30.00","","",
="044691","喬山凱基2B購01","0.00","","1736","喬山","61.20","＋","認購","美式","112年05月16日","112年05月16日","112年11月13日","112年11月15日","0.25","    75.00","","",
="044692","聯電凱基31購03","3.57","＋","2303","聯電","51.20","＋","認購","美式","112年05月16日","112年05月16日","113年01月11日","113年01月15日","1.00","    60.00","","",
="044693","鴻海凱基2C購10","1.07","＋","2317","鴻海","105.50","＋","認購","美式","112年05月16日","112年05月16日","112年12月13日","112年12月15日","0.12","    108.50","","",
="044694","長榮凱基2B購15","1.30","＋","2603","長榮","157.00","＋","認購","美式","112年05月16日","112年05月16日","112年11月13日","112年11月15日","0.075","    157.00","","",
="044695","長榮航凱基2B購06","4.40","＋","2618","長榮航","33.60","＋","認購","美式","112年05月16日","112年05月16日","112年11月13日","112年11月15日","1.00","    31.50","","",
="044696","玉山金凱基2B購01","1.75","＋","2884","玉山金","25.80","＋","認購","美式","112年05月16日","112年05月16日","112年11月13日","112年11月15日","1.00","    28.00","","",
="044697","神基凱基2C購02","2.48","","3005","神基","69.40","＋","認購","美式","112年05月16日","112年05月16日","112年12月13日","112年12月15日","0.50","    80.00","","",
="044698","大立光凱基32購01","2.41","＋","3008","大立光","2,305.00","＋","認購","美式","112年05月16日","112年05月16日","113年02月02日","113年02月15日","0.007","    2,250.00","","",
="044699","聯詠凱基2C購03","1.14","＋","3034","聯詠","423.50","＋","認購","美式","112年05月16日","112年05月16日","112年12月13日","112年12月15日","0.15","    620.00","","",
="04469U","台積電國票29售08","0.00","","2330","台積電","568.00","＋","認售","歐式","112年02月20日","112年09月19日","112年09月15日","112年09月19日","0.06","    482.39","","",
="044700","聯詠凱基2C購04","1.66","＋","3034","聯詠","423.50","＋","認購","美式","112年05月16日","112年05月16日","112年12月13日","112年12月15日","0.055","    470.00","","",
="044701","欣興凱基2C購04","2.21","－","3037","欣興","182.50","－","認購","美式","112年05月16日","112年05月16日","112年12月13日","112年12月15日","0.15","    230.00","","",
="044702","創意凱基2C購07","2.73","＋","3443","創意","1,515.00","＋","認購","美式","112年05月16日","112年05月16日","112年12月13日","112年12月15日","0.01","    1,650.00","","",
="044703","大眾控凱基2B購03","2.10","＋","3701","大眾控","67.10","＋","認購","美式","112年05月16日","112年05月16日","112年11月13日","112年11月15日","0.50","    88.00","","",
="044704","麗豐凱基2B購01","1.04","＋","4137","麗豐-KY","216.00","＋","認購","美式","112年05月16日","112年05月16日","112年11月13日","112年11月15日","0.055","    260.00","","",
="044705","彩晶凱基2B購01","0.89","＋","6116","彩晶","12.25","＋","認購","美式","112年05月16日","112年05月16日","112年11月13日","112年11月15日","0.80","    13.00","","",
="044706","亞翔凱基2B購01","2.15","＋","6139","亞翔","63.80","－","認購","美式","112年05月16日","112年05月16日","112年11月13日","112年11月15日","0.35","    75.27","","",
="044707","亞翔凱基2C購01","2.60","＋","6139","亞翔","63.80","－","認購","美式","112年05月16日","112年05月16日","112年12月13日","112年12月15日","0.50","    83.55","","",
="044708","愛普凱基2C購03","1.93","","6531","愛普*","328.50","＋","認購","美式","112年05月16日","112年05月16日","112年12月13日","112年12月15日","0.05","    368.00","","",
="044709","AES凱基2C購01","2.00","＋","6781","AES-KY","690.00","＋","認購","美式","112年05月16日","112年05月16日","112年12月13日","112年12月15日","0.018","    670.00","","",
="04470P","廣宇中信26售02","0.00","","2328","廣宇","39.40","＋","認售","歐式","111年12月13日","112年06月12日","112年06月08日","112年06月12日","0.50","    30.00","","",
="04470U","聯發科國票29售01","0.00","","2454","聯發科","738.00","＋","認售","歐式","112年02月20日","112年09月19日","112年09月15日","112年09月19日","0.06","    575.00","","",
="044710","富鼎凱基2C購01","0.72","＋","8261","富鼎","106.50","＋","認購","美式","112年05月16日","112年05月16日","112年12月13日","112年12月15日","0.049","    110.00","","",
="044711","茂順凱基2B購01","1.15","－","9942","茂順","155.00","－","認購","美式","112年05月16日","112年05月16日","112年11月13日","112年11月15日","0.05","    155.00","","",
="044712","喬山永豐2C購01","0.00","","1736","喬山","61.20","＋","認購","美式","112年05月16日","112年05月16日","112年12月13日","112年12月15日","0.16","    65.90","","",
="044713","大立光永豐2C購02","2.46","＋","3008","大立光","2,305.00","＋","認購","美式","112年05月16日","112年05月16日","112年12月13日","112年12月15日","0.02","    2,888.00","","",
="044714","臺股指永豐33購01","0.00","","IX0001","臺股指數","16,636.30","","認購","歐式","112年05月16日","113年03月15日","113年03月13日","113年03月15日","0.10","    23,001.00","","",
="044715","新興兆豐2B購01","0.00","","2605","新興","21.45","＋","認購","美式","112年05月16日","112年05月16日","112年11月13日","112年11月15日","0.70","    27.88","","",
="044716","聯合再兆豐2B購01","0.00","","3576","聯合再生","20.30","＋","認購","美式","112年05月16日","112年05月16日","112年11月13日","112年11月15日","1.00","    25.88","","",
="044717","亞翔兆豐2B購01","4.22","＋","6139","亞翔","63.80","－","認購","美式","112年05月16日","112年05月16日","112年11月13日","112年11月15日","0.50","    66.88","","",
="044718","奇鋐元富31購06","1.09","－","3017","奇鋐","206.00","－","認購","美式","112年05月16日","112年05月16日","113年01月11日","113年01月15日","0.03","    215.00","","",
="044719","奇鋐元富31購07","4.69","－","3017","奇鋐","206.00","－","認購","美式","112年05月16日","112年05月16日","113年01月11日","113年01月15日","0.20","    245.00","","",
="04471U","宏達電國票29售04","1.32","－","2498","宏達電","61.50","＋","認售","歐式","112年02月20日","112年09月19日","112年09月15日","112年09月19日","0.20","    57.50","","",
="044720","奇鋐元富31購08","5.55","－","3017","奇鋐","206.00","－","認購","美式","112年05月16日","112年05月16日","113年01月11日","113年01月15日","0.25","    245.00","","",
="044721","欣興元富31購07","2.24","－","3037","欣興","182.50","－","認購","美式","112年05月16日","112年05月16日","113年01月11日","113年01月15日","0.10","    200.00","","",
="044722","欣興元富31購08","3.00","－","3037","欣興","182.50","－","認購","美式","112年05月16日","112年05月16日","113年01月11日","113年01月15日","0.10","    185.00","","",
="044723","矽力元富2B購01","1.05","＋","6415","矽力*-KY","394.50","＋","認購","美式","112年05月16日","112年05月16日","112年11月13日","112年11月15日","0.03","    500.00","","",
="044724","南電元富2B購04","2.52","－","8046","南電","302.50","－","認購","美式","112年05月16日","112年05月16日","112年11月13日","112年11月15日","0.10","    340.00","","",
="044725","美時麥證2B購01","1.98","－","1795","美時","330.50","＋","認購","歐式","112年05月16日","112年11月15日","112年11月13日","112年11月15日","0.055","    400.00","","",
="044726","裕隆麥證2B購01","1.24","＋","2201","裕隆","82.80","＋","認購","歐式","112年05月16日","112年11月15日","112年11月13日","112年11月15日","0.119","    85.00","","",
="044727","台積電麥證2B購09","0.00","","2330","台積電","568.00","＋","認購","歐式","112年05月16日","112年11月15日","112年11月13日","112年11月15日","0.18","    540.00","","",
="044728","台積電麥證31購05","9.70","","2330","台積電","568.00","＋","認購","歐式","112年05月16日","113年01月15日","113年01月11日","113年01月15日","0.37","    650.00","","",
="044729","台積電麥證33購01","0.00","","2330","台積電","568.00","＋","認購","歐式","112年05月16日","113年03月15日","113年03月13日","113年03月15日","0.055","    505.00","","",
="04472U","材料國票29售01","0.13","","4763","材料-KY","550.00","－","認售","歐式","112年02月20日","112年09月19日","112年09月15日","112年09月19日","0.30","    155.00","","",
="044730","臺股指麥證2B購05","0.00","","IX0001","臺股指數","16,636.30","","認購","歐式","112年05月16日","112年11月15日","112年11月13日","112年11月15日","0.05","    19,000.00","","",
="044731","臺股指麥證2B購06","0.00","","IX0001","臺股指數","16,636.30","","認購","歐式","112年05月16日","112年11月15日","112年11月13日","112年11月15日","0.05","    20,000.00","","",
="044732","臺股指麥證33購01","2.34","＋","IX0001","臺股指數","16,636.30","","認購","歐式","112年05月16日","113年03月15日","113年03月13日","113年03月15日","0.002","    16,000.00","","",
="044733","喬山統一33購01","0.00","","1736","喬山","61.20","＋","認購","美式","112年05月16日","112年05月16日","113年03月13日","113年03月15日","0.05","    66.66","","",
="044734","漢翔統一32購04","0.91","＋","2634","漢翔","55.80","＋","認購","美式","112年05月16日","112年05月16日","113年02月02日","113年02月15日","0.082","    62.10","","",
="044735","大立光統一2C購02","1.14","＋","3008","大立光","2,305.00","＋","認購","美式","112年05月16日","112年05月16日","112年12月13日","112年12月15日","0.003","    2,100.00","","",
="044736","大立光統一36購02","1.00","＋","3008","大立光","2,305.00","＋","認購","美式","112年05月16日","112年05月16日","113年06月13日","113年06月17日","0.002","    2,288.88","","",
="044737","麗豐統一33購01","0.52","＋","4137","麗豐-KY","216.00","＋","認購","美式","112年05月16日","112年05月16日","113年03月13日","113年03月15日","0.016","    271.40","","",
="044738","緯穎統一32購02","1.04","＋","6669","緯穎","1,205.00","＋","認購","美式","112年05月16日","112年05月16日","113年02月02日","113年02月15日","0.003","    1,145.00","","",
="044739","滬深2X群益2B購01","0.00","",="00637L","元大滬深300正2","13.77","－","認購","美式","112年05月16日","112年05月16日","112年11月13日","112年11月15日","1.00","    15.50","","",
="04473U","力智國票28售02","0.74","－","6719","力智","303.00","＋","認售","歐式","112年02月20日","112年08月21日","112年08月17日","112年08月21日","0.025","    280.00","","",
="044740","元債2X群益2B購01","0.00","",="00680L","元大美債20正2","10.96","＋","認購","美式","112年05月16日","112年05月16日","112年11月13日","112年11月15日","1.00","    13.25","","",
="044741","SGBR2X群益2B購02","1.39","",="00715L","期街口布蘭特正2","12.73","＋","認購","美式","112年05月16日","112年05月16日","112年11月13日","112年11月15日","0.40","    11.50","","",
="044742","SGBR2X群益2C購02","0.00","",="00715L","期街口布蘭特正2","12.73","＋","認購","美式","112年05月16日","112年05月16日","112年12月13日","112年12月15日","0.50","    15.50","","",
="044743","聯電群益2B購03","4.58","＋","2303","聯電","51.20","＋","認購","美式","112年05月16日","112年05月16日","112年11月13日","112年11月15日","1.00","    54.00","","",
="044744","台達電群益2B購03","3.74","－","2308","台達電","315.50","－","認購","美式","112年05月16日","112年05月16日","112年11月13日","112年11月15日","0.125","    319.50","","",
="044745","旺宏群益31購01","0.98","＋","2337","旺宏","33.40","＋","認購","美式","112年05月16日","112年05月16日","113年01月11日","113年01月15日","0.45","    38.00","","",
="044746","華邦電群益2B購02","3.01","＋","2344","華邦電","26.90","＋","認購","美式","112年05月16日","112年05月16日","112年11月13日","112年11月15日","1.00","    27.90","","",
="044747","大立光群益2B購05","2.76","＋","3008","大立光","2,305.00","＋","認購","美式","112年05月16日","112年05月16日","112年11月13日","112年11月15日","0.012","    2,348.20","","",
="044748","群創群益2B購02","1.54","＋","3481","群創","14.10","＋","認購","美式","112年05月16日","112年05月16日","112年11月13日","112年11月15日","1.00","    14.20","","",
="044749","聯合再群益2B購02","0.97","＋","3576","聯合再生","20.30","＋","認購","美式","112年05月16日","112年05月16日","112年11月13日","112年11月15日","0.50","    21.50","","",
="04474P","滬深2X富邦28售02","0.00","",="00637L","元大滬深300正2","13.77","－","認售","歐式","111年12月13日","112年08月14日","112年08月10日","112年08月14日","1.00","    14.00","","",
="04474U","臺股指國票29售09","0.35","－","IX0001","臺股指數","16,636.30","","認售","歐式","112年02月20日","112年09月19日","112年09月15日","112年09月19日","0.005","    13,200.00","","",
="044750","健策群益2B購03","11.10","＋","3653","健策","616.00","＋","認購","美式","112年05月16日","112年05月16日","112年11月13日","112年11月15日","0.15","    690.70","","",
="044751","世芯群益31購02","4.42","＋","3661","世芯-KY","1,660.00","＋","認購","美式","112年05月16日","112年05月16日","113年01月11日","113年01月15日","0.01","    1,650.00","","",
="044752","世芯群益33購01","3.54","＋","3661","世芯-KY","1,660.00","＋","認購","美式","112年05月16日","112年05月16日","113年03月13日","113年03月15日","0.008","    1,957.50","","",
="044753","上品群益2C購01","1.32","＋","4770","上品","297.00","＋","認購","美式","112年05月16日","112年05月16日","112年12月13日","112年12月15日","0.028","    320.00","","",
="044754","緯穎群益31購01","2.56","＋","6669","緯穎","1,205.00","＋","認購","美式","112年05月16日","112年05月16日","113年01月11日","113年01月15日","0.013","    1,530.00","","",
="044755","臺股指群益2B購21","5.05","＋","IX0001","臺股指數","16,636.30","","認購","歐式","112年05月16日","112年11月15日","112年11月13日","112年11月15日","0.003","    14,700.00","","",
="044756","臺股指群益2B購22","0.00","","IX0001","臺股指數","16,636.30","","認購","歐式","112年05月16日","112年11月15日","112年11月13日","112年11月15日","0.005","    15,888.00","","",
="044757","臺股指群益2B購23","0.00","","IX0001","臺股指數","16,636.30","","認購","歐式","112年05月16日","112年11月15日","112年11月13日","112年11月15日","0.01","    16,200.00","","",
="044758","金融類群益2B購03","3.56","","IX0039","金融類","1,620.43","","認購","歐式","112年05月16日","112年11月15日","112年11月13日","112年11月15日","0.04","    1,600.00","","",
="044759","S&P反1國票32購02","0.00","",="00648R","元大S&P500反1","6.93","－","認購","美式","112年05月16日","112年05月16日","113年02月02日","113年02月15日","1.00","    6.60","","",
="04475P","臺股指凱基26售35","0.00","","IX0001","臺股指數","16,636.30","","認售","歐式","111年10月20日","112年06月19日","112年06月15日","112年06月19日","0.003","    11,600.00","","",
="04475U","台灣50凱基2A售09","0.00","",="0050","元大台灣50","126.75","＋","認售","歐式","112年02月20日","112年10月19日","112年10月17日","112年10月19日","0.30","    113.00","","",
="044760","光寶科國票2C購02","3.00","＋","2301","光寶科","86.40","＋","認購","美式","112年05月16日","112年05月16日","112年12月13日","112年12月15日","0.40","    90.00","","",
="044761","飛宏國票2C購03","2.05","＋","2457","飛宏","76.40","＋","認購","美式","112年05月16日","112年05月16日","112年12月13日","112年12月15日","0.13","    70.00","","",
="044762","敦泰國票2C購01","2.30","＋","3545","敦泰","83.70","＋","認購","美式","112年05月16日","112年05月16日","112年12月13日","112年12月15日","0.184","    88.00","","",
="044763","臻鼎國票31購02","1.03","＋","4958","臻鼎-KY","114.50","＋","認購","美式","112年05月16日","112年05月16日","113年01月11日","113年01月15日","0.07","    115.00","","",
="044764","亞翔國票2B購01","1.92","","6139","亞翔","63.80","－","認購","美式","112年05月16日","112年05月16日","112年11月13日","112年11月15日","0.25","    70.00","","",
="044765","樺漢國票2C購01","0.00","","6414","樺漢","281.00","＋","認購","美式","112年05月16日","112年05月16日","112年12月13日","112年12月15日","0.167","    330.00","","",
="044766","台泥國泰31購02","0.00","","1101","台泥","38.15","＋","認購","美式","112年05月16日","112年05月16日","113年01月11日","113年01月15日","0.60","    43.00","","",
="044767","台積電國泰31購02","0.00","","2330","台積電","568.00","＋","認購","美式","112年05月16日","112年05月16日","113年01月11日","113年01月15日","0.15","    590.00","","",
="044768","台積電國泰31購03","0.00","","2330","台積電","568.00","＋","認購","美式","112年05月16日","112年05月16日","113年01月11日","113年01月15日","0.15","    575.00","","",
="044769","陽明國泰31購02","1.52","","2609","陽明","62.00","＋","認購","美式","112年05月16日","112年05月16日","113年01月11日","113年01月15日","0.30","    68.00","","",
="04476P","台達電台新26售01","0.00","","2308","台達電","315.50","－","認售","歐式","111年12月13日","112年06月12日","112年06月08日","112年06月12日","0.04","    279.30","","",
="04476U","台灣50凱基2A售10","0.00","",="0050","元大台灣50","126.75","＋","認售","歐式","112年02月20日","112年10月19日","112年10月17日","112年10月19日","0.50","    104.00","","",
="044770","晶心科國泰31購01","2.51","＋","6533","晶心科","511.00","＋","認購","美式","112年05月16日","112年05月16日","113年01月11日","113年01月15日","0.03","    511.50","","",
="044771","聯電富邦33購01","0.78","＋","2303","聯電","51.20","＋","認購","美式","112年05月16日","112年05月16日","113年03月13日","113年03月15日","0.22","    58.00","","",
="044772","聯詠富邦34購01","0.81","＋","3034","聯詠","423.50","＋","認購","美式","112年05月16日","112年05月16日","113年04月11日","113年04月15日","0.02","    480.00","","",
="044773","AES富邦2C購01","0.97","－","6781","AES-KY","690.00","＋","認購","美式","112年05月16日","112年05月16日","112年12月13日","112年12月15日","0.009","    680.00","","",
="044774","東陽元大2B購02","1.43","","1319","東陽","49.90","＋","認購","美式","112年05月16日","112年05月16日","112年11月13日","112年11月15日","0.248","    51.50","","",
="044775","東元元大2C購08","0.00","","1504","東元","51.80","＋","認購","美式","112年05月16日","112年05月16日","112年12月13日","112年12月15日","0.197","    46.75","","",
="044776","亞力元大2B購03","1.31","＋","1514","亞力","51.60","＋","認購","美式","112年05月16日","112年05月16日","112年11月13日","112年11月15日","0.149","    56.40","","",
="044777","永冠元大2B購03","0.58","","1589","永冠-KY","71.60","－","認購","美式","112年05月16日","112年05月16日","112年11月13日","112年11月15日","0.10","    84.30","","",
="044778","亞德客元大2B購04","0.84","＋","1590","亞德客-KY","1,040.00","＋","認購","美式","112年05月16日","112年05月16日","112年11月13日","112年11月15日","0.005","    1,020.00","","",
="044779","美時元大2C購09","2.11","＋","1795","美時","330.50","＋","認購","美式","112年05月16日","112年05月16日","112年12月13日","112年12月15日","0.055","    425.00","","",
="04477P","英業達凱基27售01","0.00","","2356","英業達","37.50","＋","認售","歐式","111年12月13日","112年07月12日","112年07月10日","112年07月12日","1.00","    17.00","","",
="04477U","台灣50凱基2B售04","0.00","",="0050","元大台灣50","126.75","＋","認售","歐式","112年02月20日","112年11月20日","112年11月16日","112年11月20日","0.80","    85.00","","",
="044780","中鴻元大2B購03","0.00","","2014","中鴻","23.15","＋","認購","美式","112年05月16日","112年05月16日","112年11月13日","112年11月15日","0.497","    26.15","","",
="044781","台積電元大2C購18","0.00","","2330","台積電","568.00","＋","認購","美式","112年05月16日","112年05月16日","112年12月13日","112年12月15日","0.076","    542.00","","",
="044782","台積電元大31購13","0.00","","2330","台積電","568.00","＋","認購","美式","112年05月16日","112年05月16日","113年01月11日","113年01月15日","0.078","    572.00","","",
="044783","台積電元大35購06","3.75","","2330","台積電","568.00","＋","認購","美式","112年05月16日","112年05月16日","113年05月13日","113年05月15日","0.047","    566.00","","",
="044784","飛宏元大2C購03","1.24","＋","2457","飛宏","76.40","＋","認購","美式","112年05月16日","112年05月16日","112年12月13日","112年12月15日","0.098","    80.00","","",
="044785","華新科元大2C購02","0.00","","2492","華新科","101.00","＋","認購","美式","112年05月16日","112年05月16日","112年12月13日","112年12月15日","0.11","    135.00","","",
="044786","長榮元大2C購17","0.00","","2603","長榮","157.00","＋","認購","美式","112年05月16日","112年05月16日","112年12月13日","112年12月15日","0.089","    158.50","","",
="044787","漢翔元大2C購05","1.86","＋","2634","漢翔","55.80","＋","認購","美式","112年05月16日","112年05月16日","112年12月13日","112年12月15日","0.187","    58.40","","",
="044788","神基元大2B購03","2.38","＋","3005","神基","69.40","＋","認購","美式","112年05月16日","112年05月16日","112年11月13日","112年11月15日","0.294","    69.70","","",
="044789","大立光元大2C購05","1.41","＋","3008","大立光","2,305.00","＋","認購","美式","112年05月16日","112年05月16日","112年12月13日","112年12月15日","0.004","    2,195.00","","",
="04478P","欣興凱基27售02","0.00","","3037","欣興","182.50","－","認售","歐式","111年12月13日","112年07月12日","112年07月10日","112年07月12日","0.17","    110.00","","",
="04478U","華新凱基28售08","0.00","","1605","華新","46.60","＋","認售","歐式","112年02月20日","112年08月21日","112年08月17日","112年08月21日","1.00","    36.00","","",
="044790","大立光元大31購05","0.00","","3008","大立光","2,305.00","＋","認購","美式","112年05月16日","112年05月16日","113年01月11日","113年01月15日","0.006","    2,480.00","","",
="044791","大立光元大35購04","0.00","","3008","大立光","2,305.00","＋","認購","美式","112年05月16日","112年05月16日","113年05月13日","113年05月15日","0.008","    2,920.00","","",
="044792","奇鋐元大2C購11","0.00","","3017","奇鋐","206.00","－","認購","美式","112年05月16日","112年05月16日","112年12月13日","112年12月15日","0.053","    210.00","","",
="044793","欣興元大2C購11","1.41","－","3037","欣興","182.50","－","認購","美式","112年05月16日","112年05月16日","112年12月13日","112年12月15日","0.093","    233.00","","",
="044794","欣興元大35購02","1.57","－","3037","欣興","182.50","－","認購","美式","112年05月16日","112年05月16日","113年05月13日","113年05月15日","0.062","    226.00","","",
="044795","聯合再元大2B購04","0.90","","3576","聯合再生","20.30","＋","認購","美式","112年05月16日","112年05月16日","112年11月13日","112年11月15日","0.804","    25.20","","",
="044796","世芯元大2B購11","2.36","＋","3661","世芯-KY","1,660.00","＋","認購","美式","112年05月16日","112年05月16日","112年11月13日","112年11月15日","0.007","    1,900.00","","",
="044797","世芯元大2B購12","2.14","＋","3661","世芯-KY","1,660.00","＋","認購","美式","112年05月16日","112年05月16日","112年11月13日","112年11月15日","0.005","    1,450.00","","",
="044798","永崴控元大2B購03","0.00","","3712","永崴投控","37.10","＋","認購","美式","112年05月16日","112年05月16日","112年11月13日","112年11月15日","0.351","    46.40","","",
="044799","承業醫元大2C購02","0.96","－","4164","承業醫","64.10","","認購","美式","112年05月16日","112年05月16日","112年12月13日","112年12月15日","0.11","    73.40","","",
="04479P","玉晶光凱基27售01","0.00","","3406","玉晶光","400.00","＋","認售","歐式","111年12月13日","112年07月12日","112年07月10日","112年07月12日","0.125","    200.00","","",
="04479U","聯詠凱基28售04","0.00","","3034","聯詠","423.50","＋","認售","歐式","112年02月20日","112年08月21日","112年08月17日","112年08月21日","0.17","    300.00","","",
="044800","乙盛元大2B購02","1.72","＋","5243","乙盛-KY","83.70","＋","認購","美式","112年05月16日","112年05月16日","112年11月13日","112年11月15日","0.104","    71.20","","",
="044801","晶碩元大2B購02","1.63","＋","6491","晶碩","366.50","＋","認購","美式","112年05月16日","112年05月16日","112年11月13日","112年11月15日","0.033","    384.00","","",
="044802","洋基元大2B購01","1.62","＋","6691","洋基工程","297.00","＋","認購","美式","112年05月16日","112年05月16日","112年11月13日","112年11月15日","0.04","    300.00","","",
="044803","南電元大2C購11","2.00","－","8046","南電","302.50","－","認購","美式","112年05月16日","112年05月16日","112年12月13日","112年12月15日","0.054","    333.50","","",
="044804","南電元大31購04","1.95","－","8046","南電","302.50","－","認購","美式","112年05月16日","112年05月16日","113年01月11日","113年01月15日","0.062","    362.50","","",
="044805","臺股指元大2C購40","5.50","＋","IX0001","臺股指數","16,636.30","","認購","歐式","112年05月16日","112年12月15日","112年12月13日","112年12月15日","0.035","    18,800.00","","",
="044806","臺股指元大2C購41","6.40","＋","IX0001","臺股指數","16,636.30","","認購","歐式","112年05月16日","112年12月15日","112年12月13日","112年12月15日","0.03","    18,500.00","","",
="044807","臺股指元大2C購42","0.00","","IX0001","臺股指數","16,636.30","","認購","歐式","112年05月16日","112年12月15日","112年12月13日","112年12月15日","0.006","    16,800.00","","",
="044808","臺股指元大2C購43","0.00","","IX0001","臺股指數","16,636.30","","認購","歐式","112年05月16日","112年12月15日","112年12月13日","112年12月15日","0.002","    15,600.00","","",
="044809","臺股指元大2C購44","0.00","","IX0001","臺股指數","16,636.30","","認購","歐式","112年05月16日","112年12月15日","112年12月13日","112年12月15日","0.001","    14,600.00","","",
="04480P","南電凱基26售04","0.00","","8046","南電","302.50","－","認售","歐式","111年12月13日","112年06月12日","112年06月08日","112年06月12日","0.05","    250.00","","",
="04480U","智原凱基28售03","0.00","","3035","智原","173.50","＋","認售","歐式","112年02月20日","112年08月21日","112年08月17日","112年08月21日","0.045","    185.00","","",
="044810","臺股指元大31購32","4.26","＋","IX0001","臺股指數","16,636.30","","認購","歐式","112年05月16日","113年01月15日","113年01月11日","113年01月15日","0.12","    21,000.00","","",
="044811","臺股指元大31購33","5.00","","IX0001","臺股指數","16,636.30","","認購","歐式","112年05月16日","113年01月15日","113年01月11日","113年01月15日","0.035","    19,200.00","","",
="044812","臺股指元大31購34","0.00","","IX0001","臺股指數","16,636.30","","認購","歐式","112年05月16日","113年01月15日","113年01月11日","113年01月15日","0.01","    17,500.00","","",
="044813","臺股指元大31購35","0.00","","IX0001","臺股指數","16,636.30","","認購","歐式","112年05月16日","113年01月15日","113年01月11日","113年01月15日","0.004","    16,400.00","","",
="044814","臺股指元大31購36","0.00","","IX0001","臺股指數","16,636.30","","認購","歐式","112年05月16日","113年01月15日","113年01月11日","113年01月15日","0.002","    15,000.00","","",
="044815","台積電第一33購04","1.58","","2330","台積電","568.00","＋","認購","美式","112年05月17日","112年05月17日","113年03月14日","113年03月18日","0.018","    550.28","","",
="044816","緯創中信2B購05","2.50","＋","3231","緯創","68.00","＋","認購","歐式","112年05月17日","112年11月16日","112年11月14日","112年11月16日","0.12","    50.00","","",
="044817","中華康和2B購01","1.52","－","2204","中華","91.60","－","認購","美式","112年05月17日","112年05月17日","112年11月14日","112年11月16日","0.13","    92.00","","",
="044818","士電永豐31購01","1.42","＋","1503","士電","143.50","＋","認購","美式","112年05月17日","112年05月17日","113年01月12日","113年01月16日","0.045","    135.00","","",
="044819","台積電永豐31購01","3.80","＋","2330","台積電","568.00","＋","認購","美式","112年05月17日","112年05月17日","113年01月12日","113年01月16日","0.048","    525.26","","",
="04481U","創意凱基29售04","0.05","－","3443","創意","1,515.00","＋","認售","歐式","112年02月20日","112年09月19日","112年09月15日","112年09月19日","0.08","    465.00","","",
="044820","宏碁永豐2C購01","0.90","＋","2353","宏碁","31.05","＋","認購","美式","112年05月17日","112年05月17日","112年12月14日","112年12月18日","0.66","    37.16","","",
="044821","奇鋐永豐31購03","4.39","－","3017","奇鋐","206.00","－","認購","美式","112年05月17日","112年05月17日","113年01月12日","113年01月16日","0.116","    200.00","","",
="044822","洋基永豐31購01","0.00","","6691","洋基工程","297.00","＋","認購","美式","112年05月17日","112年05月17日","113年01月12日","113年01月16日","0.07","    386.43","","",
="044823","視陽永豐31購01","1.79","＋","6782","視陽","230.00","＋","認購","美式","112年05月17日","112年05月17日","113年01月12日","113年01月16日","0.04","    247.24","","",
="044824","T50反1兆豐38購01","0.00","",="00632R","元大台灣50反1","4.94","－","認購","美式","112年05月17日","112年05月17日","113年08月14日","113年08月16日","1.00","    5.88","","",
="044825","中華兆豐2B購02","4.46","－","2204","中華","91.60","－","認購","美式","112年05月17日","112年05月17日","112年11月14日","112年11月16日","0.50","    98.88","","",
="044826","國巨兆豐2B購02","1.44","＋","2327","國巨","508.00","＋","認購","美式","112年05月17日","112年05月17日","112年11月14日","112年11月16日","0.035","    560.00","","",
="044827","瑞昱兆豐2B購02","1.75","＋","2379","瑞昱","388.00","＋","認購","美式","112年05月17日","112年05月17日","112年11月14日","112年11月16日","0.045","    410.00","","",
="044828","聯發科兆豐2C購01","1.76","＋","2454","聯發科","738.00","＋","認購","美式","112年05月17日","112年05月17日","112年12月14日","112年12月18日","0.018","    720.00","","",
="044829","華新科兆豐2B購02","2.09","＋","2492","華新科","101.00","＋","認購","美式","112年05月17日","112年05月17日","112年11月14日","112年11月16日","0.35","    123.00","","",
="04482U","材料凱基28售02","0.06","","4763","材料-KY","550.00","－","認售","歐式","112年02月20日","112年08月21日","112年08月17日","112年08月21日","0.035","    250.00","","",
="044830","景碩兆豐32購01","0.95","＋","3189","景碩","116.00","＋","認購","美式","112年05月17日","112年05月17日","113年02月05日","113年02月16日","0.043","    115.00","","",
="044831","瑞鼎兆豐31購01","1.00","＋","3592","瑞鼎","348.00","＋","認購","美式","112年05月17日","112年05月17日","113年01月12日","113年01月16日","0.015","    350.00","","",
="044832","臺指反群益33購01","0.23","－",="00664R","國泰臺灣加權反1","5.58","－","認購","美式","112年05月17日","112年05月17日","113年03月14日","113年03月18日","1.00","    6.00","","",
="044833","華新群益2B購04","2.08","","1605","華新","46.60","＋","認購","美式","112年05月17日","112年05月17日","112年11月14日","112年11月16日","0.50","    51.90","","",
="044834","順德群益2B購02","1.89","＋","2351","順德","123.00","＋","認購","美式","112年05月17日","112年05月17日","112年11月14日","112年11月16日","0.11","    130.60","","",
="044835","奇鋐群益2B購06","5.45","＋","3017","奇鋐","206.00","－","認購","美式","112年05月17日","112年05月17日","112年11月14日","112年11月16日","0.15","    210.00","","",
="044836","欣興群益31購01","2.01","＋","3037","欣興","182.50","－","認購","美式","112年05月17日","112年05月17日","113年01月12日","113年01月16日","0.10","    240.00","","",
="044837","揚明光群益2B購02","1.83","＋","3504","揚明光","81.70","＋","認購","美式","112年05月17日","112年05月17日","112年11月14日","112年11月16日","0.15","    85.00","","",
="044838","致伸群益2B購01","1.65","＋","4915","致伸","64.40","＋","認購","美式","112年05月17日","112年05月17日","112年11月14日","112年11月16日","0.35","    70.50","","",
="044839","天鈺群益2B購05","1.05","","4961","天鈺","154.00","＋","認購","美式","112年05月17日","112年05月17日","112年11月14日","112年11月16日","0.16","    232.80","","",
="04483U","愛普凱基2A售02","0.24","","6531","愛普*","328.50","＋","認售","歐式","112年02月20日","112年10月19日","112年10月17日","112年10月19日","0.039","    180.00","","",
="044840","彩晶群益2B購01","0.00","","6116","彩晶","12.25","＋","認購","美式","112年05月17日","112年05月17日","112年11月14日","112年11月16日","1.00","    13.65","","",
="044841","長榮統一33購10","0.00","","2603","長榮","157.00","＋","認購","美式","112年05月17日","112年05月17日","113年03月14日","113年03月18日","0.03","    140.00","","",
="044842","大立光統一32購02","0.84","＋","3008","大立光","2,305.00","＋","認購","美式","112年05月17日","112年05月17日","113年02月05日","113年02月16日","0.002","    2,166.66","","",
="044843","緯穎統一31購07","1.00","＋","6669","緯穎","1,205.00","＋","認購","美式","112年05月17日","112年05月17日","113年01月12日","113年01月16日","0.003","    999.99","","",
="044844","巨大統一33購01","0.66","－","9921","巨大","201.00","＋","認購","美式","112年05月17日","112年05月17日","113年03月14日","113年03月18日","0.023","    228.88","","",
="044845","士電凱基35購01","1.48","＋","1503","士電","143.50","＋","認購","美式","112年05月17日","112年05月17日","113年05月14日","113年05月16日","0.04","    160.00","","",
="044846","中興電凱基33購01","0.90","","1513","中興電","113.50","＋","認購","美式","112年05月17日","112年05月17日","113年03月14日","113年03月18日","0.035","    110.00","","",
="044847","華新凱基2B購08","0.92","＋","1605","華新","46.60","＋","認購","美式","112年05月17日","112年05月17日","112年11月14日","112年11月16日","0.20","    49.00","","",
="044848","美時凱基2C購07","0.00","","1795","美時","330.50","＋","認購","美式","112年05月17日","112年05月17日","112年12月14日","112年12月18日","0.065","    420.00","","",
="044849","中華凱基2C購04","0.00","","2204","中華","91.60","－","認購","美式","112年05月17日","112年05月17日","112年12月14日","112年12月18日","0.15","    80.00","","",
="04484P","台積電兆豐26售07","0.00","","2330","台積電","568.00","＋","認售","歐式","111年10月21日","112年06月20日","112年06月16日","112年06月20日","0.045","    354.03","","",
="04484U","東哥凱基28售06","0.10","","8478","東哥遊艇","520.00","＋","認售","歐式","112年02月20日","112年08月21日","112年08月17日","112年08月21日","0.02","    280.00","","",
="044850","光寶科凱基2C購02","3.01","＋","2301","光寶科","86.40","＋","認購","美式","112年05月17日","112年05月17日","112年12月14日","112年12月18日","0.30","    83.00","","",
="044851","鴻海凱基2C購11","1.08","＋","2317","鴻海","105.50","＋","認購","美式","112年05月17日","112年05月17日","112年12月14日","112年12月18日","0.15","    111.50","","",
="044852","台積電凱基31購10","5.05","＋","2330","台積電","568.00","＋","認購","美式","112年05月17日","112年05月17日","113年01月12日","113年01月16日","0.06","    518.00","","",
="044853","台積電凱基31購11","0.00","","2330","台積電","568.00","＋","認購","美式","112年05月17日","112年05月17日","113年01月12日","113年01月16日","0.07","    538.00","","",
="044854","宏碁凱基2B購02","0.00","","2353","宏碁","31.05","＋","認購","美式","112年05月17日","112年05月17日","112年11月14日","112年11月16日","1.00","    40.00","","",
="044855","英業達凱基2B購03","3.13","＋","2356","英業達","37.50","＋","認購","美式","112年05月17日","112年05月17日","112年11月14日","112年11月16日","0.75","    37.50","","",
="044856","瑞昱凱基2B購03","1.86","＋","2379","瑞昱","388.00","＋","認購","美式","112年05月17日","112年05月17日","112年11月14日","112年11月16日","0.20","    550.00","","",
="044857","威盛凱基2B購06","2.46","＋","2388","威盛","83.10","＋","認購","美式","112年05月17日","112年05月17日","112年11月14日","112年11月16日","0.16","    75.00","","",
="044858","漢唐凱基31購01","1.21","＋","2404","漢唐","227.50","＋","認購","美式","112年05月17日","112年05月17日","113年01月12日","113年01月16日","0.08","    270.00","","",
="044859","聯發科凱基2C購04","3.44","＋","2454","聯發科","738.00","＋","認購","美式","112年05月17日","112年05月17日","112年12月14日","112年12月18日","0.028","    690.00","","",
="04485U","裕隆永豐29售03","0.00","","2201","裕隆","82.80","＋","認售","歐式","112年02月20日","112年09月19日","112年09月15日","112年09月19日","0.26","    68.64","","",
="044860","長榮凱基31購05","1.49","＋","2603","長榮","157.00","＋","認購","美式","112年05月17日","112年05月17日","113年01月12日","113年01月16日","0.12","    184.50","","",
="044861","大立光凱基35購01","3.18","＋","3008","大立光","2,305.00","＋","認購","美式","112年05月17日","112年05月17日","113年05月14日","113年05月16日","0.009","    2,350.00","","",
="044862","奇鋐凱基2C購06","2.26","＋","3017","奇鋐","206.00","－","認購","美式","112年05月17日","112年05月17日","112年12月14日","112年12月18日","0.06","    195.00","","",
="044863","華晶科凱基2B購01","1.53","－","3059","華晶科","34.60","＋","認購","美式","112年05月17日","112年05月17日","112年11月14日","112年11月16日","0.50","    38.00","","",
="044864","緯創凱基31購06","0.00","","3231","緯創","68.00","＋","認購","美式","112年05月17日","112年05月17日","113年01月12日","113年01月16日","0.25","    55.50","","",
="044865","聯合再凱基2B購04","0.00","","3576","聯合再生","20.30","＋","認購","美式","112年05月17日","112年05月17日","112年11月14日","112年11月16日","0.50","    20.00","","",
="044866","祥碩凱基2C購04","1.37","＋","5269","祥碩","1,300.00","＋","認購","美式","112年05月17日","112年05月17日","112年12月14日","112年12月18日","0.009","    1,550.00","","",
="044867","緯穎凱基2B購14","0.00","","6669","緯穎","1,205.00","＋","認購","美式","112年05月17日","112年05月17日","112年11月14日","112年11月16日","0.008","    1,080.00","","",
="044868","伊雲谷凱基2B購01","1.27","＋","6689","伊雲谷","162.50","＋","認購","美式","112年05月17日","112年05月17日","112年11月14日","112年11月16日","0.045","    183.95","","",
="044869","AES凱基2C購02","2.57","＋","6781","AES-KY","690.00","＋","認購","美式","112年05月17日","112年05月17日","112年12月14日","112年12月18日","0.03","    777.00","","",
="04486U","元石油群益29售02","0.00","",="00642U","期元大S&P石油(原名：元大S&P石油)","15.46","＋","認售","歐式","112年02月20日","112年09月19日","112年09月15日","112年09月19日","0.60","    15.00","","",
="044870","巨大凱基31購01","0.00","","9921","巨大","201.00","＋","認購","美式","112年05月17日","112年05月17日","113年01月12日","113年01月16日","0.13","    290.00","","",
="044871","聯電元富34購01","2.80","＋","2303","聯電","51.20","＋","認購","美式","112年05月17日","112年05月17日","113年04月12日","113年04月16日","0.45","    52.50","","",
="044872","鴻海元富2B購05","8.10","＋","2317","鴻海","105.50","＋","認購","美式","112年05月17日","112年05月17日","112年11月14日","112年11月16日","1.00","    105.00","","",
="044873","台積電元富38購01","0.00","","2330","台積電","568.00","＋","認購","美式","112年05月17日","112年05月17日","113年08月14日","113年08月16日","0.02","    500.00","","",
="044874","聯發科元富34購01","1.12","＋","2454","聯發科","738.00","＋","認購","美式","112年05月17日","112年05月17日","113年04月12日","113年04月16日","0.008","    715.00","","",
="044875","聯發科元富34購02","1.23","＋","2454","聯發科","738.00","＋","認購","美式","112年05月17日","112年05月17日","113年04月12日","113年04月16日","0.007","    650.00","","",
="044876","富采元富2B購01","2.05","＋","3714","富采","49.90","＋","認購","美式","112年05月17日","112年05月17日","112年11月14日","112年11月16日","0.31","    50.00","","",
="044877","晶碩元富2B購01","1.43","＋","6491","晶碩","366.50","＋","認購","美式","112年05月17日","112年05月17日","112年11月14日","112年11月16日","0.031","    400.00","","",
="044878","光寶科麥證2B購01","2.71","＋","2301","光寶科","86.40","＋","認購","歐式","112年05月17日","112年11月16日","112年11月14日","112年11月16日","1.00","    105.00","","",
="044879","光寶科麥證32購01","4.98","＋","2301","光寶科","86.40","＋","認購","歐式","112年05月17日","113年02月16日","113年02月05日","113年02月16日","1.00","    100.00","","",
="04487U","智原群益28售06","0.00","","3035","智原","173.50","＋","認售","歐式","112年02月20日","112年08月21日","112年08月17日","112年08月21日","0.10","    160.00","","",
="044880","宏碁麥證2B購02","1.34","－","2353","宏碁","31.05","＋","認購","歐式","112年05月17日","112年11月16日","112年11月14日","112年11月16日","1.00","    35.00","","",
="044881","技嘉麥證2B購01","5.95","＋","2376","技嘉","186.00","＋","認購","歐式","112年05月17日","112年11月16日","112年11月14日","112年11月16日","0.27","    200.00","","",
="044882","緯創麥證31購01","6.90","＋","3231","緯創","68.00","＋","認購","歐式","112年05月17日","113年01月16日","113年01月12日","113年01月16日","1.00","    75.00","","",
="044883","緯創麥證31購02","8.35","＋","3231","緯創","68.00","＋","認購","歐式","112年05月17日","113年01月16日","113年01月12日","113年01月16日","1.00","    70.00","","",
="044884","TPK麥證2B購01","2.54","＋","3673","TPK-KY","41.75","＋","認購","歐式","112年05月17日","112年11月16日","112年11月14日","112年11月16日","1.00","    50.00","","",
="044885","亞翔麥證2B購01","3.07","＋","6139","亞翔","63.80","－","認購","歐式","112年05月17日","112年11月16日","112年11月14日","112年11月16日","0.50","    75.00","","",
="044886","明基材麥證2B購01","1.45","＋","8215","明基材","35.30","＋","認購","歐式","112年05月17日","112年11月16日","112年11月14日","112年11月16日","0.35","    37.00","","",
="044887","臺指反元大35購02","0.00","",="00664R","國泰臺灣加權反1","5.58","－","認購","美式","112年05月17日","112年05月17日","113年05月14日","113年05月16日","1.00","    6.10","","",
="044888","FH富產元大31購01","1.11","＋",="00712","復華富時不動產(原簡稱:FH富時不動產)","8.88","＋","認購","美式","112年05月17日","112年05月17日","113年01月12日","113年01月16日","1.00","    9.00","","",
="044889","FB越南元大2B購01","0.00","",="00885","富邦越南","11.45","＋","認購","美式","112年05月17日","112年05月17日","112年11月14日","112年11月16日","0.60","    11.50","","",
="04488P","東哥凱基26售02","0.00","","8478","東哥遊艇","520.00","＋","認售","歐式","111年12月13日","112年06月12日","112年06月08日","112年06月12日","0.03","    250.00","","",
="04488U","創意群益28售10","0.00","","3443","創意","1,515.00","＋","認售","歐式","112年02月20日","112年08月21日","112年08月17日","112年08月21日","0.02","    700.00","","",
="044890","東陽元大2B購03","0.00","","1319","東陽","49.90","＋","認購","美式","112年05月17日","112年05月17日","112年11月14日","112年11月16日","0.314","    55.90","","",
="044891","士電元大2C購10","1.71","","1503","士電","143.50","＋","認購","美式","112年05月17日","112年05月17日","112年12月14日","112年12月18日","0.043","    136.50","","",
="044892","東元元大2C購09","0.00","","1504","東元","51.80","＋","認購","美式","112年05月17日","112年05月17日","112年12月14日","112年12月18日","0.349","    56.90","","",
="044893","美時元大2C購10","3.12","＋","1795","美時","330.50","＋","認購","美式","112年05月17日","112年05月17日","112年12月14日","112年12月18日","0.047","    335.00","","",
="044894","中鴻元大2B購04","1.16","","2014","中鴻","23.15","＋","認購","美式","112年05月17日","112年05月17日","112年11月14日","112年11月16日","0.332","    22.65","","",
="044895","仁寶元大2B購02","1.42","＋","2324","仁寶","28.15","＋","認購","美式","112年05月17日","112年05月17日","112年11月14日","112年11月16日","0.804","    30.90","","",
="044896","台積電元大2C購19","0.00","","2330","台積電","568.00","＋","認購","美式","112年05月17日","112年05月17日","112年12月14日","112年12月18日","0.08","    536.00","","",
="044897","台積電元大31購14","0.00","","2330","台積電","568.00","＋","認購","美式","112年05月17日","112年05月17日","113年01月12日","113年01月16日","0.18","    686.00","","",
="044898","光罩元大2B購02","1.45","＋","2338","光罩","81.80","＋","認購","美式","112年05月17日","112年05月17日","112年11月14日","112年11月16日","0.12","    80.00","","",
="044899","技嘉元大2C購01","2.78","＋","2376","技嘉","186.00","＋","認購","美式","112年05月17日","112年05月17日","112年12月14日","112年12月18日","0.10","    180.00","","",
="04489P","華新永豐26售03","0.00","","1605","華新","46.60","＋","認售","歐式","111年12月14日","112年06月13日","112年06月09日","112年06月13日","0.285","    37.78","","",
="04489U","創意群益28售11","0.00","","3443","創意","1,515.00","＋","認售","歐式","112年02月20日","112年08月21日","112年08月17日","112年08月21日","0.009","    777.00","","",
="044900","神基元大2C購06","2.10","＋","3005","神基","69.40","＋","認購","美式","112年05月17日","112年05月17日","112年12月14日","112年12月18日","0.227","    67.20","","",
="044901","聯陽元大2C購01","0.00","","3014","聯陽","113.50","＋","認購","美式","112年05月17日","112年05月17日","112年12月14日","112年12月18日","0.09","    120.00","","",
="044902","聯陽元大31購01","1.13","＋","3014","聯陽","113.50","＋","認購","美式","112年05月17日","112年05月17日","113年01月12日","113年01月16日","0.108","    130.00","","",
="044903","奇鋐元大2C購12","1.93","＋","3017","奇鋐","206.00","－","認購","美式","112年05月17日","112年05月17日","112年12月14日","112年12月18日","0.044","    190.50","","",
="044904","聯詠元大2C購01","0.00","","3034","聯詠","423.50","＋","認購","美式","112年05月17日","112年05月17日","112年12月14日","112年12月18日","0.046","    471.00","","",
="044905","欣興元大2C購12","1.55","－","3037","欣興","182.50","－","認購","美式","112年05月17日","112年05月17日","112年12月14日","112年12月18日","0.054","    189.00","","",
="044906","融程電元大2B購01","0.74","＋","3416","融程電","113.50","＋","認購","美式","112年05月17日","112年05月17日","112年11月14日","112年11月16日","0.06","    131.39","","",
="044907","牧德元大2B購01","1.71","－","3563","牧德","208.50","－","認購","美式","112年05月17日","112年05月17日","112年11月14日","112年11月16日","0.056","    221.38","","",
="044908","聯合再元大2C購01","1.01","＋","3576","聯合再生","20.30","＋","認購","美式","112年05月17日","112年05月17日","112年12月14日","112年12月18日","0.486","    21.65","","",
="044909","TPK元大2C購01","2.21","＋","3673","TPK-KY","41.75","＋","認購","美式","112年05月17日","112年05月17日","112年12月14日","112年12月18日","0.305","    41.05","","",
="04490P","南電永豐26售02","0.00","","8046","南電","302.50","－","認售","歐式","111年12月14日","112年06月13日","112年06月09日","112年06月13日","0.049","    220.40","","",
="04490U","東哥群益28售04","0.00","","8478","東哥遊艇","520.00","＋","認售","歐式","112年02月20日","112年08月21日","112年08月17日","112年08月21日","0.028","    288.00","","",
="044910","TPK元大31購01","1.94","＋","3673","TPK-KY","41.75","＋","認購","美式","112年05月17日","112年05月17日","113年01月12日","113年01月16日","0.456","    51.30","","",
="044911","上緯控元大2B購02","0.67","－","3708","上緯投控","96.50","－","認購","美式","112年05月17日","112年05月17日","112年11月14日","112年11月16日","0.05","    100.00","","",
="044912","矽力元大2C購02","1.43","＋","6415","矽力*-KY","394.50","＋","認購","美式","112年05月17日","112年05月17日","112年12月14日","112年12月18日","0.021","    432.50","","",
="044913","矽力元大31購02","1.20","＋","6415","矽力*-KY","394.50","＋","認購","美式","112年05月17日","112年05月17日","113年01月12日","113年01月16日","0.033","    592.00","","",
="044914","伊雲谷元大2B購01","1.48","＋","6689","伊雲谷","162.50","＋","認購","美式","112年05月17日","112年05月17日","112年11月14日","112年11月16日","0.04","    162.73","","",
="044915","伊雲谷元大31購01","1.63","＋","6689","伊雲谷","162.50","＋","認購","美式","112年05月17日","112年05月17日","113年01月12日","113年01月16日","0.043","    176.88","","",
="044916","伊雲谷元大35購01","1.73","＋","6689","伊雲谷","162.50","＋","認購","美式","112年05月17日","112年05月17日","113年05月14日","113年05月16日","0.042","    198.10","","",
="044917","洋基元大2B購02","1.23","＋","6691","洋基工程","297.00","＋","認購","美式","112年05月17日","112年05月17日","112年11月14日","112年11月16日","0.064","    351.00","","",
="044918","視陽元大2C購02","0.00","","6782","視陽","230.00","＋","認購","美式","112年05月17日","112年05月17日","112年12月14日","112年12月18日","0.03","    250.00","","",
="044919","南電元大2C購12","2.57","－","8046","南電","302.50","－","認購","美式","112年05月17日","112年05月17日","112年12月14日","112年12月18日","0.06","    317.00","","",
="04491P","東哥永豐26售02","0.00","","8478","東哥遊艇","520.00","＋","認售","歐式","111年12月14日","112年06月13日","112年06月09日","112年06月13日","0.029","    240.56","","",
="04491U","聯發科統一32售04","0.29","－","2454","聯發科","738.00","＋","認售","歐式","112年02月20日","113年02月19日","113年02月15日","113年02月19日","0.02","    488.88","","",
="044920","南電元大31購05","2.40","－","8046","南電","302.50","－","認購","美式","112年05月17日","112年05月17日","113年01月12日","113年01月16日","0.067","    348.00","","",
="044921","美時國票2C購03","3.09","＋","1795","美時","330.50","＋","認購","美式","112年05月17日","112年05月17日","112年12月14日","112年12月18日","0.05","    325.00","","",
="044922","華通國票2C購01","1.82","＋","2313","華通","44.30","＋","認購","美式","112年05月17日","112年05月17日","112年12月14日","112年12月18日","0.60","    50.00","","",
="044923","鴻海國票32購01","0.99","","2317","鴻海","105.50","＋","認購","美式","112年05月17日","112年05月17日","113年02月05日","113年02月16日","1.00","    153.00","","",
="044924","台積電國票31購02","4.49","＋","2330","台積電","568.00","＋","認購","美式","112年05月17日","112年05月17日","113年01月12日","113年01月16日","0.09","    580.00","","",
="044925","宏碁國票2C購02","0.79","","2353","宏碁","31.05","＋","認購","美式","112年05月17日","112年05月17日","112年12月14日","112年12月18日","1.00","    40.00","","",
="044926","英業達國票2C購02","2.05","＋","2356","英業達","37.50","＋","認購","美式","112年05月17日","112年05月17日","112年12月14日","112年12月18日","1.00","    46.00","","",
="044927","威盛國票2C購01","2.91","＋","2388","威盛","83.10","＋","認購","美式","112年05月17日","112年05月17日","112年12月14日","112年12月18日","0.255","    90.00","","",
="044928","益航國票2C購01","0.00","","2601","益航","9.02","＋","認購","美式","112年05月17日","112年05月17日","112年12月14日","112年12月18日","1.00","    10.00","","",
="044929","國泰金國票2C購01","0.87","","2882","國泰金","44.75","＋","認購","美式","112年05月17日","112年05月17日","112年12月14日","112年12月18日","1.00","    60.00","","",
="04492U","創意統一29售03","0.00","","3443","創意","1,515.00","＋","認售","歐式","112年02月20日","112年09月19日","112年09月15日","112年09月19日","0.007","    730.00","","",
="044930","晶豪科國票31購01","2.57","＋","3006","晶豪科","88.20","＋","認購","美式","112年05月17日","112年05月17日","113年01月12日","113年01月16日","0.25","    100.00","","",
="044931","群創國票2C購02","1.23","＋","3481","群創","14.10","＋","認購","美式","112年05月17日","112年05月17日","112年12月14日","112年12月18日","0.55","    13.00","","",
="044932","聯合再國票2C購01","0.00","","3576","聯合再生","20.30","＋","認購","美式","112年05月17日","112年05月17日","112年12月14日","112年12月18日","0.60","    22.00","","",
="044933","明基材國票2C購02","1.67","＋","8215","明基材","35.30","＋","認購","美式","112年05月17日","112年05月17日","112年12月14日","112年12月18日","0.40","    38.00","","",
="044934","巨大國票2C購01","0.00","","9921","巨大","201.00","＋","認購","美式","112年05月17日","112年05月17日","112年12月14日","112年12月18日","0.20","    300.00","","",
="044935","臺股指國票2C購10","0.00","","IX0001","臺股指數","16,636.30","","認購","歐式","112年05月17日","112年12月18日","112年12月14日","112年12月18日","0.003","    15,288.00","","",
="044936","啟碁國泰31購01","1.56","＋","6285","啟碁","87.50","＋","認購","美式","112年05月17日","112年05月17日","113年01月12日","113年01月16日","0.15","    103.00","","",
="044937","滬深2X富邦31購02","0.00","",="00637L","元大滬深300正2","13.77","－","認購","美式","112年05月17日","112年05月17日","113年01月12日","113年01月16日","1.00","    19.00","","",
="044938","智邦富邦2B購01","2.02","＋","2345","智邦","357.50","＋","認購","美式","112年05月17日","112年05月17日","112年11月14日","112年11月16日","0.03","    317.00","","",
="044939","長榮富邦33購01","0.81","＋","2603","長榮","157.00","＋","認購","美式","112年05月17日","112年05月17日","113年03月14日","113年03月18日","0.035","    150.00","","",
="04493U","材料統一28售01","0.05","","4763","材料-KY","550.00","－","認售","歐式","112年02月20日","112年08月21日","112年08月17日","112年08月21日","0.02","    250.00","","",
="044940","長榮富邦34購01","0.79","＋","2603","長榮","157.00","＋","認購","美式","112年05月17日","112年05月17日","113年04月12日","113年04月16日","0.15","    220.00","","",
="044941","亞翔富邦31購01","0.98","－","6139","亞翔","63.80","－","認購","美式","112年05月17日","112年05月17日","113年01月12日","113年01月16日","0.20","    85.00","","",
="044942","矽力中信2C購04","0.93","＋","6415","矽力*-KY","394.50","＋","認購","歐式","112年05月18日","112年12月18日","112年12月14日","112年12月18日","0.01","    388.00","","",
="044943","承業醫康和2B購01","0.50","－","4164","承業醫","64.10","","認購","美式","112年05月18日","112年05月18日","112年11月15日","112年11月17日","0.10","    82.00","","",
="044944","東元永豐2C購01","1.89","＋","1504","東元","51.80","＋","認購","美式","112年05月18日","112年05月18日","112年12月14日","112年12月18日","0.30","    55.00","","",
="044945","鴻海永豐31購01","0.91","＋","2317","鴻海","105.50","＋","認購","美式","112年05月18日","112年05月18日","113年01月15日","113年01月17日","0.20","    117.00","","",
="044946","南亞科永豐2C購02","2.14","＋","2408","南亞科","71.20","－","認購","美式","112年05月18日","112年05月18日","112年12月14日","112年12月18日","0.22","    69.62","","",
="044947","中興電統一33購06","0.84","＋","1513","中興電","113.50","＋","認購","美式","112年05月18日","112年05月18日","113年03月14日","113年03月18日","0.035","    126.00","","",
="044948","大亞統一34購02","0.00","","1609","大亞","31.00","＋","認購","美式","112年05月18日","112年05月18日","113年04月15日","113年04月17日","0.09","    34.56","","",
="044949","漢翔統一34購01","0.81","＋","2634","漢翔","55.80","＋","認購","美式","112年05月18日","112年05月18日","113年04月15日","113年04月17日","0.07","    60.50","","",
="04494U","景碩元富28售03","0.58","－","3189","景碩","116.00","＋","認售","歐式","112年02月20日","112年08月21日","112年08月17日","112年08月21日","0.20","    90.00","","",
="044950","晶心科統一33購02","1.55","","6533","晶心科","511.00","＋","認購","美式","112年05月18日","112年05月18日","113年03月14日","113年03月18日","0.008","    399.99","","",
="044951","視陽統一33購02","0.82","","6782","視陽","230.00","＋","認購","美式","112年05月18日","112年05月18日","113年03月14日","113年03月18日","0.009","    208.88","","",
="044952","中興電兆豐2B購01","1.29","＋","1513","中興電","113.50","＋","認購","美式","112年05月18日","112年05月18日","112年11月15日","112年11月17日","0.07","    108.00","","",
="044953","長榮航兆豐31購02","2.01","＋","2618","長榮航","33.60","＋","認購","美式","112年05月18日","112年05月18日","113年01月15日","113年01月17日","0.35","    30.80","","",
="044954","群創兆豐31購01","1.13","＋","3481","群創","14.10","＋","認購","美式","112年05月18日","112年05月18日","113年01月15日","113年01月17日","0.60","    14.00","","",
="044955","拓凱兆豐2B購02","0.85","＋","4536","拓凱","196.50","＋","認購","美式","112年05月18日","112年05月18日","112年11月15日","112年11月17日","0.03","    200.00","","",
="044956","祥碩兆豐2B購02","1.68","","5269","祥碩","1,300.00","＋","認購","美式","112年05月18日","112年05月18日","112年11月15日","112年11月17日","0.008","    1,333.33","","",
="044957","矽力兆豐2C購01","1.15","＋","6415","矽力*-KY","394.50","＋","認購","美式","112年05月18日","112年05月18日","112年12月14日","112年12月18日","0.015","    400.00","","",
="044958","中興電元富31購05","1.72","＋","1513","中興電","113.50","＋","認購","美式","112年05月18日","112年05月18日","113年01月15日","113年01月17日","0.10","    118.00","","",
="044959","大亞元富2B購01","1.85","＋","1609","大亞","31.00","＋","認購","美式","112年05月18日","112年05月18日","112年11月15日","112年11月17日","1.00","    40.00","","",
="04495P","華新群益26售07","0.00","","1605","華新","46.60","＋","認售","歐式","111年12月14日","112年06月13日","112年06月09日","112年06月13日","0.40","    36.80","","",
="04495U","創意元富28售10","0.00","","3443","創意","1,515.00","＋","認售","歐式","112年02月20日","112年08月21日","112年08月17日","112年08月21日","0.01","    750.00","","",
="044960","廣宇元富2B購01","1.99","＋","2328","廣宇","39.40","＋","認購","美式","112年05月18日","112年05月18日","112年11月15日","112年11月17日","0.50","    40.00","","",
="044961","英業達元富2C購01","4.81","＋","2356","英業達","37.50","＋","認購","美式","112年05月18日","112年05月18日","112年12月14日","112年12月18日","0.75","    35.22","","",
="044962","英業達元富2C購02","0.00","","2356","英業達","37.50","＋","認購","美式","112年05月18日","112年05月18日","112年12月14日","112年12月18日","0.75","    32.16","","",
="044963","晶華元富2B購02","1.85","","2707","晶華","288.00","＋","認購","美式","112年05月18日","112年05月18日","112年11月15日","112年11月17日","0.047","    290.00","","",
="044964","緯創元富2B購05","4.07","＋","3231","緯創","68.00","＋","認購","美式","112年05月18日","112年05月18日","112年11月15日","112年11月17日","0.30","    60.00","","",
="044965","敦泰元富31購01","2.44","＋","3545","敦泰","83.70","＋","認購","美式","112年05月18日","112年05月18日","113年01月15日","113年01月17日","0.192","    88.00","","",
="044966","臻鼎元富35購01","3.46","＋","4958","臻鼎-KY","114.50","＋","認購","美式","112年05月18日","112年05月18日","113年05月15日","113年05月17日","0.20","    120.00","","",
="044967","鴻海麥證32購01","1.23","","2317","鴻海","105.50","＋","認購","歐式","112年05月18日","113年02月19日","113年02月15日","113年02月19日","0.12","    105.00","","",
="044968","台積電麥證31購06","0.00","","2330","台積電","568.00","＋","認購","歐式","112年05月18日","113年01月17日","113年01月15日","113年01月17日","0.37","    650.00","","",
="044969","台積電麥證35購01","4.34","","2330","台積電","568.00","＋","認購","歐式","112年05月18日","113年05月17日","113年05月15日","113年05月17日","0.20","    740.00","","",
="04496P","王品群益27售01","0.00","","2727","王品","320.00","－","認售","歐式","111年12月14日","112年07月13日","112年07月11日","112年07月13日","0.10","    120.00","","",
="04496U","材料元富28售01","0.04","","4763","材料-KY","550.00","－","認售","歐式","112年02月20日","112年08月21日","112年08月17日","112年08月21日","0.03","    250.00","","",
="044970","台積電麥證36購01","0.00","","2330","台積電","568.00","＋","認購","歐式","112年05月18日","113年06月17日","113年06月13日","113年06月17日","0.16","    700.00","","",
="044971","技嘉麥證31購01","3.22","＋","2376","技嘉","186.00","＋","認購","歐式","112年05月18日","113年01月17日","113年01月15日","113年01月17日","0.08","    168.00","","",
="044972","聯發科麥證33購01","4.40","＋","2454","聯發科","738.00","＋","認購","歐式","112年05月18日","113年03月18日","113年03月14日","113年03月18日","0.07","    1,000.00","","",
="044973","聯發科麥證35購01","1.96","","2454","聯發科","738.00","＋","認購","歐式","112年05月18日","113年05月17日","113年05月15日","113年05月17日","0.03","    999.00","","",
="044974","東元第一2B購01","1.13","＋","1504","東元","51.80","＋","認購","美式","112年05月18日","112年05月18日","112年11月15日","112年11月17日","0.155","    53.58","","",
="044975","T50反1國票32購02","0.00","",="00632R","元大台灣50反1","4.94","－","認購","美式","112年05月18日","112年05月18日","113年02月15日","113年02月19日","1.00","    5.00","","",
="044976","T50反1國票33購01","0.00","",="00632R","元大台灣50反1","4.94","－","認購","美式","112年05月18日","112年05月18日","113年03月14日","113年03月18日","1.00","    5.10","","",
="044977","T50反1國票34購01","0.00","",="00632R","元大台灣50反1","4.94","－","認購","美式","112年05月18日","112年05月18日","113年04月15日","113年04月17日","1.00","    5.30","","",
="044978","T50反1國票35購01","0.20","－",="00632R","元大台灣50反1","4.94","－","認購","美式","112年05月18日","112年05月18日","113年05月15日","113年05月17日","1.00","    5.60","","",
="044979","元日2X國票31購02","0.00","",="00706L","期元大S&P日圓正2(原名：元大S&P日圓正2)","8.72","－","認購","美式","112年05月18日","112年05月18日","113年01月15日","113年01月17日","1.00","    9.80","","",
="04497U","創意麥證28售01","0.06","－","3443","創意","1,515.00","＋","認售","歐式","112年02月20日","112年08月21日","112年08月17日","112年08月21日","0.01","    880.00","","",
="044980","大亞國票2C購01","1.40","＋","1609","大亞","31.00","＋","認購","美式","112年05月18日","112年05月18日","112年12月14日","112年12月18日","1.00","    45.00","","",
="044981","美時國票31購02","2.04","＋","1795","美時","330.50","＋","認購","美式","112年05月18日","112年05月18日","113年01月15日","113年01月17日","0.04","    355.00","","",
="044982","川湖國票2C購01","0.00","","2059","川湖","436.00","＋","認購","美式","112年05月18日","112年05月18日","112年12月14日","112年12月18日","0.10","    600.00","","",
="044983","裕隆國票2C購02","3.96","＋","2201","裕隆","82.80","＋","認購","美式","112年05月18日","112年05月18日","112年12月14日","112年12月18日","0.40","    90.00","","",
="044984","精英國票2C購02","2.78","＋","2331","精英","28.70","＋","認購","美式","112年05月18日","112年05月18日","112年12月14日","112年12月18日","1.00","    34.00","","",
="044985","華邦電國票2C購02","2.36","＋","2344","華邦電","26.90","＋","認購","美式","112年05月18日","112年05月18日","112年12月14日","112年12月18日","1.00","    30.00","","",
="044986","技嘉國票2B購01","3.92","＋","2376","技嘉","186.00","＋","認購","美式","112年05月18日","112年05月18日","112年11月15日","112年11月17日","0.12","    170.00","","",
="044987","長榮國票2C購04","1.03","＋","2603","長榮","157.00","＋","認購","美式","112年05月18日","112年05月18日","112年12月14日","112年12月18日","0.12","    185.00","","",
="044988","漢翔國票2C購03","0.00","","2634","漢翔","55.80","＋","認購","美式","112年05月18日","112年05月18日","112年12月14日","112年12月18日","1.00","    76.00","","",
="044989","智原國票2C購03","1.88","＋","3035","智原","173.50","＋","認購","美式","112年05月18日","112年05月18日","112年12月14日","112年12月18日","0.12","    210.00","","",
="04498P","晶豪科群益26售02","0.00","","3006","晶豪科","88.20","＋","認售","歐式","111年12月14日","112年06月13日","112年06月09日","112年06月13日","0.374","    50.00","","",
="04498U","臺股指麥證28售06","0.39","－","IX0001","臺股指數","16,636.30","","認售","歐式","112年02月20日","112年08月21日","112年08月17日","112年08月21日","0.007","    13,500.00","","",
="044990","瑞鼎國票2C購04","0.00","","3592","瑞鼎","348.00","＋","認購","美式","112年05月18日","112年05月18日","112年12月14日","112年12月18日","0.165","    500.00","","",
="044991","碩天國票2C購01","4.94","－","3617","碩天","191.00","－","認購","美式","112年05月18日","112年05月18日","112年12月14日","112年12月18日","0.16","    200.00","","",
="044992","天鈺國票2C購02","1.47","＋","4961","天鈺","154.00","＋","認購","美式","112年05月18日","112年05月18日","112年12月14日","112年12月18日","0.06","    155.00","","",
="044993","啟碁國票2C購02","3.11","＋","6285","啟碁","87.50","＋","認購","美式","112年05月18日","112年05月18日","112年12月14日","112年12月18日","0.832","    120.00","","",
="044994","晶碩國票2C購01","1.94","＋","6491","晶碩","366.50","＋","認購","美式","112年05月18日","112年05月18日","112年12月14日","112年12月18日","0.06","    450.00","","",
="044995","力智國票2C購02","1.31","","6719","力智","303.00","＋","認購","美式","112年05月18日","112年05月18日","112年12月14日","112年12月18日","0.024","    290.00","","",
="044996","視陽國票2C購02","1.03","＋","6782","視陽","230.00","＋","認購","美式","112年05月18日","112年05月18日","112年12月14日","112年12月18日","0.05","    320.00","","",
="044997","世紀鋼國票2C購03","2.07","＋","9958","世紀鋼","109.50","＋","認購","美式","112年05月18日","112年05月18日","112年12月14日","112年12月18日","0.10","    100.00","","",
="044998","臺股指國票32購02","0.00","","IX0001","臺股指數","16,636.30","","認購","歐式","112年05月18日","113年02月19日","113年02月15日","113年02月19日","0.004","    16,388.00","","",
="044999","臺股指國票32購03","0.00","","IX0001","臺股指數","16,636.30","","認購","歐式","112年05月18日","113年02月19日","113年02月15日","113年02月19日","0.02","    19,288.00","","",
="04499P","啟碁中信26售01","0.00","","6285","啟碁","87.50","＋","認售","歐式","111年12月14日","112年06月13日","112年06月09日","112年06月13日","0.061","    80.00","","",
="04499U","中502X元大29售02","0.00","",="00753L","中信中國50正2","8.81","","認售","歐式","112年02月20日","112年09月19日","112年09月15日","112年09月19日","0.50","    11.00","","",
="045000","SGBR2X國泰31購01","1.57","＋",="00715L","期街口布蘭特正2","12.73","＋","認購","美式","112年05月18日","112年05月18日","113年01月15日","113年01月17日","0.50","    13.50","","",
="045001","美時國泰31購02","2.72","＋","1795","美時","330.50","＋","認購","美式","112年05月18日","112年05月18日","113年01月15日","113年01月17日","0.06","    375.00","","",
="045002","奇鋐國泰31購01","0.00","","3017","奇鋐","206.00","－","認購","美式","112年05月18日","112年05月18日","113年01月15日","113年01月17日","0.10","    224.47","","",
="045003","矽力國泰2C購01","1.23","＋","6415","矽力*-KY","394.50","＋","認購","美式","112年05月18日","112年05月18日","112年12月14日","112年12月18日","0.03","    505.60","","",
="045004","AES國泰31購01","1.45","＋","6781","AES-KY","690.00","＋","認購","美式","112年05月18日","112年05月18日","113年01月15日","113年01月17日","0.02","    823.75","","",
="045005","台達電富邦33購01","1.18","－","2308","台達電","315.50","－","認購","美式","112年05月18日","112年05月18日","113年03月14日","113年03月18日","0.075","    370.00","","",
="045006","英業達富邦2B購01","2.26","＋","2356","英業達","37.50","＋","認購","美式","112年05月18日","112年05月18日","112年11月15日","112年11月17日","0.32","    33.00","","",
="045007","聯發科富邦34購01","1.18","＋","2454","聯發科","738.00","＋","認購","美式","112年05月18日","112年05月18日","113年04月15日","113年04月17日","0.013","    770.00","","",
="045008","玉晶光富邦32購01","1.19","＋","3406","玉晶光","400.00","＋","認購","美式","112年05月18日","112年05月18日","113年02月15日","113年02月19日","0.02","    400.00","","",
="045009","群創富邦35購01","0.68","＋","3481","群創","14.10","＋","認購","美式","112年05月18日","112年05月18日","113年05月15日","113年05月17日","1.00","    19.00","","",
="04500P","裕隆國泰28售02","0.00","","2201","裕隆","82.80","＋","認售","歐式","111年12月14日","112年08月14日","112年08月10日","112年08月14日","0.25","    56.00","","",
="04500U","鴻海元大28售06","0.00","","2317","鴻海","105.50","＋","認售","歐式","112年02月20日","112年08月21日","112年08月17日","112年08月21日","0.124","    102.00","","",
="045010","上証2X群益2B購02","1.07","－",="00633L","富邦上証正2","35.01","－","認購","美式","112年05月18日","112年05月18日","112年11月15日","112年11月17日","0.30","    37.00","","",
="045011","A50正2群益2B購01","0.00","",="00655L","國泰中國A50正2","24.65","－","認購","美式","112年05月18日","112年05月18日","112年11月15日","112年11月17日","0.40","    35.00","","",
="045012","元油反群益2B購02","0.00","",="00673R","期元大S&P原油反1(原名：元大S&P原油反1)","9.03","－","認購","美式","112年05月18日","112年05月18日","112年11月15日","112年11月17日","1.00","    9.90","","",
="045013","美債2X群益2B購02","0.00","",="00688L","國泰20年美債正2","10.74","＋","認購","美式","112年05月18日","112年05月18日","112年11月15日","112年11月17日","0.80","    12.40","","",
="045014","台積電群益2B購08","0.00","","2330","台積電","568.00","＋","認購","美式","112年05月18日","112年05月18日","112年11月15日","112年11月17日","0.20","    546.00","","",
="045015","台積電群益2B購09","0.00","","2330","台積電","568.00","＋","認購","美式","112年05月18日","112年05月18日","112年11月15日","112年11月17日","0.20","    666.00","","",
="045016","順德群益2B購03","2.28","","2351","順德","123.00","＋","認購","美式","112年05月18日","112年05月18日","112年11月15日","112年11月17日","0.11","    121.50","","",
="045017","威盛群益2B購04","2.45","＋","2388","威盛","83.10","＋","認購","美式","112年05月18日","112年05月18日","112年11月15日","112年11月17日","0.288","    95.00","","",
="045018","聯發科群益2B購11","6.05","＋","2454","聯發科","738.00","＋","認購","美式","112年05月18日","112年05月18日","112年11月15日","112年11月17日","0.06","    713.00","","",
="045019","晶華群益2B購02","0.00","","2707","晶華","288.00","＋","認購","美式","112年05月18日","112年05月18日","112年11月15日","112年11月17日","0.07","    328.00","","",
="04501P","臺股指國泰26售07","0.00","","IX0001","臺股指數","16,636.30","","認售","歐式","111年12月14日","112年06月13日","112年06月09日","112年06月13日","0.005","    12,250.00","","",
="04501U","長榮元大28售17","0.06","－","2603","長榮","157.00","＋","認售","歐式","112年02月20日","112年08月21日","112年08月17日","112年08月21日","1.00","    74.00","","",
="045020","美食群益2B購03","0.00","","2723","美食-KY","152.50","－","認購","美式","112年05月18日","112年05月18日","112年11月15日","112年11月17日","0.06","    195.50","","",
="045021","晶豪科群益2B購01","1.73","＋","3006","晶豪科","88.20","＋","認購","美式","112年05月18日","112年05月18日","112年11月15日","112年11月17日","0.156","    95.00","","",
="045022","大立光群益2B購06","2.28","","3008","大立光","2,305.00","＋","認購","美式","112年05月18日","112年05月18日","112年11月15日","112年11月17日","0.012","    2,452.00","","",
="045023","玉晶光群益2B購01","2.32","＋","3406","玉晶光","400.00","＋","認購","美式","112年05月18日","112年05月18日","112年11月15日","112年11月17日","0.04","    381.00","","",
="045024","健策群益2C購02","14.20","＋","3653","健策","616.00","＋","認購","美式","112年05月18日","112年05月18日","112年12月14日","112年12月18日","0.14","    650.00","","",
="045025","祥碩群益31購01","1.65","＋","5269","祥碩","1,300.00","＋","認購","美式","112年05月18日","112年05月18日","113年01月15日","113年01月17日","0.012","    1,740.00","","",
="045026","元晶群益2B購01","2.02","＋","6443","元晶","36.20","＋","認購","美式","112年05月18日","112年05月18日","112年11月15日","112年11月17日","0.70","    40.05","","",
="045027","帝寶群益2B購03","0.00","","6605","帝寶","99.80","＋","認購","美式","112年05月18日","112年05月18日","112年11月15日","112年11月17日","0.25","    137.50","","",
="045028","洋基群益2B購01","0.00","","6691","洋基工程","297.00","＋","認購","美式","112年05月18日","112年05月18日","112年11月15日","112年11月17日","0.15","    439.00","","",
="045029","威鋒電群益2B購03","1.68","＋","6756","威鋒電子","223.00","＋","認購","美式","112年05月18日","112年05月18日","112年11月15日","112年11月17日","0.04","    200.00","","",
="04502P","聯電富邦29售03","0.00","","2303","聯電","51.20","＋","認售","歐式","111年12月14日","112年09月13日","112年09月11日","112年09月13日","0.80","    30.00","","",
="04502U","長榮元大28售18","0.00","","2603","長榮","157.00","＋","認售","歐式","112年02月20日","112年08月21日","112年08月17日","112年08月21日","0.16","    122.00","","",
="045030","視陽群益2B購03","0.96","＋","6782","視陽","230.00","＋","認購","美式","112年05月18日","112年05月18日","112年11月15日","112年11月17日","0.03","    255.00","","",
="045031","宏全群益2B購01","0.93","＋","9939","宏全","106.50","＋","認購","美式","112年05月18日","112年05月18日","112年11月15日","112年11月17日","0.12","    118.80","","",
="045032","世紀鋼群益2B購01","1.59","＋","9958","世紀鋼","109.50","＋","認購","美式","112年05月18日","112年05月18日","112年11月15日","112年11月17日","0.08","    100.00","","",
="045033","臺股指群益34購04","4.07","","IX0001","臺股指數","16,636.30","","認購","歐式","112年05月18日","113年04月17日","113年04月15日","113年04月17日","0.003","    15,600.00","","",
="045034","臺股指群益34購05","3.66","＋","IX0001","臺股指數","16,636.30","","認購","歐式","112年05月18日","113年04月17日","113年04月15日","113年04月17日","0.075","    21,600.00","","",
="045035","臺股指法興2B購01","0.00","","IX0001","臺股指數","16,636.30","","認購","歐式","112年05月18日","112年11月17日","112年11月15日","112年11月17日","0.001","    13,600.00","","",
="045036","臺股指法興2B購02","0.00","","IX0001","臺股指數","16,636.30","","認購","歐式","112年05月18日","112年11月17日","112年11月15日","112年11月17日","0.002","    15,000.00","","",
="045037","臺股指法興2B購03","0.00","","IX0001","臺股指數","16,636.30","","認購","歐式","112年05月18日","112年11月17日","112年11月15日","112年11月17日","0.012","    16,500.00","","",
="045038","臺股指法興2B購04","0.00","","IX0001","臺股指數","16,636.30","","認購","歐式","112年05月18日","112年11月17日","112年11月15日","112年11月17日","0.025","    18,000.00","","",
="045039","滬深反元大2B購01","0.00","",="00638R","元大滬深300反1","9.79","＋","認購","美式","112年05月18日","112年05月18日","112年11月15日","112年11月17日","1.00","    10.50","","",
="04503P","鴻海康和28售02","0.00","","2317","鴻海","105.50","＋","認售","歐式","111年12月14日","112年08月14日","112年08月10日","112年08月14日","0.20","    90.00","","",
="04503U","長榮元大28售19","1.29","－","2603","長榮","157.00","＋","認售","歐式","112年02月20日","112年08月21日","112年08月17日","112年08月21日","0.088","    148.00","","",
="045040","元石油元大2C購01","0.00","",="00642U","期元大S&P石油(原名：元大S&P石油)","15.46","＋","認購","美式","112年05月18日","112年05月18日","112年12月14日","112年12月18日","0.50","    16.50","","",
="045041","元石油元大31購01","0.00","",="00642U","期元大S&P石油(原名：元大S&P石油)","15.46","＋","認購","美式","112年05月18日","112年05月18日","113年01月15日","113年01月17日","0.35","    15.50","","",
="045042","臺指反元大35購03","0.43","－",="00664R","國泰臺灣加權反1","5.58","－","認購","美式","112年05月18日","112年05月18日","113年05月15日","113年05月17日","1.00","    5.90","","",
="045043","亞德客元大2B購06","0.00","","1590","亞德客-KY","1,040.00","＋","認購","美式","112年05月18日","112年05月18日","112年11月15日","112年11月17日","0.018","    1,500.00","","",
="045044","新光鋼元大2B購02","0.87","","2031","新光鋼","48.80","－","認購","美式","112年05月18日","112年05月18日","112年11月15日","112年11月17日","0.128","    52.50","","",
="045045","裕隆元大2C購06","2.17","＋","2201","裕隆","82.80","＋","認購","美式","112年05月18日","112年05月18日","112年12月14日","112年12月18日","0.163","    82.20","","",
="045046","台積電元大2C購20","0.00","","2330","台積電","568.00","＋","認購","美式","112年05月18日","112年05月18日","112年12月14日","112年12月18日","0.059","    507.00","","",
="045047","台積電元大31購15","0.00","","2330","台積電","568.00","＋","認購","美式","112年05月18日","112年05月18日","113年01月15日","113年01月17日","0.183","    675.00","","",
="045048","技嘉元大2B購01","0.00","","2376","技嘉","186.00","＋","認購","美式","112年05月18日","112年05月18日","112年11月15日","112年11月17日","0.08","    165.00","","",
="045049","技嘉元大2B購02","2.67","＋","2376","技嘉","186.00","＋","認購","美式","112年05月18日","112年05月18日","112年11月15日","112年11月17日","0.055","    150.00","","",
="04504U","大立光元大28售06","0.76","－","3008","大立光","2,305.00","＋","認售","歐式","112年02月20日","112年08月21日","112年08月17日","112年08月21日","0.005","    2,170.99","","",
="045050","技嘉元大2C購02","0.00","","2376","技嘉","186.00","＋","認購","美式","112年05月18日","112年05月18日","112年12月14日","112年12月18日","0.045","    140.00","","",
="045051","益航元大2B購01","0.00","","2601","益航","9.02","＋","認購","美式","112年05月18日","112年05月18日","112年11月15日","112年11月17日","0.52","    9.00","","",
="045052","長榮元大2B購25","1.48","＋","2603","長榮","157.00","＋","認購","美式","112年05月18日","112年05月18日","112年11月15日","112年11月17日","0.112","    172.00","","",
="045053","漢翔元大31購04","2.13","＋","2634","漢翔","55.80","＋","認購","美式","112年05月18日","112年05月18日","113年01月15日","113年01月17日","0.27","    63.80","","",
="045054","美食元大2C購02","0.72","－","2723","美食-KY","152.50","－","認購","美式","112年05月18日","112年05月18日","112年12月14日","112年12月18日","0.056","    194.00","","",
="045055","國泰金元大2B購02","1.32","＋","2882","國泰金","44.75","＋","認購","美式","112年05月18日","112年05月18日","112年11月15日","112年11月17日","1.00","    55.60","","",
="045056","神基元大2C購07","2.18","","3005","神基","69.40","＋","認購","美式","112年05月18日","112年05月18日","112年12月14日","112年12月18日","0.185","    63.80","","",
="045057","奇鋐元大2C購13","1.98","＋","3017","奇鋐","206.00","－","認購","美式","112年05月18日","112年05月18日","112年12月14日","112年12月18日","0.055","    207.50","","",
="045058","欣興元大2C購13","1.50","－","3037","欣興","182.50","－","認購","美式","112年05月18日","112年05月18日","112年12月14日","112年12月18日","0.051","    185.50","","",
="045059","創意元大2C購09","1.76","＋","3443","創意","1,515.00","＋","認購","美式","112年05月18日","112年05月18日","112年12月14日","112年12月18日","0.004","    1,350.00","","",
="04505P","國泰金元大26售01","0.00","","2882","國泰金","44.75","＋","認售","歐式","111年10月21日","112年06月20日","112年06月16日","112年06月20日","1.016","    27.67","","",
="04505U","景碩元大28售03","0.76","－","3189","景碩","116.00","＋","認售","歐式","112年02月20日","112年08月21日","112年08月17日","112年08月21日","0.097","    101.50","","",
="045060","聯合再元大2B購05","0.89","","3576","聯合再生","20.30","＋","認購","美式","112年05月18日","112年05月18日","112年11月15日","112年11月17日","0.583","    23.15","","",
="045061","TPK元大2C購02","1.83","＋","3673","TPK-KY","41.75","＋","認購","美式","112年05月18日","112年05月18日","112年12月14日","112年12月18日","0.334","    45.50","","",
="045062","合勤控元大2C購02","1.73","＋","3704","合勤控","43.85","＋","認購","美式","112年05月18日","112年05月18日","112年12月14日","112年12月18日","0.294","    47.65","","",
="045063","致伸元大2B購01","1.40","","4915","致伸","64.40","＋","認購","美式","112年05月18日","112年05月18日","112年11月15日","112年11月17日","0.303","    70.20","","",
="045064","致伸元大2B購02","0.00","","4915","致伸","64.40","＋","認購","美式","112年05月18日","112年05月18日","112年11月15日","112年11月17日","0.30","    70.00","","",
="045065","亞翔元大2B購01","2.52","＋","6139","亞翔","63.80","－","認購","美式","112年05月18日","112年05月18日","112年11月15日","112年11月17日","0.226","    61.00","","",
="045066","亞翔元大31購01","2.21","＋","6139","亞翔","63.80","－","認購","美式","112年05月18日","112年05月18日","113年01月15日","113年01月17日","0.221","    68.20","","",
="045067","矽力元大2B購03","1.73","＋","6415","矽力*-KY","394.50","＋","認購","美式","112年05月18日","112年05月18日","112年11月15日","112年11月17日","0.048","    530.00","","",
="045068","矽力元大2C購03","1.93","＋","6415","矽力*-KY","394.50","＋","認購","美式","112年05月18日","112年05月18日","112年12月14日","112年12月18日","0.023","    390.00","","",
="045069","矽力元大31購03","1.74","＋","6415","矽力*-KY","394.50","＋","認購","美式","112年05月18日","112年05月18日","113年01月15日","113年01月17日","0.026","    455.00","","",
="04506P","中信金元大26售01","0.00","","2891","中信金","24.40","＋","認售","歐式","111年10月21日","112年06月20日","112年06月16日","112年06月20日","1.00","    16.00","","",
="04506U","創意元大28售07","0.14","－","3443","創意","1,515.00","＋","認售","歐式","112年02月20日","112年08月21日","112年08月17日","112年08月21日","0.01","    830.00","","",
="045070","視陽元大2B購02","1.50","","6782","視陽","230.00","＋","認購","美式","112年05月18日","112年05月18日","112年11月15日","112年11月17日","0.028","    220.00","","",
="045071","視陽元大2B購03","0.00","","6782","視陽","230.00","＋","認購","美式","112年05月18日","112年05月18日","112年11月15日","112年11月17日","0.05","    300.00","","",
="045072","視陽元大2B購04","1.65","","6782","視陽","230.00","＋","認購","美式","112年05月18日","112年05月18日","112年11月15日","112年11月17日","0.044","    265.00","","",
="045073","台灣50凱基31購07","3.85","",="0050","元大台灣50","126.75","＋","認購","美式","112年05月18日","112年05月18日","113年01月15日","113年01月17日","0.90","    134.00","","",
="045074","台灣50凱基31購08","0.00","",="0050","元大台灣50","126.75","＋","認購","美式","112年05月18日","112年05月18日","113年01月15日","113年01月17日","0.17","    119.00","","",
="045075","大亞凱基2B購02","0.00","","1609","大亞","31.00","＋","認購","美式","112年05月18日","112年05月18日","112年11月15日","112年11月17日","0.50","    36.00","","",
="045076","精英凱基2B購01","2.12","＋","2331","精英","28.70","＋","認購","美式","112年05月18日","112年05月18日","112年11月15日","112年11月17日","0.50","    28.00","","",
="045077","宏碁凱基2B購03","2.01","－","2353","宏碁","31.05","＋","認購","美式","112年05月18日","112年05月18日","112年11月15日","112年11月17日","1.00","    34.00","","",
="045078","英業達凱基2B購04","0.00","","2356","英業達","37.50","＋","認購","美式","112年05月18日","112年05月18日","112年11月15日","112年11月17日","0.50","    31.00","","",
="045079","技嘉凱基2C購01","3.96","＋","2376","技嘉","186.00","＋","認購","美式","112年05月18日","112年05月18日","112年12月14日","112年12月18日","0.15","    180.00","","",
="04507P","台積電康和26售05","0.00","","2330","台積電","568.00","＋","認售","歐式","111年12月14日","112年06月13日","112年06月09日","112年06月13日","0.03","    474.68","","",
="04507U","裕隆國票29售03","0.65","－","2201","裕隆","82.80","＋","認售","歐式","112年02月21日","112年09月20日","112年09月18日","112年09月20日","0.075","    80.00","","",
="045080","長榮凱基32購01","0.00","","2603","長榮","157.00","＋","認購","美式","112年05月18日","112年05月18日","113年02月15日","113年02月19日","0.10","    179.00","","",
="045081","漢翔凱基2B購09","1.46","＋","2634","漢翔","55.80","＋","認購","美式","112年05月18日","112年05月18日","112年11月15日","112年11月17日","0.35","    64.00","","",
="045082","晶華凱基2C購07","1.18","－","2707","晶華","288.00","＋","認購","美式","112年05月18日","112年05月18日","112年12月14日","112年12月18日","0.05","    340.00","","",
="045083","八方凱基2B購01","1.03","","2753","八方雲集","167.00","","認購","美式","112年05月18日","112年05月18日","112年11月15日","112年11月17日","0.05","    180.00","","",
="045084","大立光凱基35購02","2.55","＋","3008","大立光","2,305.00","＋","認購","美式","112年05月18日","112年05月18日","113年05月15日","113年05月17日","0.01","    2,600.00","","",
="045085","聯詠凱基31購01","1.90","＋","3034","聯詠","423.50","＋","認購","美式","112年05月18日","112年05月18日","113年01月15日","113年01月17日","0.03","    400.00","","",
="045086","緯創凱基2B購18","4.93","＋","3231","緯創","68.00","＋","認購","美式","112年05月18日","112年05月18日","112年11月15日","112年11月17日","0.27","    53.50","","",
="045087","玉晶光凱基2C購01","1.94","＋","3406","玉晶光","400.00","＋","認購","美式","112年05月18日","112年05月18日","112年12月14日","112年12月18日","0.035","    390.00","","",
="045088","晶睿凱基2B購04","1.03","＋","3454","晶睿","182.50","＋","認購","美式","112年05月18日","112年05月18日","112年11月15日","112年11月17日","0.046","    200.00","","",
="045089","合勤控凱基2C購02","1.71","","3704","合勤控","43.85","＋","認購","美式","112年05月18日","112年05月18日","112年12月14日","112年12月18日","0.30","    48.00","","",
="04508P","材料國票27售02","0.00","","4763","材料-KY","550.00","－","認售","歐式","111年12月14日","112年07月13日","112年07月11日","112年07月13日","0.102","    136.86","","",
="04508U","中興電統一28售01","0.00","","1513","中興電","113.50","＋","認售","歐式","112年02月21日","112年08月21日","112年08月17日","112年08月21日","0.10","    70.00","","",
="045090","致伸凱基2B購01","1.75","＋","4915","致伸","64.40","＋","認購","美式","112年05月18日","112年05月18日","112年11月15日","112年11月17日","0.40","    70.00","","",
="045091","矽力凱基2C購01","1.59","＋","6415","矽力*-KY","394.50","＋","認購","美式","112年05月18日","112年05月18日","112年12月14日","112年12月18日","0.025","    430.00","","",
="045092","緯穎凱基2C購06","1.82","＋","6669","緯穎","1,205.00","＋","認購","美式","112年05月18日","112年05月18日","112年12月14日","112年12月18日","0.012","    1,370.00","","",
="045093","洋基凱基2B購01","1.20","＋","6691","洋基工程","297.00","＋","認購","美式","112年05月18日","112年05月18日","112年11月15日","112年11月17日","0.065","    345.00","","",
="045094","南電凱基2B購11","2.14","－","8046","南電","302.50","－","認購","美式","112年05月18日","112年05月18日","112年11月15日","112年11月17日","0.065","    315.00","","",
="045095","富邦媒凱基2C購01","1.73","＋","8454","富邦媒","703.00","＋","認購","美式","112年05月18日","112年05月18日","112年12月14日","112年12月18日","0.02","    777.00","","",
="045096","臺股指凱基31購21","0.00","","IX0001","臺股指數","16,636.30","","認購","歐式","112年05月18日","113年01月17日","113年01月15日","113年01月17日","0.003","    16,200.00","","",
="045097","臺股指凱基31購22","0.00","","IX0001","臺股指數","16,636.30","","認購","歐式","112年05月18日","113年01月17日","113年01月15日","113年01月17日","0.005","    16,700.00","","",
="045098","臺股指凱基34購01","0.00","","IX0001","臺股指數","16,636.30","","認購","歐式","112年05月18日","113年04月17日","113年04月15日","113年04月17日","0.013","    21,666.00","","",
="045099","大立光台新2B購01","1.23","＋","3008","大立光","2,305.00","＋","認購","歐式","112年05月19日","112年11月20日","112年11月16日","112年11月20日","0.005","    2,367.90","","",
="04509P","晶心科國票28售03","0.40","","6533","晶心科","511.00","＋","認售","歐式","111年12月14日","112年08月14日","112年08月10日","112年08月14日","0.015","    400.00","","",
="04509U","國巨統一2A售04","0.00","","2327","國巨","508.00","＋","認售","歐式","112年02月21日","112年10月20日","112年10月18日","112年10月20日","0.01","    555.00","","",
="045100","台泥兆豐2C購01","1.33","","1101","台泥","38.15","＋","認購","美式","112年05月19日","112年05月19日","112年12月14日","112年12月18日","0.35","    37.80","","",
="045101","亞德客兆豐31購01","1.06","＋","1590","亞德客-KY","1,040.00","＋","認購","美式","112年05月19日","112年05月19日","113年01月16日","113年01月18日","0.01","    1,200.00","","",
="045102","中鴻兆豐34購01","1.28","＋","2014","中鴻","23.15","＋","認購","美式","112年05月19日","112年05月19日","113年04月16日","113年04月18日","0.30","    23.80","","",
="045103","神基兆豐34購01","2.11","＋","3005","神基","69.40","＋","認購","美式","112年05月19日","112年05月19日","113年04月16日","113年04月18日","0.15","    62.80","","",
="045104","創意兆豐2C購02","2.39","＋","3443","創意","1,515.00","＋","認購","美式","112年05月19日","112年05月19日","112年12月14日","112年12月18日","0.006","    1,280.00","","",
="045105","TPK兆豐31購01","1.51","＋","3673","TPK-KY","41.75","＋","認購","美式","112年05月19日","112年05月19日","113年01月16日","113年01月18日","0.27","    43.00","","",
="045106","三陽中信2C購01","2.04","＋","2206","三陽工業","74.20","＋","認購","歐式","112年05月19日","112年12月18日","112年12月14日","112年12月18日","0.12","    70.88","","",
="045107","技嘉中信2B購01","1.31","＋","2376","技嘉","186.00","＋","認購","歐式","112年05月19日","112年11月20日","112年11月16日","112年11月20日","0.058","    202.00","","",
="045108","新光金中信31購01","0.24","＋","2888","新光金","8.63","＋","認購","歐式","112年05月19日","113年01月18日","113年01月16日","113年01月18日","1.00","    12.00","","",
="045109","大立光中信2C購01","0.82","","3008","大立光","2,305.00","＋","認購","歐式","112年05月19日","112年12月18日","112年12月14日","112年12月18日","0.004","    2,738.00","","",
="04510U","台積電統一2A售09","0.75","","2330","台積電","568.00","＋","認售","歐式","112年02月21日","112年10月20日","112年10月18日","112年10月20日","0.035","    497.31","","",
="045110","碩天中信31購01","2.33","－","3617","碩天","191.00","－","認購","歐式","112年05月19日","113年01月18日","113年01月16日","113年01月18日","0.05","    180.00","","",
="045111","茂順中信2B購01","0.53","－","9942","茂順","155.00","－","認購","歐式","112年05月19日","112年11月20日","112年11月16日","112年11月20日","0.08","    239.00","","",
="045112","創意康和2B購01","2.94","＋","3443","創意","1,515.00","＋","認購","美式","112年05月19日","112年05月19日","112年11月16日","112年11月20日","0.009","    1,414.00","","",
="045113","茂順康和2B購01","0.00","","9942","茂順","155.00","－","認購","美式","112年05月19日","112年05月19日","112年11月16日","112年11月20日","0.08","    200.00","","",
="045114","滬深2X永豐33購01","0.77","－",="00637L","元大滬深300正2","13.77","－","認購","美式","112年05月19日","112年05月19日","113年03月14日","113年03月18日","1.00","    19.49","","",
="045115","三陽永豐2C購01","2.55","＋","2206","三陽工業","74.20","＋","認購","美式","112年05月19日","112年05月19日","112年12月14日","112年12月18日","0.256","    80.94","","",
="045116","技嘉永豐2B購01","1.95","＋","2376","技嘉","186.00","＋","認購","美式","112年05月19日","112年05月19日","112年11月16日","112年11月20日","0.095","    193.13","","",
="045117","碩天永豐2C購01","1.39","－","3617","碩天","191.00","－","認購","美式","112年05月19日","112年05月19日","112年12月14日","112年12月18日","0.047","    205.10","","",
="045118","貿聯永豐2C購01","1.25","＋","3665","貿聯-KY","270.50","＋","認購","美式","112年05月19日","112年05月19日","112年12月14日","112年12月18日","0.04","    274.84","","",
="045119","力積電永豐31購01","1.25","－","6770","力積電","30.85","＋","認購","美式","112年05月19日","112年05月19日","113年01月16日","113年01月18日","0.71","    37.03","","",
="04511U","長榮統一2A售10","0.66","－","2603","長榮","157.00","＋","認售","歐式","112年02月21日","112年10月20日","112年10月18日","112年10月20日","0.06","    135.00","","",
="045120","茂順永豐32購01","0.81","－","9942","茂順","155.00","－","認購","美式","112年05月19日","112年05月19日","113年02月15日","113年02月19日","0.06","    214.31","","",
="045121","士電凱基31購01","2.20","＋","1503","士電","143.50","＋","認購","美式","112年05月19日","112年05月19日","113年01月16日","113年01月18日","0.08","    170.00","","",
="045122","東元凱基2C購03","2.35","＋","1504","東元","51.80","＋","認購","美式","112年05月19日","112年05月19日","112年12月14日","112年12月18日","0.30","    52.00","","",
="045123","三陽凱基2B購01","2.35","＋","2206","三陽工業","74.20","＋","認購","美式","112年05月19日","112年05月19日","112年11月16日","112年11月20日","0.25","    80.94","","",
="045124","三陽凱基2B購02","1.80","＋","2206","三陽工業","74.20","＋","認購","美式","112年05月19日","112年05月19日","112年11月16日","112年11月20日","0.15","    74.20","","",
="045125","三陽凱基2C購01","1.84","＋","2206","三陽工業","74.20","＋","認購","美式","112年05月19日","112年05月19日","112年12月14日","112年12月18日","0.25","    87.69","","",
="045126","三陽凱基31購01","2.28","","2206","三陽工業","74.20","＋","認購","美式","112年05月19日","112年05月19日","113年01月16日","113年01月18日","0.22","    91.20","","",
="045127","台達電凱基32購01","1.58","－","2308","台達電","315.50","－","認購","美式","112年05月19日","112年05月19日","113年02月15日","113年02月19日","0.15","    405.00","","",
="045128","鴻海凱基31購04","1.13","","2317","鴻海","105.50","＋","認購","美式","112年05月19日","112年05月19日","113年01月16日","113年01月18日","0.20","    122.00","","",
="045129","旺宏凱基2C購01","1.59","＋","2337","旺宏","33.40","＋","認購","美式","112年05月19日","112年05月19日","112年12月14日","112年12月18日","0.50","    34.00","","",
="04512U","台灣50凱基2B售05","0.00","",="0050","元大台灣50","126.75","＋","認售","歐式","112年02月21日","112年11月20日","112年11月16日","112年11月20日","0.40","    95.00","","",
="045130","技嘉凱基2C購02","2.28","－","2376","技嘉","186.00","＋","認購","美式","112年05月19日","112年05月19日","112年12月14日","112年12月18日","0.15","    210.00","","",
="045131","聯發科凱基2C購05","2.73","＋","2454","聯發科","738.00","＋","認購","美式","112年05月19日","112年05月19日","112年12月14日","112年12月18日","0.07","    910.00","","",
="045132","長榮凱基32購02","1.36","＋","2603","長榮","157.00","＋","認購","美式","112年05月19日","112年05月19日","113年02月15日","113年02月19日","0.23","    217.00","","",
="045133","國泰金凱基2B購03","1.23","＋","2882","國泰金","44.75","＋","認購","美式","112年05月19日","112年05月19日","112年11月16日","112年11月20日","1.00","    55.00","","",
="045134","大立光凱基2C購04","1.13","＋","3008","大立光","2,305.00","＋","認購","美式","112年05月19日","112年05月19日","112年12月14日","112年12月18日","0.01","    2,800.00","","",
="045135","大立光凱基31購03","0.00","","3008","大立光","2,305.00","＋","認購","美式","112年05月19日","112年05月19日","113年01月16日","113年01月18日","0.012","    3,200.00","","",
="045136","奇鋐凱基2B購06","2.84","－","3017","奇鋐","206.00","－","認購","美式","112年05月19日","112年05月19日","112年11月16日","112年11月20日","0.10","    210.00","","",
="045137","欣興凱基35購01","2.41","－","3037","欣興","182.50","－","認購","美式","112年05月19日","112年05月19日","113年05月16日","113年05月20日","0.10","    224.00","","",
="045138","緯創凱基35購04","4.65","＋","3231","緯創","68.00","＋","認購","美式","112年05月19日","112年05月19日","113年05月16日","113年05月20日","0.35","    72.00","","",
="045139","碩天凱基2B購02","2.47","－","3617","碩天","191.00","－","認購","美式","112年05月19日","112年05月19日","112年11月16日","112年11月20日","0.085","    220.00","","",
="04513U","鴻海凱基29售06","0.33","－","2317","鴻海","105.50","＋","認售","歐式","112年02月21日","112年09月20日","112年09月18日","112年09月20日","0.45","    83.00","","",
="045140","碩天凱基2B購03","0.00","","3617","碩天","191.00","－","認購","美式","112年05月19日","112年05月19日","112年11月16日","112年11月20日","0.05","    175.00","","",
="045141","祥碩凱基2B購03","1.14","＋","5269","祥碩","1,300.00","＋","認購","美式","112年05月19日","112年05月19日","112年11月16日","112年11月20日","0.012","    1,700.00","","",
="045142","緯穎凱基32購01","2.04","＋","6669","緯穎","1,205.00","＋","認購","美式","112年05月19日","112年05月19日","113年02月15日","113年02月19日","0.01","    1,470.00","","",
="045143","南電凱基2C購05","1.80","","8046","南電","302.50","－","認購","美式","112年05月19日","112年05月19日","112年12月14日","112年12月18日","0.12","    425.00","","",
="045144","茂順凱基2B購02","0.72","－","9942","茂順","155.00","－","認購","美式","112年05月19日","112年05月19日","112年11月16日","112年11月20日","0.07","    200.00","","",
="045145","臺股指凱基31購23","5.15","＋","IX0001","臺股指數","16,636.30","","認購","歐式","112年05月19日","113年01月18日","113年01月16日","113年01月18日","0.011","    17,400.00","","",
="045146","臺股指凱基31購24","0.00","","IX0001","臺股指數","16,636.30","","認購","歐式","112年05月19日","113年01月18日","113年01月16日","113年01月18日","0.0043","    16,400.00","","",
="045147","臺股指凱基31購25","0.00","","IX0001","臺股指數","16,636.30","","認購","歐式","112年05月19日","113年01月18日","113年01月16日","113年01月18日","0.003","    15,800.00","","",
="045148","臺股指凱基31購26","0.00","","IX0001","臺股指數","16,636.30","","認購","歐式","112年05月19日","113年01月18日","113年01月16日","113年01月18日","0.018","    18,300.00","","",
="045149","臺股指凱基32購10","0.00","","IX0001","臺股指數","16,636.30","","認購","歐式","112年05月19日","113年02月19日","113年02月15日","113年02月19日","0.02","    19,300.00","","",
="04514U","宏達電凱基29售02","0.66","－","2498","宏達電","61.50","＋","認售","歐式","112年02月21日","112年09月20日","112年09月18日","112年09月20日","0.20","    52.00","","",
="045150","台泥元大2C購07","0.00","","1101","台泥","38.15","＋","認購","美式","112年05月19日","112年05月19日","112年12月14日","112年12月18日","0.508","    41.35","","",
="045151","東陽元大2B購04","0.00","","1319","東陽","49.90","＋","認購","美式","112年05月19日","112年05月19日","112年11月16日","112年11月20日","0.20","    48.45","","",
="045152","亞德客元大2B購07","0.80","","1590","亞德客-KY","1,040.00","＋","認購","美式","112年05月19日","112年05月19日","112年11月16日","112年11月20日","0.006","    1,105.00","","",
="045153","川湖元大2C購02","2.20","＋","2059","川湖","436.00","＋","認購","美式","112年05月19日","112年05月19日","112年12月14日","112年12月18日","0.057","    500.00","","",
="045154","中華元大2C購04","0.00","","2204","中華","91.60","－","認購","美式","112年05月19日","112年05月19日","112年12月14日","112年12月18日","0.252","    90.00","","",
="045155","中華元大31購02","0.00","","2204","中華","91.60","－","認購","美式","112年05月19日","112年05月19日","113年01月16日","113年01月18日","0.16","    80.00","","",
="045156","三陽元大2B購01","0.00","","2206","三陽工業","74.20","＋","認購","美式","112年05月19日","112年05月19日","112年11月16日","112年11月20日","0.25","    87.69","","",
="045157","三陽元大2B購02","2.92","＋","2206","三陽工業","74.20","＋","認購","美式","112年05月19日","112年05月19日","112年11月16日","112年11月20日","0.20","    74.20","","",
="045158","三陽元大2B購03","2.30","＋","2206","三陽工業","74.20","＋","認購","美式","112年05月19日","112年05月19日","112年11月16日","112年11月20日","0.199","    80.94","","",
="045159","台積電元大2C購22","6.75","","2330","台積電","568.00","＋","認購","美式","112年05月19日","112年05月19日","112年12月14日","112年12月18日","0.134","    605.00","","",
="04515P","緯穎國票27售01","0.00","","6669","緯穎","1,205.00","＋","認售","歐式","111年12月14日","112年07月13日","112年07月11日","112年07月13日","0.01","    800.00","","",
="04515U","萬海凱基29售04","0.00","","2615","萬海","60.00","＋","認售","歐式","112年02月21日","112年09月20日","112年09月18日","112年09月20日","0.20","    70.00","","",
="045160","台積電元大31購16","5.90","","2330","台積電","568.00","＋","認購","美式","112年05月19日","112年05月19日","113年01月16日","113年01月18日","0.139","    640.00","","",
="045161","台積電元大35購07","4.39","","2330","台積電","568.00","＋","認購","美式","112年05月19日","112年05月19日","113年05月16日","113年05月20日","0.079","    647.00","","",
="045162","聯發科元大2C購11","3.04","＋","2454","聯發科","738.00","＋","認購","美式","112年05月19日","112年05月19日","112年12月14日","112年12月18日","0.034","    760.00","","",
="045163","華航元大2B購01","1.36","＋","2610","華航","21.65","＋","認購","美式","112年05月19日","112年05月19日","112年11月16日","112年11月20日","0.70","    22.80","","",
="045164","華航元大2B購02","1.40","＋","2610","華航","21.65","＋","認購","美式","112年05月19日","112年05月19日","112年11月16日","112年11月20日","0.661","    22.40","","",
="045165","華航元大2B購03","1.44","＋","2610","華航","21.65","＋","認購","美式","112年05月19日","112年05月19日","112年11月16日","112年11月20日","0.47","    20.30","","",
="045166","八方元大2B購03","0.86","＋","2753","八方雲集","167.00","","認購","美式","112年05月19日","112年05月19日","112年11月16日","112年11月20日","0.036","    175.00","","",
="045167","國泰金元大2C購01","1.77","＋","2882","國泰金","44.75","＋","認購","美式","112年05月19日","112年05月19日","112年12月14日","112年12月18日","0.704","    51.60","","",
="045168","新光金元大2B購01","0.00","","2888","新光金","8.63","＋","認購","美式","112年05月19日","112年05月19日","112年11月16日","112年11月20日","0.85","    8.50","","",
="045169","奇鋐元大2C購14","1.70","－","3017","奇鋐","206.00","－","認購","美式","112年05月19日","112年05月19日","112年12月14日","112年12月18日","0.072","    242.00","","",
="04516U","大立光凱基28售06","0.00","","3008","大立光","2,305.00","＋","認售","歐式","112年02月21日","112年08月21日","112年08月17日","112年08月21日","0.02","    1,764.23","","",
="045170","欣興元大2C購14","1.49","－","3037","欣興","182.50","－","認購","美式","112年05月19日","112年05月19日","112年12月14日","112年12月18日","0.045","    175.00","","",
="045171","欣興元大31購02","0.00","","3037","欣興","182.50","－","認購","美式","112年05月19日","112年05月19日","113年01月16日","113年01月18日","0.06","    203.00","","",
="045172","欣興元大35購03","1.53","－","3037","欣興","182.50","－","認購","美式","112年05月19日","112年05月19日","113年05月16日","113年05月20日","0.05","    210.00","","",
="045173","聯合再元大2C購02","0.00","","3576","聯合再生","20.30","＋","認購","美式","112年05月19日","112年05月19日","112年12月14日","112年12月18日","0.447","    21.25","","",
="045174","合勤控元大2C購03","1.13","＋","3704","合勤控","43.85","＋","認購","美式","112年05月19日","112年05月19日","112年12月14日","112年12月18日","0.328","    57.10","","",
="045175","茂順元大2B購05","0.75","－","9942","茂順","155.00","－","認購","美式","112年05月19日","112年05月19日","112年11月16日","112年11月20日","0.049","    183.00","","",
="045176","SGBR2X統一33購02","0.00","",="00715L","期街口布蘭特正2","12.73","＋","認購","美式","112年05月19日","112年05月19日","113年03月14日","113年03月18日","0.20","    11.00","","",
="045177","三陽統一32購01","1.24","＋","2206","三陽工業","74.20","＋","認購","美式","112年05月19日","112年05月19日","113年02月15日","113年02月19日","0.07","    77.77","","",
="045178","三陽統一33購01","1.04","＋","2206","三陽工業","74.20","＋","認購","美式","112年05月19日","112年05月19日","113年03月14日","113年03月18日","0.065","    77.50","","",
="045179","鴻海統一35購04","0.64","＋","2317","鴻海","105.50","＋","認購","美式","112年05月19日","112年05月19日","113年05月16日","113年05月20日","0.04","    102.00","","",
="04517U","穎崴凱基28售03","0.06","－","6515","穎崴","830.00","－","認售","歐式","112年02月21日","112年08月21日","112年08月17日","112年08月21日","0.02","    450.00","","",
="045180","鴻海統一3B購01","0.74","","2317","鴻海","105.50","＋","認購","美式","112年05月19日","112年05月19日","113年11月14日","113年11月18日","0.025","    100.00","","",
="045181","台積電統一32購04","5.55","＋","2330","台積電","568.00","＋","認購","美式","112年05月19日","112年05月19日","113年02月15日","113年02月19日","0.05","    500.00","","",
="045182","聯發科統一3B購02","0.00","","2454","聯發科","738.00","＋","認購","美式","112年05月19日","112年05月19日","113年11月14日","113年11月18日","0.004","    718.88","","",
="045183","長榮統一2B購09","0.00","","2603","長榮","157.00","＋","認購","美式","112年05月19日","112年05月19日","112年11月16日","112年11月20日","0.075","    175.00","","",
="045184","長榮統一35購04","0.89","＋","2603","長榮","157.00","＋","認購","美式","112年05月19日","112年05月19日","113年05月16日","113年05月20日","0.025","    150.00","","",
="045185","長榮統一35購05","0.00","","2603","長榮","157.00","＋","認購","美式","112年05月19日","112年05月19日","113年05月16日","113年05月20日","0.03","    166.66","","",
="045186","陽明統一33購03","0.79","＋","2609","陽明","62.00","＋","認購","美式","112年05月19日","112年05月19日","113年03月14日","113年03月18日","0.07","    60.00","","",
="045187","華航統一33購02","1.13","＋","2610","華航","21.65","＋","認購","美式","112年05月19日","112年05月19日","113年03月14日","113年03月18日","0.266","    20.88","","",
="045188","萬海統一33購02","0.74","＋","2615","萬海","60.00","＋","認購","美式","112年05月19日","112年05月19日","113年03月14日","113年03月18日","0.07","    59.00","","",
="045189","長榮航統一33購01","1.34","＋","2618","長榮航","33.60","＋","認購","美式","112年05月19日","112年05月19日","113年03月14日","113年03月18日","0.188","    31.11","","",
="04518U","臺股指凱基2A售26","0.00","","IX0001","臺股指數","16,636.30","","認售","歐式","112年02月21日","112年10月20日","112年10月18日","112年10月20日","0.003","    12,900.00","","",
="045190","大立光統一35購01","0.64","","3008","大立光","2,305.00","＋","認購","美式","112年05月19日","112年05月19日","113年05月16日","113年05月20日","0.002","    2,688.88","","",
="045191","碩天統一36購01","1.04","－","3617","碩天","191.00","－","認購","美式","112年05月19日","112年05月19日","113年06月14日","113年06月18日","0.018","    225.00","","",
="045192","亞翔統一2B購01","1.01","","6139","亞翔","63.80","－","認購","美式","112年05月19日","112年05月19日","112年11月16日","112年11月20日","0.10","    69.10","","",
="045193","矽力統一2B購01","1.40","＋","6415","矽力*-KY","394.50","＋","認購","美式","112年05月19日","112年05月19日","112年11月16日","112年11月20日","0.02","    402.90","","",
="045194","元晶統一34購03","0.88","＋","6443","元晶","36.20","＋","認購","美式","112年05月19日","112年05月19日","113年04月16日","113年04月18日","0.105","    37.89","","",
="045195","穎崴統一34購01","1.07","－","6515","穎崴","830.00","－","認購","美式","112年05月19日","112年05月19日","113年04月16日","113年04月18日","0.005","    992.93","","",
="045196","台積電法興2B購05","0.00","","2330","台積電","568.00","＋","認購","歐式","112年05月19日","112年11月20日","112年11月16日","112年11月20日","0.025","    460.00","","",
="045197","富邦金法興2B購02","0.78","＋","2881","富邦金","61.10","＋","認購","歐式","112年05月19日","112年11月20日","112年11月16日","112年11月20日","0.50","    73.00","","",
="045198","新光金法興31購01","0.00","","2888","新光金","8.63","＋","認購","歐式","112年05月19日","113年01月18日","113年01月16日","113年01月18日","1.00","    9.00","","",
="045199","台灣50群益2C購03","6.85","＋",="0050","元大台灣50","126.75","＋","認購","美式","112年05月19日","112年05月19日","112年12月14日","112年12月18日","1.00","    127.50","","",
="04519U","臺股指群益29售14","0.69","－","IX0001","臺股指數","16,636.30","","認售","歐式","112年02月21日","112年09月20日","112年09月18日","112年09月20日","0.003","    14,800.00","","",
="045200","T50反1群益33購01","0.26","",="00632R","元大台灣50反1","4.94","－","認購","美式","112年05月19日","112年05月19日","113年03月14日","113年03月18日","1.00","    5.20","","",
="045201","中興電群益2C購02","1.11","＋","1513","中興電","113.50","＋","認購","美式","112年05月19日","112年05月19日","112年12月14日","112年12月18日","0.07","    114.50","","",
="045202","技嘉群益2C購01","4.51","＋","2376","技嘉","186.00","＋","認購","美式","112年05月19日","112年05月19日","112年12月14日","112年12月18日","0.20","    195.00","","",
="045203","華新科群益31購01","0.00","","2492","華新科","101.00","＋","認購","美式","112年05月19日","112年05月19日","113年01月16日","113年01月18日","0.26","    146.00","","",
="045204","威強電群益2C購01","0.77","","3022","威強電","91.20","＋","認購","美式","112年05月19日","112年05月19日","112年12月14日","112年12月18日","0.10","    118.00","","",
="045205","碩天群益2B購01","3.21","＋","3617","碩天","191.00","－","認購","美式","112年05月19日","112年05月19日","112年11月16日","112年11月20日","0.10","    225.00","","",
="045206","威鋒電群益2C購01","1.33","","6756","威鋒電子","223.00","＋","認購","美式","112年05月19日","112年05月19日","112年12月14日","112年12月18日","0.05","    232.00","","",
="045207","視陽群益2B購04","1.64","＋","6782","視陽","230.00","＋","認購","美式","112年05月19日","112年05月19日","112年11月16日","112年11月20日","0.04","    234.00","","",
="045208","臺股指群益2C購11","0.00","","IX0001","臺股指數","16,636.30","","認購","歐式","112年05月19日","112年12月18日","112年12月14日","112年12月18日","0.0055","    16,700.00","","",
="045209","臺股指群益2C購12","0.00","","IX0001","臺股指數","16,636.30","","認購","歐式","112年05月19日","112年12月18日","112年12月14日","112年12月18日","0.03","    18,800.00","","",
="04520U","臺股指群益29售15","1.53","－","IX0001","臺股指數","16,636.30","","認售","歐式","112年02月21日","112年09月20日","112年09月18日","112年09月20日","0.003","    15,400.00","","",
="045210","臺股指群益2C購13","2.09","","IX0001","臺股指數","16,636.30","","認購","歐式","112年05月19日","112年12月18日","112年12月14日","112年12月18日","0.075","    20,700.00","","",
="045211","大眾控元富2B購01","2.12","＋","3701","大眾控","67.10","＋","認購","美式","112年05月19日","112年05月19日","112年11月16日","112年11月20日","0.23","    71.00","","",
="045212","台泥麥證35購01","1.15","＋","1101","台泥","38.15","＋","認購","歐式","112年05月19日","113年05月20日","113年05月16日","113年05月20日","0.75","    50.00","","",
="045213","遠東新麥證2B購01","1.31","＋","1402","遠東新","31.85","＋","認購","歐式","112年05月19日","112年11月20日","112年11月16日","112年11月20日","0.80","    36.00","","",
="045214","三陽麥證35購01","1.88","＋","2206","三陽工業","74.20","＋","認購","歐式","112年05月19日","113年05月20日","113年05月16日","113年05月20日","0.135","    80.00","","",
="045215","漢翔麥證2B購02","1.81","＋","2634","漢翔","55.80","＋","認購","歐式","112年05月19日","112年11月20日","112年11月16日","112年11月20日","0.25","    60.00","","",
="045216","富邦金麥證31購02","1.36","＋","2881","富邦金","61.10","＋","認購","歐式","112年05月19日","113年01月18日","113年01月16日","113年01月18日","0.30","    66.00","","",
="045217","台新金麥證2B購01","0.93","－","2887","台新金","18.40","＋","認購","歐式","112年05月19日","112年11月20日","112年11月16日","112年11月20日","1.00","    20.23","","",
="045218","王道銀麥證2B購01","0.90","－","2897","王道銀行","10.20","","認購","歐式","112年05月19日","112年11月20日","112年11月16日","112年11月20日","1.00","    11.00","","",
="045219","美費半國票33購01","1.68","＋",="00830","國泰費城半導體","31.65","＋","認購","美式","112年05月19日","112年05月19日","113年03月14日","113年03月18日","1.00","    40.00","","",
="04521U","臺股指群益29售16","0.72","－","IX0001","臺股指數","16,636.30","","認售","歐式","112年02月21日","112年09月20日","112年09月18日","112年09月20日","0.001","    15,800.00","","",
="045220","上銀國票2C購02","1.36","＋","2049","上銀","235.50","＋","認購","美式","112年05月19日","112年05月19日","112年12月14日","112年12月18日","0.07","    260.00","","",
="045221","中華國票2C購03","0.00","","2204","中華","91.60","－","認購","美式","112年05月19日","112年05月19日","112年12月14日","112年12月18日","1.00","    121.00","","",
="045222","三陽國票2C購01","6.80","＋","2206","三陽工業","74.20","＋","認購","美式","112年05月19日","112年05月19日","112年12月14日","112年12月18日","1.00","    91.00","","",
="045223","技嘉國票2C購01","3.32","＋","2376","技嘉","186.00","＋","認購","美式","112年05月19日","112年05月19日","112年12月14日","112年12月18日","0.13","    190.00","","",
="045224","技嘉國票31購01","3.34","＋","2376","技嘉","186.00","＋","認購","美式","112年05月19日","112年05月19日","113年01月16日","113年01月18日","0.16","    210.00","","",
="045225","大立光國票2C購03","1.69","","3008","大立光","2,305.00","＋","認購","美式","112年05月19日","112年05月19日","112年12月14日","112年12月18日","0.01","    2,600.00","","",
="045226","威強電國票2C購01","1.32","","3022","威強電","91.20","＋","認購","美式","112年05月19日","112年05月19日","112年12月14日","112年12月18日","0.16","    110.00","","",
="045227","欣興國票2C購05","2.24","－","3037","欣興","182.50","－","認購","美式","112年05月19日","112年05月19日","112年12月14日","112年12月18日","0.20","    240.00","","",
="045228","祥碩國票2B購02","1.54","＋","5269","祥碩","1,300.00","＋","認購","美式","112年05月19日","112年05月19日","112年11月16日","112年11月20日","0.007","    1,300.00","","",
="045229","晶心科國票2C購02","2.75","＋","6533","晶心科","511.00","＋","認購","美式","112年05月19日","112年05月19日","112年12月14日","112年12月18日","0.022","    425.00","","",
="04522P","景碩元大26售05","0.00","","3189","景碩","116.00","＋","認售","歐式","111年12月14日","112年06月13日","112年06月09日","112年06月13日","0.17","    85.60","","",
="04522U","臺股指群益2C售02","0.00","","IX0001","臺股指數","16,636.30","","認售","歐式","112年02月21日","112年12月20日","112年12月18日","112年12月20日","0.003","    14,200.00","","",
="045230","洋基國票2C購02","0.00","","6691","洋基工程","297.00","＋","認購","美式","112年05月19日","112年05月19日","112年12月14日","112年12月18日","0.25","    448.00","","",
="045231","富鼎國票2C購02","0.00","","8261","富鼎","106.50","＋","認購","美式","112年05月19日","112年05月19日","112年12月14日","112年12月18日","0.057","    100.00","","",
="045232","臺股指國票2B購09","2.90","＋","IX0001","臺股指數","16,636.30","","認購","歐式","112年05月19日","112年11月20日","112年11月16日","112年11月20日","0.002","    15,088.00","","",
="045233","臺股指國票2B購10","0.00","","IX0001","臺股指數","16,636.30","","認購","歐式","112年05月19日","112年11月20日","112年11月16日","112年11月20日","0.006","    16,688.00","","",
="045234","臺股指國票32購04","0.00","","IX0001","臺股指數","16,636.30","","認購","歐式","112年05月19日","113年02月19日","113年02月15日","113年02月19日","0.05","    20,588.00","","",
="045235","臺股指國票33購01","0.00","","IX0001","臺股指數","16,636.30","","認購","歐式","112年05月19日","113年03月18日","113年03月14日","113年03月18日","0.05","    22,000.00","","",
="045236","大亞國泰31購01","1.45","","1609","大亞","31.00","＋","認購","美式","112年05月19日","112年05月19日","113年01月16日","113年01月18日","0.35","    38.00","","",
="045237","威盛國泰31購02","1.74","＋","2388","威盛","83.10","＋","認購","美式","112年05月19日","112年05月19日","113年01月16日","113年01月18日","0.18","    95.00","","",
="045238","聯發科國泰31購02","1.45","＋","2454","聯發科","738.00","＋","認購","美式","112年05月19日","112年05月19日","113年01月16日","113年01月18日","0.01","    652.65","","",
="045239","聯發科國泰31購03","1.24","＋","2454","聯發科","738.00","＋","認購","美式","112年05月19日","112年05月19日","113年01月16日","113年01月18日","0.01","    680.13","","",
="04523P","友達群益26售03","0.00","","2409","友達","17.65","＋","認售","歐式","111年10月21日","112年06月20日","112年06月16日","112年06月20日","1.00","    13.00","","",
="04523U","電子類群益29售01","0.60","－","IX0027","電子類","797.58","","認售","歐式","112年02月21日","112年09月20日","112年09月18日","112年09月20日","0.10","    645.00","","",
="045240","長榮國泰31購04","0.95","＋","2603","長榮","157.00","＋","認購","美式","112年05月19日","112年05月19日","113年01月16日","113年01月18日","0.035","    143.45","","",
="045241","長榮國泰31購05","1.02","＋","2603","長榮","157.00","＋","認購","美式","112年05月19日","112年05月19日","113年01月16日","113年01月18日","0.035","    135.90","","",
="045242","大亞富邦2B購02","0.68","＋","1609","大亞","31.00","＋","認購","美式","112年05月19日","112年05月19日","112年11月16日","112年11月20日","0.20","    35.00","","",
="045243","金像電富邦34購01","1.87","－","2368","金像電","121.50","","認購","美式","112年05月19日","112年05月19日","113年04月16日","113年04月18日","0.12","    140.00","","",
="045244","緯創富邦2B購03","1.76","＋","3231","緯創","68.00","＋","認購","美式","112年05月19日","112年05月19日","112年11月16日","112年11月20日","0.10","    53.30","","",
="045245","嘉聯益富邦32購01","0.00","","6153","嘉聯益","23.15","＋","認購","美式","112年05月19日","112年05月19日","113年02月15日","113年02月19日","0.20","    22.00","","",
="045246","臺股指中信33購04","0.00","","IX0001","臺股指數","16,636.30","","認購","歐式","112年05月22日","113年03月21日","113年03月19日","113年03月21日","0.035","    23,588.00","","",
="045247","華通康和2B購01","1.47","＋","2313","華通","44.30","＋","認購","美式","112年05月22日","112年05月22日","112年11月17日","112年11月21日","0.35","    47.00","","",
="045248","八方康和2B購01","1.09","＋","2753","八方雲集","167.00","","認購","美式","112年05月22日","112年05月22日","112年11月17日","112年11月21日","0.09","    208.00","","",
="045249","新光金康和2B購01","0.86","＋","2888","新光金","8.63","＋","認購","美式","112年05月22日","112年05月22日","112年11月17日","112年11月21日","1.00","    8.50","","",
="04524U","S&P正2元大28售01","0.00","",="00647L","元大S&P500正2","57.80","＋","認售","歐式","112年02月21日","112年08月21日","112年08月17日","112年08月21日","0.15","    55.00","","",
="045250","欣興康和2B購05","1.85","－","3037","欣興","182.50","－","認購","美式","112年05月22日","112年05月22日","112年11月17日","112年11月21日","0.10","    200.00","","",
="045251","美指2X永豐32購01","0.00","",="00683L","期元大美元指正2(原名：元大美元指數正2)","21.98","－","認購","美式","112年05月22日","112年05月22日","113年02月19日","113年02月21日","0.343","    21.90","","",
="045252","東陽永豐31購01","1.39","＋","1319","東陽","49.90","＋","認購","美式","112年05月22日","112年05月22日","113年01月18日","113年01月22日","0.40","    61.81","","",
="045253","中鋼永豐2C購01","1.13","－","2002","中鋼","29.05","－","認購","美式","112年05月22日","112年05月22日","112年12月19日","112年12月21日","0.66","    33.21","","",
="045254","友達永豐31購01","1.22","＋","2409","友達","17.65","＋","認購","美式","112年05月22日","112年05月22日","113年01月18日","113年01月22日","1.00","    21.31","","",
="045255","威強電永豐2B購01","0.90","","3022","威強電","91.20","＋","認購","美式","112年05月22日","112年05月22日","112年11月17日","112年11月21日","0.15","    113.44","","",
="045256","玉晶光永豐2B購02","0.71","＋","3406","玉晶光","400.00","＋","認購","美式","112年05月22日","112年05月22日","112年11月17日","112年11月21日","0.022","    442.12","","",
="045257","揚明光永豐31購01","1.27","","3504","揚明光","81.70","＋","認購","美式","112年05月22日","112年05月22日","113年01月18日","113年01月22日","0.17","    110.78","","",
="045258","碩天永豐31購01","1.93","－","3617","碩天","191.00","－","認購","美式","112年05月22日","112年05月22日","113年01月18日","113年01月22日","0.08","    247.50","","",
="045259","TPK永豐31購01","0.00","","3673","TPK-KY","41.75","＋","認購","美式","112年05月22日","112年05月22日","113年01月18日","113年01月22日","0.40","    53.73","","",
="04525U","國企2X元大28售02","1.04","－",="00665L","富邦恒生國企正2","7.02","－","認售","歐式","112年02月21日","112年08月21日","112年08月17日","112年08月21日","0.50","    8.50","","",
="045260","TPK兆豐32購01","1.82","＋","3673","TPK-KY","41.75","＋","認購","美式","112年05月22日","112年05月22日","113年02月19日","113年02月21日","0.35","    47.00","","",
="045261","世紀鋼兆豐34購01","1.40","＋","9958","世紀鋼","109.50","＋","認購","美式","112年05月22日","112年05月22日","113年04月18日","113年04月22日","0.055","    98.80","","",
="045262","A50正2元富32購01","0.00","",="00655L","國泰中國A50正2","24.65","－","認購","美式","112年05月22日","112年05月22日","113年02月19日","113年02月21日","0.33","    29.00","","",
="045263","仁寶元富32購01","3.55","＋","2324","仁寶","28.15","＋","認購","美式","112年05月22日","112年05月22日","113年02月19日","113年02月21日","1.00","    30.00","","",
="045264","漢翔元富35購01","1.23","","2634","漢翔","55.80","＋","認購","美式","112年05月22日","112年05月22日","113年05月17日","113年05月21日","0.17","    77.00","","",
="045265","威強電元富31購01","0.00","","3022","威強電","91.20","＋","認購","美式","112年05月22日","112年05月22日","113年01月18日","113年01月22日","0.035","    100.00","","",
="045266","威強電元富31購02","0.00","","3022","威強電","91.20","＋","認購","美式","112年05月22日","112年05月22日","113年01月18日","113年01月22日","0.10","    111.60","","",
="045267","亞翔元富31購01","0.00","","6139","亞翔","63.80","－","認購","美式","112年05月22日","112年05月22日","113年01月18日","113年01月22日","0.30","    88.55","","",
="045268","亞翔元富31購02","2.15","＋","6139","亞翔","63.80","－","認購","美式","112年05月22日","112年05月22日","113年01月18日","113年01月22日","0.30","    77.80","","",
="045269","亞翔元富31購03","2.78","＋","6139","亞翔","63.80","－","認購","美式","112年05月22日","112年05月22日","113年01月18日","113年01月22日","0.30","    68.31","","",
="04526U","金像電元大28售03","0.00","","2368","金像電","121.50","","認售","歐式","112年02月21日","112年08月21日","112年08月17日","112年08月21日","0.205","    76.21","","",
="045270","台積電麥證31購07","0.00","","2330","台積電","568.00","＋","認購","歐式","112年05月22日","113年01月22日","113年01月18日","113年01月22日","0.32","    777.00","","",
="045271","勤誠麥證2B購01","1.96","＋","8210","勤誠","101.00","＋","認購","歐式","112年05月22日","112年11月21日","112年11月17日","112年11月21日","0.30","    130.00","","",
="045272","三陽國票2C購02","5.45","＋","2206","三陽工業","74.20","＋","認購","美式","112年05月22日","112年05月22日","112年12月19日","112年12月21日","1.00","    99.00","","",
="045273","光寶科國票2C購03","1.85","＋","2301","光寶科","86.40","＋","認購","美式","112年05月22日","112年05月22日","112年12月19日","112年12月21日","1.00","    120.00","","",
="045274","光罩國票2C購02","1.76","","2338","光罩","81.80","＋","認購","美式","112年05月22日","112年05月22日","112年12月19日","112年12月21日","0.134","    80.00","","",
="045275","南亞科國票2C購03","1.66","－","2408","南亞科","71.20","－","認購","美式","112年05月22日","112年05月22日","112年12月19日","112年12月21日","1.00","    102.00","","",
="045276","榮運國票2B購01","1.40","","2607","榮運","27.35","＋","認購","美式","112年05月22日","112年05月22日","112年11月17日","112年11月21日","0.50","    30.00","","",
="045277","新光金國票2B購01","0.85","＋","2888","新光金","8.63","＋","認購","美式","112年05月22日","112年05月22日","112年11月17日","112年11月21日","1.00","    8.50","","",
="045278","新光金國票2C購01","1.21","＋","2888","新光金","8.63","＋","認購","美式","112年05月22日","112年05月22日","112年12月19日","112年12月21日","1.00","    8.00","","",
="045279","新光金國票2C購02","0.69","","2888","新光金","8.63","＋","認購","美式","112年05月22日","112年05月22日","112年12月19日","112年12月21日","1.00","    9.00","","",
="04527U","八方元大28售01","0.00","","2753","八方雲集","167.00","","認售","歐式","112年02月21日","112年08月21日","112年08月17日","112年08月21日","0.036","    225.00","","",
="045280","新光金國票31購01","0.59","＋","2888","新光金","8.63","＋","認購","美式","112年05月22日","112年05月22日","113年01月18日","113年01月22日","1.00","    9.50","","",
="045281","碩天國票2C購02","4.12","＋","3617","碩天","191.00","－","認購","美式","112年05月22日","112年05月22日","112年12月19日","112年12月21日","0.20","    240.00","","",
="045282","TPK國票2C購01","1.42","＋","3673","TPK-KY","41.75","＋","認購","美式","112年05月22日","112年05月22日","112年12月19日","112年12月21日","0.90","    60.00","","",
="045283","大眾控國票31購01","0.00","","3701","大眾控","67.10","＋","認購","美式","112年05月22日","112年05月22日","113年01月18日","113年01月22日","0.40","    95.00","","",
="045284","上品國票2C購03","0.00","","4770","上品","297.00","＋","認購","美式","112年05月22日","112年05月22日","112年12月19日","112年12月21日","0.058","    370.00","","",
="045285","亞翔國票2C購01","1.88","＋","6139","亞翔","63.80","－","認購","美式","112年05月22日","112年05月22日","112年12月19日","112年12月21日","0.32","    80.00","","",
="045286","T50反1國泰31購03","0.00","",="00632R","元大台灣50反1","4.94","－","認購","美式","112年05月22日","112年05月22日","113年01月18日","113年01月22日","1.00","    5.62","","",
="045287","滬深2X國泰31購01","1.32","",="00637L","元大滬深300正2","13.77","－","認購","美式","112年05月22日","112年05月22日","113年01月18日","113年01月22日","1.00","    15.50","","",
="045288","元債2X國泰31購02","1.12","＋",="00680L","元大美債20正2","10.96","＋","認購","美式","112年05月22日","112年05月22日","113年01月18日","113年01月22日","1.00","    12.00","","",
="045289","大亞國泰31購02","1.64","＋","1609","大亞","31.00","＋","認購","美式","112年05月22日","112年05月22日","113年01月18日","113年01月22日","0.50","    40.06","","",
="04528U","大立光元大28售07","0.75","－","3008","大立光","2,305.00","＋","認售","歐式","112年02月21日","112年08月21日","112年08月17日","112年08月21日","0.006","    2,117.08","","",
="045290","裕隆國泰31購01","1.15","＋","2201","裕隆","82.80","＋","認購","美式","112年05月22日","112年05月22日","113年01月18日","113年01月22日","0.25","    111.92","","",
="045291","聯電國泰31購04","1.00","＋","2303","聯電","51.20","＋","認購","美式","112年05月22日","112年05月22日","113年01月18日","113年01月22日","0.20","    52.61","","",
="045292","光寶科富邦2B購01","1.38","","2301","光寶科","86.40","＋","認購","美式","112年05月22日","112年05月22日","112年11月17日","112年11月21日","0.35","    100.00","","",
="045293","元石油統一35購01","1.02","",="00642U","期元大S&P石油(原名：元大S&P石油)","15.46","＋","認購","美式","112年05月22日","112年05月22日","113年05月17日","113年05月21日","0.30","    15.55","","",
="045294","SGBR2X統一32購02","0.00","",="00715L","期街口布蘭特正2","12.73","＋","認購","美式","112年05月22日","112年05月22日","113年02月19日","113年02月21日","0.25","    14.90","","",
="045295","三陽統一31購01","1.11","＋","2206","三陽工業","74.20","＋","認購","美式","112年05月22日","112年05月22日","113年01月18日","113年01月22日","0.08","    78.30","","",
="045296","三陽統一33購02","0.84","＋","2206","三陽工業","74.20","＋","認購","美式","112年05月22日","112年05月22日","113年03月19日","113年03月21日","0.05","    83.10","","",
="045297","三陽統一33購03","0.90","＋","2206","三陽工業","74.20","＋","認購","美式","112年05月22日","112年05月22日","113年03月19日","113年03月21日","0.06","    79.60","","",
="045298","技嘉統一32購01","1.42","＋","2376","技嘉","186.00","＋","認購","美式","112年05月22日","112年05月22日","113年02月19日","113年02月21日","0.033","    182.70","","",
="045299","陽明統一31購01","0.00","","2609","陽明","62.00","＋","認購","美式","112年05月22日","112年05月22日","113年01月18日","113年01月22日","0.07","    58.00","","",
="04529P","鴻海康和26售01","0.00","","2317","鴻海","105.50","＋","認售","歐式","111年10月21日","112年06月20日","112年06月16日","112年06月20日","0.50","    80.00","","",
="04529U","嘉澤元大28售07","0.00","","3533","嘉澤","909.00","－","認售","歐式","112年02月21日","112年08月21日","112年08月17日","112年08月21日","0.028","    714.51","","",
="045300","威強電統一33購02","0.00","","3022","威強電","91.20","＋","認購","美式","112年05月22日","112年05月22日","113年03月19日","113年03月21日","0.032","    111.50","","",
="045301","碩天統一33購05","0.87","－","3617","碩天","191.00","－","認購","美式","112年05月22日","112年05月22日","113年03月19日","113年03月21日","0.02","    210.30","","",
="045302","碩天統一34購02","0.81","＋","3617","碩天","191.00","－","認購","美式","112年05月22日","112年05月22日","113年04月18日","113年04月22日","0.014","    245.67","","",
="045303","TPK統一32購04","0.82","＋","3673","TPK-KY","41.75","＋","認購","美式","112年05月22日","112年05月22日","113年02月19日","113年02月21日","0.11","    44.40","","",
="045304","祥碩統一31購02","1.21","＋","5269","祥碩","1,300.00","＋","認購","美式","112年05月22日","112年05月22日","113年01月18日","113年01月22日","0.004","    1,301.40","","",
="045305","亞翔統一33購02","0.00","","6139","亞翔","63.80","－","認購","美式","112年05月22日","112年05月22日","113年03月19日","113年03月21日","0.045","    88.88","","",
="045306","矽力統一2C購02","0.97","＋","6415","矽力*-KY","394.50","＋","認購","美式","112年05月22日","112年05月22日","112年12月19日","112年12月21日","0.013","    423.10","","",
="045307","洋基統一33購01","0.68","＋","6691","洋基工程","297.00","＋","認購","美式","112年05月22日","112年05月22日","113年03月19日","113年03月21日","0.012","    368.88","","",
="045308","茂順統一2B購01","0.00","","9942","茂順","155.00","－","認購","美式","112年05月22日","112年05月22日","112年11月17日","112年11月21日","0.035","    178.20","","",
="045309","新光鋼元大2B購03","1.09","－","2031","新光鋼","48.80","－","認購","美式","112年05月22日","112年05月22日","112年11月17日","112年11月21日","0.206","    59.30","","",
="04530P","臺股指元富26售03","0.00","","IX0001","臺股指數","16,636.30","","認售","歐式","111年12月14日","112年06月13日","112年06月09日","112年06月13日","0.003","    13,600.00","","",
="04530U","緯穎元大28售06","0.30","－","6669","緯穎","1,205.00","＋","認售","歐式","112年02月21日","112年08月21日","112年08月17日","112年08月21日","0.016","    813.00","","",
="045310","裕隆元大2C購07","0.97","＋","2201","裕隆","82.80","＋","認購","美式","112年05月22日","112年05月22日","112年12月19日","112年12月21日","0.20","    112.50","","",
="045311","光寶科元大2C購04","1.51","＋","2301","光寶科","86.40","＋","認購","美式","112年05月22日","112年05月22日","112年12月19日","112年12月21日","1.00","    120.00","","",
="045312","台積電元大2C購23","0.00","","2330","台積電","568.00","＋","認購","美式","112年05月22日","112年05月22日","112年12月19日","112年12月21日","0.158","    660.00","","",
="045313","聯發科元大2C購12","4.15","＋","2454","聯發科","738.00","＋","認購","美式","112年05月22日","112年05月22日","112年12月19日","112年12月21日","0.037","    727.00","","",
="045314","聯發科元大31購06","3.62","＋","2454","聯發科","738.00","＋","認購","美式","112年05月22日","112年05月22日","113年01月18日","113年01月22日","0.043","    809.00","","",
="045315","聯發科元大35購02","3.05","＋","2454","聯發科","738.00","＋","認購","美式","112年05月22日","112年05月22日","113年05月17日","113年05月21日","0.029","    820.00","","",
="045316","國泰金元大2B購03","1.50","","2882","國泰金","44.75","＋","認購","美式","112年05月22日","112年05月22日","112年11月17日","112年11月21日","0.57","    50.00","","",
="045317","新光金元大2B購02","0.85","","2888","新光金","8.63","＋","認購","美式","112年05月22日","112年05月22日","112年11月17日","112年11月21日","1.00","    9.00","","",
="045318","大立光元大2C購06","1.05","","3008","大立光","2,305.00","＋","認購","美式","112年05月22日","112年05月22日","112年12月19日","112年12月21日","0.01","    3,000.00","","",
="045319","零壹元大2B購04","1.76","＋","3029","零壹","67.30","＋","認購","美式","112年05月22日","112年05月22日","112年11月17日","112年11月21日","0.125","    63.20","","",
="04531P","臺股指元富26售04","0.00","","IX0001","臺股指數","16,636.30","","認售","歐式","111年12月14日","112年06月13日","112年06月09日","112年06月13日","0.003","    13,900.00","","",
="04531U","臺股指元大2A售62","0.00","","IX0001","臺股指數","16,636.30","","認售","歐式","112年02月21日","112年10月20日","112年10月18日","112年10月20日","0.003","    12,400.00","","",
="045320","欣興元大2C購15","1.43","－","3037","欣興","182.50","－","認購","美式","112年05月22日","112年05月22日","112年12月19日","112年12月21日","0.047","    180.00","","",
="045321","欣興元大31購03","1.25","－","3037","欣興","182.50","－","認購","美式","112年05月22日","112年05月22日","113年01月18日","113年01月22日","0.045","    195.00","","",
="045322","欣興元大35購04","1.39","－","3037","欣興","182.50","－","認購","美式","112年05月22日","112年05月22日","113年05月17日","113年05月21日","0.07","    245.00","","",
="045323","大眾控元大2C購01","1.93","＋","3701","大眾控","67.10","＋","認購","美式","112年05月22日","112年05月22日","112年12月19日","112年12月21日","0.221","    75.00","","",
="045324","大眾控元大31購01","1.96","","3701","大眾控","67.10","＋","認購","美式","112年05月22日","112年05月22日","113年01月18日","113年01月22日","0.378","    95.00","","",
="045325","麗豐元大2B購02","0.00","","4137","麗豐-KY","216.00","＋","認購","美式","112年05月22日","112年05月22日","112年11月17日","112年11月21日","0.11","    344.00","","",
="045326","康舒元大2C購02","1.56","＋","6282","康舒","44.05","＋","認購","美式","112年05月22日","112年05月22日","112年12月19日","112年12月21日","0.328","    53.20","","",
="045327","樺漢元大2B購03","0.84","＋","6414","樺漢","281.00","＋","認購","美式","112年05月22日","112年05月22日","112年11月17日","112年11月21日","0.062","    344.00","","",
="045328","元晶元大2C購02","1.26","","6443","元晶","36.20","＋","認購","美式","112年05月22日","112年05月22日","112年12月19日","112年12月21日","0.272","    38.00","","",
="045329","S&P反1群益33購01","0.00","",="00648R","元大S&P500反1","6.93","－","認購","美式","112年05月22日","112年05月22日","113年03月19日","113年03月21日","1.00","    7.20","","",
="04532P","台灣50麥證28售02","0.00","",="0050","元大台灣50","126.75","＋","認售","歐式","111年12月14日","112年08月14日","112年08月10日","112年08月14日","1.023","    78.24","","",
="04532U","臺股指元大2A售63","0.00","","IX0001","臺股指數","16,636.30","","認售","歐式","112年02月21日","112年10月20日","112年10月18日","112年10月20日","0.003","    13,200.00","","",
="045330","美時群益31購03","2.37","－","1795","美時","330.50","＋","認購","美式","112年05月22日","112年05月22日","113年01月18日","113年01月22日","0.07","    460.00","","",
="045331","川湖群益2B購01","1.61","＋","2059","川湖","436.00","＋","認購","美式","112年05月22日","112年05月22日","112年11月17日","112年11月21日","0.035","    470.00","","",
="045332","三陽群益2B購01","3.55","＋","2206","三陽工業","74.20","＋","認購","美式","112年05月22日","112年05月22日","112年11月17日","112年11月21日","0.35","    80.00","","",
="045333","三陽群益2B購02","4.18","＋","2206","三陽工業","74.20","＋","認購","美式","112年05月22日","112年05月22日","112年11月17日","112年11月21日","0.70","    99.45","","",
="045334","台達電群益2C購01","0.00","","2308","台達電","315.50","－","認購","美式","112年05月22日","112年05月22日","112年12月19日","112年12月21日","0.17","    420.00","","",
="045335","鴻海群益2B購06","0.90","＋","2317","鴻海","105.50","＋","認購","美式","112年05月22日","112年05月22日","112年11月17日","112年11月21日","0.08","    102.50","","",
="045336","鴻海群益2C購02","0.84","＋","2317","鴻海","105.50","＋","認購","美式","112年05月22日","112年05月22日","112年12月19日","112年12月21日","0.09","    107.50","","",
="045337","鴻海群益2C購03","1.83","＋","2317","鴻海","105.50","＋","認購","美式","112年05月22日","112年05月22日","112年12月19日","112年12月21日","0.30","    120.00","","",
="045338","新光金群益31購01","0.72","","2888","新光金","8.63","＋","認購","美式","112年05月22日","112年05月22日","113年01月18日","113年01月22日","1.00","    9.00","","",
="045339","晶豪科群益2B購02","2.26","","3006","晶豪科","88.20","＋","認購","美式","112年05月22日","112年05月22日","112年11月17日","112年11月21日","0.30","    115.00","","",
="04533P","聯詠兆豐28售01","0.02","","3034","聯詠","423.50","＋","認售","歐式","111年12月14日","112年08月14日","112年08月10日","112年08月14日","0.025","    288.00","","",
="04533U","臺股指元大2B售28","0.00","","IX0001","臺股指數","16,636.30","","認售","歐式","112年02月21日","112年11月20日","112年11月16日","112年11月20日","0.003","    12,000.00","","",
="045340","大立光群益31購01","2.38","","3008","大立光","2,305.00","＋","認購","美式","112年05月22日","112年05月22日","113年01月18日","113年01月22日","0.02","    3,088.00","","",
="045341","碩天群益31購01","3.41","＋","3617","碩天","191.00","－","認購","美式","112年05月22日","112年05月22日","113年01月18日","113年01月22日","0.10","    247.50","","",
="045342","TPK群益2B購01","2.94","＋","3673","TPK-KY","41.75","＋","認購","美式","112年05月22日","112年05月22日","112年11月17日","112年11月21日","0.60","    46.00","","",
="045343","大眾控群益2B購02","0.00","","3701","大眾控","67.10","＋","認購","美式","112年05月22日","112年05月22日","112年11月17日","112年11月21日","0.50","    95.70","","",
="045344","乙盛群益2C購01","2.49","＋","5243","乙盛-KY","83.70","＋","認購","美式","112年05月22日","112年05月22日","112年12月19日","112年12月21日","0.20","    85.00","","",
="045345","亞翔群益2B購02","1.85","＋","6139","亞翔","63.80","－","認購","美式","112年05月22日","112年05月22日","112年11月17日","112年11月21日","0.45","    88.00","","",
="045346","穎崴群益2B購02","3.28","＋","6515","穎崴","830.00","－","認購","美式","112年05月22日","112年05月22日","112年11月17日","112年11月21日","0.02","    820.00","","",
="045347","愛普群益31購02","1.38","＋","6531","愛普*","328.50","＋","認購","美式","112年05月22日","112年05月22日","113年01月18日","113年01月22日","0.024","    333.00","","",
="045348","晶心科群益31購02","2.27","＋","6533","晶心科","511.00","＋","認購","美式","112年05月22日","112年05月22日","113年01月18日","113年01月22日","0.024","    496.00","","",
="045349","緯穎群益31購02","1.77","","6669","緯穎","1,205.00","＋","認購","美式","112年05月22日","112年05月22日","113年01月18日","113年01月22日","0.012","    1,597.50","","",
="04534P","台積電康和26售03","0.00","","2330","台積電","568.00","＋","認售","歐式","111年10月21日","112年06月20日","112年06月16日","112年06月20日","0.05","    360.96","","",
="04534U","臺股指元大2B售29","0.00","","IX0001","臺股指數","16,636.30","","認售","歐式","112年02月21日","112年11月20日","112年11月16日","112年11月20日","0.003","    12,600.00","","",
="045350","南電群益2B購03","0.00","","8046","南電","302.50","－","認購","美式","112年05月22日","112年05月22日","112年11月17日","112年11月21日","0.05","    350.00","","",
="045351","臺股指群益32購12","0.00","","IX0001","臺股指數","16,636.30","","認購","歐式","112年05月22日","113年02月21日","113年02月19日","113年02月21日","0.003","    15,800.00","","",
="045352","臺股指群益32購13","0.00","","IX0001","臺股指數","16,636.30","","認購","歐式","112年05月22日","113年02月21日","113年02月19日","113年02月21日","0.004","    16,300.00","","",
="045353","臺股指群益32購14","0.00","","IX0001","臺股指數","16,636.30","","認購","歐式","112年05月22日","113年02月21日","113年02月19日","113年02月21日","0.012","    17,400.00","","",
="045354","臺股指群益32購15","0.00","","IX0001","臺股指數","16,636.30","","認購","歐式","112年05月22日","113年02月21日","113年02月19日","113年02月21日","0.02","    18,500.00","","",
="045355","臺股指群益33購07","0.00","","IX0001","臺股指數","16,636.30","","認購","歐式","112年05月22日","113年03月21日","113年03月19日","113年03月21日","0.02","    19,100.00","","",
="045356","臺股指群益36購02","1.76","＋","IX0001","臺股指數","16,636.30","","認購","歐式","112年05月22日","113年06月21日","113年06月19日","113年06月21日","0.015","    21,488.00","","",
="045357","川湖凱基2B購01","1.83","＋","2059","川湖","436.00","＋","認購","美式","112年05月22日","112年05月22日","112年11月17日","112年11月21日","0.035","    440.00","","",
="045358","中華凱基2B購02","3.53","－","2204","中華","91.60","－","認購","美式","112年05月22日","112年05月22日","112年11月17日","112年11月21日","0.70","    120.00","","",
="045359","台達電凱基31購02","1.93","－","2308","台達電","315.50","－","認購","美式","112年05月22日","112年05月22日","113年01月18日","113年01月22日","0.35","    440.00","","",
="04535U","臺股指元大2B售30","0.57","－","IX0001","臺股指數","16,636.30","","認售","歐式","112年02月21日","112年11月20日","112年11月16日","112年11月20日","0.002","    14,100.00","","",
="045360","台積電凱基31購13","4.97","＋","2330","台積電","568.00","＋","認購","美式","112年05月22日","112年05月22日","113年01月18日","113年01月22日","0.10","    575.00","","",
="045361","毅嘉凱基2C購04","0.85","＋","2402","毅嘉","28.70","＋","認購","美式","112年05月22日","112年05月22日","112年12月19日","112年12月21日","0.229","    31.50","","",
="045362","南亞科凱基2B購04","1.46","－","2408","南亞科","71.20","－","認購","美式","112年05月22日","112年05月22日","112年11月17日","112年11月21日","0.80","    95.00","","",
="045363","聯發科凱基32購01","3.31","＋","2454","聯發科","738.00","＋","認購","美式","112年05月22日","112年05月22日","113年02月19日","113年02月21日","0.03","    755.00","","",
="045364","全新凱基2B購03","2.38","＋","2455","全新","100.00","","認購","美式","112年05月22日","112年05月22日","112年11月17日","112年11月21日","0.30","    130.00","","",
="045365","長榮凱基31購06","1.90","＋","2603","長榮","157.00","＋","認購","美式","112年05月22日","112年05月22日","113年01月18日","113年01月22日","0.12","    169.00","","",
="045366","新光金凱基2B購01","0.85","＋","2888","新光金","8.63","＋","認購","美式","112年05月22日","112年05月22日","112年11月17日","112年11月21日","1.00","    8.50","","",
="045367","奇鋐凱基2C購07","2.59","＋","3017","奇鋐","206.00","－","認購","美式","112年05月22日","112年05月22日","112年12月19日","112年12月21日","0.12","    245.00","","",
="045368","威強電凱基2C購02","0.95","","3022","威強電","91.20","＋","認購","美式","112年05月22日","112年05月22日","112年12月19日","112年12月21日","0.15","    115.00","","",
="045369","聯詠凱基2B購07","2.45","＋","3034","聯詠","423.50","＋","認購","美式","112年05月22日","112年05月22日","112年11月17日","112年11月21日","0.06","    430.00","","",
="04536P","台積電康和27售01","0.00","","2330","台積電","568.00","＋","認售","歐式","111年10月21日","112年07月20日","112年07月18日","112年07月20日","0.07","    331.29","","",
="04536U","滬深2X元富2B售02","0.00","",="00637L","元大滬深300正2","13.77","－","認售","歐式","112年02月21日","112年11月20日","112年11月16日","112年11月20日","1.00","    14.00","","",
="045370","揚明光凱基2B購02","1.23","＋","3504","揚明光","81.70","＋","認購","美式","112年05月22日","112年05月22日","112年11月17日","112年11月21日","0.12","    88.00","","",
="045371","嘉澤凱基2B購04","1.15","－","3533","嘉澤","909.00","－","認購","美式","112年05月22日","112年05月22日","112年11月17日","112年11月21日","0.03","    1,150.00","","",
="045372","碩天凱基31購01","1.99","－","3617","碩天","191.00","－","認購","美式","112年05月22日","112年05月22日","113年01月18日","113年01月22日","0.065","    247.50","","",
="045373","TPK凱基2B購03","1.29","＋","3673","TPK-KY","41.75","＋","認購","美式","112年05月22日","112年05月22日","112年11月17日","112年11月21日","0.70","    55.00","","",
="045374","大眾控凱基2C購02","1.23","＋","3701","大眾控","67.10","＋","認購","美式","112年05月22日","112年05月22日","112年12月19日","112年12月21日","0.40","    95.00","","",
="045375","上品凱基2C購01","1.43","＋","4770","上品","297.00","＋","認購","美式","112年05月22日","112年05月22日","112年12月19日","112年12月21日","0.03","    310.00","","",
="045376","康舒凱基2C購02","2.47","＋","6282","康舒","44.05","＋","認購","美式","112年05月22日","112年05月22日","112年12月19日","112年12月21日","0.55","    50.00","","",
="045377","矽力凱基2B購06","1.40","＋","6415","矽力*-KY","394.50","＋","認購","美式","112年05月22日","112年05月22日","112年11月17日","112年11月21日","0.03","    470.00","","",
="045378","晶碩凱基2B購02","1.40","＋","6491","晶碩","366.50","＋","認購","美式","112年05月22日","112年05月22日","112年11月17日","112年11月21日","0.035","    400.00","","",
="045379","力智凱基2B購06","1.27","","6719","力智","303.00","＋","認購","美式","112年05月22日","112年05月22日","112年11月17日","112年11月21日","0.06","    380.00","","",
="04537U","國巨元富28售04","2.32","","2327","國巨","508.00","＋","認售","歐式","112年02月21日","112年08月21日","112年08月17日","112年08月21日","0.03","    550.00","","",
="045380","AES凱基2B購03","1.87","＋","6781","AES-KY","690.00","＋","認購","美式","112年05月22日","112年05月22日","112年11月17日","112年11月21日","0.025","    800.00","","",
="045381","勤誠凱基2B購01","1.73","＋","8210","勤誠","101.00","＋","認購","美式","112年05月22日","112年05月22日","112年11月17日","112年11月21日","0.15","    110.00","","",
="045382","富邦媒凱基2B購02","0.00","","8454","富邦媒","703.00","＋","認購","美式","112年05月22日","112年05月22日","112年11月17日","112年11月21日","0.03","    950.00","","",
="045383","茂順凱基2B購03","0.77","－","9942","茂順","155.00","－","認購","美式","112年05月22日","112年05月22日","112年11月17日","112年11月21日","0.05","    176.00","","",
="045384","華航第一31購01","0.91","＋","2610","華航","21.65","＋","認購","美式","112年05月23日","112年05月23日","113年01月18日","113年01月22日","0.35","    22.91","","",
="045385","三陽中信31購01","0.85","＋","2206","三陽工業","74.20","＋","認購","歐式","112年05月23日","113年01月22日","113年01月18日","113年01月22日","0.065","    88.00","","",
="045386","光寶科中信31購01","1.25","＋","2301","光寶科","86.40","＋","認購","歐式","112年05月23日","113年01月22日","113年01月18日","113年01月22日","0.50","    120.00","","",
="045387","技嘉中信2C購01","0.95","＋","2376","技嘉","186.00","＋","認購","歐式","112年05月23日","112年12月22日","112年12月20日","112年12月22日","0.038","    228.00","","",
="045388","南亞科中信2B購01","1.64","＋","2408","南亞科","71.20","－","認購","歐式","112年05月23日","112年11月22日","112年11月20日","112年11月22日","0.80","    100.00","","",
="045389","長榮中信32購02","2.36","＋","2603","長榮","157.00","＋","認購","歐式","112年05月23日","113年02月22日","113年02月20日","113年02月22日","0.20","    216.88","","",
="04538U","國巨元富28售05","0.00","","2327","國巨","508.00","＋","認售","歐式","112年02月21日","112年08月21日","112年08月17日","112年08月21日","0.05","    480.00","","",
="045390","TPK中信33購01","0.72","","3673","TPK-KY","41.75","＋","認購","歐式","112年05月23日","113年03月22日","113年03月20日","113年03月22日","0.192","    58.88","","",
="045391","臺股指中信31購05","0.00","","IX0001","臺股指數","16,636.30","","認購","歐式","112年05月23日","113年01月22日","113年01月18日","113年01月22日","0.001","    16,888.00","","",
="045392","臺股指中信32購03","0.00","","IX0001","臺股指數","16,636.30","","認購","歐式","112年05月23日","113年02月22日","113年02月20日","113年02月22日","0.015","    21,688.00","","",
="045393","玉晶光康和2B購01","1.57","","3406","玉晶光","400.00","＋","認購","美式","112年05月23日","112年05月23日","112年11月20日","112年11月22日","0.05","    460.00","","",
="045394","士電永豐31購02","0.79","＋","1503","士電","143.50","＋","認購","美式","112年05月23日","112年05月23日","113年01月18日","113年01月22日","0.045","    190.05","","",
="045395","美時永豐32購01","0.79","","1795","美時","330.50","＋","認購","美式","112年05月23日","112年05月23日","113年02月20日","113年02月22日","0.025","    455.96","","",
="045396","中華永豐2C購01","1.00","－","2204","中華","91.60","－","認購","美式","112年05月23日","112年05月23日","112年12月20日","112年12月22日","0.19","    112.94","","",
="045397","建準永豐32購01","2.57","＋","2421","建準","89.00","＋","認購","美式","112年05月23日","112年05月23日","113年02月20日","113年02月22日","0.15","    92.16","","",
="045398","宏達電永豐2C購01","1.93","＋","2498","宏達電","61.50","＋","認購","美式","112年05月23日","112年05月23日","112年12月20日","112年12月22日","0.33","    71.58","","",
="045399","神基永豐2C購02","0.99","","3005","神基","69.40","＋","認購","美式","112年05月23日","112年05月23日","112年12月20日","112年12月22日","0.10","    67.62","","",
="04539U","台積電元富28售18","0.00","","2330","台積電","568.00","＋","認售","歐式","112年02月21日","112年08月21日","112年08月17日","112年08月21日","0.04","    447.58","","",
="045400","大眾控永豐31購01","1.38","＋","3701","大眾控","67.10","＋","認購","美式","112年05月23日","112年05月23日","113年01月18日","113年01月22日","0.275","    93.90","","",
="045401","上品永豐2C購01","1.04","","4770","上品","297.00","＋","認購","美式","112年05月23日","112年05月23日","112年12月20日","112年12月22日","0.035","    374.08","","",
="045402","美時兆豐33購01","1.17","＋","1795","美時","330.50","＋","認購","美式","112年05月23日","112年05月23日","113年03月20日","113年03月22日","0.03","    428.00","","",
="045403","光罩兆豐34購01","1.57","＋","2338","光罩","81.80","＋","認購","美式","112年05月23日","112年05月23日","113年04月18日","113年04月22日","0.09","    78.80","","",
="045404","新光金兆豐33購01","0.66","＋","2888","新光金","8.63","＋","認購","美式","112年05月23日","112年05月23日","113年03月20日","113年03月22日","1.00","    9.90","","",
="045405","欣興兆豐34購01","1.87","＋","3037","欣興","182.50","－","認購","美式","112年05月23日","112年05月23日","113年04月18日","113年04月22日","0.05","    178.00","","",
="045406","穎崴兆豐33購02","1.78","＋","6515","穎崴","830.00","－","認購","美式","112年05月23日","112年05月23日","113年03月20日","113年03月22日","0.01","    838.00","","",
="045407","晶心科兆豐2C購02","1.06","＋","6533","晶心科","511.00","＋","認購","美式","112年05月23日","112年05月23日","112年12月20日","112年12月22日","0.013","    518.88","","",
="045408","美時國泰31購03","0.00","","1795","美時","330.50","＋","認購","美式","112年05月23日","112年05月23日","113年01月18日","113年01月22日","0.035","    430.00","","",
="045409","SGBR2X凱基31購01","0.00","",="00715L","期街口布蘭特正2","12.73","＋","認購","美式","112年05月23日","112年05月23日","113年01月18日","113年01月22日","0.60","    16.60","","",
="04540P","光罩凱基28售01","0.00","","2338","光罩","81.80","＋","認售","歐式","111年12月14日","112年08月14日","112年08月10日","112年08月14日","0.082","    70.00","","",
="04540U","智邦元富28售01","0.43","－","2345","智邦","357.50","＋","認售","歐式","112年02月21日","112年08月21日","112年08月17日","112年08月21日","0.07","    245.00","","",
="045410","FB越南凱基2C購01","0.78","",="00885","富邦越南","11.45","＋","認購","美式","112年05月23日","112年05月23日","112年12月20日","112年12月22日","1.00","    13.00","","",
="045411","亞力凱基2C購04","0.00","","1514","亞力","51.60","＋","認購","美式","112年05月23日","112年05月23日","112年12月20日","112年12月22日","0.30","    72.00","","",
="045412","華城凱基2C購05","1.44","＋","1519","華城","141.00","＋","認購","美式","112年05月23日","112年05月23日","112年12月20日","112年12月22日","0.05","    163.80","","",
="045413","華城凱基31購01","1.43","＋","1519","華城","141.00","＋","認購","美式","112年05月23日","112年05月23日","113年01月18日","113年01月22日","0.055","    176.25","","",
="045414","美時凱基2C購08","0.00","","1795","美時","330.50","＋","認購","美式","112年05月23日","112年05月23日","112年12月20日","112年12月22日","0.026","    508.50","","",
="045415","裕隆凱基2C購05","0.99","","2201","裕隆","82.80","＋","認購","美式","112年05月23日","112年05月23日","112年12月20日","112年12月22日","0.25","    110.00","","",
="045416","光寶科凱基2C購03","1.24","","2301","光寶科","86.40","＋","認購","美式","112年05月23日","112年05月23日","112年12月20日","112年12月22日","1.00","    120.00","","",
="045417","台積電凱基36購02","3.55","","2330","台積電","568.00","＋","認購","美式","112年05月23日","112年05月23日","113年06月20日","113年06月24日","0.05","    590.00","","",
="045418","致茂凱基2B購01","2.04","＋","2360","致茂","226.50","＋","認購","美式","112年05月23日","112年05月23日","112年11月20日","112年11月22日","0.085","    250.00","","",
="045419","金像電凱基2C購01","0.00","","2368","金像電","121.50","","認購","美式","112年05月23日","112年05月23日","112年12月20日","112年12月22日","0.095","    120.00","","",
="04541P","聯發科凱基26售10","0.00","","2454","聯發科","738.00","＋","認售","歐式","111年12月14日","112年06月13日","112年06月09日","112年06月13日","0.10","    540.00","","",
="04541U","聯詠元富28售02","0.97","－","3034","聯詠","423.50","＋","認售","歐式","112年02月21日","112年08月21日","112年08月17日","112年08月21日","0.05","    380.00","","",
="045420","南亞科凱基2C購02","1.34","","2408","南亞科","71.20","－","認購","美式","112年05月23日","112年05月23日","112年12月20日","112年12月22日","0.25","    80.00","","",
="045421","漢翔凱基32購01","1.73","＋","2634","漢翔","55.80","＋","認購","美式","112年05月23日","112年05月23日","113年02月20日","113年02月22日","0.50","    77.00","","",
="045422","神基凱基2C購03","0.00","","3005","神基","69.40","＋","認購","美式","112年05月23日","112年05月23日","112年12月20日","112年12月22日","0.85","    96.00","","",
="045423","大立光凱基31購04","1.38","","3008","大立光","2,305.00","＋","認購","美式","112年05月23日","112年05月23日","113年01月18日","113年01月22日","0.007","    2,550.00","","",
="045424","零壹凱基2C購02","1.30","","3029","零壹","67.30","＋","認購","美式","112年05月23日","112年05月23日","112年12月20日","112年12月22日","0.15","    82.00","","",
="045425","緯創凱基2C購04","4.73","＋","3231","緯創","68.00","＋","認購","美式","112年05月23日","112年05月23日","112年12月20日","112年12月22日","0.30","    61.00","","",
="045426","明泰凱基2B購01","1.42","","3380","明泰","37.30","＋","認購","美式","112年05月23日","112年05月23日","112年11月20日","112年11月22日","0.32","    40.00","","",
="045427","玉晶光凱基31購01","1.65","","3406","玉晶光","400.00","＋","認購","美式","112年05月23日","112年05月23日","113年01月18日","113年01月22日","0.05","    470.00","","",
="045428","碩天凱基2C購01","1.25","－","3617","碩天","191.00","－","認購","美式","112年05月23日","112年05月23日","112年12月20日","112年12月22日","0.065","    261.00","","",
="045429","健策凱基2B購04","3.90","＋","3653","健策","616.00","＋","認購","美式","112年05月23日","112年05月23日","112年11月20日","112年11月22日","0.06","    690.00","","",
="04542U","T50反1國泰2A售06","0.52","",="00632R","元大台灣50反1","4.94","－","認售","歐式","112年02月21日","112年10月20日","112年10月18日","112年10月20日","1.00","    5.32","","",
="045430","中磊凱基2B購05","1.59","＋","5388","中磊","93.30","＋","認購","美式","112年05月23日","112年05月23日","112年11月20日","112年11月22日","0.192","    100.00","","",
="045431","洋基凱基2B購02","0.00","","6691","洋基工程","297.00","＋","認購","美式","112年05月23日","112年05月23日","112年11月20日","112年11月22日","0.024","    300.00","","",
="045432","嘉基凱基2C購01","1.08","－","6715","嘉基","145.50","＋","認購","美式","112年05月23日","112年05月23日","112年12月20日","112年12月22日","0.06","    170.00","","",
="045433","AES凱基31購01","2.04","","6781","AES-KY","690.00","＋","認購","美式","112年05月23日","112年05月23日","113年01月18日","113年01月22日","0.045","    970.00","","",
="045434","矽創凱基2B購02","0.00","","8016","矽創","225.50","＋","認購","美式","112年05月23日","112年05月23日","112年11月20日","112年11月22日","0.22","    320.00","","",
="045435","富邦媒凱基2C購02","1.25","＋","8454","富邦媒","703.00","＋","認購","美式","112年05月23日","112年05月23日","112年12月20日","112年12月22日","0.02","    850.00","","",
="045436","SGBR2X富邦33購01","0.00","",="00715L","期街口布蘭特正2","12.73","＋","認購","美式","112年05月23日","112年05月23日","113年03月20日","113年03月22日","0.35","    17.00","","",
="045437","中興電富邦31購02","0.00","","1513","中興電","113.50","＋","認購","美式","112年05月23日","112年05月23日","113年01月18日","113年01月22日","0.03","    100.00","","",
="045438","華城富邦2B購02","0.93","＋","1519","華城","141.00","＋","認購","美式","112年05月23日","112年05月23日","112年11月20日","112年11月22日","0.035","    150.00","","",
="045439","神基富邦35購01","1.35","＋","3005","神基","69.40","＋","認購","美式","112年05月23日","112年05月23日","113年05月20日","113年05月22日","0.40","    96.00","","",
="04543U","長榮航國泰2A售02","0.57","－","2618","長榮航","33.60","＋","認售","歐式","112年02月21日","112年10月20日","112年10月18日","112年10月20日","0.70","    24.00","","",
="045440","聯茂富邦2B購01","0.75","＋","6213","聯茂","72.30","＋","認購","美式","112年05月23日","112年05月23日","112年11月20日","112年11月22日","0.10","    80.00","","",
="045441","美時統一34購02","0.73","－","1795","美時","330.50","＋","認購","美式","112年05月23日","112年05月23日","113年04月18日","113年04月22日","0.008","    439.00","","",
="045442","三陽統一34購01","0.71","＋","2206","三陽工業","74.20","＋","認購","美式","112年05月23日","112年05月23日","113年04月18日","113年04月22日","0.035","    101.11","","",
="045443","金像電統一32購01","1.12","－","2368","金像電","121.50","","認購","美式","112年05月23日","112年05月23日","113年02月20日","113年02月22日","0.05","    129.30","","",
="045444","技嘉統一33購01","1.00","＋","2376","技嘉","186.00","＋","認購","美式","112年05月23日","112年05月23日","113年03月20日","113年03月22日","0.023","    189.00","","",
="045445","技嘉統一33購02","1.23","＋","2376","技嘉","186.00","＋","認購","美式","112年05月23日","112年05月23日","113年03月20日","113年03月22日","0.03","    195.30","","",
="045446","技嘉統一33購03","0.97","＋","2376","技嘉","186.00","＋","認購","美式","112年05月23日","112年05月23日","113年03月20日","113年03月22日","0.015","    168.88","","",
="045447","建準統一33購01","1.29","＋","2421","建準","89.00","＋","認購","美式","112年05月23日","112年05月23日","113年03月20日","113年03月22日","0.05","    86.40","","",
="045448","漢翔統一34購02","0.63","＋","2634","漢翔","55.80","＋","認購","美式","112年05月23日","112年05月23日","113年04月18日","113年04月22日","0.07","    66.66","","",
="045449","大立光統一2C購03","0.86","","3008","大立光","2,305.00","＋","認購","美式","112年05月23日","112年05月23日","112年12月20日","112年12月22日","0.004","    2,500.00","","",
="04544P","景碩凱基26售03","0.00","","3189","景碩","116.00","＋","認售","歐式","111年12月14日","112年06月13日","112年06月09日","112年06月13日","0.15","    90.00","","",
="04544U","聯電富邦29售05","0.00","","2303","聯電","51.20","＋","認售","歐式","112年02月21日","112年09月20日","112年09月18日","112年09月20日","0.40","    40.00","","",
="045450","揚明光統一33購01","0.00","","3504","揚明光","81.70","＋","認購","美式","112年05月23日","112年05月23日","113年03月20日","113年03月22日","0.021","    99.99","","",
="045451","碩天統一2B購02","1.27","－","3617","碩天","191.00","－","認購","美式","112年05月23日","112年05月23日","112年11月20日","112年11月22日","0.03","    188.88","","",
="045452","碩天統一33購06","0.00","","3617","碩天","191.00","－","認購","美式","112年05月23日","112年05月23日","113年03月20日","113年03月22日","0.018","    261.00","","",
="045453","大眾控統一33購02","0.65","","3701","大眾控","67.10","＋","認購","美式","112年05月23日","112年05月23日","113年03月20日","113年03月22日","0.05","    91.11","","",
="045454","康舒統一33購01","0.76","＋","6282","康舒","44.05","＋","認購","美式","112年05月23日","112年05月23日","113年03月20日","113年03月22日","0.08","    49.20","","",
="045455","矽力統一2C購03","0.62","＋","6415","矽力*-KY","394.50","＋","認購","美式","112年05月23日","112年05月23日","112年12月20日","112年12月22日","0.009","    422.22","","",
="045456","矽力統一33購01","0.79","＋","6415","矽力*-KY","394.50","＋","認購","美式","112年05月23日","112年05月23日","113年03月20日","113年03月22日","0.01","    450.30","","",
="045457","東元群益2B購04","3.06","＋","1504","東元","51.80","＋","認購","美式","112年05月23日","112年05月23日","112年11月20日","112年11月22日","0.90","    74.70","","",
="045458","美時群益2B購08","1.22","＋","1795","美時","330.50","＋","認購","美式","112年05月23日","112年05月23日","112年11月20日","112年11月22日","0.035","    410.00","","",
="045459","美時群益2C購02","1.14","","1795","美時","330.50","＋","認購","美式","112年05月23日","112年05月23日","112年12月20日","112年12月22日","0.035","    450.00","","",
="04545U","台積電富邦29售09","0.00","","2330","台積電","568.00","＋","認售","歐式","112年02月21日","112年09月20日","112年09月18日","112年09月20日","0.04","    447.58","","",
="045460","美時群益32購02","3.31","＋","1795","美時","330.50","＋","認購","美式","112年05月23日","112年05月23日","113年02月20日","113年02月22日","0.10","    508.00","","",
="045461","中華群益2B購03","2.03","－","2204","中華","91.60","－","認購","美式","112年05月23日","112年05月23日","112年11月20日","112年11月22日","0.30","    115.00","","",
="045462","金像電群益2B購02","1.98","－","2368","金像電","121.50","","認購","美式","112年05月23日","112年05月23日","112年11月20日","112年11月22日","0.25","    152.80","","",
="045463","技嘉群益2C購03","2.23","－","2376","技嘉","186.00","＋","認購","美式","112年05月23日","112年05月23日","112年12月20日","112年12月22日","0.15","    215.00","","",
="045464","台光電群益2B購02","2.65","＋","2383","台光電","204.50","＋","認購","美式","112年05月23日","112年05月23日","112年11月20日","112年11月22日","0.16","    268.50","","",
="045465","宏達電群益31購02","3.95","＋","2498","宏達電","61.50","＋","認購","美式","112年05月23日","112年05月23日","113年01月18日","113年01月22日","0.713","    80.00","","",
="045466","神基群益2C購01","2.98","＋","3005","神基","69.40","＋","認購","美式","112年05月23日","112年05月23日","112年12月20日","112年12月22日","0.60","    96.75","","",
="045467","奇鋐群益2B購08","4.21","＋","3017","奇鋐","206.00","－","認購","美式","112年05月23日","112年05月23日","112年11月20日","112年11月22日","0.15","    225.00","","",
="045468","威強電群益2C購02","0.00","","3022","威強電","91.20","＋","認購","美式","112年05月23日","112年05月23日","112年12月20日","112年12月22日","0.20","    142.00","","",
="045469","零壹群益2C購02","1.22","＋","3029","零壹","67.30","＋","認購","美式","112年05月23日","112年05月23日","112年12月20日","112年12月22日","0.15","    81.00","","",
="04546P","日月光凱基26售01","0.00","","3711","日月光投控","109.00","－","認售","歐式","111年12月14日","112年06月13日","112年06月09日","112年06月13日","0.45","    75.00","","",
="04546U","聯發科富邦29售03","0.00","","2454","聯發科","738.00","＋","認售","歐式","112年02月21日","112年09月20日","112年09月18日","112年09月20日","0.02","    580.00","","",
="045470","緯創群益2B購03","9.10","＋","3231","緯創","68.00","＋","認購","美式","112年05月23日","112年05月23日","112年11月20日","112年11月22日","0.66","    66.00","","",
="045471","創意群益2B購07","3.44","＋","3443","創意","1,515.00","＋","認購","美式","112年05月23日","112年05月23日","112年11月20日","112年11月22日","0.012","    1,595.00","","",
="045472","敦泰群益2B購01","0.00","","3545","敦泰","83.70","＋","認購","美式","112年05月23日","112年05月23日","112年11月20日","112年11月22日","0.124","    83.50","","",
="045473","日月光群益2C購01","0.76","－","3711","日月光投控","109.00","－","認購","美式","112年05月23日","112年05月23日","112年12月20日","112年12月22日","0.20","    163.50","","",
="045474","拓凱群益2B購01","1.54","","4536","拓凱","196.50","＋","認購","美式","112年05月23日","112年05月23日","112年11月20日","112年11月22日","0.08","    236.00","","",
="045475","力智群益2B購01","2.22","＋","6719","力智","303.00","＋","認購","美式","112年05月23日","112年05月23日","112年11月20日","112年11月22日","0.06","    335.30","","",
="045476","世紀鋼群益2B購02","1.30","＋","9958","世紀鋼","109.50","＋","認購","美式","112年05月23日","112年05月23日","112年11月20日","112年11月22日","0.102","    115.00","","",
="045477","SGBR2X元大2C購02","0.86","＋",="00715L","期街口布蘭特正2","12.73","＋","認購","美式","112年05月23日","112年05月23日","112年12月20日","112年12月22日","0.30","    15.00","","",
="045478","元宇宙元大2B購01","0.00","",="00903","富邦元宇宙","11.10","＋","認購","美式","112年05月23日","112年05月23日","112年11月20日","112年11月22日","1.00","    11.50","","",
="045479","士電元大2C購11","1.66","","1503","士電","143.50","＋","認購","美式","112年05月23日","112年05月23日","112年12月20日","112年12月22日","0.068","    185.00","","",
="04547U","光罩國票29售05","0.00","","2338","光罩","81.80","＋","認售","歐式","112年02月22日","112年09月21日","112年09月19日","112年09月21日","0.067","    80.00","","",
="045480","東元元大2C購10","0.00","","1504","東元","51.80","＋","認購","美式","112年05月23日","112年05月23日","112年12月20日","112年12月22日","0.501","    73.40","","",
="045481","中興電元大2C購03","1.53","","1513","中興電","113.50","＋","認購","美式","112年05月23日","112年05月23日","112年12月20日","112年12月22日","0.109","    132.00","","",
="045482","光寶科元大2C購05","1.85","＋","2301","光寶科","86.40","＋","認購","美式","112年05月23日","112年05月23日","112年12月20日","112年12月22日","0.537","    105.50","","",
="045483","技嘉元大2B購03","1.94","＋","2376","技嘉","186.00","＋","認購","美式","112年05月23日","112年05月23日","112年11月20日","112年11月22日","0.08","    200.00","","",
="045484","技嘉元大2C購03","0.00","","2376","技嘉","186.00","＋","認購","美式","112年05月23日","112年05月23日","112年12月20日","112年12月22日","0.115","    225.00","","",
="045485","技嘉元大31購01","1.84","－","2376","技嘉","186.00","＋","認購","美式","112年05月23日","112年05月23日","113年01月18日","113年01月22日","0.115","    235.00","","",
="045486","聯發科元大2C購13","3.42","＋","2454","聯發科","738.00","＋","認購","美式","112年05月23日","112年05月23日","112年12月20日","112年12月22日","0.054","    847.00","","",
="045487","大立光元大2C購07","0.00","","3008","大立光","2,305.00","＋","認購","美式","112年05月23日","112年05月23日","112年12月20日","112年12月22日","0.008","    2,870.00","","",
="045488","大立光元大31購06","0.00","","3008","大立光","2,305.00","＋","認購","美式","112年05月23日","112年05月23日","113年01月18日","113年01月22日","0.007","    2,790.00","","",
="045489","大立光元大35購05","1.35","","3008","大立光","2,305.00","＋","認購","美式","112年05月23日","112年05月23日","113年05月20日","113年05月22日","0.007","    2,960.00","","",
="04548U","創意國票29售04","0.17","－","3443","創意","1,515.00","＋","認售","歐式","112年02月22日","112年09月21日","112年09月19日","112年09月21日","0.008","    920.00","","",
="045490","緯創元大2C購16","6.05","＋","3231","緯創","68.00","＋","認購","美式","112年05月23日","112年05月23日","112年12月20日","112年12月22日","0.638","    75.00","","",
="045491","創意元大2C購10","1.80","＋","3443","創意","1,515.00","＋","認購","美式","112年05月23日","112年05月23日","112年12月20日","112年12月22日","0.004","    1,315.00","","",
="045492","碩天元大2C購01","0.00","","3617","碩天","191.00","－","認購","美式","112年05月23日","112年05月23日","112年12月20日","112年12月22日","0.079","    258.50","","",
="045493","大眾控元大31購02","0.00","","3701","大眾控","67.10","＋","認購","美式","112年05月23日","112年05月23日","113年01月18日","113年01月22日","0.185","    71.50","","",
="045494","麗豐元大2B購03","0.00","","4137","麗豐-KY","216.00","＋","認購","美式","112年05月23日","112年05月23日","112年11月20日","112年11月22日","0.06","    281.50","","",
="045495","麗豐元大31購01","1.07","＋","4137","麗豐-KY","216.00","＋","認購","美式","112年05月23日","112年05月23日","113年01月18日","113年01月22日","0.073","    320.50","","",
="045496","茂順元大2B購06","0.00","","9942","茂順","155.00","－","認購","美式","112年05月23日","112年05月23日","112年11月20日","112年11月22日","0.104","    235.00","","",
="045497","臺股指元大31購42","0.00","","IX0001","臺股指數","16,636.30","","認購","歐式","112年05月23日","113年01月22日","113年01月18日","113年01月22日","0.04","    19,600.00","","",
="045498","臺股指元大31購43","0.00","","IX0001","臺股指數","16,636.30","","認購","歐式","112年05月23日","113年01月22日","113年01月18日","113年01月22日","0.01","    17,800.00","","",
="045499","臺股指元大31購44","0.00","","IX0001","臺股指數","16,636.30","","認購","歐式","112年05月23日","113年01月22日","113年01月18日","113年01月22日","0.005","    16,900.00","","",
="04549P","萬海凱基28售02","0.00","","2615","萬海","60.00","＋","認售","歐式","111年10月21日","112年08月21日","112年08月17日","112年08月21日","0.50","    38.00","","",
="04549U","創意國票29售05","0.00","","3443","創意","1,515.00","＋","認售","歐式","112年02月22日","112年09月21日","112年09月19日","112年09月21日","0.01","    840.00","","",
="045500","臺股指元大31購45","2.08","","IX0001","臺股指數","16,636.30","","認購","歐式","112年05月23日","113年01月22日","113年01月18日","113年01月22日","0.002","    16,000.00","","",
="045501","臺股指元大31購46","0.00","","IX0001","臺股指數","16,636.30","","認購","歐式","112年05月23日","113年01月22日","113年01月18日","113年01月22日","0.002","    15,100.00","","",
="045502","臺股指元大33購03","0.00","","IX0001","臺股指數","16,636.30","","認購","歐式","112年05月23日","113年03月22日","113年03月20日","113年03月22日","0.04","    20,300.00","","",
="045503","臺股指元大33購04","0.00","","IX0001","臺股指數","16,636.30","","認購","歐式","112年05月23日","113年03月22日","113年03月20日","113年03月22日","0.015","    18,900.00","","",
="045504","臺股指元大33購05","2.67","＋","IX0001","臺股指數","16,636.30","","認購","歐式","112年05月23日","113年03月22日","113年03月20日","113年03月22日","0.005","    17,300.00","","",
="045505","臺股指元大33購06","0.00","","IX0001","臺股指數","16,636.30","","認購","歐式","112年05月23日","113年03月22日","113年03月20日","113年03月22日","0.003","    16,700.00","","",
="045506","臺股指元大33購07","0.00","","IX0001","臺股指數","16,636.30","","認購","歐式","112年05月23日","113年03月22日","113年03月20日","113年03月22日","0.002","    15,900.00","","",
="045507","T50反1元富32購01","0.00","",="00632R","元大台灣50反1","4.94","－","認購","美式","112年05月23日","112年05月23日","113年02月20日","113年02月22日","1.00","    4.70","","",
="045508","元債2X元富2B購04","0.90","＋",="00680L","元大美債20正2","10.96","＋","認購","美式","112年05月23日","112年05月23日","112年11月20日","112年11月22日","1.00","    12.00","","",
="045509","美時元富32購02","0.00","","1795","美時","330.50","＋","認購","美式","112年05月23日","112年05月23日","113年02月20日","113年02月22日","0.05","    400.00","","",
="04550U","台灣50永豐2A售01","0.14","－",="0050","元大台灣50","126.75","＋","認售","歐式","112年02月22日","112年10月23日","112年10月19日","112年10月23日","0.60","    95.00","","",
="045510","緯創元富35購01","2.67","＋","3231","緯創","68.00","＋","認購","美式","112年05月23日","112年05月23日","113年05月20日","113年05月22日","0.15","    60.00","","",
="045511","瑞鼎元富2C購01","2.29","","3592","瑞鼎","348.00","＋","認購","美式","112年05月23日","112年05月23日","112年12月20日","112年12月22日","0.05","    385.00","","",
="045512","碩天元富32購01","2.07","－","3617","碩天","191.00","－","認購","美式","112年05月23日","112年05月23日","113年02月20日","113年02月22日","0.05","    190.00","","",
="045513","帝寶元富2B購01","0.68","－","6605","帝寶","99.80","＋","認購","美式","112年05月23日","112年05月23日","112年11月20日","112年11月22日","0.067","    110.00","","",
="045514","大亞麥證2C購01","0.83","＋","1609","大亞","31.00","＋","認購","歐式","112年05月23日","112年12月22日","112年12月20日","112年12月22日","0.173","    33.00","","",
="045515","金像電麥證2B購02","1.57","－","2368","金像電","121.50","","認購","歐式","112年05月23日","112年11月22日","112年11月20日","112年11月22日","0.20","    155.00","","",
="045516","碩天麥證2B購01","1.51","","3617","碩天","191.00","－","認購","歐式","112年05月23日","112年11月22日","112年11月20日","112年11月22日","0.05","    261.00","","",
="045517","康舒麥證2B購01","2.02","＋","6282","康舒","44.05","＋","認購","歐式","112年05月23日","112年11月22日","112年11月20日","112年11月22日","0.50","    50.00","","",
="045518","矽力麥證2B購01","1.40","＋","6415","矽力*-KY","394.50","＋","認購","歐式","112年05月23日","112年11月22日","112年11月20日","112年11月22日","0.025","    450.00","","",
="045519","中石化法興31購02","0.63","","1314","中石化","9.72","－","認購","歐式","112年05月23日","113年01月22日","113年01月18日","113年01月22日","1.00","    11.50","","",
="04551U","華航元富28售03","0.79","－","2610","華航","21.65","＋","認售","歐式","112年02月22日","112年08月21日","112年08月17日","112年08月21日","0.70","    19.50","","",
="045520","鴻海法興2B購06","1.50","","2317","鴻海","105.50","＋","認購","歐式","112年05月23日","112年11月22日","112年11月20日","112年11月22日","0.10","    95.00","","",
="045521","鴻海法興2B購07","1.64","＋","2317","鴻海","105.50","＋","認購","歐式","112年05月23日","112年11月22日","112年11月20日","112年11月22日","0.20","    105.00","","",
="045522","鴻海法興2B購08","1.26","","2317","鴻海","105.50","＋","認購","歐式","112年05月23日","112年11月22日","112年11月20日","112年11月22日","1.00","    140.00","","",
="045523","台積電法興2B購06","0.00","","2330","台積電","568.00","＋","認購","歐式","112年05月23日","112年11月22日","112年11月20日","112年11月22日","0.06","    550.00","","",
="045524","華邦電法興2B購02","0.00","","2344","華邦電","26.90","＋","認購","歐式","112年05月23日","112年11月22日","112年11月20日","112年11月22日","0.70","    28.00","","",
="045525","技嘉法興2B購02","0.00","","2376","技嘉","186.00","＋","認購","歐式","112年05月23日","112年11月22日","112年11月20日","112年11月22日","0.15","    200.00","","",
="045526","南亞科法興2B購01","1.85","－","2408","南亞科","71.20","－","認購","歐式","112年05月23日","112年11月22日","112年11月20日","112年11月22日","0.60","    92.00","","",
="045527","長榮航法興2B購01","2.76","＋","2618","長榮航","33.60","＋","認購","歐式","112年05月23日","112年11月22日","112年11月20日","112年11月22日","1.00","    38.00","","",
="045528","大立光法興2B購01","3.86","","3008","大立光","2,305.00","＋","認購","歐式","112年05月23日","112年11月22日","112年11月20日","112年11月22日","0.02","    2,600.00","","",
="045529","欣興法興2B購02","1.62","－","3037","欣興","182.50","－","認購","歐式","112年05月23日","112年11月22日","112年11月20日","112年11月22日","0.08","    210.00","","",
="04552U","華航元富2B售02","0.61","－","2610","華航","21.65","＋","認售","歐式","112年02月22日","112年11月21日","112年11月17日","112年11月21日","0.50","    18.00","","",
="045530","景碩法興2B購01","1.11","＋","3189","景碩","116.00","＋","認購","歐式","112年05月23日","112年11月22日","112年11月20日","112年11月22日","0.10","    140.00","","",
="045531","日月光法興2B購02","1.24","－","3711","日月光投控","109.00","－","認購","歐式","112年05月23日","112年11月22日","112年11月20日","112年11月22日","0.15","    120.00","","",
="045532","日月光法興2B購03","1.30","－","3711","日月光投控","109.00","－","認購","歐式","112年05月23日","112年11月22日","112年11月20日","112年11月22日","0.30","    135.00","","",
="045533","南電法興2B購02","1.29","","8046","南電","302.50","－","認購","歐式","112年05月23日","112年11月22日","112年11月20日","112年11月22日","0.06","    420.00","","",
="045534","南亞科第一2B購01","0.79","＋","2408","南亞科","71.20","－","認購","美式","112年05月24日","112年05月24日","112年11月21日","112年11月23日","0.131","    81.20","","",
="045535","滬深2X中信31購02","0.97","",="00637L","元大滬深300正2","13.77","－","認購","歐式","112年05月24日","113年01月23日","113年01月19日","113年01月23日","0.50","    15.00","","",
="045536","建準中信2B購01","1.43","＋","2421","建準","89.00","＋","認購","歐式","112年05月24日","112年11月23日","112年11月21日","112年11月23日","0.078","    88.00","","",
="045537","宏達電中信2B購01","0.95","","2498","宏達電","61.50","＋","認購","歐式","112年05月24日","112年11月23日","112年11月21日","112年11月23日","0.138","    68.80","","",
="045538","玉晶光中信2C購01","0.71","","3406","玉晶光","400.00","＋","認購","歐式","112年05月24日","112年12月25日","112年12月21日","112年12月25日","0.02","    488.00","","",
="045539","健策中信2C購01","1.00","＋","3653","健策","616.00","＋","認購","歐式","112年05月24日","112年12月25日","112年12月21日","112年12月25日","0.012","    648.00","","",
="04553P","元晶凱基26售02","0.00","","6443","元晶","36.20","＋","認售","歐式","111年10月21日","112年06月20日","112年06月16日","112年06月20日","0.35","    25.00","","",
="04553U","國泰金元富28售01","1.94","－","2882","國泰金","44.75","＋","認售","歐式","112年02月22日","112年08月21日","112年08月17日","112年08月21日","1.00","    42.00","","",
="045540","臺股指中信32購04","0.00","","IX0001","臺股指數","16,636.30","","認購","歐式","112年05月24日","113年02月23日","113年02月21日","113年02月23日","0.03","    23,888.00","","",
="045541","中興電台新2B購01","1.43","＋","1513","中興電","113.50","＋","認購","歐式","112年05月24日","112年11月23日","112年11月21日","112年11月23日","0.161","    136.29","","",
="045542","士電兆豐2B購03","2.89","＋","1503","士電","143.50","＋","認購","美式","112年05月24日","112年05月24日","112年11月21日","112年11月23日","0.13","    160.00","","",
="045543","中興電兆豐34購01","1.13","＋","1513","中興電","113.50","＋","認購","美式","112年05月24日","112年05月24日","113年04月19日","113年04月23日","0.045","    108.00","","",
="045544","國巨兆豐2C購01","0.98","","2327","國巨","508.00","＋","認購","美式","112年05月24日","112年05月24日","112年12月21日","112年12月25日","0.033","    620.00","","",
="045545","威盛兆豐34購01","1.67","＋","2388","威盛","83.10","＋","認購","美式","112年05月24日","112年05月24日","113年04月19日","113年04月23日","0.088","    78.80","","",
="045546","建準兆豐2B購02","4.59","＋","2421","建準","89.00","＋","認購","美式","112年05月24日","112年05月24日","112年11月21日","112年11月23日","0.30","    86.86","","",
="045547","奇鋐兆豐31購03","1.29","＋","3017","奇鋐","206.00","－","認購","美式","112年05月24日","112年05月24日","113年01月19日","113年01月23日","0.044","    230.00","","",
="045548","緯創兆豐34購01","3.84","＋","3231","緯創","68.00","＋","認購","美式","112年05月24日","112年05月24日","113年04月19日","113年04月23日","0.25","    58.00","","",
="045549","晶睿兆豐34購01","1.13","＋","3454","晶睿","182.50","＋","認購","美式","112年05月24日","112年05月24日","113年04月19日","113年04月23日","0.028","    188.00","","",
="04554U","美費半群益2A售03","0.00","",="00830","國泰費城半導體","31.65","＋","認售","歐式","112年02月22日","112年10月23日","112年10月19日","112年10月23日","0.60","    21.50","","",
="045550","世芯兆豐31購03","1.78","＋","3661","世芯-KY","1,660.00","＋","認購","美式","112年05月24日","112年05月24日","113年01月19日","113年01月23日","0.007","    1,900.00","","",
="045551","新唐兆豐34購01","1.18","＋","4919","新唐","130.50","＋","認購","美式","112年05月24日","112年05月24日","113年04月19日","113年04月23日","0.045","    128.00","","",
="045552","啟碁兆豐33購01","1.48","＋","6285","啟碁","87.50","＋","認購","美式","112年05月24日","112年05月24日","113年03月21日","113年03月25日","0.10","    88.00","","",
="045553","巨大兆豐2B購01","1.12","－","9921","巨大","201.00","＋","認購","美式","112年05月24日","112年05月24日","112年11月21日","112年11月23日","0.07","    220.00","","",
="045554","世芯康和2B購01","1.76","＋","3661","世芯-KY","1,660.00","＋","認購","美式","112年05月24日","112年05月24日","112年11月21日","112年11月23日","0.009","    2,000.00","","",
="045555","華城永豐31購01","0.91","＋","1519","華城","141.00","＋","認購","美式","112年05月24日","112年05月24日","113年01月19日","113年01月23日","0.04","    169.92","","",
="045556","美時永豐2C購02","0.52","＋","1795","美時","330.50","＋","認購","美式","112年05月24日","112年05月24日","112年12月21日","112年12月25日","0.025","    515.25","","",
="045557","三陽永豐2B購01","0.75","＋","2206","三陽工業","74.20","＋","認購","美式","112年05月24日","112年05月24日","112年11月21日","112年11月23日","0.069","    77.25","","",
="045558","友訊永豐2C購01","0.00","","2332","友訊","19.95","＋","認購","美式","112年05月24日","112年05月24日","112年12月21日","112年12月25日","1.00","    27.10","","",
="045559","台光電永豐31購01","1.43","＋","2383","台光電","204.50","＋","認購","美式","112年05月24日","112年05月24日","113年01月19日","113年01月23日","0.054","    232.78","","",
="04555U","智原群益28售08","1.11","－","3035","智原","173.50","＋","認售","歐式","112年02月22日","112年08月21日","112年08月17日","112年08月21日","0.134","    140.00","","",
="045560","威盛永豐2C購02","1.83","＋","2388","威盛","83.10","＋","認購","美式","112年05月24日","112年05月24日","112年12月21日","112年12月25日","0.15","    85.58","","",
="045561","華航永豐2C購01","1.06","＋","2610","華航","21.65","＋","認購","美式","112年05月24日","112年05月24日","112年12月21日","112年12月25日","0.85","    25.56","","",
="045562","長榮航永豐2C購01","1.91","＋","2618","長榮航","33.60","＋","認購","美式","112年05月24日","112年05月24日","112年12月21日","112年12月25日","0.69","    37.55","","",
="045563","健策永豐31購01","1.81","＋","3653","健策","616.00","＋","認購","美式","112年05月24日","112年05月24日","113年01月19日","113年01月23日","0.026","    755.55","","",
="045564","乙盛永豐31購01","0.93","＋","5243","乙盛-KY","83.70","＋","認購","美式","112年05月24日","112年05月24日","113年01月19日","113年01月23日","0.125","    111.71","","",
="045565","啟碁永豐2C購01","1.72","＋","6285","啟碁","87.50","＋","認購","美式","112年05月24日","112年05月24日","112年12月21日","112年12月25日","0.15","    89.25","","",
="045566","南電永豐2B購02","0.00","","8046","南電","302.50","－","認購","美式","112年05月24日","112年05月24日","112年11月21日","112年11月23日","0.021","    299.51","","",
="045567","士電統一33購06","0.85","＋","1503","士電","143.50","＋","認購","美式","112年05月24日","112年05月24日","113年03月21日","113年03月25日","0.026","    165.00","","",
="045568","東元統一32購03","1.04","＋","1504","東元","51.80","＋","認購","美式","112年05月24日","112年05月24日","113年02月21日","113年02月23日","0.12","    59.10","","",
="045569","東元統一32購04","0.71","＋","1504","東元","51.80","＋","認購","美式","112年05月24日","112年05月24日","113年02月21日","113年02月23日","0.09","    59.60","","",
="04556P","金融類凱基26售04","0.00","","IX0039","金融類","1,620.43","","認售","歐式","111年10月21日","112年06月20日","112年06月16日","112年06月20日","0.025","    1,300.00","","",
="04556U","嘉澤群益28售08","0.16","","3533","嘉澤","909.00","－","認售","歐式","112年02月22日","112年08月21日","112年08月17日","112年08月21日","0.039","    552.30","","",
="045570","東元統一33購03","0.94","＋","1504","東元","51.80","＋","認購","美式","112年05月24日","112年05月24日","113年03月21日","113年03月25日","0.12","    64.80","","",
="045571","大亞統一33購02","0.00","","1609","大亞","31.00","＋","認購","美式","112年05月24日","112年05月24日","113年03月21日","113年03月25日","0.20","    41.30","","",
="045572","中華統一33購01","0.80","－","2204","中華","91.60","－","認購","美式","112年05月24日","112年05月24日","113年03月21日","113年03月25日","0.05","    113.10","","",
="045573","華邦電統一31購01","0.98","＋","2344","華邦電","26.90","＋","認購","美式","112年05月24日","112年05月24日","113年01月19日","113年01月23日","0.30","    30.00","","",
="045574","技嘉統一33購04","1.04","","2376","技嘉","186.00","＋","認購","美式","112年05月24日","112年05月24日","113年03月21日","113年03月25日","0.025","    184.80","","",
="045575","台光電統一33購01","1.01","＋","2383","台光電","204.50","＋","認購","美式","112年05月24日","112年05月24日","113年03月21日","113年03月25日","0.023","    205.50","","",
="045576","奇鋐統一32購02","0.94","－","3017","奇鋐","206.00","－","認購","美式","112年05月24日","112年05月24日","113年02月21日","113年02月23日","0.022","    219.00","","",
="045577","揚明光統一33購02","0.77","","3504","揚明光","81.70","＋","認購","美式","112年05月24日","112年05月24日","113年03月21日","113年03月25日","0.043","    92.90","","",
="045578","世芯統一32購10","0.89","","3661","世芯-KY","1,660.00","＋","認購","美式","112年05月24日","112年05月24日","113年02月21日","113年02月23日","0.003","    2,018.20","","",
="045579","滬深2X凱基31購03","0.00","",="00637L","元大滬深300正2","13.77","－","認購","美式","112年05月24日","112年05月24日","113年01月19日","113年01月23日","1.00","    17.50","","",
="04557U","臺股指群益32售02","0.00","","IX0001","臺股指數","16,636.30","","認售","歐式","112年02月22日","113年02月21日","113年02月19日","113年02月21日","0.005","    11,500.00","","",
="045580","士電凱基2C購07","1.05","＋","1503","士電","143.50","＋","認購","美式","112年05月24日","112年05月24日","112年12月21日","112年12月25日","0.05","    190.00","","",
="045581","東元凱基2C購04","1.13","－","1504","東元","51.80","＋","認購","美式","112年05月24日","112年05月24日","112年12月21日","112年12月25日","0.20","    57.00","","",
="045582","亞力凱基2B購05","1.35","＋","1514","亞力","51.60","＋","認購","美式","112年05月24日","112年05月24日","112年11月21日","112年11月23日","0.15","    54.00","","",
="045583","華城凱基2B購05","1.13","＋","1519","華城","141.00","＋","認購","美式","112年05月24日","112年05月24日","112年11月21日","112年11月23日","0.04","    152.66","","",
="045584","永冠凱基2B購03","0.52","－","1589","永冠-KY","71.60","－","認購","美式","112年05月24日","112年05月24日","112年11月21日","112年11月23日","0.117","    87.00","","",
="045585","美時凱基2B購10","0.00","","1795","美時","330.50","＋","認購","美式","112年05月24日","112年05月24日","112年11月21日","112年11月23日","0.02","    438.10","","",
="045586","中華凱基2B購04","0.98","－","2204","中華","91.60","－","認購","美式","112年05月24日","112年05月24日","112年11月21日","112年11月23日","0.15","    105.00","","",
="045587","台積電凱基31購14","3.30","","2330","台積電","568.00","＋","認購","美式","112年05月24日","112年05月24日","113年01月19日","113年01月23日","0.05","    560.00","","",
="045588","台積電凱基32購02","3.75","＋","2330","台積電","568.00","＋","認購","美式","112年05月24日","112年05月24日","113年02月21日","113年02月23日","0.05","    555.00","","",
="045589","金像電凱基31購01","1.09","","2368","金像電","121.50","","認購","美式","112年05月24日","112年05月24日","113年01月19日","113年01月23日","0.13","    165.00","","",
="04558U","滬深2X凱基2A售11","1.88","",="00637L","元大滬深300正2","13.77","－","認售","歐式","112年02月22日","112年10月23日","112年10月19日","112年10月23日","1.00","    14.50","","",
="045590","金像電凱基31購02","1.18","－","2368","金像電","121.50","","認購","美式","112年05月24日","112年05月24日","113年01月19日","113年01月23日","0.12","    150.00","","",
="045591","技嘉凱基2B購04","1.85","－","2376","技嘉","186.00","＋","認購","美式","112年05月24日","112年05月24日","112年11月21日","112年11月23日","0.15","    230.00","","",
="045592","台光電凱基2C購01","1.72","＋","2383","台光電","204.50","＋","認購","美式","112年05月24日","112年05月24日","112年12月21日","112年12月25日","0.08","    230.00","","",
="045593","毅嘉凱基2C購05","1.65","","2402","毅嘉","28.70","＋","認購","美式","112年05月24日","112年05月24日","112年12月21日","112年12月25日","0.35","    28.50","","",
="045594","創意凱基2C購08","1.89","＋","3443","創意","1,515.00","＋","認購","美式","112年05月24日","112年05月24日","112年12月21日","112年12月25日","0.008","    1,850.00","","",
="045595","創意凱基32購01","1.83","","3443","創意","1,515.00","＋","認購","美式","112年05月24日","112年05月24日","113年02月21日","113年02月23日","0.007","    1,920.00","","",
="045596","碩天凱基2C購02","1.05","","3617","碩天","191.00","－","認購","美式","112年05月24日","112年05月24日","112年12月21日","112年12月25日","0.03","    212.46","","",
="045597","世芯凱基2C購07","1.04","＋","3661","世芯-KY","1,660.00","＋","認購","美式","112年05月24日","112年05月24日","112年12月21日","112年12月25日","0.006","    2,200.00","","",
="045598","世芯凱基32購03","1.12","＋","3661","世芯-KY","1,660.00","＋","認購","美式","112年05月24日","112年05月24日","113年02月21日","113年02月23日","0.005","    2,345.00","","",
="045599","乙盛凱基2B購02","2.18","＋","5243","乙盛-KY","83.70","＋","認購","美式","112年05月24日","112年05月24日","112年11月21日","112年11月23日","0.25","    90.00","","",
="04559P","新唐凱基26售02","0.00","","4919","新唐","130.50","＋","認售","歐式","111年12月14日","112年06月13日","112年06月09日","112年06月13日","0.25","    80.00","","",
="04559U","瑞昱凱基28售06","0.35","","2379","瑞昱","388.00","＋","認售","歐式","112年02月22日","112年08月21日","112年08月17日","112年08月21日","0.18","    270.00","","",
="045600","虹堡凱基33購01","0.79","＋","5258","虹堡","91.00","＋","認購","美式","112年05月24日","112年05月24日","113年03月21日","113年03月25日","0.044","    95.00","","",
="045601","邁達特凱基2B購01","0.00","","6112","邁達特","71.70","＋","認購","美式","112年05月24日","112年05月24日","112年11月21日","112年11月23日","0.15","    85.00","","",
="045602","邁達特凱基2C購03","1.72","－","6112","邁達特","71.70","＋","認購","美式","112年05月24日","112年05月24日","112年12月21日","112年12月25日","0.20","    100.00","","",
="045603","穎崴凱基2C購01","2.31","","6515","穎崴","830.00","－","認購","美式","112年05月24日","112年05月24日","112年12月21日","112年12月25日","0.012","    750.00","","",
="045604","臺股指凱基31購28","2.06","＋","IX0001","臺股指數","16,636.30","","認購","歐式","112年05月24日","113年01月23日","113年01月19日","113年01月23日","0.0022","    16,088.00","","",
="045605","臺股指凱基31購29","0.00","","IX0001","臺股指數","16,636.30","","認購","歐式","112年05月24日","113年01月23日","113年01月19日","113年01月23日","0.0055","    16,988.00","","",
="045606","臺股指凱基31購30","0.00","","IX0001","臺股指數","16,636.30","","認購","歐式","112年05月24日","113年01月23日","113年01月19日","113年01月23日","0.011","    17,888.00","","",
="045607","臺股指凱基31購31","3.11","＋","IX0001","臺股指數","16,636.30","","認購","歐式","112年05月24日","113年01月23日","113年01月19日","113年01月23日","0.044","    19,688.00","","",
="045608","臺股指凱基33購03","2.34","＋","IX0001","臺股指數","16,636.30","","認購","歐式","112年05月24日","113年03月25日","113年03月21日","113年03月25日","0.0022","    15,988.00","","",
="045609","臺股指凱基33購04","2.25","","IX0001","臺股指數","16,636.30","","認購","歐式","112年05月24日","113年03月25日","113年03月21日","113年03月25日","0.0033","    16,788.00","","",
="04560P","台積電第一2A售02","0.00","","2330","台積電","568.00","＋","認售","歐式","111年12月15日","112年10月16日","112年10月12日","112年10月16日","0.015","    423.66","","",
="04560U","南亞科凱基28售04","0.00","","2408","南亞科","71.20","－","認售","歐式","112年02月22日","112年08月21日","112年08月17日","112年08月21日","0.50","    50.00","","",
="045610","臺股指凱基33購05","0.00","","IX0001","臺股指數","16,636.30","","認購","歐式","112年05月24日","113年03月25日","113年03月21日","113年03月25日","0.0055","    17,388.00","","",
="045611","臺股指凱基33購06","0.00","","IX0001","臺股指數","16,636.30","","認購","歐式","112年05月24日","113年03月25日","113年03月21日","113年03月25日","0.0165","    18,988.00","","",
="045612","臺股指凱基33購07","0.00","","IX0001","臺股指數","16,636.30","","認購","歐式","112年05月24日","113年03月25日","113年03月21日","113年03月25日","0.044","    20,388.00","","",
="045613","士電元富35購01","2.86","＋","1503","士電","143.50","＋","認購","美式","112年05月24日","112年05月24日","113年05月21日","113年05月23日","0.10","    170.00","","",
="045614","華城元富2C購01","1.90","＋","1519","華城","141.00","＋","認購","美式","112年05月24日","112年05月24日","112年12月21日","112年12月25日","0.11","    185.25","","",
="045615","台光電元富2C購01","4.06","＋","2383","台光電","204.50","＋","認購","美式","112年05月24日","112年05月24日","112年12月21日","112年12月25日","0.15","    225.00","","",
="045616","智原元富31購01","2.09","＋","3035","智原","173.50","＋","認購","美式","112年05月24日","112年05月24日","113年01月19日","113年01月23日","0.08","    190.00","","",
="045617","欣興元富2C購01","3.44","－","3037","欣興","182.50","－","認購","美式","112年05月24日","112年05月24日","112年12月21日","112年12月25日","0.20","    215.00","","",
="045618","欣興元富31購09","0.00","","3037","欣興","182.50","－","認購","美式","112年05月24日","112年05月24日","113年01月19日","113年01月23日","0.04","    192.00","","",
="045619","欣興元富31購10","0.00","","3037","欣興","182.50","－","認購","美式","112年05月24日","112年05月24日","113年01月19日","113年01月23日","0.035","    178.00","","",
="04561U","聯發科凱基2A售03","0.53","－","2454","聯發科","738.00","＋","認售","歐式","112年02月22日","112年10月23日","112年10月19日","112年10月23日","0.12","    480.00","","",
="045620","樺漢元富32購01","0.87","＋","6414","樺漢","281.00","＋","認購","美式","112年05月24日","112年05月24日","113年02月21日","113年02月23日","0.03","    310.00","","",
="045621","元晶元富2B購01","2.06","","6443","元晶","36.20","＋","認購","美式","112年05月24日","112年05月24日","112年11月21日","112年11月23日","0.50","    39.00","","",
="045622","東元麥證31購01","3.57","＋","1504","東元","51.80","＋","認購","歐式","112年05月24日","113年01月23日","113年01月19日","113年01月23日","0.70","    65.00","","",
="045623","台積電麥證33購02","3.87","＋","2330","台積電","568.00","＋","認購","歐式","112年05月24日","113年03月25日","113年03月21日","113年03月25日","0.30","    798.00","","",
="045624","世芯麥證2B購01","0.92","＋","3661","世芯-KY","1,660.00","＋","認購","歐式","112年05月24日","112年11月23日","112年11月21日","112年11月23日","0.005","    2,300.00","","",
="045625","世紀鋼麥證31購01","1.07","＋","9958","世紀鋼","109.50","＋","認購","歐式","112年05月24日","113年01月23日","113年01月19日","113年01月23日","0.065","    110.00","","",
="045626","上証2X元大2B購02","0.64","",="00633L","富邦上証正2","35.01","－","認購","美式","112年05月24日","112年05月24日","112年11月21日","112年11月23日","0.20","    40.00","","",
="045627","香港2X元大2B購02","0.00","",="00650L","復華香港正2（原簡稱：FH香港正2）","11.60","＋","認購","美式","112年05月24日","112年05月24日","112年11月21日","112年11月23日","0.50","    13.50","","",
="045628","元日2X元大2B購01","0.00","",="00706L","期元大S&P日圓正2(原名：元大S&P日圓正2)","8.72","－","認購","美式","112年05月24日","112年05月24日","112年11月21日","112年11月23日","0.80","    9.00","","",
="045629","中502X元大2B購01","0.58","",="00753L","中信中國50正2","8.81","","認購","美式","112年05月24日","112年05月24日","112年11月21日","112年11月23日","0.30","    10.00","","",
="04562U","全新凱基28售04","0.44","","2455","全新","100.00","","認售","歐式","112年02月22日","112年08月21日","112年08月17日","112年08月21日","0.25","    70.00","","",
="045630","士電元大2B購09","1.35","＋","1503","士電","143.50","＋","認購","美式","112年05月24日","112年05月24日","112年11月21日","112年11月23日","0.043","    151.50","","",
="045631","士電元大2C購12","1.34","＋","1503","士電","143.50","＋","認購","美式","112年05月24日","112年05月24日","112年12月21日","112年12月25日","0.05","    176.00","","",
="045632","士電元大31購04","1.36","＋","1503","士電","143.50","＋","認購","美式","112年05月24日","112年05月24日","113年01月19日","113年01月23日","0.057","    200.00","","",
="045633","東元元大2C購11","0.00","","1504","東元","51.80","＋","認購","美式","112年05月24日","112年05月24日","112年12月21日","112年12月25日","0.293","    62.80","","",
="045634","東元元大31購03","0.00","","1504","東元","51.80","＋","認購","美式","112年05月24日","112年05月24日","113年01月19日","113年01月23日","0.369","    70.70","","",
="045635","中興電元大2C購04","0.00","","1513","中興電","113.50","＋","認購","美式","112年05月24日","112年05月24日","112年12月21日","112年12月25日","0.098","    127.50","","",
="045636","華城元大2C購04","1.58","＋","1519","華城","141.00","＋","認購","美式","112年05月24日","112年05月24日","112年12月21日","112年12月25日","0.06","    180.00","","",
="045637","三陽元大2B購06","0.00","","2206","三陽工業","74.20","＋","認購","美式","112年05月24日","112年05月24日","112年11月21日","112年11月23日","0.25","    85.00","","",
="045638","三陽元大2B購07","0.76","＋","2206","三陽工業","74.20","＋","認購","美式","112年05月24日","112年05月24日","112年11月21日","112年11月23日","0.11","    95.00","","",
="045639","三陽元大31購01","0.83","＋","2206","三陽工業","74.20","＋","認購","美式","112年05月24日","112年05月24日","113年01月19日","113年01月23日","0.10","    100.00","","",
="04563U","景碩凱基29售02","0.65","－","3189","景碩","116.00","＋","認售","歐式","112年02月22日","112年09月21日","112年09月19日","112年09月21日","0.20","    85.00","","",
="045640","光寶科元大2C購06","1.83","＋","2301","光寶科","86.40","＋","認購","美式","112年05月24日","112年05月24日","112年12月21日","112年12月25日","0.20","    87.20","","",
="045641","精英元大2B購04","2.12","－","2331","精英","28.70","＋","認購","美式","112年05月24日","112年05月24日","112年11月21日","112年11月23日","0.639","    31.25","","",
="045642","技嘉元大2C購04","1.41","－","2376","技嘉","186.00","＋","認購","美式","112年05月24日","112年05月24日","112年12月21日","112年12月25日","0.04","    170.00","","",
="045643","技嘉元大31購02","1.35","－","2376","技嘉","186.00","＋","認購","美式","112年05月24日","112年05月24日","113年01月19日","113年01月23日","0.05","    190.00","","",
="045644","富邦金元大2B購02","0.84","","2881","富邦金","61.10","＋","認購","美式","112年05月24日","112年05月24日","112年11月21日","112年11月23日","0.50","    77.30","","",
="045645","富邦金元大31購01","0.76","","2881","富邦金","61.10","＋","認購","美式","112年05月24日","112年05月24日","113年01月19日","113年01月23日","0.80","    90.00","","",
="045646","新光金元大2B購03","0.00","","2888","新光金","8.63","＋","認購","美式","112年05月24日","112年05月24日","112年11月21日","112年11月23日","1.00","    9.25","","",
="045647","聯陽元大2B購01","1.03","","3014","聯陽","113.50","＋","認購","美式","112年05月24日","112年05月24日","112年11月21日","112年11月23日","0.17","    140.00","","",
="045648","奇鋐元大2C購15","1.43","＋","3017","奇鋐","206.00","－","認購","美式","112年05月24日","112年05月24日","112年12月21日","112年12月25日","0.085","    275.00","","",
="045649","聯詠元大2C購02","2.03","＋","3034","聯詠","423.50","＋","認購","美式","112年05月24日","112年05月24日","112年12月21日","112年12月25日","0.03","    400.00","","",
="04564U","創意凱基28售08","0.18","","3443","創意","1,515.00","＋","認售","歐式","112年02月22日","112年08月21日","112年08月17日","112年08月21日","0.01","    888.00","","",
="045650","聯詠元大31購01","2.38","＋","3034","聯詠","423.50","＋","認購","美式","112年05月24日","112年05月24日","113年01月19日","113年01月23日","0.045","    440.00","","",
="045651","欣興元大2C購16","1.28","－","3037","欣興","182.50","－","認購","美式","112年05月24日","112年05月24日","112年12月21日","112年12月25日","0.05","    192.00","","",
="045652","欣興元大31購04","1.31","－","3037","欣興","182.50","－","認購","美式","112年05月24日","112年05月24日","113年01月19日","113年01月23日","0.05","    200.00","","",
="045653","創意元大2C購11","1.73","＋","3443","創意","1,515.00","＋","認購","美式","112年05月24日","112年05月24日","112年12月21日","112年12月25日","0.005","    1,600.00","","",
="045654","碩天元大2B購01","1.86","－","3617","碩天","191.00","－","認購","美式","112年05月24日","112年05月24日","112年11月21日","112年11月23日","0.051","    208.00","","",
="045655","世芯元大2C購11","1.71","＋","3661","世芯-KY","1,660.00","＋","認購","美式","112年05月24日","112年05月24日","112年12月21日","112年12月25日","0.009","    2,270.00","","",
="045656","邁達特元大2B購05","1.86","－","6112","邁達特","71.70","＋","認購","美式","112年05月24日","112年05月24日","112年11月21日","112年11月23日","0.147","    82.30","","",
="045657","邁達特元大31購01","1.65","","6112","邁達特","71.70","＋","認購","美式","112年05月24日","112年05月24日","113年01月19日","113年01月23日","0.158","    102.50","","",
="045658","元晶元大2C購03","1.36","＋","6443","元晶","36.20","＋","認購","美式","112年05月24日","112年05月24日","112年12月21日","112年12月25日","0.356","    40.05","","",
="045659","士電國票2C購03","1.77","＋","1503","士電","143.50","＋","認購","美式","112年05月24日","112年05月24日","112年12月21日","112年12月25日","0.10","    190.00","","",
="04565U","健策凱基28售02","0.00","","3653","健策","616.00","＋","認售","歐式","112年02月22日","112年08月21日","112年08月17日","112年08月21日","0.05","    300.00","","",
="045660","美時國票2C購05","1.44","","1795","美時","330.50","＋","認購","美式","112年05月24日","112年05月24日","112年12月21日","112年12月25日","0.05","    450.00","","",
="045661","美時國票31購03","1.51","","1795","美時","330.50","＋","認購","美式","112年05月24日","112年05月24日","113年01月19日","113年01月23日","0.06","    500.00","","",
="045662","美時國票31購04","1.30","－","1795","美時","330.50","＋","認購","美式","112年05月24日","112年05月24日","113年01月19日","113年01月23日","0.03","    395.00","","",
="045663","玉晶光國票2C購02","1.76","＋","3406","玉晶光","400.00","＋","認購","美式","112年05月24日","112年05月24日","112年12月21日","112年12月25日","0.10","    525.00","","",
="045664","晶睿國票2C購04","1.34","＋","3454","晶睿","182.50","＋","認購","美式","112年05月24日","112年05月24日","112年12月21日","112年12月25日","0.045","    190.00","","",
="045665","世芯國票2C購08","2.21","＋","3661","世芯-KY","1,660.00","＋","認購","美式","112年05月24日","112年05月24日","112年12月21日","112年12月25日","0.012","    2,200.00","","",
="045666","台灣50國泰31購02","2.86","＋",="0050","元大台灣50","126.75","＋","認購","美式","112年05月24日","112年05月24日","113年01月19日","113年01月23日","0.50","    132.03","","",
="045667","華城國泰31購01","1.85","＋","1519","華城","141.00","＋","認購","美式","112年05月24日","112年05月24日","113年01月19日","113年01月23日","0.09","    179.21","","",
="045668","國巨國泰31購03","0.00","","2327","國巨","508.00","＋","認購","美式","112年05月24日","112年05月24日","113年01月19日","113年01月23日","0.04","    575.00","","",
="045669","奇鋐國泰31購02","1.42","－","3017","奇鋐","206.00","－","認購","美式","112年05月24日","112年05月24日","113年01月19日","113年01月23日","0.06","    231.78","","",
="04566U","緯穎凱基28售03","0.08","","6669","緯穎","1,205.00","＋","認售","歐式","112年02月22日","112年08月21日","112年08月17日","112年08月21日","0.04","    630.00","","",
="045670","玉晶光國泰31購03","1.74","＋","3406","玉晶光","400.00","＋","認購","美式","112年05月24日","112年05月24日","113年01月19日","113年01月23日","0.05","    445.00","","",
="045671","嘉澤國泰31購01","1.27","－","3533","嘉澤","909.00","－","認購","美式","112年05月24日","112年05月24日","113年01月19日","113年01月23日","0.02","    1,100.00","","",
="045672","力智國泰31購02","1.49","＋","6719","力智","303.00","＋","認購","美式","112年05月24日","112年05月24日","113年01月19日","113年01月23日","0.04","    335.51","","",
="045673","台灣50富邦33購01","0.00","",="0050","元大台灣50","126.75","＋","認購","美式","112年05月24日","112年05月24日","113年03月21日","113年03月25日","1.00","    170.00","","",
="045674","T50反1富邦33購02","0.00","",="00632R","元大台灣50反1","4.94","－","認購","美式","112年05月24日","112年05月24日","113年03月21日","113年03月25日","1.00","    4.70","","",
="045675","道瓊反富邦2C購01","0.00","",="00669R","國泰美國道瓊反1","8.06","－","認購","美式","112年05月24日","112年05月24日","112年12月21日","112年12月25日","1.00","    8.80","","",
="045676","台積電富邦33購01","0.00","","2330","台積電","568.00","＋","認購","美式","112年05月24日","112年05月24日","113年03月21日","113年03月25日","0.10","    700.00","","",
="045677","台積電富邦33購02","0.00","","2330","台積電","568.00","＋","認購","美式","112年05月24日","112年05月24日","113年03月21日","113年03月25日","0.06","    650.00","","",
="045678","友訊富邦2C購01","0.71","＋","2332","友訊","19.95","＋","認購","美式","112年05月24日","112年05月24日","112年12月21日","112年12月25日","0.60","    26.00","","",
="045679","旺宏富邦33購01","0.96","＋","2337","旺宏","33.40","＋","認購","美式","112年05月24日","112年05月24日","113年03月21日","113年03月25日","0.15","    30.00","","",
="04567P","鴻海兆豐28售03","0.33","－","2317","鴻海","105.50","＋","認售","歐式","111年12月15日","112年08月14日","112年08月10日","112年08月14日","0.15","    95.00","","",
="04567U","智邦元大28售07","0.43","－","2345","智邦","357.50","＋","認售","歐式","112年02月22日","112年08月21日","112年08月17日","112年08月21日","0.034","    285.00","","",
="045680","金像電富邦33購02","1.21","＋","2368","金像電","121.50","","認購","美式","112年05月24日","112年05月24日","113年03月21日","113年03月25日","0.20","    170.00","","",
="045681","技嘉富邦2B購02","0.95","＋","2376","技嘉","186.00","＋","認購","美式","112年05月24日","112年05月24日","112年11月21日","112年11月23日","0.04","    190.00","","",
="045682","宏達電富邦33購01","1.01","＋","2498","宏達電","61.50","＋","認購","美式","112年05月24日","112年05月24日","113年03月21日","113年03月25日","0.18","    72.00","","",
="045683","康舒富邦32購01","0.89","","6282","康舒","44.05","＋","認購","美式","112年05月24日","112年05月24日","113年02月21日","113年02月23日","0.30","    63.50","","",
="045684","矽力富邦2B購01","0.00","","6415","矽力*-KY","394.50","＋","認購","美式","112年05月24日","112年05月24日","112年11月21日","112年11月23日","0.015","    500.00","","",
="045685","臺股指富邦31購03","0.00","","IX0001","臺股指數","16,636.30","","認購","歐式","112年05月24日","113年01月23日","113年01月19日","113年01月23日","0.01","    18,500.00","","",
="045686","T50反1群益33購02","0.62","－",="00632R","元大台灣50反1","4.94","－","認購","美式","112年05月24日","112年05月24日","113年03月21日","113年03月25日","1.00","    4.50","","",
="045687","T50反1群益33購03","0.00","",="00632R","元大台灣50反1","4.94","－","認購","美式","112年05月24日","112年05月24日","113年03月21日","113年03月25日","1.00","    4.70","","",
="045688","T50反1群益33購04","0.00","",="00632R","元大台灣50反1","4.94","－","認購","美式","112年05月24日","112年05月24日","113年03月21日","113年03月25日","1.00","    4.90","","",
="045689","台泥群益2B購04","0.00","","1101","台泥","38.15","＋","認購","美式","112年05月24日","112年05月24日","112年11月21日","112年11月23日","1.00","    44.00","","",
="04568U","金像電元大28售04","0.00","","2368","金像電","121.50","","認售","歐式","112年02月22日","112年08月21日","112年08月17日","112年08月21日","1.035","    50.13","","",
="045690","士電群益2B購05","1.45","＋","1503","士電","143.50","＋","認購","美式","112年05月24日","112年05月24日","112年11月21日","112年11月23日","0.05","    142.50","","",
="045691","士電群益2C購04","2.76","＋","1503","士電","143.50","＋","認購","美式","112年05月24日","112年05月24日","112年12月21日","112年12月25日","0.15","    190.00","","",
="045692","亞力群益2B購03","2.18","＋","1514","亞力","51.60","＋","認購","美式","112年05月24日","112年05月24日","112年11月21日","112年11月23日","0.45","    67.80","","",
="045693","華城群益2B購02","2.48","＋","1519","華城","141.00","＋","認購","美式","112年05月24日","112年05月24日","112年11月21日","112年11月23日","0.08","    154.00","","",
="045694","裕隆群益2B購05","4.41","＋","2201","裕隆","82.80","＋","認購","美式","112年05月24日","112年05月24日","112年11月21日","112年11月23日","1.00","    120.00","","",
="045695","聯電群益2C購03","0.00","","2303","聯電","51.20","＋","認購","美式","112年05月24日","112年05月24日","112年12月21日","112年12月25日","0.35","    58.70","","",
="045696","華通群益2C購01","0.00","","2313","華通","44.30","＋","認購","美式","112年05月24日","112年05月24日","112年12月21日","112年12月25日","1.00","    65.00","","",
="045697","廣宇群益2C購01","1.02","＋","2328","廣宇","39.40","＋","認購","美式","112年05月24日","112年05月24日","112年12月21日","112年12月25日","1.00","    55.00","","",
="045698","台積電群益2B購12","0.00","","2330","台積電","568.00","＋","認購","美式","112年05月24日","112年05月24日","112年11月21日","112年11月23日","0.10","    572.00","","",
="045699","台積電群益2B購13","0.00","","2330","台積電","568.00","＋","認購","美式","112年05月24日","112年05月24日","112年11月21日","112年11月23日","0.10","    594.00","","",
="04569U","全新元大28售03","1.03","－","2455","全新","100.00","","認售","歐式","112年02月22日","112年08月21日","112年08月17日","112年08月21日","0.128","    89.10","","",
="045700","台積電群益2C購05","0.00","","2330","台積電","568.00","＋","認購","美式","112年05月24日","112年05月24日","112年12月21日","112年12月25日","0.10","    715.00","","",
="045701","台積電群益2C購06","4.38","＋","2330","台積電","568.00","＋","認購","美式","112年05月24日","112年05月24日","112年12月21日","112年12月25日","0.50","    795.00","","",
="045702","友訊群益2C購01","0.00","","2332","友訊","19.95","＋","認購","美式","112年05月24日","112年05月24日","112年12月21日","112年12月25日","1.00","    25.00","","",
="045703","英業達群益2B購03","5.00","＋","2356","英業達","37.50","＋","認購","美式","112年05月24日","112年05月24日","112年11月21日","112年11月23日","1.00","    37.00","","",
="045704","金像電群益2B購03","1.68","－","2368","金像電","121.50","","認購","美式","112年05月24日","112年05月24日","112年11月21日","112年11月23日","0.145","    142.50","","",
="045705","技嘉群益2C購04","1.64","＋","2376","技嘉","186.00","＋","認購","美式","112年05月24日","112年05月24日","112年12月21日","112年12月25日","0.15","    235.00","","",
="045706","聯發科群益2B購12","1.70","＋","2454","聯發科","738.00","＋","認購","美式","112年05月24日","112年05月24日","112年11月21日","112年11月23日","0.02","    738.00","","",
="045707","聯發科群益2B購13","3.98","＋","2454","聯發科","738.00","＋","認購","美式","112年05月24日","112年05月24日","112年11月21日","112年11月23日","0.10","    889.00","","",
="045708","聯發科群益2C購01","3.36","＋","2454","聯發科","738.00","＋","認購","美式","112年05月24日","112年05月24日","112年12月21日","112年12月25日","0.10","    940.00","","",
="045709","華航群益31購01","0.72","","2610","華航","21.65","＋","認購","美式","112年05月24日","112年05月24日","113年01月19日","113年01月23日","1.00","    30.00","","",
="04570U","長榮元大28售20","0.96","－","2603","長榮","157.00","＋","認售","歐式","112年02月22日","112年08月21日","112年08月17日","112年08月21日","0.097","    139.50","","",
="045710","漢翔群益2C購01","1.03","＋","2634","漢翔","55.80","＋","認購","美式","112年05月24日","112年05月24日","112年12月21日","112年12月25日","0.25","    66.50","","",
="045711","新光金群益2B購01","0.84","＋","2888","新光金","8.63","＋","認購","美式","112年05月24日","112年05月24日","112年11月21日","112年11月23日","1.00","    8.50","","",
="045712","新光金群益33購01","0.73","＋","2888","新光金","8.63","＋","認購","美式","112年05月24日","112年05月24日","113年03月21日","113年03月25日","1.00","    9.50","","",
="045713","聯陽群益2B購01","1.20","＋","3014","聯陽","113.50","＋","認購","美式","112年05月24日","112年05月24日","112年11月21日","112年11月23日","0.09","    115.00","","",
="045714","奇鋐群益2B購09","0.00","","3017","奇鋐","206.00","－","認購","美式","112年05月24日","112年05月24日","112年11月21日","112年11月23日","0.08","    205.00","","",
="045715","聯詠群益2B購03","2.45","","3034","聯詠","423.50","＋","認購","美式","112年05月24日","112年05月24日","112年11月21日","112年11月23日","0.09","    500.00","","",
="045716","欣興群益2B購02","1.34","－","3037","欣興","182.50","－","認購","美式","112年05月24日","112年05月24日","112年11月21日","112年11月23日","0.09","    225.00","","",
="045717","欣興群益2C購05","1.61","－","3037","欣興","182.50","－","認購","美式","112年05月24日","112年05月24日","112年12月21日","112年12月25日","0.10","    250.00","","",
="045718","緯創群益2B購04","4.23","＋","3231","緯創","68.00","＋","認購","美式","112年05月24日","112年05月24日","112年11月21日","112年11月23日","0.30","    60.00","","",
="045719","健策群益2C購03","4.03","＋","3653","健策","616.00","＋","認購","美式","112年05月24日","112年05月24日","112年12月21日","112年12月25日","0.06","    798.00","","",
="04571U","創意元大28售08","0.31","－","3443","創意","1,515.00","＋","認售","歐式","112年02月22日","112年08月21日","112年08月17日","112年08月21日","0.01","    950.00","","",
="045720","世芯群益2B購04","3.76","","3661","世芯-KY","1,660.00","＋","認購","美式","112年05月24日","112年05月24日","112年11月21日","112年11月23日","0.015","    1,888.00","","",
="045721","邁達特群益2B購05","1.90","－","6112","邁達特","71.70","＋","認購","美式","112年05月24日","112年05月24日","112年11月21日","112年11月23日","0.30","    99.80","","",
="045722","緯穎群益2B購06","2.02","＋","6669","緯穎","1,205.00","＋","認購","美式","112年05月24日","112年05月24日","112年11月21日","112年11月23日","0.008","    1,111.00","","",
="045723","南電群益2B購04","1.31","","8046","南電","302.50","－","認購","美式","112年05月24日","112年05月24日","112年11月21日","112年11月23日","0.09","    439.50","","",
="045724","富邦媒群益2B購01","3.44","－","8454","富邦媒","703.00","＋","認購","美式","112年05月24日","112年05月24日","112年11月21日","112年11月23日","0.07","    1,000.00","","",
="045725","臺股指群益2C購15","2.98","","IX0001","臺股指數","16,636.30","","認購","歐式","112年05月24日","112年12月25日","112年12月21日","112年12月25日","0.05","    20,100.00","","",
="045726","臺股指群益34購06","3.90","＋","IX0001","臺股指數","16,636.30","","認購","歐式","112年05月24日","113年04月23日","113年04月19日","113年04月23日","0.15","    24,000.00","","",
="045727","華通兆豐2B購01","1.26","－","2313","華通","44.30","＋","認購","美式","112年05月25日","112年05月25日","112年11月22日","112年11月24日","0.30","    47.00","","",
="045728","技嘉兆豐31購02","1.35","－","2376","技嘉","186.00","＋","認購","美式","112年05月25日","112年05月25日","113年01月22日","113年01月24日","0.044","    180.00","","",
="045729","創意兆豐2B購02","1.55","＋","3443","創意","1,515.00","＋","認購","美式","112年05月25日","112年05月25日","112年11月22日","112年11月24日","0.006","    1,550.00","","",
="04572U","創意元大29售06","0.32","－","3443","創意","1,515.00","＋","認售","歐式","112年02月22日","112年09月21日","112年09月19日","112年09月21日","0.01","    859.00","","",
="045730","元債2X中信35購01","0.72","＋",="00680L","元大美債20正2","10.96","＋","認購","歐式","112年05月25日","113年05月24日","113年05月22日","113年05月24日","0.60","    12.80","","",
="045731","寶齡中信31購01","1.46","","1760","寶齡富錦","148.50","","認購","歐式","112年05月25日","113年01月24日","113年01月22日","113年01月24日","0.05","    168.00","","",
="045732","聯電中信31購01","1.99","＋","2303","聯電","51.20","＋","認購","歐式","112年05月25日","113年01月24日","113年01月22日","113年01月24日","1.00","    70.00","","",
="045733","華邦電中信2B購01","1.78","＋","2344","華邦電","26.90","＋","認購","歐式","112年05月25日","112年11月24日","112年11月22日","112年11月24日","1.00","    32.00","","",
="045734","晶心科中信2B購01","0.66","＋","6533","晶心科","511.00","＋","認購","歐式","112年05月25日","112年11月24日","112年11月22日","112年11月24日","0.01","    588.00","","",
="045735","寶齡康和2B購01","0.00","","1760","寶齡富錦","148.50","","認購","美式","112年05月25日","112年05月25日","112年11月22日","112年11月24日","0.08","    175.00","","",
="045736","威盛康和2B購01","1.38","","2388","威盛","83.10","＋","認購","美式","112年05月25日","112年05月25日","112年11月22日","112年11月24日","0.15","    91.10","","",
="045737","長榮航康和2B購01","2.28","＋","2618","長榮航","33.60","＋","認購","美式","112年05月25日","112年05月25日","112年11月22日","112年11月24日","0.70","    35.00","","",
="045738","晶睿康和2B購01","0.82","","3454","晶睿","182.50","＋","認購","美式","112年05月25日","112年05月25日","112年11月22日","112年11月24日","0.05","    228.00","","",
="045739","世芯康和2B購02","1.29","＋","3661","世芯-KY","1,660.00","＋","認購","美式","112年05月25日","112年05月25日","112年11月22日","112年11月24日","0.006","    1,888.80","","",
="04573P","欣興兆豐28售01","0.11","","3037","欣興","182.50","－","認售","歐式","111年12月15日","112年08月14日","112年08月10日","112年08月14日","0.04","    138.00","","",
="04573U","AES元大28售04","0.00","","6781","AES-KY","690.00","＋","認售","歐式","112年02月22日","112年08月21日","112年08月17日","112年08月21日","0.015","    805.00","","",
="045740","寶齡永豐31購01","1.29","－","1760","寶齡富錦","148.50","","認購","美式","112年05月25日","112年05月25日","113年01月22日","113年01月24日","0.077","    199.55","","",
="045741","精英永豐32購01","1.47","＋","2331","精英","28.70","＋","認購","美式","112年05月25日","112年05月25日","113年02月22日","113年02月26日","0.60","    36.48","","",
="045742","世芯永豐32購02","1.47","＋","3661","世芯-KY","1,660.00","＋","認購","美式","112年05月25日","112年05月25日","113年02月22日","113年02月26日","0.006","    2,287.50","","",
="045743","亞翔永豐31購01","0.75","","6139","亞翔","63.80","－","認購","美式","112年05月25日","112年05月25日","113年01月22日","113年01月24日","0.20","    94.03","","",
="045744","聯茂永豐2C購01","1.29","","6213","聯茂","72.30","＋","認購","美式","112年05月25日","112年05月25日","112年12月21日","112年12月25日","0.21","    86.45","","",
="045745","元晶永豐2C購02","1.39","＋","6443","元晶","36.20","＋","認購","美式","112年05月25日","112年05月25日","112年12月21日","112年12月25日","0.40","    39.70","","",
="045746","GIS永豐2C購01","1.17","＋","6456","GIS-KY","75.40","＋","認購","美式","112年05月25日","112年05月25日","112年12月21日","112年12月25日","0.294","    90.59","","",
="045747","裕隆第一37購01","1.08","","2201","裕隆","82.80","＋","認購","美式","112年05月25日","112年05月25日","113年07月22日","113年07月24日","0.058","    103.09","","",
="045748","三陽第一2C購01","0.83","＋","2206","三陽工業","74.20","＋","認購","美式","112年05月25日","112年05月25日","112年12月21日","112年12月25日","0.065","    81.09","","",
="045749","聯發科第一31購01","1.24","＋","2454","聯發科","738.00","＋","認購","美式","112年05月25日","112年05月25日","113年01月22日","113年01月24日","0.014","    827.66","","",
="04574U","長榮航統一29售02","0.00","","2618","長榮航","33.60","＋","認售","歐式","112年02月22日","112年09月21日","112年09月19日","112年09月21日","0.30","    25.00","","",
="045750","玉晶光第一2C購01","0.89","","3406","玉晶光","400.00","＋","認購","美式","112年05月25日","112年05月25日","112年12月21日","112年12月25日","0.025","    452.53","","",
="045751","創意第一31購02","1.17","","3443","創意","1,515.00","＋","認購","美式","112年05月25日","112年05月25日","113年01月22日","113年01月24日","0.003","    1,530.00","","",
="045752","世芯第一32購01","0.81","＋","3661","世芯-KY","1,660.00","＋","認購","美式","112年05月25日","112年05月25日","113年02月22日","113年02月26日","0.002","    1,872.00","","",
="045753","中興電凱基2C購06","1.07","","1513","中興電","113.50","＋","認購","美式","112年05月25日","112年05月25日","112年12月21日","112年12月25日","0.11","    142.00","","",
="045754","亞力凱基2C購05","0.00","","1514","亞力","51.60","＋","認購","美式","112年05月25日","112年05月25日","112年12月21日","112年12月25日","0.25","    79.00","","",
="045755","寶齡凱基2B購01","0.00","","1760","寶齡富錦","148.50","","認購","美式","112年05月25日","112年05月25日","112年11月22日","112年11月24日","0.055","    160.00","","",
="045756","寶齡凱基2B購02","0.00","","1760","寶齡富錦","148.50","","認購","美式","112年05月25日","112年05月25日","112年11月22日","112年11月24日","0.07","    180.00","","",
="045757","台積電凱基36購03","4.03","","2330","台積電","568.00","＋","認購","美式","112年05月25日","112年05月25日","113年06月20日","113年06月24日","0.05","    565.00","","",
="045758","金像電凱基2B購03","1.22","","2368","金像電","121.50","","認購","美式","112年05月25日","112年05月25日","112年11月22日","112年11月24日","0.10","    135.00","","",
="045759","毅嘉凱基2B購03","0.92","","2402","毅嘉","28.70","＋","認購","美式","112年05月25日","112年05月25日","112年11月22日","112年11月24日","0.37","    34.50","","",
="04575U","長榮航統一29售03","0.00","","2618","長榮航","33.60","＋","認售","歐式","112年02月22日","112年09月21日","112年09月19日","112年09月21日","0.20","    27.50","","",
="045760","聯發科凱基31購04","2.28","＋","2454","聯發科","738.00","＋","認購","美式","112年05月25日","112年05月25日","113年01月22日","113年01月24日","0.03","    810.00","","",
="045761","長榮航凱基31購01","1.51","＋","2618","長榮航","33.60","＋","認購","美式","112年05月25日","112年05月25日","113年01月22日","113年01月24日","1.00","    45.00","","",
="045762","富邦金凱基2C購01","0.00","","2881","富邦金","61.10","＋","認購","美式","112年05月25日","112年05月25日","112年12月21日","112年12月25日","0.45","    70.00","","",
="045763","兆豐金凱基2B購01","1.14","","2886","兆豐金","36.20","＋","認購","美式","112年05月25日","112年05月25日","112年11月22日","112年11月24日","0.75","    40.00","","",
="045764","奇鋐凱基2C購08","1.44","－","3017","奇鋐","206.00","－","認購","美式","112年05月25日","112年05月25日","112年12月21日","112年12月25日","0.10","    273.00","","",
="045765","緯創凱基2C購05","3.86","＋","3231","緯創","68.00","＋","認購","美式","112年05月25日","112年05月25日","112年12月21日","112年12月25日","0.55","    79.00","","",
="045766","創意凱基33購04","1.69","＋","3443","創意","1,515.00","＋","認購","美式","112年05月25日","112年05月25日","113年03月21日","113年03月25日","0.005","    1,720.00","","",
="045767","健策凱基2C購02","1.91","＋","3653","健策","616.00","＋","認購","美式","112年05月25日","112年05月25日","112年12月21日","112年12月25日","0.04","    800.00","","",
="045768","健策凱基2C購03","2.42","＋","3653","健策","616.00","＋","認購","美式","112年05月25日","112年05月25日","112年12月21日","112年12月25日","0.025","    630.00","","",
="045769","世芯凱基2C購08","1.16","＋","3661","世芯-KY","1,660.00","＋","認購","美式","112年05月25日","112年05月25日","112年12月21日","112年12月25日","0.005","    1,900.00","","",
="04576U","長榮航統一2A售09","0.00","","2618","長榮航","33.60","＋","認售","歐式","112年02月22日","112年10月23日","112年10月19日","112年10月23日","0.12","    27.80","","",
="045770","上品凱基2B購02","1.08","","4770","上品","297.00","＋","認購","美式","112年05月25日","112年05月25日","112年11月22日","112年11月24日","0.049","    410.00","","",
="045771","矽力凱基2B購07","1.85","＋","6415","矽力*-KY","394.50","＋","認購","美式","112年05月25日","112年05月25日","112年11月22日","112年11月24日","0.025","    390.00","","",
="045772","愛普凱基2B購04","1.78","","6531","愛普*","328.50","＋","認購","美式","112年05月25日","112年05月25日","112年11月22日","112年11月24日","0.06","    385.00","","",
="045773","晶心科凱基2C購04","1.84","＋","6533","晶心科","511.00","＋","認購","美式","112年05月25日","112年05月25日","112年12月21日","112年12月25日","0.025","    550.00","","",
="045774","伊雲谷凱基2B購02","0.81","","6689","伊雲谷","162.50","＋","認購","美式","112年05月25日","112年05月25日","112年11月22日","112年11月24日","0.04","    213.64","","",
="045775","伊雲谷凱基2C購01","0.86","＋","6689","伊雲谷","162.50","＋","認購","美式","112年05月25日","112年05月25日","112年12月21日","112年12月25日","0.045","    237.38","","",
="045776","伊雲谷凱基35購01","0.91","","6689","伊雲谷","162.50","＋","認購","美式","112年05月25日","112年05月25日","113年05月22日","113年05月24日","0.022","    189.90","","",
="045777","元金反國票31購01","0.80","",="00674R","期元大S&P黃金反1(原名：元大S&P黃金反1)","12.25","","認購","美式","112年05月25日","112年05月25日","113年01月22日","113年01月24日","0.72","    12.00","","",
="045778","神基國票2C購03","1.99","","3005","神基","69.40","＋","認購","美式","112年05月25日","112年05月25日","112年12月21日","112年12月25日","1.00","    99.00","","",
="045779","晶豪科國票31購02","2.08","＋","3006","晶豪科","88.20","＋","認購","美式","112年05月25日","112年05月25日","113年01月22日","113年01月24日","0.12","    83.00","","",
="04577U","聯電麥證28售01","1.24","－","2303","聯電","51.20","＋","認售","歐式","112年02月22日","112年08月21日","112年08月17日","112年08月21日","1.00","    45.00","","",
="045780","世芯國票2B購12","2.00","＋","3661","世芯-KY","1,660.00","＋","認購","美式","112年05月25日","112年05月25日","112年11月22日","112年11月24日","0.01","    2,100.00","","",
="045781","大眾控國票2B購01","1.97","","3701","大眾控","67.10","＋","認購","美式","112年05月25日","112年05月25日","112年11月22日","112年11月24日","0.23","    72.50","","",
="045782","伊雲谷國票2C購01","1.51","＋","6689","伊雲谷","162.50","＋","認購","美式","112年05月25日","112年05月25日","112年12月21日","112年12月25日","0.08","    240.00","","",
="045783","華新國泰31購02","0.00","","1605","華新","46.60","＋","認購","美式","112年05月25日","112年05月25日","113年01月22日","113年01月24日","0.50","    57.50","","",
="045784","瑞昱國泰31購01","1.62","＋","2379","瑞昱","388.00","＋","認購","美式","112年05月25日","112年05月25日","113年01月22日","113年01月24日","0.05","    440.00","","",
="045785","創意富邦33購04","1.52","＋","3443","創意","1,515.00","＋","認購","美式","112年05月25日","112年05月25日","113年03月21日","113年03月25日","0.006","    1,900.00","","",
="045786","美指2X元富35購01","0.00","",="00683L","期元大美元指正2(原名：元大美元指數正2)","21.98","－","認購","美式","112年05月25日","112年05月25日","113年05月22日","113年05月24日","0.327","    21.50","","",
="045787","SP黃豆元富2B購01","0.76","＋",="00693U","期街口S&P黃豆","24.41","＋","認購","美式","112年05月25日","112年05月25日","112年11月22日","112年11月24日","0.51","    26.00","","",
="045788","元金2X元富2B購01","0.00","",="00708L","期元大S&P黃金正2(原名：元大S&P黃金正2)","26.72","－","認購","美式","112年05月25日","112年05月25日","112年11月22日","112年11月24日","0.20","    27.00","","",
="045789","華通元富2C購01","1.84","－","2313","華通","44.30","＋","認購","美式","112年05月25日","112年05月25日","112年12月21日","112年12月25日","0.50","    49.00","","",
="04578P","A50正2群益26售02","0.00","",="00655L","國泰中國A50正2","24.65","－","認售","歐式","111年10月24日","112年06月26日","112年06月20日","112年06月26日","0.50","    25.00","","",
="04578U","瑞昱麥證28售01","0.00","","2379","瑞昱","388.00","＋","認售","歐式","112年02月22日","112年08月21日","112年08月17日","112年08月21日","0.125","    300.00","","",
="045790","台光電元富2C購02","0.00","","2383","台光電","204.50","＋","認購","美式","112年05月25日","112年05月25日","112年12月21日","112年12月25日","0.10","    258.00","","",
="045791","聯發科元富31購08","2.04","＋","2454","聯發科","738.00","＋","認購","美式","112年05月25日","112年05月25日","113年01月22日","113年01月24日","0.02","    730.00","","",
="045792","長榮航元富2C購01","3.43","＋","2618","長榮航","33.60","＋","認購","美式","112年05月25日","112年05月25日","112年12月21日","112年12月25日","1.00","    36.50","","",
="045793","漢翔元富2B購01","1.64","＋","2634","漢翔","55.80","＋","認購","美式","112年05月25日","112年05月25日","112年11月22日","112年11月24日","0.17","    55.00","","",
="045794","緯創元富38購01","1.73","＋","3231","緯創","68.00","＋","認購","美式","112年05月25日","112年05月25日","113年08月22日","113年08月26日","0.10","    64.00","","",
="045795","健策元富32購01","1.51","＋","3653","健策","616.00","＋","認購","美式","112年05月25日","112年05月25日","113年02月22日","113年02月26日","0.015","    650.00","","",
="045796","川湖麥證2B購01","1.32","＋","2059","川湖","436.00","＋","認購","歐式","112年05月25日","112年11月24日","112年11月22日","112年11月24日","0.03","    460.00","","",
="045797","三陽麥證2B購01","1.51","＋","2206","三陽工業","74.20","＋","認購","歐式","112年05月25日","112年11月24日","112年11月22日","112年11月24日","0.30","    101.00","","",
="045798","台光電麥證2B購02","1.56","－","2383","台光電","204.50","＋","認購","歐式","112年05月25日","112年11月24日","112年11月22日","112年11月24日","0.125","    275.00","","",
="045799","長榮航麥證2C購01","1.37","＋","2618","長榮航","33.60","＋","認購","歐式","112年05月25日","112年12月25日","112年12月21日","112年12月25日","1.00","    46.00","","",
="04579U","華新科麥證28售03","0.61","－","2492","華新科","101.00","＋","認售","歐式","112年02月22日","112年08月21日","112年08月17日","112年08月21日","0.25","    80.00","","",
="045800","玉晶光麥證2B購01","1.34","＋","3406","玉晶光","400.00","＋","認購","歐式","112年05月25日","112年11月24日","112年11月22日","112年11月24日","0.05","    500.00","","",
="045801","健策麥證2B購01","2.56","＋","3653","健策","616.00","＋","認購","歐式","112年05月25日","112年11月24日","112年11月22日","112年11月24日","0.038","    700.00","","",
="045802","啟碁麥證2B購01","1.41","＋","6285","啟碁","87.50","＋","認購","歐式","112年05月25日","112年11月24日","112年11月22日","112年11月24日","0.131","    88.88","","",
="045803","矽力麥證2B購02","1.59","＋","6415","矽力*-KY","394.50","＋","認購","歐式","112年05月25日","112年11月24日","112年11月22日","112年11月24日","0.02","    385.00","","",
="045804","滬深2X群益2B購03","0.00","",="00637L","元大滬深300正2","13.77","－","認購","美式","112年05月25日","112年05月25日","112年11月22日","112年11月24日","0.50","    15.00","","",
="045805","道瓊反群益2B購01","0.00","",="00669R","國泰美國道瓊反1","8.06","－","認購","美式","112年05月25日","112年05月25日","112年11月22日","112年11月24日","0.70","    7.50","","",
="045806","中石化群益2B購01","1.06","","1314","中石化","9.72","－","認購","美式","112年05月25日","112年05月25日","112年11月22日","112年11月24日","1.00","    9.50","","",
="045807","東陽群益2B購02","0.00","","1319","東陽","49.90","＋","認購","美式","112年05月25日","112年05月25日","112年11月22日","112年11月24日","0.60","    76.65","","",
="045808","聚陽群益2B購01","0.00","","1477","聚陽","219.00","＋","認購","美式","112年05月25日","112年05月25日","112年11月22日","112年11月24日","0.12","    300.00","","",
="045809","東元群益2B購05","0.83","＋","1504","東元","51.80","＋","認購","美式","112年05月25日","112年05月25日","112年11月22日","112年11月24日","0.20","    63.00","","",
="04580U","聯詠麥證28售01","0.98","－","3034","聯詠","423.50","＋","認售","歐式","112年02月22日","112年08月21日","112年08月17日","112年08月21日","0.07","    368.00","","",
="045810","亞力群益2B購04","0.00","","1514","亞力","51.60","＋","認購","美式","112年05月25日","112年05月25日","112年11月22日","112年11月24日","0.35","    72.50","","",
="045811","新光鋼群益2B購02","0.00","","2031","新光鋼","48.80","－","認購","美式","112年05月25日","112年05月25日","112年11月22日","112年11月24日","0.50","    63.80","","",
="045812","川湖群益2B購02","2.62","","2059","川湖","436.00","＋","認購","美式","112年05月25日","112年05月25日","112年11月22日","112年11月24日","0.12","    600.00","","",
="045813","中華群益2B購04","1.42","－","2204","中華","91.60","－","認購","美式","112年05月25日","112年05月25日","112年11月22日","112年11月24日","0.20","    120.00","","",
="045814","台達電群益31購01","1.93","","2308","台達電","315.50","－","認購","美式","112年05月25日","112年05月25日","113年01月22日","113年01月24日","0.18","    436.70","","",
="045815","精英群益2B購01","1.39","＋","2331","精英","28.70","＋","認購","美式","112年05月25日","112年05月25日","112年11月22日","112年11月24日","1.00","    40.20","","",
="045816","華邦電群益2B購03","2.12","","2344","華邦電","26.90","＋","認購","美式","112年05月25日","112年05月25日","112年11月22日","112年11月24日","1.00","    31.40","","",
="045817","大立光群益31購02","2.23","","3008","大立光","2,305.00","＋","認購","美式","112年05月25日","112年05月25日","113年01月22日","113年01月24日","0.02","    3,277.00","","",
="045818","景碩群益2B購01","1.19","＋","3189","景碩","116.00","＋","認購","美式","112年05月25日","112年05月25日","112年11月22日","112年11月24日","0.08","    120.00","","",
="045819","創意群益2B購08","2.51","＋","3443","創意","1,515.00","＋","認購","美式","112年05月25日","112年05月25日","112年11月22日","112年11月24日","0.01","    1,766.40","","",
="04581U","聯電中信28售04","0.00","","2303","聯電","51.20","＋","認售","歐式","112年02月23日","112年08月22日","112年08月18日","112年08月22日","1.00","    30.00","","",
="045820","啟碁群益2B購03","2.80","＋","6285","啟碁","87.50","＋","認購","美式","112年05月25日","112年05月25日","112年11月22日","112年11月24日","0.35","    100.00","","",
="045821","晶心科群益2B購02","1.63","＋","6533","晶心科","511.00","＋","認購","美式","112年05月25日","112年05月25日","112年11月22日","112年11月24日","0.03","    573.00","","",
="045822","伊雲谷群益2B購01","1.34","＋","6689","伊雲谷","162.50","＋","認購","美式","112年05月25日","112年05月25日","112年11月22日","112年11月24日","0.05","    185.00","","",
="045823","伊雲谷群益31購01","0.00","","6689","伊雲谷","162.50","＋","認購","美式","112年05月25日","112年05月25日","113年01月22日","113年01月24日","0.07","    210.00","","",
="045824","伊雲谷群益33購01","0.00","","6689","伊雲谷","162.50","＋","認購","美式","112年05月25日","112年05月25日","113年03月21日","113年03月25日","0.09","    243.00","","",
="045825","宏全群益2C購01","1.24","","9939","宏全","106.50","＋","認購","美式","112年05月25日","112年05月25日","112年12月21日","112年12月25日","0.20","    150.50","","",
="045826","東元統一33購04","0.86","","1504","東元","51.80","＋","認購","美式","112年05月25日","112年05月25日","113年03月21日","113年03月25日","0.10","    62.50","","",
="045827","東元統一34購01","0.00","","1504","東元","51.80","＋","認購","美式","112年05月25日","112年05月25日","113年04月22日","113年04月24日","0.066","    66.66","","",
="045828","寶齡統一31購04","0.00","","1760","寶齡富錦","148.50","","認購","美式","112年05月25日","112年05月25日","113年01月22日","113年01月24日","0.02","    173.40","","",
="045829","寶齡統一32購01","0.00","","1760","寶齡富錦","148.50","","認購","美式","112年05月25日","112年05月25日","113年02月22日","113年02月26日","0.018","    176.50","","",
="04582U","華航中信28售04","0.00","","2610","華航","21.65","＋","認售","歐式","112年02月23日","112年08月22日","112年08月18日","112年08月22日","1.00","    15.00","","",
="045830","寶齡統一33購02","0.00","","1760","寶齡富錦","148.50","","認購","美式","112年05月25日","112年05月25日","113年03月21日","113年03月25日","0.018","    168.80","","",
="045831","寶齡統一34購01","0.00","","1760","寶齡富錦","148.50","","認購","美式","112年05月25日","112年05月25日","113年04月22日","113年04月24日","0.014","    168.88","","",
="045832","中華統一31購01","0.00","","2204","中華","91.60","－","認購","美式","112年05月25日","112年05月25日","113年01月22日","113年01月24日","0.08","    100.00","","",
="045833","三陽統一34購02","0.74","＋","2206","三陽工業","74.20","＋","認購","美式","112年05月25日","112年05月25日","113年04月22日","113年04月24日","0.048","    84.70","","",
="045834","台光電統一32購02","1.18","－","2383","台光電","204.50","＋","認購","美式","112年05月25日","112年05月25日","113年02月22日","113年02月26日","0.03","    221.10","","",
="045835","宏達電統一33購01","0.87","","2498","宏達電","61.50","＋","認購","美式","112年05月25日","112年05月25日","113年03月21日","113年03月25日","0.06","    61.88","","",
="045836","華航統一2C購03","0.88","","2610","華航","21.65","＋","認購","美式","112年05月25日","112年05月25日","112年12月21日","112年12月25日","0.35","    22.88","","",
="045837","華航統一33購03","0.96","＋","2610","華航","21.65","＋","認購","美式","112年05月25日","112年05月25日","113年03月21日","113年03月25日","0.25","    22.10","","",
="045838","長榮航統一2C購03","1.04","＋","2618","長榮航","33.60","＋","認購","美式","112年05月25日","112年05月25日","112年12月21日","112年12月25日","0.22","    33.88","","",
="045839","長榮航統一2C購04","1.21","＋","2618","長榮航","33.60","＋","認購","美式","112年05月25日","112年05月25日","112年12月21日","112年12月25日","0.268","    35.55","","",
="04583P","聯發科中信26售03","0.00","","2454","聯發科","738.00","＋","認售","歐式","111年12月15日","112年06月14日","112年06月12日","112年06月14日","0.015","    708.00","","",
="04583U","群創中信28售05","1.10","－","3481","群創","14.10","＋","認售","歐式","112年02月23日","112年08月22日","112年08月18日","112年08月22日","0.80","    14.00","","",
="045840","長榮航統一33購02","0.94","＋","2618","長榮航","33.60","＋","認購","美式","112年05月25日","112年05月25日","113年03月21日","113年03月25日","0.188","    36.66","","",
="045841","長榮航統一33購03","1.15","＋","2618","長榮航","33.60","＋","認購","美式","112年05月25日","112年05月25日","113年03月21日","113年03月25日","0.18","    33.10","","",
="045842","漢翔統一34購03","0.00","","2634","漢翔","55.80","＋","認購","美式","112年05月25日","112年05月25日","113年04月22日","113年04月24日","0.07","    70.77","","",
="045843","緯創統一34購02","1.27","＋","3231","緯創","68.00","＋","認購","美式","112年05月25日","112年05月25日","113年04月22日","113年04月24日","0.07","    66.66","","",
="045844","玉晶光統一2C購04","0.69","","3406","玉晶光","400.00","＋","認購","美式","112年05月25日","112年05月25日","112年12月21日","112年12月25日","0.011","    418.88","","",
="045845","創意統一34購03","0.91","＋","3443","創意","1,515.00","＋","認購","美式","112年05月25日","112年05月25日","113年04月22日","113年04月24日","0.002","    1,665.00","","",
="045846","健策統一33購01","0.94","＋","3653","健策","616.00","＋","認購","美式","112年05月25日","112年05月25日","113年03月21日","113年03月25日","0.006","    638.00","","",
="045847","健策統一34購01","0.91","＋","3653","健策","616.00","＋","認購","美式","112年05月25日","112年05月25日","113年04月22日","113年04月24日","0.006","    800.00","","",
="045848","世芯統一34購03","0.93","＋","3661","世芯-KY","1,660.00","＋","認購","美式","112年05月25日","112年05月25日","113年04月22日","113年04月24日","0.002","    1,855.00","","",
="045849","元晶統一34購04","0.75","","6443","元晶","36.20","＋","認購","美式","112年05月25日","112年05月25日","113年04月22日","113年04月24日","0.105","    40.65","","",
="04584P","聯發科中信28售01","0.00","","2454","聯發科","738.00","＋","認售","歐式","111年12月15日","112年08月14日","112年08月10日","112年08月14日","0.02","    538.00","","",
="04584U","國巨康和28售02","0.92","－","2327","國巨","508.00","＋","認售","歐式","112年02月23日","112年08月22日","112年08月18日","112年08月22日","0.035","    450.00","","",
="045850","T50反1元大35購02","0.59","",="00632R","元大台灣50反1","4.94","－","認購","美式","112年05月25日","112年05月25日","113年05月22日","113年05月24日","1.00","    4.80","","",
="045851","T50反1元大35購03","0.00","",="00632R","元大台灣50反1","4.94","－","認購","美式","112年05月25日","112年05月25日","113年05月22日","113年05月24日","1.00","    4.90","","",
="045852","亞力元大2C購01","1.39","＋","1514","亞力","51.60","＋","認購","美式","112年05月25日","112年05月25日","112年12月21日","112年12月25日","0.33","    78.90","","",
="045853","大亞元大2C購03","1.51","","1609","大亞","31.00","＋","認購","美式","112年05月25日","112年05月25日","112年12月21日","112年12月25日","0.984","    47.70","","",
="045854","寶齡元大2B購01","1.07","","1760","寶齡富錦","148.50","","認購","美式","112年05月25日","112年05月25日","112年11月22日","112年11月24日","0.041","    152.50","","",
="045855","寶齡元大31購01","1.14","","1760","寶齡富錦","148.50","","認購","美式","112年05月25日","112年05月25日","113年01月22日","113年01月24日","0.042","    161.50","","",
="045856","裕隆元大2C購08","1.86","","2201","裕隆","82.80","＋","認購","美式","112年05月25日","112年05月25日","112年12月21日","112年12月25日","0.583","    123.50","","",
="045857","中華元大2B購05","1.52","－","2204","中華","91.60","－","認購","美式","112年05月25日","112年05月25日","112年11月22日","112年11月24日","0.15","    100.00","","",
="045858","三陽元大2B購08","1.73","＋","2206","三陽工業","74.20","＋","認購","美式","112年05月25日","112年05月25日","112年11月22日","112年11月24日","0.338","    105.00","","",
="045859","三陽元大2B購09","2.27","","2206","三陽工業","74.20","＋","認購","美式","112年05月25日","112年05月25日","112年11月22日","112年11月24日","0.182","    77.60","","",
="04585U","台積電康和28售04","0.00","","2330","台積電","568.00","＋","認售","歐式","112年02月23日","112年08月22日","112年08月18日","112年08月22日","0.04","    497.31","","",
="045860","三陽元大31購02","1.63","","2206","三陽工業","74.20","＋","認購","美式","112年05月25日","112年05月25日","113年01月22日","113年01月24日","0.237","    107.50","","",
="045861","光寶科元大2C購07","1.51","＋","2301","光寶科","86.40","＋","認購","美式","112年05月25日","112年05月25日","112年12月21日","112年12月25日","0.15","    85.00","","",
="045862","台達電元大2C購10","0.00","","2308","台達電","315.50","－","認購","美式","112年05月25日","112年05月25日","112年12月21日","112年12月25日","0.152","    380.50","","",
="045863","仁寶元大2B購03","1.05","","2324","仁寶","28.15","＋","認購","美式","112年05月25日","112年05月25日","112年11月22日","112年11月24日","0.30","    26.50","","",
="045864","致茂元大2B購01","1.70","＋","2360","致茂","226.50","＋","認購","美式","112年05月25日","112年05月25日","112年11月22日","112年11月24日","0.058","    242.00","","",
="045865","漢翔元大2C購06","1.65","＋","2634","漢翔","55.80","＋","認購","美式","112年05月25日","112年05月25日","112年12月21日","112年12月25日","0.297","    69.60","","",
="045866","兆豐金元大2B購01","0.91","","2886","兆豐金","36.20","＋","認購","美式","112年05月25日","112年05月25日","112年11月22日","112年11月24日","0.50","    41.46","","",
="045867","新光金元大2B購04","0.91","","2888","新光金","8.63","＋","認購","美式","112年05月25日","112年05月25日","112年11月22日","112年11月24日","1.00","    8.75","","",
="045868","神基元大2B購04","1.76","","3005","神基","69.40","＋","認購","美式","112年05月25日","112年05月25日","112年11月22日","112年11月24日","1.00","    95.00","","",
="045869","聯陽元大2B購02","0.00","","3014","聯陽","113.50","＋","認購","美式","112年05月25日","112年05月25日","112年11月22日","112年11月24日","0.06","    115.00","","",
="04586P","友達凱基28售01","0.00","","2409","友達","17.65","＋","認售","歐式","111年10月24日","112年08月23日","112年08月21日","112年08月23日","1.00","    12.00","","",
="04586U","長榮康和28售03","0.00","","2603","長榮","157.00","＋","認售","歐式","112年02月23日","112年08月22日","112年08月18日","112年08月22日","0.15","    110.00","","",
="045870","奇鋐元大2C購16","1.54","－","3017","奇鋐","206.00","－","認購","美式","112年05月25日","112年05月25日","112年12月21日","112年12月25日","0.05","    222.50","","",
="045871","聯詠元大2C購03","2.10","＋","3034","聯詠","423.50","＋","認購","美式","112年05月25日","112年05月25日","112年12月21日","112年12月25日","0.064","    487.50","","",
="045872","欣興元大2C購17","2.99","＋","3037","欣興","182.50","－","認購","美式","112年05月25日","112年05月25日","112年12月21日","112年12月25日","0.10","    193.50","","",
="045873","緯創元大2C購17","3.76","＋","3231","緯創","68.00","＋","認購","美式","112年05月25日","112年05月25日","112年12月21日","112年12月25日","0.30","    67.30","","",
="045874","創意元大2C購12","1.46","＋","3443","創意","1,515.00","＋","認購","美式","112年05月25日","112年05月25日","112年12月21日","112年12月25日","0.006","    1,900.00","","",
="045875","世芯元大2C購12","1.58","＋","3661","世芯-KY","1,660.00","＋","認購","美式","112年05月25日","112年05月25日","112年12月21日","112年12月25日","0.007","    2,170.00","","",
="045876","祥碩元大2C購03","1.00","＋","5269","祥碩","1,300.00","＋","認購","美式","112年05月25日","112年05月25日","112年12月21日","112年12月25日","0.005","    1,510.00","","",
="045877","亞翔元大2B購03","0.66","＋","6139","亞翔","63.80","－","認購","美式","112年05月25日","112年05月25日","112年11月22日","112年11月24日","0.121","    80.00","","",
="045878","晶碩元大2B購03","2.06","＋","6491","晶碩","366.50","＋","認購","美式","112年05月25日","112年05月25日","112年11月22日","112年11月24日","0.05","    412.00","","",
="045879","伊雲谷元大2B購02","1.25","","6689","伊雲谷","162.50","＋","認購","美式","112年05月25日","112年05月25日","112年11月22日","112年11月24日","0.056","    221.55","","",
="04587U","華新國票28售05","0.00","","1605","華新","46.60","＋","認售","歐式","112年02月23日","112年08月22日","112年08月18日","112年08月22日","0.20","    55.00","","",
="045880","伊雲谷元大2B購03","0.00","","6689","伊雲谷","162.50","＋","認購","美式","112年05月25日","112年05月25日","112年11月22日","112年11月24日","0.055","    213.64","","",
="045881","伊雲谷元大2B購04","1.35","＋","6689","伊雲谷","162.50","＋","認購","美式","112年05月25日","112年05月25日","112年11月22日","112年11月24日","0.05","    205.73","","",
="045882","伊雲谷元大31購02","0.00","","6689","伊雲谷","162.50","＋","認購","美式","112年05月25日","112年05月25日","113年01月22日","113年01月24日","0.051","    229.46","","",
="045883","伊雲谷元大35購02","1.62","","6689","伊雲谷","162.50","＋","認購","美式","112年05月25日","112年05月25日","113年05月22日","113年05月24日","0.045","    237.38","","",
="045884","富鼎元大2B購02","0.00","","8261","富鼎","106.50","＋","認購","美式","112年05月25日","112年05月25日","112年11月22日","112年11月24日","0.055","    115.00","","",
="045885","茂順元大2B購07","0.00","","9942","茂順","155.00","－","認購","美式","112年05月25日","112年05月25日","112年11月22日","112年11月24日","0.075","    214.50","","",
="045886","電子類元大2C購04","0.00","","IX0027","電子類","797.58","","認購","歐式","112年05月25日","112年12月25日","112年12月21日","112年12月25日","0.04","    740.00","","",
="045887","電子類元大31購01","0.00","","IX0027","電子類","797.58","","認購","歐式","112年05月25日","113年01月24日","113年01月22日","113年01月24日","0.04","    760.00","","",
="045888","東陽康和2B購01","0.00","","1319","東陽","49.90","＋","認購","美式","112年05月26日","112年05月26日","112年11月23日","112年11月27日","0.30","    60.60","","",
="045889","金像電康和2C購01","0.00","","2368","金像電","121.50","","認購","美式","112年05月26日","112年05月26日","112年12月21日","112年12月25日","0.10","    130.00","","",
="04588U","聯電國票28售03","0.97","－","2303","聯電","51.20","＋","認售","歐式","112年02月23日","112年08月22日","112年08月18日","112年08月22日","0.35","    50.00","","",
="045890","世紀鋼康和33購01","0.83","＋","9958","世紀鋼","109.50","＋","認購","美式","112年05月26日","112年05月26日","113年03月21日","113年03月25日","0.055","    120.00","","",
="045891","香港2X永豐32購01","0.00","",="00650L","復華香港正2（原簡稱：FH香港正2）","11.60","＋","認購","美式","112年05月26日","112年05月26日","113年02月22日","113年02月26日","0.65","    13.79","","",
="045892","中興電永豐31購01","0.00","","1513","中興電","113.50","＋","認購","美式","112年05月26日","112年05月26日","113年01月23日","113年01月25日","0.077","    163.13","","",
="045893","寶齡永豐31購02","1.48","","1760","寶齡富錦","148.50","","認購","美式","112年05月26日","112年05月26日","113年01月23日","113年01月25日","0.05","    160.50","","",
="045894","碩天永豐2C購02","0.00","","3617","碩天","191.00","－","認購","美式","112年05月26日","112年05月26日","112年12月21日","112年12月25日","0.048","    290.25","","",
="045895","乙盛永豐31購02","0.64","＋","5243","乙盛-KY","83.70","＋","認購","美式","112年05月26日","112年05月26日","113年01月23日","113年01月25日","0.10","    124.50","","",
="045896","康舒永豐31購01","0.00","","6282","康舒","44.05","＋","認購","美式","112年05月26日","112年05月26日","113年01月23日","113年01月25日","0.33","    53.31","","",
="045897","穎崴永豐2C購01","3.40","","6515","穎崴","830.00","－","認購","美式","112年05月26日","112年05月26日","112年12月21日","112年12月25日","0.03","    1,033.05","","",
="045898","晶心科永豐2C購02","1.41","＋","6533","晶心科","511.00","＋","認購","美式","112年05月26日","112年05月26日","112年12月21日","112年12月25日","0.021","    550.84","","",
="045899","中興電台新2B購02","1.76","＋","1513","中興電","113.50","＋","認購","歐式","112年05月26日","112年11月27日","112年11月23日","112年11月27日","0.149","    129.38","","",
="04589P","陽明凱基27售02","0.00","","2609","陽明","62.00","＋","認售","歐式","111年10月24日","112年07月24日","112年07月20日","112年07月24日","0.20","    55.00","","",
="04589U","聯電國票29售01","0.00","","2303","聯電","51.20","＋","認售","歐式","112年02月23日","112年09月22日","112年09月20日","112年09月22日","0.50","    45.00","","",
="045900","金像電兆豐34購01","1.20","＋","2368","金像電","121.50","","認購","美式","112年05月26日","112年05月26日","113年04月23日","113年04月25日","0.055","    128.00","","",
="045901","智原兆豐33購01","1.26","＋","3035","智原","173.50","＋","認購","美式","112年05月26日","112年05月26日","113年03月21日","113年03月25日","0.05","    201.00","","",
="045902","瑞鼎兆豐2C購01","0.00","","3592","瑞鼎","348.00","＋","認購","美式","112年05月26日","112年05月26日","112年12月21日","112年12月25日","0.022","    400.00","","",
="045903","康舒兆豐33購01","1.28","","6282","康舒","44.05","＋","認購","美式","112年05月26日","112年05月26日","113年03月21日","113年03月25日","0.23","    53.00","","",
="045904","FBNQ2X凱基31購02","0.00","",="00670L","富邦NASDAQ正2","78.90","＋","認購","美式","112年05月26日","112年05月26日","113年01月23日","113年01月25日","0.25","    96.00","","",
="045905","元債2X凱基31購03","0.00","",="00680L","元大美債20正2","10.96","＋","認購","美式","112年05月26日","112年05月26日","113年01月23日","113年01月25日","1.00","    14.00","","",
="045906","亞力凱基2C購06","1.48","＋","1514","亞力","51.60","＋","認購","美式","112年05月26日","112年05月26日","112年12月21日","112年12月25日","0.20","    62.00","","",
="045907","川湖凱基2C購01","2.14","","2059","川湖","436.00","＋","認購","美式","112年05月26日","112年05月26日","112年12月21日","112年12月25日","0.06","    500.00","","",
="045908","裕隆凱基2C購06","1.55","","2201","裕隆","82.80","＋","認購","美式","112年05月26日","112年05月26日","112年12月21日","112年12月25日","0.25","    102.50","","",
="045909","為升凱基2B購03","0.00","","2231","為升","172.50","＋","認購","美式","112年05月26日","112年05月26日","112年11月23日","112年11月27日","0.13","    265.00","","",
="04590P","富邦金凱基26售01","0.00","","2881","富邦金","61.10","＋","認售","歐式","111年10月24日","112年06月26日","112年06月20日","112年06月26日","1.00","    35.00","","",
="04590U","聯電國票2A售02","0.00","","2303","聯電","51.20","＋","認售","歐式","112年02月23日","112年10月23日","112年10月19日","112年10月23日","0.35","    47.50","","",
="045910","台積電凱基2B購19","0.00","","2330","台積電","568.00","＋","認購","美式","112年05月26日","112年05月26日","112年11月23日","112年11月27日","0.10","    605.00","","",
="045911","台積電凱基2C購22","4.06","","2330","台積電","568.00","＋","認購","美式","112年05月26日","112年05月26日","112年12月21日","112年12月25日","0.065","    540.00","","",
="045912","金像電凱基2B購04","1.38","＋","2368","金像電","121.50","","認購","美式","112年05月26日","112年05月26日","112年11月23日","112年11月27日","0.07","    115.00","","",
="045913","雲品凱基2C購02","0.00","","2748","雲品","90.00","－","認購","美式","112年05月26日","112年05月26日","112年12月21日","112年12月25日","0.065","    110.00","","",
="045914","晶豪科凱基2B購04","1.78","","3006","晶豪科","88.20","＋","認購","美式","112年05月26日","112年05月26日","112年11月23日","112年11月27日","0.18","    92.00","","",
="045915","欣興凱基35購02","1.71","－","3037","欣興","182.50","－","認購","美式","112年05月26日","112年05月26日","113年05月23日","113年05月27日","0.09","    243.00","","",
="045916","玉晶光凱基2C購02","1.30","","3406","玉晶光","400.00","＋","認購","美式","112年05月26日","112年05月26日","112年12月21日","112年12月25日","0.08","    525.00","","",
="045917","揚明光凱基2C購01","0.00","","3504","揚明光","81.70","＋","認購","美式","112年05月26日","112年05月26日","112年12月21日","112年12月25日","0.20","    120.00","","",
="045918","牧德凱基2B購01","1.30","","3563","牧德","208.50","－","認購","美式","112年05月26日","112年05月26日","112年11月23日","112年11月27日","0.05","    230.00","","",
="045919","碩天凱基2B購05","0.83","－","3617","碩天","191.00","－","認購","美式","112年05月26日","112年05月26日","112年11月23日","112年11月27日","0.06","    290.25","","",
="04591U","飛宏國票28售02","0.04","－","2457","飛宏","76.40","＋","認售","歐式","112年02月23日","112年08月22日","112年08月18日","112年08月22日","0.25","    42.00","","",
="045920","乙盛凱基2B購03","1.22","＋","5243","乙盛-KY","83.70","＋","認購","美式","112年05月26日","112年05月26日","112年11月23日","112年11月27日","0.20","    100.00","","",
="045921","祥碩凱基2C購05","0.92","","5269","祥碩","1,300.00","＋","認購","美式","112年05月26日","112年05月26日","112年12月21日","112年12月25日","0.01","    1,850.00","","",
="045922","中磊凱基2B購06","1.64","＋","5388","中磊","93.30","＋","認購","美式","112年05月26日","112年05月26日","112年11月23日","112年11月27日","0.45","    130.00","","",
="045923","同欣電凱基31購02","1.35","","6271","同欣電","179.50","＋","認購","美式","112年05月26日","112年05月26日","113年01月23日","113年01月25日","0.12","    250.00","","",
="045924","樺漢凱基2B購04","1.13","","6414","樺漢","281.00","＋","認購","美式","112年05月26日","112年05月26日","112年11月23日","112年11月27日","0.09","    340.00","","",
="045925","GIS凱基2B購01","1.13","＋","6456","GIS-KY","75.40","＋","認購","美式","112年05月26日","112年05月26日","112年11月23日","112年11月27日","0.168","    76.29","","",
="045926","伊雲谷凱基2B購03","1.24","－","6689","伊雲谷","162.50","＋","認購","美式","112年05月26日","112年05月26日","112年11月23日","112年11月27日","0.035","    165.00","","",
="045927","富鼎凱基2B購01","0.74","","8261","富鼎","106.50","＋","認購","美式","112年05月26日","112年05月26日","112年11月23日","112年11月27日","0.08","    120.00","","",
="045928","世紀鋼凱基31購02","1.11","＋","9958","世紀鋼","109.50","＋","認購","美式","112年05月26日","112年05月26日","113年01月23日","113年01月25日","0.10","    125.00","","",
="045929","台光電國票2C購03","2.39","＋","2383","台光電","204.50","＋","認購","美式","112年05月26日","112年05月26日","112年12月21日","112年12月25日","0.20","    280.00","","",
="04592U","天鈺國票28售02","0.00","","4961","天鈺","154.00","＋","認售","歐式","112年02月23日","112年08月22日","112年08月18日","112年08月22日","0.04","    170.00","","",
="045930","建準國票2C購03","7.60","＋","2421","建準","89.00","＋","認購","美式","112年05月26日","112年05月26日","112年12月21日","112年12月25日","0.684","    108.00","","",
="045931","晶華國票2C購02","0.00","","2707","晶華","288.00","＋","認購","美式","112年05月26日","112年05月26日","112年12月21日","112年12月25日","0.141","    390.00","","",
="045932","緯創國票2C購05","0.00","","3231","緯創","68.00","＋","認購","美式","112年05月26日","112年05月26日","112年12月21日","112年12月25日","1.00","    80.00","","",
="045933","創意國票2C購04","5.35","＋","3443","創意","1,515.00","＋","認購","美式","112年05月26日","112年05月26日","112年12月21日","112年12月25日","0.03","    1,920.00","","",
="045934","牧德國票2C購01","0.00","","3563","牧德","208.50","－","認購","美式","112年05月26日","112年05月26日","112年12月21日","112年12月25日","0.06","    260.00","","",
="045935","碩天國票2C購04","1.87","－","3617","碩天","191.00","－","認購","美式","112年05月26日","112年05月26日","112年12月21日","112年12月25日","0.14","    290.00","","",
="045936","世芯國票2B購13","1.55","＋","3661","世芯-KY","1,660.00","＋","認購","美式","112年05月26日","112年05月26日","112年11月23日","112年11月27日","0.012","    2,300.00","","",
="045937","愛普國票2C購03","2.47","","6531","愛普*","328.50","＋","認購","美式","112年05月26日","112年05月26日","112年12月21日","112年12月25日","0.05","    350.00","","",
="045938","愛普國票31購02","2.76","＋","6531","愛普*","328.50","＋","認購","美式","112年05月26日","112年05月26日","113年01月23日","113年01月25日","0.08","    425.00","","",
="045939","晶心科國票2C購03","0.00","","6533","晶心科","511.00","＋","認購","美式","112年05月26日","112年05月26日","112年12月21日","112年12月25日","0.02","    500.00","","",
="04593U","晶心科國票29售05","0.79","－","6533","晶心科","511.00","＋","認售","歐式","112年02月23日","112年09月22日","112年09月20日","112年09月22日","0.007","    550.00","","",
="045940","伊雲谷國票2B購01","1.35","","6689","伊雲谷","162.50","＋","認購","美式","112年05月26日","112年05月26日","112年11月23日","112年11月27日","0.04","    165.00","","",
="045941","伊雲谷國票2B購02","1.49","＋","6689","伊雲谷","162.50","＋","認購","美式","112年05月26日","112年05月26日","112年11月23日","112年11月27日","0.07","    215.00","","",
="045942","伊雲谷國票2C購02","1.48","","6689","伊雲谷","162.50","＋","認購","美式","112年05月26日","112年05月26日","112年12月21日","112年12月25日","0.05","    190.00","","",
="045943","力智國票2C購03","0.00","","6719","力智","303.00","＋","認購","美式","112年05月26日","112年05月26日","112年12月21日","112年12月25日","0.056","    345.00","","",
="045944","為升中信2B購01","0.00","","2231","為升","172.50","＋","認購","歐式","112年05月26日","112年11月27日","112年11月23日","112年11月27日","0.038","    208.00","","",
="045945","乙盛中信2B購01","1.04","","5243","乙盛-KY","83.70","＋","認購","歐式","112年05月26日","112年11月27日","112年11月23日","112年11月27日","0.15","    120.00","","",
="045946","祥碩中信2C購01","0.00","","5269","祥碩","1,300.00","＋","認購","歐式","112年05月26日","112年12月25日","112年12月21日","112年12月25日","0.005","    1,688.00","","",
="045947","台達電國泰31購01","1.76","＋","2308","台達電","315.50","－","認購","美式","112年05月26日","112年05月26日","113年01月23日","113年01月25日","0.08","    346.35","","",
="045948","鴻海國泰31購03","0.68","","2317","鴻海","105.50","＋","認購","美式","112年05月26日","112年05月26日","113年01月23日","113年01月25日","0.10","    112.50","","",
="045949","台積電國泰31購06","0.00","","2330","台積電","568.00","＋","認購","美式","112年05月26日","112年05月26日","113年01月23日","113年01月25日","0.15","    640.00","","",
="04594U","台積電國泰2A售08","0.67","－","2330","台積電","568.00","＋","認售","歐式","112年02月23日","112年10月23日","112年10月19日","112年10月23日","0.251","    407.79","","",
="045950","台積電國泰31購07","0.00","","2330","台積電","568.00","＋","認購","美式","112年05月26日","112年05月26日","113年01月23日","113年01月25日","0.07","    582.00","","",
="045951","聯發科國泰31購04","2.02","＋","2454","聯發科","738.00","＋","認購","美式","112年05月26日","112年05月26日","113年01月23日","113年01月25日","0.025","    777.00","","",
="045952","聯發科國泰31購05","2.36","＋","2454","聯發科","738.00","＋","認購","美式","112年05月26日","112年05月26日","113年01月23日","113年01月25日","0.05","    888.00","","",
="045953","陽明國泰31購03","1.50","","2609","陽明","62.00","＋","認購","美式","112年05月26日","112年05月26日","113年01月23日","113年01月25日","0.35","    70.00","","",
="045954","正文國泰31購01","1.16","","4906","正文","31.40","＋","認購","美式","112年05月26日","112年05月26日","113年01月23日","113年01月25日","0.40","    34.00","","",
="045955","三陽富邦2C購01","0.84","＋","2206","三陽工業","74.20","＋","認購","美式","112年05月26日","112年05月26日","112年12月21日","112年12月25日","0.10","    90.00","","",
="045956","長榮航富邦2C購02","1.08","","2618","長榮航","33.60","＋","認購","美式","112年05月26日","112年05月26日","112年12月21日","112年12月25日","0.25","    35.00","","",
="045957","緯創富邦2C購02","0.00","","3231","緯創","68.00","＋","認購","美式","112年05月26日","112年05月26日","112年12月21日","112年12月25日","0.10","    60.00","","",
="045958","中興電統一33購07","0.62","＋","1513","中興電","113.50","＋","認購","美式","112年05月26日","112年05月26日","113年03月21日","113年03月25日","0.028","    137.50","","",
="045959","為升統一33購01","0.00","","2231","為升","172.50","＋","認購","美式","112年05月26日","112年05月26日","113年03月21日","113年03月25日","0.014","    222.22","","",
="04595U","聯電統一2A售06","0.45","－","2303","聯電","51.20","＋","認售","歐式","112年02月23日","112年10月23日","112年10月19日","112年10月23日","0.108","    48.88","","",
="045960","華航統一2C購04","1.03","","2610","華航","21.65","＋","認購","美式","112年05月26日","112年05月26日","112年12月21日","112年12月25日","0.40","    22.80","","",
="045961","華航統一2C購05","0.00","","2610","華航","21.65","＋","認購","美式","112年05月26日","112年05月26日","112年12月21日","112年12月25日","0.50","    25.00","","",
="045962","華航統一31購01","0.00","","2610","華航","21.65","＋","認購","美式","112年05月26日","112年05月26日","113年01月23日","113年01月25日","0.40","    24.90","","",
="045963","華航統一31購02","1.29","","2610","華航","21.65","＋","認購","美式","112年05月26日","112年05月26日","113年01月23日","113年01月25日","0.30","    20.00","","",
="045964","華航統一33購04","0.00","","2610","華航","21.65","＋","認購","美式","112年05月26日","112年05月26日","113年03月21日","113年03月25日","0.20","    21.88","","",
="045965","華航統一33購05","0.00","","2610","華航","21.65","＋","認購","美式","112年05月26日","112年05月26日","113年03月21日","113年03月25日","0.25","    23.66","","",
="045966","長榮航統一31購02","1.34","","2618","長榮航","33.60","＋","認購","美式","112年05月26日","112年05月26日","113年01月23日","113年01月25日","0.26","    36.90","","",
="045967","長榮航統一31購03","0.00","","2618","長榮航","33.60","＋","認購","美式","112年05月26日","112年05月26日","113年01月23日","113年01月25日","0.16","    32.80","","",
="045968","長榮航統一31購04","1.48","＋","2618","長榮航","33.60","＋","認購","美式","112年05月26日","112年05月26日","113年01月23日","113年01月25日","0.20","    30.00","","",
="045969","長榮航統一33購04","0.00","","2618","長榮航","33.60","＋","認購","美式","112年05月26日","112年05月26日","113年03月21日","113年03月25日","0.168","    35.55","","",
="04596P","聯電麥證27售02","0.00","","2303","聯電","51.20","＋","認售","歐式","111年10月24日","112年07月24日","112年07月20日","112年07月24日","1.00","    30.00","","",
="04596U","晶華統一2A售01","0.00","","2707","晶華","288.00","＋","認售","歐式","112年02月23日","112年10月23日","112年10月19日","112年10月23日","0.01","    267.20","","",
="045970","神基統一32購02","0.71","＋","3005","神基","69.40","＋","認購","美式","112年05月26日","112年05月26日","113年02月22日","113年02月26日","0.056","    78.80","","",
="045971","智原統一35購01","0.60","","3035","智原","173.50","＋","認購","美式","112年05月26日","112年05月26日","113年05月23日","113年05月27日","0.016","    188.88","","",
="045972","世芯統一32購11","1.04","＋","3661","世芯-KY","1,660.00","＋","認購","美式","112年05月26日","112年05月26日","113年02月22日","113年02月26日","0.003","    1,829.00","","",
="045973","乙盛統一32購01","0.76","－","5243","乙盛-KY","83.70","＋","認購","美式","112年05月26日","112年05月26日","113年02月22日","113年02月26日","0.045","    97.20","","",
="045974","康舒統一33購02","0.57","","6282","康舒","44.05","＋","認購","美式","112年05月26日","112年05月26日","113年03月21日","113年03月25日","0.072","    56.90","","",
="045975","樺漢統一32購02","0.84","","6414","樺漢","281.00","＋","認購","美式","112年05月26日","112年05月26日","113年02月22日","113年02月26日","0.02","    321.70","","",
="045976","矽力統一31購01","0.94","＋","6415","矽力*-KY","394.50","＋","認購","美式","112年05月26日","112年05月26日","113年01月23日","113年01月25日","0.012","    421.80","","",
="045977","GIS統一33購01","0.64","","6456","GIS-KY","75.40","＋","認購","美式","112年05月26日","112年05月26日","113年03月21日","113年03月25日","0.073","    86.30","","",
="045978","愛普統一32購04","0.86","＋","6531","愛普*","328.50","＋","認購","美式","112年05月26日","112年05月26日","113年02月22日","113年02月26日","0.015","    379.20","","",
="045979","晶心科統一2C購02","0.87","","6533","晶心科","511.00","＋","認購","美式","112年05月26日","112年05月26日","112年12月21日","112年12月25日","0.009","    516.88","","",
="04597U","群創統一2B售01","0.64","－","3481","群創","14.10","＋","認售","歐式","112年02月23日","112年11月22日","112年11月20日","112年11月22日","0.30","    14.20","","",
="045980","中興電麥證35購01","1.13","","1513","中興電","113.50","＋","認購","歐式","112年05月26日","113年05月27日","113年05月23日","113年05月27日","0.079","    160.00","","",
="045981","智原麥證2B購03","2.91","","3035","智原","173.50","＋","認購","歐式","112年05月26日","112年11月27日","112年11月23日","112年11月27日","0.147","    200.00","","",
="045982","緯創麥證2B購02","4.25","＋","3231","緯創","68.00","＋","認購","歐式","112年05月26日","112年11月27日","112年11月23日","112年11月27日","0.50","    70.00","","",
="045983","緯創麥證2B購03","5.60","＋","3231","緯創","68.00","＋","認購","歐式","112年05月26日","112年11月27日","112年11月23日","112年11月27日","1.00","    80.40","","",
="045984","緯創麥證31購03","5.90","＋","3231","緯創","68.00","＋","認購","歐式","112年05月26日","113年01月25日","113年01月23日","113年01月25日","1.00","    80.00","","",
="045985","GIS麥證2B購02","1.10","＋","6456","GIS-KY","75.40","＋","認購","歐式","112年05月26日","112年11月27日","112年11月23日","112年11月27日","0.262","    85.82","","",
="045986","寶齡群益2B購01","0.00","","1760","寶齡富錦","148.50","","認購","美式","112年05月26日","112年05月26日","112年11月23日","112年11月27日","0.04","    160.00","","",
="045987","寶齡群益2B購02","2.79","","1760","寶齡富錦","148.50","","認購","美式","112年05月26日","112年05月26日","112年11月23日","112年11月27日","0.14","    180.00","","",
="045988","三陽群益2C購01","1.46","＋","2206","三陽工業","74.20","＋","認購","美式","112年05月26日","112年05月26日","112年12月21日","112年12月25日","0.20","    93.00","","",
="045989","台達電群益2B購04","1.46","＋","2308","台達電","315.50","－","認購","美式","112年05月26日","112年05月26日","112年11月23日","112年11月27日","0.09","    358.20","","",
="04598U","全新群益28售01","0.80","－","2455","全新","100.00","","認售","歐式","112年02月23日","112年08月22日","112年08月18日","112年08月22日","0.586","    66.66","","",
="045990","台積電群益35購01","0.00","","2330","台積電","568.00","＋","認購","美式","112年05月26日","112年05月26日","113年05月23日","113年05月27日","0.12","    750.00","","",
="045991","毅嘉群益2B購01","2.43","","2402","毅嘉","28.70","＋","認購","美式","112年05月26日","112年05月26日","112年11月23日","112年11月27日","0.73","    32.00","","",
="045992","宏達電群益2B購07","1.69","＋","2498","宏達電","61.50","＋","認購","美式","112年05月26日","112年05月26日","112年11月23日","112年11月27日","0.75","    90.00","","",
="045993","長榮航群益2B購03","3.89","＋","2618","長榮航","33.60","＋","認購","美式","112年05月26日","112年05月26日","112年11月23日","112年11月27日","0.90","    33.50","","",
="045994","長榮航群益2B購04","2.83","＋","2618","長榮航","33.60","＋","認購","美式","112年05月26日","112年05月26日","112年11月23日","112年11月27日","1.00","    37.00","","",
="045995","長榮航群益31購02","2.18","＋","2618","長榮航","33.60","＋","認購","美式","112年05月26日","112年05月26日","113年01月23日","113年01月25日","1.00","    42.00","","",
="045996","富邦金群益2B購01","1.64","＋","2881","富邦金","61.10","＋","認購","美式","112年05月26日","112年05月26日","112年11月23日","112年11月27日","0.55","    80.30","","",
="045997","大立光群益31購03","0.00","","3008","大立光","2,305.00","＋","認購","美式","112年05月26日","112年05月26日","113年01月23日","113年01月25日","0.019","    3,201.80","","",
="045998","玉晶光群益2B購02","1.65","","3406","玉晶光","400.00","＋","認購","美式","112年05月26日","112年05月26日","112年11月23日","112年11月27日","0.10","    580.00","","",
="045999","晶睿群益2B購02","1.11","","3454","晶睿","182.50","＋","認購","美式","112年05月26日","112年05月26日","112年11月23日","112年11月27日","0.04","    230.00","","",
="04599U","台新金群益29售01","0.29","－","2887","台新金","18.40","＋","認售","歐式","112年02月23日","112年09月22日","112年09月20日","112年09月22日","1.00","    14.80","","",
="046000","群創群益31購01","0.88","","3481","群創","14.10","＋","認購","美式","112年05月26日","112年05月26日","113年01月23日","113年01月25日","0.65","    16.20","","",
="046001","碩天群益31購02","0.00","","3617","碩天","191.00","－","認購","美式","112年05月26日","112年05月26日","113年01月23日","113年01月25日","0.099","    290.25","","",
="046002","健策群益2B購05","2.03","＋","3653","健策","616.00","＋","認購","美式","112年05月26日","112年05月26日","112年11月23日","112年11月27日","0.02","    620.00","","",
="046003","世芯群益2B購05","3.34","＋","3661","世芯-KY","1,660.00","＋","認購","美式","112年05月26日","112年05月26日","112年11月23日","112年11月27日","0.015","    2,000.00","","",
="046004","TPK群益2C購02","1.56","","3673","TPK-KY","41.75","＋","認購","美式","112年05月26日","112年05月26日","112年12月21日","112年12月25日","0.79","    62.40","","",
="046005","大眾控群益2B購03","0.00","","3701","大眾控","67.10","＋","認購","美式","112年05月26日","112年05月26日","112年11月23日","112年11月27日","0.438","    106.00","","",
="046006","康舒群益2B購03","4.22","＋","6282","康舒","44.05","＋","認購","美式","112年05月26日","112年05月26日","112年11月23日","112年11月27日","0.70","    45.00","","",
="046007","元晶群益2B購02","1.56","","6443","元晶","36.20","＋","認購","美式","112年05月26日","112年05月26日","112年11月23日","112年11月27日","0.40","    38.15","","",
="046008","晶碩群益2B購03","0.82","－","6491","晶碩","366.50","＋","認購","美式","112年05月26日","112年05月26日","112年11月23日","112年11月27日","0.02","    400.00","","",
="046009","愛普群益2B購09","3.69","","6531","愛普*","328.50","＋","認購","美式","112年05月26日","112年05月26日","112年11月23日","112年11月27日","0.10","    362.00","","",
="04600U","裕隆凱基28售09","0.00","","2201","裕隆","82.80","＋","認售","歐式","112年02月23日","112年08月22日","112年08月18日","112年08月22日","0.15","    70.00","","",
="046010","伊雲谷群益2C購01","0.95","","6689","伊雲谷","162.50","＋","認購","美式","112年05月26日","112年05月26日","112年12月21日","112年12月25日","0.05","    230.00","","",
="046011","惠特群益2B購02","0.00","","6706","惠特","82.70","＋","認購","美式","112年05月26日","112年05月26日","112年11月23日","112年11月27日","0.60","    125.40","","",
="046012","宏全群益2B購02","1.25","","9939","宏全","106.50","＋","認購","美式","112年05月26日","112年05月26日","112年11月23日","112年11月27日","0.15","    135.50","","",
="046013","台積電法興2B購07","0.00","","2330","台積電","568.00","＋","認購","歐式","112年05月26日","112年11月27日","112年11月23日","112年11月27日","0.05","    575.00","","",
="046014","技嘉法興2B購03","0.00","","2376","技嘉","186.00","＋","認購","歐式","112年05月26日","112年11月27日","112年11月23日","112年11月27日","0.20","    220.00","","",
="046015","聯發科法興2B購02","0.00","","2454","聯發科","738.00","＋","認購","歐式","112年05月26日","112年11月27日","112年11月23日","112年11月27日","0.02","    780.00","","",
="046016","聯發科法興2B購03","0.00","","2454","聯發科","738.00","＋","認購","歐式","112年05月26日","112年11月27日","112年11月23日","112年11月27日","0.02","    850.00","","",
="046017","華航法興2B購01","1.38","","2610","華航","21.65","＋","認購","歐式","112年05月26日","112年11月27日","112年11月23日","112年11月27日","1.00","    27.00","","",
="046018","長榮航法興2B購02","1.91","＋","2618","長榮航","33.60","＋","認購","歐式","112年05月26日","112年11月27日","112年11月23日","112年11月27日","0.70","    40.00","","",
="046019","開發金法興31購01","0.00","","2883","開發金","12.80","－","認購","歐式","112年05月26日","113年01月25日","113年01月23日","113年01月25日","1.00","    15.50","","",
="04601P","台達電國泰26售01","0.00","","2308","台達電","315.50","－","認售","歐式","111年10月24日","112年06月26日","112年06月20日","112年06月26日","0.10","    219.00","","",
="04601U","聯電凱基28售11","1.02","－","2303","聯電","51.20","＋","認售","歐式","112年02月23日","112年08月22日","112年08月18日","112年08月22日","0.40","    49.00","","",
="046020","中磊法興2B購01","1.19","","5388","中磊","93.30","＋","認購","歐式","112年05月26日","112年11月27日","112年11月23日","112年11月27日","0.20","    115.00","","",
="046021","中興電元富2C購02","0.00","","1513","中興電","113.50","＋","認購","美式","112年05月26日","112年05月26日","112年12月21日","112年12月25日","0.13","    155.00","","",
="046022","光罩元富2B購01","0.98","","2338","光罩","81.80","＋","認購","美式","112年05月26日","112年05月26日","112年11月23日","112年11月27日","0.152","    96.24","","",
="046023","金像電元富32購02","0.00","","2368","金像電","121.50","","認購","美式","112年05月26日","112年05月26日","113年02月22日","113年02月26日","0.10","    140.00","","",
="046024","世芯元富32購03","1.36","","3661","世芯-KY","1,660.00","＋","認購","美式","112年05月26日","112年05月26日","113年02月22日","113年02月26日","0.007","    2,325.00","","",
="046025","乙盛元富2C購01","1.91","＋","5243","乙盛-KY","83.70","＋","認購","美式","112年05月26日","112年05月26日","112年12月21日","112年12月25日","0.20","    97.00","","",
="046026","康舒元富2B購02","0.86","＋","6282","康舒","44.05","＋","認購","美式","112年05月26日","112年05月26日","112年11月23日","112年11月27日","0.20","    50.00","","",
="046027","愛普元富32購01","1.81","","6531","愛普*","328.50","＋","認購","美式","112年05月26日","112年05月26日","113年02月22日","113年02月26日","0.023","    310.00","","",
="046028","台灣50元大2C購13","0.00","",="0050","元大台灣50","126.75","＋","認購","美式","112年05月26日","112年05月26日","112年12月21日","112年12月25日","0.80","    138.00","","",
="046029","台灣50元大2C購14","0.00","",="0050","元大台灣50","126.75","＋","認購","美式","112年05月26日","112年05月26日","112年12月21日","112年12月25日","0.30","    128.00","","",
="04602P","T50反1元富27售10","0.00","",="00632R","元大台灣50反1","4.94","－","認售","歐式","111年10月24日","112年07月24日","112年07月20日","112年07月24日","1.00","    6.60","","",
="04602U","國泰金凱基28售02","0.50","","2882","國泰金","44.75","＋","認售","歐式","112年02月23日","112年08月22日","112年08月18日","112年08月22日","0.50","    40.00","","",
="046030","台灣50元大2C購15","0.00","",="0050","元大台灣50","126.75","＋","認購","美式","112年05月26日","112年05月26日","112年12月21日","112年12月25日","0.15","    119.00","","",
="046031","台灣50元大31購10","0.00","",="0050","元大台灣50","126.75","＋","認購","美式","112年05月26日","112年05月26日","113年01月23日","113年01月25日","0.40","    130.00","","",
="046032","台灣50元大31購11","0.00","",="0050","元大台灣50","126.75","＋","認購","美式","112年05月26日","112年05月26日","113年01月23日","113年01月25日","0.25","    125.00","","",
="046033","FBNQ2X元大2C購02","0.00","",="00670L","富邦NASDAQ正2","78.90","＋","認購","美式","112年05月26日","112年05月26日","112年12月21日","112年12月25日","0.10","    85.00","","",
="046034","FBNQ2X元大2C購03","0.00","",="00670L","富邦NASDAQ正2","78.90","＋","認購","美式","112年05月26日","112年05月26日","112年12月21日","112年12月25日","0.10","    81.00","","",
="046035","聚陽元大2B購02","0.75","","1477","聚陽","219.00","＋","認購","美式","112年05月26日","112年05月26日","112年11月23日","112年11月27日","0.073","    278.00","","",
="046036","中興電元大2C購05","0.00","","1513","中興電","113.50","＋","認購","美式","112年05月26日","112年05月26日","112年12月21日","112年12月25日","0.11","    170.00","","",
="046037","寶齡元大2B購02","0.00","","1760","寶齡富錦","148.50","","認購","美式","112年05月26日","112年05月26日","112年11月23日","112年11月27日","0.052","    175.00","","",
="046038","裕隆元大2C購09","1.61","","2201","裕隆","82.80","＋","認購","美式","112年05月26日","112年05月26日","112年12月21日","112年12月25日","0.218","    100.50","","",
="046039","中華元大2C購05","0.00","","2204","中華","91.60","－","認購","美式","112年05月26日","112年05月26日","112年12月21日","112年12月25日","0.65","    125.00","","",
="04603U","晶豪科凱基28售05","0.48","","3006","晶豪科","88.20","＋","認售","歐式","112年02月23日","112年08月22日","112年08月18日","112年08月22日","0.15","    70.00","","",
="046040","宏碁元大2B購04","0.00","","2353","宏碁","31.05","＋","認購","美式","112年05月26日","112年05月26日","112年11月23日","112年11月27日","0.90","    38.25","","",
="046041","宏碁元大2B購05","1.25","－","2353","宏碁","31.05","＋","認購","美式","112年05月26日","112年05月26日","112年11月23日","112年11月27日","0.521","    33.30","","",
="046042","漢翔元大2C購07","1.54","＋","2634","漢翔","55.80","＋","認購","美式","112年05月26日","112年05月26日","112年12月21日","112年12月25日","0.36","    73.30","","",
="046043","新光金元大31購01","0.00","","2888","新光金","8.63","＋","認購","美式","112年05月26日","112年05月26日","113年01月23日","113年01月25日","1.00","    10.00","","",
="046044","大立光元大2B購08","1.03","","3008","大立光","2,305.00","＋","認購","美式","112年05月26日","112年05月26日","112年11月23日","112年11月27日","0.007","    2,695.00","","",
="046045","大立光元大2C購08","0.00","","3008","大立光","2,305.00","＋","認購","美式","112年05月26日","112年05月26日","112年12月21日","112年12月25日","0.005","    2,510.00","","",
="046046","大立光元大31購07","0.00","","3008","大立光","2,305.00","＋","認購","美式","112年05月26日","112年05月26日","113年01月23日","113年01月25日","0.008","    2,895.00","","",
="046047","聯陽元大2B購03","0.00","","3014","聯陽","113.50","＋","認購","美式","112年05月26日","112年05月26日","112年11月23日","112年11月27日","0.108","    135.00","","",
="046048","奇鋐元大2C購17","1.86","＋","3017","奇鋐","206.00","－","認購","美式","112年05月26日","112年05月26日","112年12月21日","112年12月25日","0.053","    217.50","","",
="046049","欣興元大2C購18","2.67","－","3037","欣興","182.50","－","認購","美式","112年05月26日","112年05月26日","112年12月21日","112年12月25日","0.171","    239.00","","",
="04604U","威強電凱基28售02","0.43","－","3022","威強電","91.20","＋","認售","歐式","112年02月23日","112年08月22日","112年08月18日","112年08月22日","0.15","    70.00","","",
="046050","緯創元大2C購18","3.77","＋","3231","緯創","68.00","＋","認購","美式","112年05月26日","112年05月26日","112年12月21日","112年12月25日","0.40","    80.00","","",
="046051","創意元大2C購13","1.37","＋","3443","創意","1,515.00","＋","認購","美式","112年05月26日","112年05月26日","112年12月21日","112年12月25日","0.005","    1,850.00","","",
="046052","碩天元大2B購02","0.00","","3617","碩天","191.00","－","認購","美式","112年05月26日","112年05月26日","112年11月23日","112年11月27日","0.08","    290.25","","",
="046053","碩天元大2B購03","1.28","","3617","碩天","191.00","－","認購","美式","112年05月26日","112年05月26日","112年11月23日","112年11月27日","0.069","    274.40","","",
="046054","世芯元大2C購13","1.04","－","3661","世芯-KY","1,660.00","＋","認購","美式","112年05月26日","112年05月26日","112年12月21日","112年12月25日","0.006","    2,370.00","","",
="046055","乙盛元大2B購03","0.70","＋","5243","乙盛-KY","83.70","＋","認購","美式","112年05月26日","112年05月26日","112年11月23日","112年11月27日","0.09","    100.00","","",
="046056","亞翔元大2B購04","1.46","＋","6139","亞翔","63.80","－","認購","美式","112年05月26日","112年05月26日","112年11月23日","112年11月27日","0.216","    74.10","","",
="046057","伊雲谷元大2B購05","1.29","－","6689","伊雲谷","162.50","＋","認購","美式","112年05月26日","112年05月26日","112年11月23日","112年11月27日","0.042","    185.00","","",
="046058","伊雲谷元大31購03","0.00","","6689","伊雲谷","162.50","＋","認購","美式","112年05月26日","112年05月26日","113年01月23日","113年01月25日","0.038","    205.00","","",
="046059","茂順元大2B購08","0.00","","9942","茂順","155.00","－","認購","美式","112年05月26日","112年05月26日","112年11月23日","112年11月27日","0.047","    177.50","","",
="04605U","聯詠凱基28售06","0.00","","3034","聯詠","423.50","＋","認售","歐式","112年02月23日","112年08月22日","112年08月18日","112年08月22日","0.06","    360.00","","",
="046060","T50反1中信35購02","0.00","",="00632R","元大台灣50反1","4.94","－","認購","歐式","112年05月29日","113年05月28日","113年05月24日","113年05月28日","1.00","    4.80","","",
="046061","台光電中信2B購01","0.00","","2383","台光電","204.50","＋","認購","歐式","112年05月29日","112年11月28日","112年11月24日","112年11月28日","0.10","    280.00","","",
="046062","聯陽中信2C購01","0.00","","3014","聯陽","113.50","＋","認購","歐式","112年05月29日","112年12月28日","112年12月26日","112年12月28日","0.06","    138.00","","",
="046063","緯創中信2C購01","3.33","＋","3231","緯創","68.00","＋","認購","歐式","112年05月29日","112年12月28日","112年12月26日","112年12月28日","0.50","    84.00","","",
="046064","亞翔中信2B購01","0.00","","6139","亞翔","63.80","－","認購","歐式","112年05月29日","112年11月28日","112年11月24日","112年11月28日","0.12","    82.00","","",
="046065","愛普中信31購01","0.00","","6531","愛普*","328.50","＋","認購","歐式","112年05月29日","113年01月29日","113年01月25日","113年01月29日","0.02","    358.00","","",
="046066","臺股指中信32購06","1.48","－","IX0001","臺股指數","16,636.30","","認購","歐式","112年05月29日","113年02月29日","113年02月26日","113年02月29日","0.001","    16,000.00","","",
="046067","晶豪科康和2B購01","1.18","＋","3006","晶豪科","88.20","＋","認購","美式","112年05月29日","112年05月29日","112年11月24日","112年11月28日","0.095","    90.00","","",
="046068","視陽康和2B購01","0.00","","6782","視陽","230.00","＋","認購","美式","112年05月29日","112年05月29日","112年11月24日","112年11月28日","0.04","    270.00","","",
="046069","富邦媒康和2C購01","0.00","","8454","富邦媒","703.00","＋","認購","美式","112年05月29日","112年05月29日","112年12月26日","112年12月28日","0.02","    900.00","","",
="04606P","大立光中信26售04","0.00","","3008","大立光","2,305.00","＋","認售","歐式","111年12月15日","112年06月14日","112年06月12日","112年06月14日","0.005","    2,136.68","","",
="04606U","臺股指凱基29售38","0.00","","IX0001","臺股指數","16,636.30","","認售","歐式","112年02月23日","112年09月22日","112年09月20日","112年09月22日","0.002","    14,500.00","","",
="046070","滬深2X永豐2C購01","0.00","",="00637L","元大滬深300正2","13.77","－","認購","美式","112年05月29日","112年05月29日","112年12月26日","112年12月28日","1.00","    13.96","","",
="046071","A50正2永豐2B購02","1.77","－",="00655L","國泰中國A50正2","24.65","－","認購","美式","112年05月29日","112年05月29日","112年11月24日","112年11月28日","0.698","    26.19","","",
="046072","台泥永豐31購01","0.00","","1101","台泥","38.15","＋","認購","美式","112年05月29日","112年05月29日","113年01月25日","113年01月29日","0.58","    42.59","","",
="046073","技嘉永豐31購01","1.23","＋","2376","技嘉","186.00","＋","認購","美式","112年05月29日","112年05月29日","113年01月25日","113年01月29日","0.11","    247.50","","",
="046074","緯創永豐31購01","1.70","＋","3231","緯創","68.00","＋","認購","美式","112年05月29日","112年05月29日","113年01月25日","113年01月29日","0.25","    84.15","","",
="046075","晶睿永豐32購01","0.00","","3454","晶睿","182.50","＋","認購","美式","112年05月29日","112年05月29日","113年02月26日","113年02月29日","0.035","    209.30","","",
="046076","視陽永豐2B購02","0.00","","6782","視陽","230.00","＋","認購","美式","112年05月29日","112年05月29日","112年11月24日","112年11月28日","0.055","    300.00","","",
="046077","愛普兆豐2B購02","0.00","","6531","愛普*","328.50","＋","認購","美式","112年05月29日","112年05月29日","112年11月24日","112年11月28日","0.04","    420.00","","",
="046078","中鋼台新2B購01","0.00","","2002","中鋼","29.05","－","認購","歐式","112年05月29日","112年11月28日","112年11月24日","112年11月28日","0.80","    31.35","","",
="046079","中興電統一35購01","0.00","","1513","中興電","113.50","＋","認購","美式","112年05月29日","112年05月29日","113年05月24日","113年05月28日","0.025","    150.00","","",
="04607U","臺股指凱基2A售28","0.00","","IX0001","臺股指數","16,636.30","","認售","歐式","112年02月23日","112年10月23日","112年10月19日","112年10月23日","0.003","    13,700.00","","",
="046080","金像電統一32購02","1.01","－","2368","金像電","121.50","","認購","美式","112年05月29日","112年05月29日","113年02月26日","113年02月29日","0.06","    154.90","","",
="046081","緯創統一33購01","1.18","＋","3231","緯創","68.00","＋","認購","美式","112年05月29日","112年05月29日","113年03月26日","113年03月28日","0.08","    76.00","","",
="046082","世芯統一35購01","0.00","","3661","世芯-KY","1,660.00","＋","認購","美式","112年05月29日","112年05月29日","113年05月24日","113年05月28日","0.002","    2,300.00","","",
="046083","康舒統一35購01","0.00","","6282","康舒","44.05","＋","認購","美式","112年05月29日","112年05月29日","113年05月24日","113年05月28日","0.10","    53.50","","",
="046084","南電統一32購02","0.00","","8046","南電","302.50","－","認購","美式","112年05月29日","112年05月29日","113年02月26日","113年02月29日","0.025","    350.00","","",
="046085","上証2X元富2C購01","0.00","",="00633L","富邦上証正2","35.01","－","認購","美式","112年05月29日","112年05月29日","112年12月26日","112年12月28日","0.50","    39.00","","",
="046086","滬深2X元富35購01","0.00","",="00637L","元大滬深300正2","13.77","－","認購","美式","112年05月29日","112年05月29日","113年05月24日","113年05月28日","1.00","    16.00","","",
="046087","華夏元富2B購01","0.00","","1305","華夏","23.85","－","認購","美式","112年05月29日","112年05月29日","112年11月24日","112年11月28日","1.00","    30.00","","",
="046088","中興電元富31購06","2.18","＋","1513","中興電","113.50","＋","認購","美式","112年05月29日","112年05月29日","113年01月25日","113年01月29日","0.15","    125.00","","",
="046089","大亞元富2C購01","0.00","","1609","大亞","31.00","＋","認購","美式","112年05月29日","112年05月29日","112年12月26日","112年12月28日","0.798","    45.00","","",
="04608U","臺股指凱基2A售29","0.00","","IX0001","臺股指數","16,636.30","","認售","歐式","112年02月23日","112年10月23日","112年10月19日","112年10月23日","0.002","    14,200.00","","",
="046090","台積電元富2B購13","0.00","","2330","台積電","568.00","＋","認購","美式","112年05月29日","112年05月29日","112年11月24日","112年11月28日","0.02","    550.00","","",
="046091","緯創元富2B購07","1.68","＋","3231","緯創","68.00","＋","認購","美式","112年05月29日","112年05月29日","112年11月24日","112年11月28日","0.15","    65.00","","",
="046092","群創元富2B購01","0.00","","3481","群創","14.10","＋","認購","美式","112年05月29日","112年05月29日","112年11月24日","112年11月28日","0.70","    15.00","","",
="046093","富邦媒元富2B購02","0.00","","8454","富邦媒","703.00","＋","認購","美式","112年05月29日","112年05月29日","112年11月24日","112年11月28日","0.02","    760.00","","",
="046094","台積電麥證2B購11","0.00","","2330","台積電","568.00","＋","認購","歐式","112年05月29日","112年11月28日","112年11月24日","112年11月28日","0.31","    777.00","","",
="046095","乙盛麥證2B購02","0.78","－","5243","乙盛-KY","83.70","＋","認購","歐式","112年05月29日","112年11月28日","112年11月24日","112年11月28日","0.195","    125.00","","",
="046096","緯創第一2C購02","0.00","","3231","緯創","68.00","＋","認購","美式","112年05月29日","112年05月29日","112年12月26日","112年12月28日","0.123","    72.85","","",
="046097","緯創第一35購01","1.73","＋","3231","緯創","68.00","＋","認購","美式","112年05月29日","112年05月29日","113年05月24日","113年05月28日","0.111","    79.19","","",
="046098","台灣50凱基2B購11","0.00","",="0050","元大台灣50","126.75","＋","認購","美式","112年05月29日","112年05月29日","112年11月24日","112年11月28日","0.75","    131.00","","",
="046099","台灣50凱基2C購18","2.56","－",="0050","元大台灣50","126.75","＋","認購","美式","112年05月29日","112年05月29日","112年12月26日","112年12月28日","1.00","    138.00","","",
="04609U","臺股指凱基2C售13","0.43","","IX0001","臺股指數","16,636.30","","認售","歐式","112年02月23日","112年12月22日","112年12月20日","112年12月22日","0.008","    8,000.00","","",
="046100","FBNQ2X凱基2C購03","0.00","",="00670L","富邦NASDAQ正2","78.90","＋","認購","美式","112年05月29日","112年05月29日","112年12月26日","112年12月28日","0.20","    88.00","","",
="046101","三陽凱基2B購04","1.28","－","2206","三陽工業","74.20","＋","認購","美式","112年05月29日","112年05月29日","112年11月24日","112年11月28日","0.30","    100.00","","",
="046102","台積電凱基2B購20","0.00","","2330","台積電","568.00","＋","認購","美式","112年05月29日","112年05月29日","112年11月24日","112年11月28日","0.20","    690.00","","",
="046103","台積電凱基32購03","3.99","＋","2330","台積電","568.00","＋","認購","美式","112年05月29日","112年05月29日","113年02月26日","113年02月29日","0.07","    585.00","","",
="046104","華航凱基2C購01","1.66","＋","2610","華航","21.65","＋","認購","美式","112年05月29日","112年05月29日","112年12月26日","112年12月28日","0.60","    21.00","","",
="046105","長榮航凱基2B購08","1.86","＋","2618","長榮航","33.60","＋","認購","美式","112年05月29日","112年05月29日","112年11月24日","112年11月28日","1.00","    38.00","","",
="046106","零壹凱基31購03","1.31","＋","3029","零壹","67.30","＋","認購","美式","112年05月29日","112年05月29日","113年01月25日","113年01月29日","0.084","    64.00","","",
="046107","緯創凱基2B購21","3.95","＋","3231","緯創","68.00","＋","認購","美式","112年05月29日","112年05月29日","112年11月24日","112年11月28日","0.55","    83.00","","",
="046108","緯創凱基2C購06","3.15","＋","3231","緯創","68.00","＋","認購","美式","112年05月29日","112年05月29日","112年12月26日","112年12月28日","0.30","    74.00","","",
="046109","緯創凱基31購07","0.00","","3231","緯創","68.00","＋","認購","美式","112年05月29日","112年05月29日","113年01月25日","113年01月29日","0.16","    64.00","","",
="04610U","T50反1元富2B售05","0.00","",="00632R","元大台灣50反1","4.94","－","認售","歐式","112年02月23日","112年11月22日","112年11月20日","112年11月22日","1.00","    5.70","","",
="046110","創意凱基31購09","1.72","＋","3443","創意","1,515.00","＋","認購","美式","112年05月29日","112年05月29日","113年01月25日","113年01月29日","0.005","    1,520.00","","",
="046111","世芯凱基2B購12","0.00","","3661","世芯-KY","1,660.00","＋","認購","美式","112年05月29日","112年05月29日","112年11月24日","112年11月28日","0.006","    1,960.00","","",
="046112","台耀凱基2B購02","0.00","","4746","台耀","84.00","＋","認購","美式","112年05月29日","112年05月29日","112年11月24日","112年11月28日","0.10","    100.00","","",
="046113","康舒凱基2B購05","1.44","＋","6282","康舒","44.05","＋","認購","美式","112年05月29日","112年05月29日","112年11月24日","112年11月28日","0.85","    64.00","","",
="046114","啟碁凱基2B購05","0.00","","6285","啟碁","87.50","＋","認購","美式","112年05月29日","112年05月29日","112年11月24日","112年11月28日","0.15","    90.00","","",
="046115","樺漢凱基2B購05","1.23","－","6414","樺漢","281.00","＋","認購","美式","112年05月29日","112年05月29日","112年11月24日","112年11月28日","0.06","    310.00","","",
="046116","矽力凱基31購01","0.00","","6415","矽力*-KY","394.50","＋","認購","美式","112年05月29日","112年05月29日","113年01月25日","113年01月29日","0.025","    450.00","","",
="046117","晶心科凱基2B購03","1.68","＋","6533","晶心科","511.00","＋","認購","美式","112年05月29日","112年05月29日","112年11月24日","112年11月28日","0.045","    660.00","","",
="046118","緯穎凱基31購02","1.30","＋","6669","緯穎","1,205.00","＋","認購","美式","112年05月29日","112年05月29日","113年01月25日","113年01月29日","0.01","    1,570.00","","",
="046119","惠特凱基2B購01","0.95","＋","6706","惠特","82.70","＋","認購","美式","112年05月29日","112年05月29日","112年11月24日","112年11月28日","0.20","    110.00","","",
="04611U","華新元富28售07","0.00","","1605","華新","46.60","＋","認售","歐式","112年02月23日","112年08月22日","112年08月18日","112年08月22日","0.25","    57.00","","",
="046120","力智凱基2C購03","1.50","＋","6719","力智","303.00","＋","認購","美式","112年05月29日","112年05月29日","112年12月26日","112年12月28日","0.045","    350.00","","",
="046121","南電凱基2B購14","0.00","","8046","南電","302.50","－","認購","美式","112年05月29日","112年05月29日","112年11月24日","112年11月28日","0.035","    300.00","","",
="046122","滬深2X國票2C購05","0.00","",="00637L","元大滬深300正2","13.77","－","認購","美式","112年05月29日","112年05月29日","112年12月26日","112年12月28日","1.00","    18.00","","",
="046123","FB越南國票31購01","0.97","－",="00885","富邦越南","11.45","＋","認購","美式","112年05月29日","112年05月29日","113年01月25日","113年01月29日","1.00","    12.00","","",
="046124","寶齡國票31購02","0.00","","1760","寶齡富錦","148.50","","認購","美式","112年05月29日","112年05月29日","113年01月25日","113年01月29日","0.093","    200.00","","",
="046125","中華國票2C購04","0.00","","2204","中華","91.60","－","認購","美式","112年05月29日","112年05月29日","112年12月26日","112年12月28日","1.00","    134.00","","",
="046126","三陽國票2C購03","4.74","＋","2206","三陽工業","74.20","＋","認購","美式","112年05月29日","112年05月29日","112年12月26日","112年12月28日","1.00","    108.00","","",
="046127","廣宇國票2C購01","1.86","＋","2328","廣宇","39.40","＋","認購","美式","112年05月29日","112年05月29日","112年12月26日","112年12月28日","0.50","    43.00","","",
="046128","宏達電國票2C購04","1.98","＋","2498","宏達電","61.50","＋","認購","美式","112年05月29日","112年05月29日","112年12月26日","112年12月28日","0.28","    65.00","","",
="046129","長榮國票2C購05","0.00","","2603","長榮","157.00","＋","認購","美式","112年05月29日","112年05月29日","112年12月26日","112年12月28日","0.30","    210.00","","",
="04612P","大立光中信27售02","0.00","","3008","大立光","2,305.00","＋","認售","歐式","111年12月15日","112年07月14日","112年07月12日","112年07月14日","0.005","    1,940.66","","",
="04612U","台積電元富28售20","0.00","","2330","台積電","568.00","＋","認售","歐式","112年02月23日","112年08月22日","112年08月18日","112年08月22日","0.02","    497.31","","",
="046130","雲品國票2C購02","0.00","","2748","雲品","90.00","－","認購","美式","112年05月29日","112年05月29日","112年12月26日","112年12月28日","0.20","    140.00","","",
="046131","八方國票2C購01","0.00","","2753","八方雲集","167.00","","認購","美式","112年05月29日","112年05月29日","112年12月26日","112年12月28日","0.216","    255.00","","",
="046132","奇鋐國票2C購05","0.00","","3017","奇鋐","206.00","－","認購","美式","112年05月29日","112年05月29日","112年12月26日","112年12月28日","0.16","    280.00","","",
="046133","欣興國票2C購06","2.75","＋","3037","欣興","182.50","－","認購","美式","112年05月29日","112年05月29日","112年12月26日","112年12月28日","0.25","    250.00","","",
="046134","融程電國票2C購01","0.00","","3416","融程電","113.50","＋","認購","美式","112年05月29日","112年05月29日","112年12月26日","112年12月28日","0.08","    140.00","","",
="046135","同欣電國票2C購01","1.39","＋","6271","同欣電","179.50","＋","認購","美式","112年05月29日","112年05月29日","112年12月26日","112年12月28日","0.07","    200.00","","",
="046136","矽力國票2C購04","0.00","","6415","矽力*-KY","394.50","＋","認購","美式","112年05月29日","112年05月29日","112年12月26日","112年12月28日","0.03","    450.00","","",
="046137","惠特國票2C購01","0.00","","6706","惠特","82.70","＋","認購","美式","112年05月29日","112年05月29日","112年12月26日","112年12月28日","0.40","    124.00","","",
="046138","威鋒電國票2C購01","1.77","＋","6756","威鋒電子","223.00","＋","認購","美式","112年05月29日","112年05月29日","112年12月26日","112年12月28日","0.10","    260.00","","",
="046139","三陽國泰31購01","0.00","","2206","三陽工業","74.20","＋","認購","美式","112年05月29日","112年05月29日","113年01月25日","113年01月29日","0.20","    89.00","","",
="04613P","瑞昱富邦27售02","0.00","","2379","瑞昱","388.00","＋","認售","歐式","111年12月15日","112年07月14日","112年07月12日","112年07月14日","0.04","    250.00","","",
="04613U","長榮航元富28售01","0.58","－","2618","長榮航","33.60","＋","認售","歐式","112年02月23日","112年08月22日","112年08月18日","112年08月22日","0.65","    27.00","","",
="046140","三陽國泰31購02","1.39","＋","2206","三陽工業","74.20","＋","認購","美式","112年05月29日","112年05月29日","113年01月25日","113年01月29日","0.20","    93.00","","",
="046141","新光金國泰31購01","0.76","＋","2888","新光金","8.63","＋","認購","美式","112年05月29日","112年05月29日","113年01月25日","113年01月29日","1.00","    9.00","","",
="046142","晶豪科國泰31購01","0.00","","3006","晶豪科","88.20","＋","認購","美式","112年05月29日","112年05月29日","113年01月25日","113年01月29日","0.20","    106.75","","",
="046143","聯詠國泰31購02","0.00","","3034","聯詠","423.50","＋","認購","美式","112年05月29日","112年05月29日","113年01月25日","113年01月29日","0.05","    465.08","","",
="046144","群創國泰31購01","1.18","＋","3481","群創","14.10","＋","認購","美式","112年05月29日","112年05月29日","113年01月25日","113年01月29日","1.00","    15.50","","",
="046145","康舒國泰31購02","1.36","－","6282","康舒","44.05","＋","認購","美式","112年05月29日","112年05月29日","113年01月25日","113年01月29日","0.40","    56.00","","",
="046146","愛普國泰31購01","0.00","","6531","愛普*","328.50","＋","認購","美式","112年05月29日","112年05月29日","113年01月25日","113年01月29日","0.05","    414.48","","",
="046147","長榮航富邦31購01","0.97","＋","2618","長榮航","33.60","＋","認購","美式","112年05月29日","112年05月29日","113年01月25日","113年01月29日","0.20","    33.00","","",
="046148","緯創富邦31購01","0.00","","3231","緯創","68.00","＋","認購","美式","112年05月29日","112年05月29日","113年01月25日","113年01月29日","0.20","    75.00","","",
="046149","元晶富邦33購01","0.95","＋","6443","元晶","36.20","＋","認購","美式","112年05月29日","112年05月29日","113年03月26日","113年03月28日","0.15","    35.00","","",
="04614P","力積電富邦27售01","0.00","","6770","力積電","30.85","＋","認售","歐式","111年12月15日","112年07月14日","112年07月12日","112年07月14日","0.404","    27.76","","",
="04614U","宏達電元大28售05","1.59","－","2498","宏達電","61.50","＋","認售","歐式","112年02月23日","112年08月22日","112年08月18日","112年08月22日","0.229","    59.60","","",
="046150","世紀鋼富邦2B購01","0.00","","9958","世紀鋼","109.50","＋","認購","美式","112年05月29日","112年05月29日","112年11月24日","112年11月28日","0.045","    108.50","","",
="046151","上証2X群益2B購03","0.00","",="00633L","富邦上証正2","35.01","－","認購","美式","112年05月29日","112年05月29日","112年11月24日","112年11月28日","1.00","    48.00","","",
="046152","滬深2X群益2B購04","1.52","－",="00637L","元大滬深300正2","13.77","－","認購","美式","112年05月29日","112年05月29日","112年11月24日","112年11月28日","1.00","    14.00","","",
="046153","元石油群益2C購01","0.00","",="00642U","期元大S&P石油(原名：元大S&P石油)","15.46","＋","認購","美式","112年05月29日","112年05月29日","112年12月26日","112年12月28日","1.00","    20.00","","",
="046154","香港2X群益31購01","0.00","",="00650L","復華香港正2（原簡稱：FH香港正2）","11.60","＋","認購","美式","112年05月29日","112年05月29日","113年01月25日","113年01月29日","0.408","    15.80","","",
="046155","FBNQ2X群益2B購04","0.00","",="00670L","富邦NASDAQ正2","78.90","＋","認購","美式","112年05月29日","112年05月29日","112年11月24日","112年11月28日","0.60","    95.00","","",
="046156","元油反群益2C購02","0.00","",="00673R","期元大S&P原油反1(原名：元大S&P原油反1)","9.03","－","認購","美式","112年05月29日","112年05月29日","112年12月26日","112年12月28日","1.00","    10.00","","",
="046157","元債2X群益2B購02","0.00","",="00680L","元大美債20正2","10.96","＋","認購","美式","112年05月29日","112年05月29日","112年11月24日","112年11月28日","1.00","    12.00","","",
="046158","SGBR2X群益2B購03","0.00","",="00715L","期街口布蘭特正2","12.73","＋","認購","美式","112年05月29日","112年05月29日","112年11月24日","112年11月28日","1.00","    16.25","","",
="046159","美費半群益2B購01","0.00","",="00830","國泰費城半導體","31.65","＋","認購","美式","112年05月29日","112年05月29日","112年11月24日","112年11月28日","1.00","    30.00","","",
="04615P","台灣50凱基27售08","0.00","",="0050","元大台灣50","126.75","＋","認售","歐式","111年12月15日","112年07月14日","112年07月12日","112年07月14日","0.205","    107.58","","",
="04615U","長榮元大28售21","0.00","","2603","長榮","157.00","＋","認售","歐式","112年02月23日","112年08月22日","112年08月18日","112年08月22日","0.341","    103.00","","",
="046160","台泥群益2C購01","0.00","","1101","台泥","38.15","＋","認購","美式","112年05月29日","112年05月29日","112年12月26日","112年12月28日","0.50","    40.00","","",
="046161","台泥群益2C購02","0.00","","1101","台泥","38.15","＋","認購","美式","112年05月29日","112年05月29日","112年12月26日","112年12月28日","1.00","    42.00","","",
="046162","光罩群益31購01","0.00","","2338","光罩","81.80","＋","認購","美式","112年05月29日","112年05月29日","113年01月25日","113年01月29日","0.184","    96.00","","",
="046163","聯發科群益2C購02","0.00","","2454","聯發科","738.00","＋","認購","美式","112年05月29日","112年05月29日","112年12月26日","112年12月28日","0.025","    785.00","","",
="046164","宏達電群益2B購08","3.13","＋","2498","宏達電","61.50","＋","認購","美式","112年05月29日","112年05月29日","112年11月24日","112年11月28日","0.80","    75.00","","",
="046165","長榮群益2B購09","0.00","","2603","長榮","157.00","＋","認購","美式","112年05月29日","112年05月29日","112年11月24日","112年11月28日","0.05","    146.00","","",
="046166","長榮群益31購01","0.00","","2603","長榮","157.00","＋","認購","美式","112年05月29日","112年05月29日","113年01月25日","113年01月29日","0.15","    193.00","","",
="046167","雲品群益2B購02","0.00","","2748","雲品","90.00","－","認購","美式","112年05月29日","112年05月29日","112年11月24日","112年11月28日","0.165","    145.80","","",
="046168","神基群益2B購02","0.00","","3005","神基","69.40","＋","認購","美式","112年05月29日","112年05月29日","112年11月24日","112年11月28日","0.50","    83.00","","",
="046169","大立光群益2B購07","0.00","","3008","大立光","2,305.00","＋","認購","美式","112年05月29日","112年05月29日","112年11月24日","112年11月28日","0.02","    2,891.00","","",
="04616U","陽明元大28售04","0.00","","2609","陽明","62.00","＋","認售","歐式","112年02月23日","112年08月22日","112年08月18日","112年08月22日","0.624","    49.20","","",
="046170","奇鋐群益2C購02","0.00","","3017","奇鋐","206.00","－","認購","美式","112年05月29日","112年05月29日","112年12月26日","112年12月28日","0.10","    215.00","","",
="046171","奇鋐群益31購01","2.07","＋","3017","奇鋐","206.00","－","認購","美式","112年05月29日","112年05月29日","113年01月25日","113年01月29日","0.07","    240.00","","",
="046172","威強電群益2C購03","0.00","","3022","威強電","91.20","＋","認購","美式","112年05月29日","112年05月29日","112年12月26日","112年12月28日","0.15","    135.50","","",
="046173","智原群益2B購03","2.82","＋","3035","智原","173.50","＋","認購","美式","112年05月29日","112年05月29日","112年11月24日","112年11月28日","0.21","    219.00","","",
="046174","欣興群益2C購06","1.19","＋","3037","欣興","182.50","－","認購","美式","112年05月29日","112年05月29日","112年12月26日","112年12月28日","0.05","    200.00","","",
="046175","緯創群益2B購06","8.60","＋","3231","緯創","68.00","＋","認購","美式","112年05月29日","112年05月29日","112年11月24日","112年11月28日","0.80","    68.00","","",
="046176","玉晶光群益2B購03","1.73","＋","3406","玉晶光","400.00","＋","認購","美式","112年05月29日","112年05月29日","112年11月24日","112年11月28日","0.038","    395.00","","",
="046177","牧德群益2B購01","1.26","－","3563","牧德","208.50","－","認購","美式","112年05月29日","112年05月29日","112年11月24日","112年11月28日","0.06","    250.00","","",
="046178","健策群益2B購06","5.55","＋","3653","健策","616.00","＋","認購","美式","112年05月29日","112年05月29日","112年11月24日","112年11月28日","0.07","    750.00","","",
="046179","世芯群益2B購06","0.00","","3661","世芯-KY","1,660.00","＋","認購","美式","112年05月29日","112年05月29日","112年11月24日","112年11月28日","0.015","    1,850.00","","",
="04617U","晶豪科元大28售05","0.96","","3006","晶豪科","88.20","＋","認售","歐式","112年02月23日","112年08月22日","112年08月18日","112年08月22日","0.119","    82.40","","",
="046180","世芯群益2C購03","0.00","","3661","世芯-KY","1,660.00","＋","認購","美式","112年05月29日","112年05月29日","112年12月26日","112年12月28日","0.004","    1,700.00","","",
="046181","臺指反元大35購04","0.00","",="00664R","國泰臺灣加權反1","5.58","－","認購","美式","112年05月29日","112年05月29日","113年05月24日","113年05月28日","1.00","    5.80","","",
="046182","臺指反元大35購05","0.00","",="00664R","國泰臺灣加權反1","5.58","－","認購","美式","112年05月29日","112年05月29日","113年05月24日","113年05月28日","1.00","    5.70","","",
="046183","東元元大2C購12","0.00","","1504","東元","51.80","＋","認購","美式","112年05月29日","112年05月29日","112年12月26日","112年12月28日","0.517","    76.80","","",
="046184","亞力元大2C購02","0.00","","1514","亞力","51.60","＋","認購","美式","112年05月29日","112年05月29日","112年12月26日","112年12月28日","0.233","    67.00","","",
="046185","永冠元大2B購04","0.00","","1589","永冠-KY","71.60","－","認購","美式","112年05月29日","112年05月29日","112年11月24日","112年11月28日","0.087","    90.00","","",
="046186","裕隆元大2C購10","1.70","－","2201","裕隆","82.80","＋","認購","美式","112年05月29日","112年05月29日","112年12月26日","112年12月28日","0.213","    98.50","","",
="046187","三陽元大2B購10","0.00","","2206","三陽工業","74.20","＋","認購","美式","112年05月29日","112年05月29日","112年11月24日","112年11月28日","0.224","    91.30","","",
="046188","技嘉元大2B購05","1.61","＋","2376","技嘉","186.00","＋","認購","美式","112年05月29日","112年05月29日","112年11月24日","112年11月28日","0.05","    190.00","","",
="046189","長榮元大2C購18","0.00","","2603","長榮","157.00","＋","認購","美式","112年05月29日","112年05月29日","112年12月26日","112年12月28日","0.097","    169.00","","",
="04618U","敦泰元大28售01","0.69","－","3545","敦泰","83.70","＋","認售","歐式","112年02月23日","112年08月22日","112年08月18日","112年08月22日","0.133","    70.00","","",
="046190","兆豐金元大2B購02","0.00","","2886","兆豐金","36.20","＋","認購","美式","112年05月29日","112年05月29日","112年11月24日","112年11月28日","0.582","    40.00","","",
="046191","大立光元大2B購09","1.29","＋","3008","大立光","2,305.00","＋","認購","美式","112年05月29日","112年05月29日","112年11月24日","112年11月28日","0.005","    2,495.00","","",
="046192","大立光元大2C購09","0.00","","3008","大立光","2,305.00","＋","認購","美式","112年05月29日","112年05月29日","112年12月26日","112年12月28日","0.006","    2,650.00","","",
="046193","大立光元大31購08","0.00","","3008","大立光","2,305.00","＋","認購","美式","112年05月29日","112年05月29日","113年01月25日","113年01月29日","0.005","    2,610.00","","",
="046194","奇鋐元大2C購18","1.76","＋","3017","奇鋐","206.00","－","認購","美式","112年05月29日","112年05月29日","112年12月26日","112年12月28日","0.061","    234.00","","",
="046195","奇鋐元大31購03","1.77","＋","3017","奇鋐","206.00","－","認購","美式","112年05月29日","112年05月29日","113年01月25日","113年01月29日","0.08","    269.00","","",
="046196","緯創元大2B購21","0.00","","3231","緯創","68.00","＋","認購","美式","112年05月29日","112年05月29日","112年11月24日","112年11月28日","0.658","    78.80","","",
="046197","緯創元大2C購19","0.00","","3231","緯創","68.00","＋","認購","美式","112年05月29日","112年05月29日","112年12月26日","112年12月28日","0.642","    83.70","","",
="046198","緯創元大31購10","0.00","","3231","緯創","68.00","＋","認購","美式","112年05月29日","112年05月29日","113年01月25日","113年01月29日","0.384","    77.50","","",
="046199","創意元大2C購14","0.00","","3443","創意","1,515.00","＋","認購","美式","112年05月29日","112年05月29日","112年12月26日","112年12月28日","0.004","    1,500.00","","",
="04619U","同欣電元大28售05","0.00","","6271","同欣電","179.50","＋","認售","歐式","112年02月23日","112年08月22日","112年08月18日","112年08月22日","0.042","    211.38","","",
="046200","創意元大31購02","0.00","","3443","創意","1,515.00","＋","認購","美式","112年05月29日","112年05月29日","113年01月25日","113年01月29日","0.005","    1,800.00","","",
="046201","敦泰元大2B購04","0.00","","3545","敦泰","83.70","＋","認購","美式","112年05月29日","112年05月29日","112年11月24日","112年11月28日","0.232","    109.50","","",
="046202","智易元大2B購01","0.85","＋","3596","智易","115.00","＋","認購","美式","112年05月29日","112年05月29日","112年11月24日","112年11月28日","0.154","    147.50","","",
="046203","世芯元大2C購14","0.00","","3661","世芯-KY","1,660.00","＋","認購","美式","112年05月29日","112年05月29日","112年12月26日","112年12月28日","0.004","    1,555.00","","",
="046204","乙盛元大2B購04","1.07","＋","5243","乙盛-KY","83.70","＋","認購","美式","112年05月29日","112年05月29日","112年11月24日","112年11月28日","0.12","    95.00","","",
="046205","虹堡元大2B購05","0.00","","5258","虹堡","91.00","＋","認購","美式","112年05月29日","112年05月29日","112年11月24日","112年11月28日","0.046","    95.00","","",
="046206","祥碩元大2C購04","0.00","","5269","祥碩","1,300.00","＋","認購","美式","112年05月29日","112年05月29日","112年12月26日","112年12月28日","0.003","    1,225.00","","",
="046207","祥碩元大31購01","0.95","＋","5269","祥碩","1,300.00","＋","認購","美式","112年05月29日","112年05月29日","113年01月25日","113年01月29日","0.004","    1,450.00","","",
="046208","同欣電元大2B購01","0.00","","6271","同欣電","179.50","＋","認購","美式","112年05月29日","112年05月29日","112年11月24日","112年11月28日","0.056","    202.00","","",
="046209","矽力元大2C購04","1.70","＋","6415","矽力*-KY","394.50","＋","認購","美式","112年05月29日","112年05月29日","112年12月26日","112年12月28日","0.022","    411.50","","",
="04620U","S&P正2中信2B售01","0.00","",="00647L","元大S&P500正2","57.80","＋","認售","歐式","112年02月24日","112年11月23日","112年11月21日","112年11月23日","0.058","    55.00","","",
="046210","南電元大2C購13","2.34","＋","8046","南電","302.50","－","認購","美式","112年05月29日","112年05月29日","112年12月26日","112年12月28日","0.127","    408.00","","",
="046211","富鼎元大2B購03","0.00","","8261","富鼎","106.50","＋","認購","美式","112年05月29日","112年05月29日","112年11月24日","112年11月28日","0.092","    130.00","","",
="04621P","裕隆凱基26售04","0.00","","2201","裕隆","82.80","＋","認售","歐式","111年12月15日","112年06月14日","112年06月12日","112年06月14日","0.18","    60.00","","",
="04621U","創意康和29售01","0.00","","3443","創意","1,515.00","＋","認售","歐式","112年02月24日","112年09月25日","112年09月21日","112年09月25日","0.012","    700.00","","",
="04622U","聯詠統一2A售01","0.00","","3034","聯詠","423.50","＋","認售","歐式","112年02月24日","112年10月23日","112年10月19日","112年10月23日","0.016","    400.00","","",
="04623U","群創統一28售01","0.72","－","3481","群創","14.10","＋","認售","歐式","112年02月24日","112年08月23日","112年08月21日","112年08月23日","0.60","    13.50","","",
="04624U","聯詠第一28售02","0.00","","3034","聯詠","423.50","＋","認售","歐式","112年02月24日","112年08月23日","112年08月21日","112年08月23日","0.025","    347.65","","",
="04625P","台積電國泰26售04","0.00","","2330","台積電","568.00","＋","認售","歐式","111年10月25日","112年06月26日","112年06月20日","112年06月26日","0.152","    321.40","","",
="04625U","台灣50凱基29售16","0.00","",="0050","元大台灣50","126.75","＋","認售","歐式","112年02月24日","112年09月25日","112年09月21日","112年09月25日","0.25","    117.00","","",
="04626P","友達國泰26售01","0.00","","2409","友達","17.65","＋","認售","歐式","111年10月25日","112年06月26日","112年06月20日","112年06月26日","1.00","    15.70","","",
="04626U","中興電凱基29售04","0.00","","1513","中興電","113.50","＋","認售","歐式","112年02月24日","112年09月25日","112年09月21日","112年09月25日","0.08","    85.00","","",
="04627P","長榮航國泰26售04","0.00","","2618","長榮航","33.60","＋","認售","歐式","111年10月25日","112年06月26日","112年06月20日","112年06月26日","0.80","    19.50","","",
="04627U","國巨凱基28售06","0.00","","2327","國巨","508.00","＋","認售","歐式","112年02月24日","112年08月23日","112年08月21日","112年08月23日","0.025","    550.00","","",
="04628U","瑞昱凱基28售07","0.05","－","2379","瑞昱","388.00","＋","認售","歐式","112年02月24日","112年08月23日","112年08月21日","112年08月23日","0.70","    200.00","","",
="04629U","美食凱基28售03","0.67","＋","2723","美食-KY","152.50","－","認售","歐式","112年02月24日","112年08月23日","112年08月21日","112年08月23日","0.10","    120.00","","",
="04630U","創意凱基28售10","0.26","－","3443","創意","1,515.00","＋","認售","歐式","112年02月24日","112年08月23日","112年08月21日","112年08月23日","0.01","    950.00","","",
="04631U","天鈺凱基28售05","0.71","－","4961","天鈺","154.00","＋","認售","歐式","112年02月24日","112年08月23日","112年08月21日","112年08月23日","0.05","    150.00","","",
="04632U","愛普凱基28售05","0.14","－","6531","愛普*","328.50","＋","認售","歐式","112年02月24日","112年08月23日","112年08月21日","112年08月23日","0.05","    195.00","","",
="04633P","台光電凱基26售01","0.02","","2383","台光電","204.50","＋","認售","歐式","111年12月15日","112年06月14日","112年06月12日","112年06月14日","0.14","    150.00","","",
="04633U","緯穎凱基28售04","0.29","－","6669","緯穎","1,205.00","＋","認售","歐式","112年02月24日","112年08月23日","112年08月21日","112年08月23日","0.016","    810.00","","",
="04634U","臺股指凱基28售12","0.18","－","IX0001","臺股指數","16,636.30","","認售","歐式","112年02月24日","112年08月23日","112年08月21日","112年08月23日","0.004","    13,400.00","","",
="04635U","臺股指凱基29售39","0.55","－","IX0001","臺股指數","16,636.30","","認售","歐式","112年02月24日","112年09月25日","112年09月21日","112年09月25日","0.001","    15,600.00","","",
="04636U","滬深2X群益29售02","0.00","",="00637L","元大滬深300正2","13.77","－","認售","歐式","112年02月24日","112年09月25日","112年09月21日","112年09月25日","1.00","    14.00","","",
="04637P","台積電群益2A售03","0.00","","2330","台積電","568.00","＋","認售","歐式","111年10月25日","112年10月24日","112年10月20日","112年10月24日","0.354","    267.01","","",
="04637U","香港2X群益2A售02","0.00","",="00650L","FH香港正2","11.60","＋","認售","歐式","112年02月24日","112年10月23日","112年10月19日","112年10月23日","0.338","    13.80","","",
="04638U","聯電群益28售07","0.00","","2303","聯電","51.20","＋","認售","歐式","112年02月24日","112年08月23日","112年08月21日","112年08月23日","1.00","    41.00","","",
="04639U","大立光群益28售10","0.00","","3008","大立光","2,305.00","＋","認售","歐式","112年02月24日","112年08月23日","112年08月21日","112年08月23日","0.016","    1,741.69","","",
="04640U","聯詠群益28售07","0.00","","3034","聯詠","423.50","＋","認售","歐式","112年02月24日","112年08月23日","112年08月21日","112年08月23日","0.08","    338.00","","",
="04641U","創意群益28售12","0.00","","3443","創意","1,515.00","＋","認售","歐式","112年02月24日","112年08月23日","112年08月21日","112年08月23日","0.021","    818.00","","",
="04642P","滬深2X元大26售03","0.12","",="00637L","元大滬深300正2","13.77","－","認售","歐式","111年10月25日","112年06月26日","112年06月20日","112年06月26日","1.00","    12.00","","",
="04642U","同欣電群益28售03","0.00","","6271","同欣電","179.50","＋","認售","歐式","112年02月24日","112年08月23日","112年08月21日","112年08月23日","0.10","    180.00","","",
="04643U","友達元富29售02","0.00","","2409","友達","17.65","＋","認售","歐式","112年02月24日","112年09月25日","112年09月21日","112年09月25日","1.00","    16.50","","",
="04644U","臺股指元富28售04","0.45","－","IX0001","臺股指數","16,636.30","","認售","歐式","112年02月24日","112年08月23日","112年08月21日","112年08月23日","0.002","    15,200.00","","",
="04645U","中興電國票29售04","0.41","－","1513","中興電","113.50","＋","認售","歐式","112年02月24日","112年09月25日","112年09月21日","112年09月25日","0.076","    90.00","","",
="04646U","晶豪科國票28售02","0.87","－","3006","晶豪科","88.20","＋","認售","歐式","112年02月24日","112年08月23日","112年08月21日","112年08月23日","0.15","    80.00","","",
="04647P","奇鋐凱基27售01","0.00","","3017","奇鋐","206.00","－","認售","歐式","111年12月15日","112年07月14日","112年07月12日","112年07月14日","0.096","    88.97","","",
="04647U","智原國票29售03","1.26","","3035","智原","173.50","＋","認售","歐式","112年02月24日","112年09月25日","112年09月21日","112年09月25日","0.317","    110.00","","",
="04648P","緯穎凱基26售02","0.00","","6669","緯穎","1,205.00","＋","認售","歐式","111年12月15日","112年06月14日","112年06月12日","112年06月14日","0.01","    800.00","","",
="04648U","創意國票29售06","0.18","－","3443","創意","1,515.00","＋","認售","歐式","112年02月24日","112年09月25日","112年09月21日","112年09月25日","0.12","    520.00","","",
="04649U","立積國票29售02","0.00","","4968","立積","170.00","＋","認售","歐式","112年02月24日","112年09月25日","112年09月21日","112年09月25日","0.024","    140.00","","",
="04650U","創意國泰2A售07","0.36","－","3443","創意","1,515.00","＋","認售","歐式","112年02月24日","112年10月23日","112年10月19日","112年10月23日","0.035","    700.00","","",
="04651U","宏達電元大28售06","0.00","","2498","宏達電","61.50","＋","認售","歐式","112年02月24日","112年08月23日","112年08月21日","112年08月23日","0.057","    68.10","","",
="04652U","陽明元大28售05","0.00","","2609","陽明","62.00","＋","認售","歐式","112年02月24日","112年08月23日","112年08月21日","112年08月23日","1.00","    37.10","","",
="04653U","長榮航元大28售12","0.00","","2618","長榮航","33.60","＋","認售","歐式","112年02月24日","112年08月23日","112年08月21日","112年08月23日","1.00","    21.80","","",
="04654U","長榮航元大28售13","0.29","－","2618","長榮航","33.60","＋","認售","歐式","112年02月24日","112年08月23日","112年08月21日","112年08月23日","1.00","    23.35","","",
="04655U","創意元大28售09","0.42","－","3443","創意","1,515.00","＋","認售","歐式","112年02月24日","112年08月23日","112年08月21日","112年08月23日","0.01","    1,000.00","","",
="04656U","台泥中信28售01","0.00","","1101","台泥","38.15","＋","認售","歐式","112年03月01日","112年08月31日","112年08月29日","112年08月31日","1.00","    30.00","","",
="04657U","臺股指中信2A售12","0.00","","IX0001","臺股指數","16,636.30","","認售","歐式","112年03月01日","112年10月02日","112年09月27日","112年10月02日","0.001","    15,000.00","","",
="04658U","臺股指中信2A售13","0.00","","IX0001","臺股指數","16,636.30","","認售","歐式","112年03月01日","112年10月02日","112年09月27日","112年10月02日","0.001","    13,888.00","","",
="04659P","天鈺元大26售02","0.00","","4961","天鈺","154.00","＋","認售","歐式","111年10月25日","112年06月26日","112年06月20日","112年06月26日","0.069","    77.00","","",
="04659U","臺股指中信2A售14","0.00","","IX0001","臺股指數","16,636.30","","認售","歐式","112年03月01日","112年10月31日","112年10月27日","112年10月31日","0.007","    7,800.00","","",
="04660P","台積電統一26售07","0.00","","2330","台積電","568.00","＋","認售","歐式","111年10月25日","112年06月26日","112年06月20日","112年06月26日","0.06","    326.44","","",
="04660U","聯詠康和28售01","0.00","","3034","聯詠","423.50","＋","認售","歐式","112年03月01日","112年08月31日","112年08月29日","112年08月31日","0.06","    330.00","","",
="04661P","長榮統一26售15","0.00","","2603","長榮","157.00","＋","認售","歐式","111年10月25日","112年06月26日","112年06月20日","112年06月26日","0.10","    102.40","","",
="04661U","聯詠永豐2A售01","0.00","","3034","聯詠","423.50","＋","認售","歐式","112年03月01日","112年10月31日","112年10月27日","112年10月31日","0.045","    367.43","","",
="04662U","瑞昱元富28售02","1.00","","2379","瑞昱","388.00","＋","認售","歐式","112年03月01日","112年08月31日","112年08月29日","112年08月31日","0.05","    340.00","","",
="04663U","義隆元富28售01","0.55","－","2458","義隆","104.00","＋","認售","歐式","112年03月01日","112年08月31日","112年08月29日","112年08月31日","0.165","    87.31","","",
="04664P","臺股指凱基26售54","0.00","","IX0001","臺股指數","16,636.30","","認售","歐式","111年12月15日","112年06月14日","112年06月12日","112年06月14日","0.004","    12,400.00","","",
="04664U","康舒元富28售01","0.48","","6282","康舒","44.05","＋","認售","歐式","112年03月01日","112年08月31日","112年08月29日","112年08月31日","0.139","    40.00","","",
="04665U","台灣50群益28售10","0.00","",="0050","元大台灣50","126.75","＋","認售","歐式","112年03月01日","112年08月31日","112年08月29日","112年08月31日","0.50","    110.00","","",
="04666P","台積電凱基26售07","0.00","","2330","台積電","568.00","＋","認售","歐式","111年10月25日","112年06月26日","112年06月20日","112年06月26日","0.102","    321.40","","",
="04666U","台灣50群益28售11","0.00","",="0050","元大台灣50","126.75","＋","認售","歐式","112年03月01日","112年08月31日","112年08月29日","112年08月31日","0.30","    112.00","","",
="04667P","台積電凱基28售08","0.00","","2330","台積電","568.00","＋","認售","歐式","111年10月25日","112年08月24日","112年08月22日","112年08月24日","0.202","    267.01","","",
="04667U","台灣50群益2A售01","0.91","－",="0050","元大台灣50","126.75","＋","認售","歐式","112年03月01日","112年10月02日","112年09月27日","112年10月02日","1.00","    100.00","","",
="04668P","南亞科凱基26售03","0.00","","2408","南亞科","71.20","－","認售","歐式","111年10月25日","112年06月26日","112年06月20日","112年06月26日","1.00","    35.00","","",
="04668U","金像電群益28售03","0.00","","2368","金像電","121.50","","認售","歐式","112年03月01日","112年08月31日","112年08月29日","112年08月31日","0.311","    70.31","","",
="04669U","欣興群益28售04","0.42","","3037","欣興","182.50","－","認售","歐式","112年03月01日","112年08月31日","112年08月29日","112年08月31日","0.11","    130.00","","",
="04670P","臺股指凱基26售55","0.00","","IX0001","臺股指數","16,636.30","","認售","歐式","111年12月15日","112年06月14日","112年06月12日","112年06月14日","0.007","    11,300.00","","",
="04670U","晶睿群益2A售01","0.00","","3454","晶睿","182.50","＋","認售","歐式","112年03月01日","112年10月31日","112年10月27日","112年10月31日","0.17","    115.00","","",
="04671U","嘉澤群益28售10","0.00","","3533","嘉澤","909.00","－","認售","歐式","112年03月01日","112年08月31日","112年08月29日","112年08月31日","0.033","    662.76","","",
="04672U","聯詠國泰2A售02","0.31","－","3034","聯詠","423.50","＋","認售","歐式","112年03月01日","112年10月31日","112年10月27日","112年10月31日","0.05","    318.44","","",
="04673P","臺股指凱基26售56","0.00","","IX0001","臺股指數","16,636.30","","認售","歐式","111年12月15日","112年06月14日","112年06月12日","112年06月14日","0.003","    13,500.00","","",
="04673U","美食國票2A售01","0.00","","2723","美食-KY","152.50","－","認售","歐式","112年03月01日","112年10月02日","112年09月27日","112年10月02日","0.074","    130.00","","",
="04674U","聯詠國票28售04","0.00","","3034","聯詠","423.50","＋","認售","歐式","112年03月01日","112年08月31日","112年08月29日","112年08月31日","0.04","    400.00","","",
="04675U","聯詠國票2A售01","0.74","－","3034","聯詠","423.50","＋","認售","歐式","112年03月01日","112年10月02日","112年09月27日","112年10月02日","0.06","    350.00","","",
="04676U","GIS國票28售02","0.00","","6456","GIS-KY","75.40","＋","認售","歐式","112年03月01日","112年08月31日","112年08月29日","112年08月31日","0.21","    66.75","","",
="04677U","寶齡元大28售07","0.00","","1760","寶齡富錦","148.50","","認售","歐式","112年03月01日","112年08月31日","112年08月29日","112年08月31日","0.044","    144.00","","",
="04678P","臺股指凱基26售57","0.00","","IX0001","臺股指數","16,636.30","","認售","歐式","111年12月15日","112年06月14日","112年06月12日","112年06月14日","0.002","    14,700.00","","",
="04678U","宏達電元大28售07","1.02","－","2498","宏達電","61.50","＋","認售","歐式","112年03月01日","112年08月31日","112年08月29日","112年08月31日","0.217","    53.80","","",
="04679P","臺股指凱基2A售11","0.00","","IX0001","臺股指數","16,636.30","","認售","歐式","111年12月15日","112年10月16日","112年10月12日","112年10月16日","0.005","    9,200.00","","",
="04679U","同欣電元大28售06","0.00","","6271","同欣電","179.50","＋","認售","歐式","112年03月01日","112年08月31日","112年08月29日","112年08月31日","0.036","    219.00","","",
="04680U","FBNQ2X凱基2B售02","0.00","",="00670L","富邦NASDAQ正2","78.90","＋","認售","歐式","112年03月01日","112年11月30日","112年11月28日","112年11月30日","0.30","    44.00","","",
="04681U","美費半凱基2A售03","0.00","",="00830","國泰費城半導體","31.65","＋","認售","歐式","112年03月01日","112年10月31日","112年10月27日","112年10月31日","0.60","    22.00","","",
="04682U","中興電凱基2A售02","0.22","－","1513","中興電","113.50","＋","認售","歐式","112年03月01日","112年10月02日","112年09月27日","112年10月02日","0.10","    75.00","","",
="04683U","華碩凱基28售02","0.00","","2357","華碩","303.50","－","認售","歐式","112年03月01日","112年08月31日","112年08月29日","112年08月31日","0.15","    230.00","","",
="04684U","友達凱基28售05","0.75","－","2409","友達","17.65","＋","認售","歐式","112年03月01日","112年08月31日","112年08月29日","112年08月31日","1.00","    16.00","","",
="04685P","友達國票28售01","0.00","","2409","友達","17.65","＋","認售","歐式","111年10月26日","112年08月25日","112年08月23日","112年08月25日","1.00","    10.00","","",
="04685U","八方凱基28售02","0.00","","2753","八方雲集","167.00","","認售","歐式","112年03月01日","112年08月31日","112年08月29日","112年08月31日","0.03","    220.00","","",
="04686U","晶睿凱基28售04","0.00","","3454","晶睿","182.50","＋","認售","歐式","112年03月01日","112年08月31日","112年08月29日","112年08月31日","0.027","    210.00","","",
="04687P","國泰金國票27售01","0.00","","2882","國泰金","44.75","＋","認售","歐式","111年10月26日","112年07月25日","112年07月21日","112年07月25日","1.016","    23.63","","",
="04687U","台達電中信29售02","0.00","","2308","台達電","315.50","－","認售","歐式","112年03月02日","112年09月01日","112年08月30日","112年09月01日","0.028","    268.00","","",
="04688P","電子類凱基26售06","0.00","","IX0027","電子類","797.58","","認售","歐式","111年12月15日","112年06月14日","112年06月12日","112年06月14日","0.04","    630.00","","",
="04688U","瑞昱中信29售01","0.00","","2379","瑞昱","388.00","＋","認售","歐式","112年03月02日","112年09月01日","112年08月30日","112年09月01日","0.02","    360.00","","",
="04689U","智原中信29售01","0.00","","3035","智原","173.50","＋","認售","歐式","112年03月02日","112年09月01日","112年08月30日","112年09月01日","0.04","    160.00","","",
="04690U","威盛統一29售02","0.00","","2388","威盛","83.10","＋","認售","歐式","112年03月02日","112年09月01日","112年08月30日","112年09月01日","0.068","    70.77","","",
="04691U","聯詠統一29售06","0.00","","3034","聯詠","423.50","＋","認售","歐式","112年03月02日","112年09月01日","112年08月30日","112年09月01日","0.025","    375.00","","",
="04692U","第一銅凱基29售01","1.59","","2009","第一銅","32.10","＋","認售","歐式","112年03月02日","112年09月01日","112年08月30日","112年09月01日","0.35","    32.00","","",
="04693U","光罩凱基29售02","0.00","","2338","光罩","81.80","＋","認售","歐式","112年03月02日","112年09月01日","112年08月30日","112年09月01日","0.172","    60.00","","",
="04694U","全新凱基29售01","0.59","－","2455","全新","100.00","","認售","歐式","112年03月02日","112年09月01日","112年08月30日","112年09月01日","0.10","    83.00","","",
="04695P","電子類凱基29售01","0.21","－","IX0027","電子類","797.58","","認售","歐式","111年12月15日","112年09月14日","112年09月12日","112年09月14日","0.06","    600.00","","",
="04695U","元金2X國票2B售01","0.57","",="00708L","期元大S&P黃金正2(原名：元大S&P黃金正2)","26.72","－","認售","歐式","112年03月02日","112年11月01日","112年10月30日","112年11月01日","0.384","    24.00","","",
="04696P","金融類凱基26售05","0.00","","IX0039","金融類","1,620.43","","認售","歐式","111年12月15日","112年06月14日","112年06月12日","112年06月14日","0.025","    1,450.00","","",
="04696U","世芯國票2A售02","0.18","－","3661","世芯-KY","1,660.00","＋","認售","歐式","112年03月02日","112年10月02日","112年09月27日","112年10月02日","0.006","    950.00","","",
="04697U","台積電兆豐2B售02","0.00","","2330","台積電","568.00","＋","認售","歐式","112年03月02日","112年11月01日","112年10月30日","112年11月01日","0.036","    447.58","","",
="04698U","聯發科群益29售05","1.66","","2454","聯發科","738.00","＋","認售","歐式","112年03月02日","112年09月01日","112年08月30日","112年09月01日","0.025","    750.00","","",
="04699U","FBNQ2X元大2C售01","0.36","",="00670L","富邦NASDAQ正2","78.90","＋","認售","歐式","112年03月02日","112年12月01日","112年11月29日","112年12月01日","0.10","    53.00","","",
="04700P","臺股指國票26售04","0.00","","IX0001","臺股指數","16,636.30","","認售","歐式","111年10月26日","112年06月26日","112年06月20日","112年06月26日","0.001","    12,750.00","","",
="04700U","聯電元大29售07","0.00","","2303","聯電","51.20","＋","認售","歐式","112年03月02日","112年09月01日","112年08月30日","112年09月01日","1.00","    35.00","","",
="04701P","臺股指國票27售03","0.00","","IX0001","臺股指數","16,636.30","","認售","歐式","111年10月26日","112年07月25日","112年07月21日","112年07月25日","0.005","    9,000.00","","",
="04701U","聯電元大29售08","1.42","","2303","聯電","51.20","＋","認售","歐式","112年03月02日","112年09月01日","112年08月30日","112年09月01日","0.50","    47.25","","",
="04702P","滬深2X群益26售03","0.00","",="00637L","元大滬深300正2","13.77","－","認售","歐式","111年10月26日","112年06月26日","112年06月20日","112年06月26日","1.00","    13.00","","",
="04702U","聯電元大29售09","0.00","","2303","聯電","51.20","＋","認售","歐式","112年03月02日","112年09月01日","112年08月30日","112年09月01日","0.50","    45.75","","",
="04703U","光罩元大29售01","0.00","","2338","光罩","81.80","＋","認售","歐式","112年03月02日","112年09月01日","112年08月30日","112年09月01日","0.12","    65.00","","",
="04704P","裕隆元富27售01","0.00","","2201","裕隆","82.80","＋","認售","歐式","111年12月15日","112年07月14日","112年07月12日","112年07月14日","0.13","    60.00","","",
="04704U","華邦電元大29售01","0.00","","2344","華邦電","26.90","＋","認售","歐式","112年03月02日","112年09月01日","112年08月30日","112年09月01日","0.563","    21.64","","",
="04705U","聯發科元大29售06","0.00","","2454","聯發科","738.00","＋","認售","歐式","112年03月02日","112年09月01日","112年08月30日","112年09月01日","0.088","    556.00","","",
="04706U","聯發科元大29售07","1.99","－","2454","聯發科","738.00","＋","認售","歐式","112年03月02日","112年09月01日","112年08月30日","112年09月01日","0.032","    691.00","","",
="04707U","聯發科元大29售08","0.00","","2454","聯發科","738.00","＋","認售","歐式","112年03月02日","112年09月01日","112年08月30日","112年09月01日","0.023","    740.00","","",
="04708U","全新元大29售02","0.00","","2455","全新","100.00","","認售","歐式","112年03月02日","112年09月01日","112年08月30日","112年09月01日","0.175","    80.30","","",
="04709P","聯發科元富26售07","0.00","","2454","聯發科","738.00","＋","認售","歐式","111年12月15日","112年06月14日","112年06月12日","112年06月14日","0.055","    600.00","","",
="04709U","群創元大29售05","0.00","","3481","群創","14.10","＋","認售","歐式","112年03月02日","112年09月01日","112年08月30日","112年09月01日","0.666","    14.50","","",
="04710P","華擎元富26售02","0.00","","3515","華擎","154.00","＋","認售","歐式","111年12月15日","112年06月14日","112年06月12日","112年06月14日","0.08","    125.00","","",
="04710U","嘉澤元大29售06","0.76","－","3533","嘉澤","909.00","－","認售","歐式","112年03月02日","112年09月01日","112年08月30日","112年09月01日","0.055","    614.99","","",
="04711P","華新麥證27售01","0.00","","1605","華新","46.60","＋","認售","歐式","111年12月15日","112年07月14日","112年07月12日","112年07月14日","0.30","    40.00","","",
="04711U","台積電永豐2C售01","0.16","","2330","台積電","568.00","＋","認售","歐式","112年03月03日","112年12月04日","112年11月30日","112年12月04日","0.171","    358.06","","",
="04712U","台積電麥證29售07","0.38","－","2330","台積電","568.00","＋","認售","歐式","112年03月03日","112年09月04日","112年08月31日","112年09月04日","0.352","    397.85","","",
="04713U","聯詠麥證2B售01","0.66","","3034","聯詠","423.50","＋","認售","歐式","112年03月03日","112年11月02日","112年10月31日","112年11月02日","0.50","    250.00","","",
="04714U","臺股指麥證2B售03","0.00","","IX0001","臺股指數","16,636.30","","認售","歐式","112年03月03日","112年11月02日","112年10月31日","112年11月02日","0.002","    15,100.00","","",
="04715U","FBNQ2X凱基2C售01","0.00","",="00670L","富邦NASDAQ正2","78.90","＋","認售","歐式","112年03月03日","112年12月04日","112年11月30日","112年12月04日","0.15","    52.00","","",
="04716P","友達富邦26售03","0.20","","2409","友達","17.65","＋","認售","歐式","111年10月26日","112年06月26日","112年06月20日","112年06月26日","0.30","    17.00","","",
="04716U","聯電凱基2A售04","0.00","","2303","聯電","51.20","＋","認售","歐式","112年03月03日","112年10月02日","112年09月27日","112年10月02日","0.45","    46.00","","",
="04717U","台積電凱基2B售07","0.43","－","2330","台積電","568.00","＋","認售","歐式","112年03月03日","112年11月02日","112年10月31日","112年11月02日","0.02","    517.20","","",
="04718P","裕隆麥證28售01","0.00","","2201","裕隆","82.80","＋","認售","歐式","111年12月15日","112年08月14日","112年08月10日","112年08月14日","0.20","    50.00","","",
="04718U","聯發科凱基2A售04","0.00","","2454","聯發科","738.00","＋","認售","歐式","112年03月03日","112年10月02日","112年09月27日","112年10月02日","0.07","    570.00","","",
="04719U","聯詠凱基2A售06","0.56","－","3034","聯詠","423.50","＋","認售","歐式","112年03月03日","112年10月02日","112年09月27日","112年10月02日","0.085","    330.00","","",
="04720P","滬深2X元大26售04","0.00","",="00637L","元大滬深300正2","13.77","－","認售","歐式","111年10月26日","112年06月26日","112年06月20日","112年06月26日","0.70","    13.00","","",
="04720U","智原凱基29售04","1.14","－","3035","智原","173.50","＋","認售","歐式","112年03月03日","112年09月04日","112年08月31日","112年09月04日","0.10","    150.00","","",
="04721U","健策凱基2A售02","0.00","","3653","健策","616.00","＋","認售","歐式","112年03月03日","112年10月02日","112年09月27日","112年10月02日","0.03","    350.00","","",
="04722U","力成凱基29售01","0.00","","6239","力成","98.70","＋","認售","歐式","112年03月03日","112年09月04日","112年08月31日","112年09月04日","0.50","    66.00","","",
="04723U","威盛群益29售02","0.79","－","2388","威盛","83.10","＋","認售","歐式","112年03月03日","112年09月04日","112年08月31日","112年09月04日","0.20","    70.00","","",
="04724U","台灣50國泰2B售03","0.42","－",="0050","元大台灣50","126.75","＋","認售","歐式","112年03月03日","112年11月02日","112年10月31日","112年11月02日","1.00","    98.00","","",
="04725P","宏達電元大2A售04","0.27","－","2498","宏達電","61.50","＋","認售","歐式","111年10月26日","112年10月25日","112年10月23日","112年10月25日","0.051","    48.00","","",
="04725U","威盛元富29售02","0.84","－","2388","威盛","83.10","＋","認售","歐式","112年03月03日","112年09月04日","112年08月31日","112年09月04日","0.10","    75.00","","",
="04726U","健策元富2C售02","0.18","－","3653","健策","616.00","＋","認售","歐式","112年03月03日","112年12月04日","112年11月30日","112年12月04日","0.02","    350.00","","",
="04727U","威盛統一29售03","0.43","","2388","威盛","83.10","＋","認售","歐式","112年03月03日","112年09月04日","112年08月31日","112年09月04日","0.04","    77.77","","",
="04728P","玉晶光元大26售02","0.00","","3406","玉晶光","400.00","＋","認售","歐式","111年10月26日","112年06月26日","112年06月20日","112年06月26日","0.019","    242.50","","",
="04728U","裕民統一2A售01","1.05","－","2606","裕民","49.75","＋","認售","歐式","112年03月03日","112年10月02日","112年09月27日","112年10月02日","0.138","    50.00","","",
="04729U","緯穎統一2A售01","0.00","","6669","緯穎","1,205.00","＋","認售","歐式","112年03月03日","112年10月02日","112年09月27日","112年10月02日","0.003","    843.80","","",
="04730U","滬深2X元大2A售07","1.37","－",="00637L","元大滬深300正2","13.77","－","認售","歐式","112年03月03日","112年10月02日","112年09月27日","112年10月02日","0.50","    16.00","","",
="04731P","台新金麥證27售01","0.00","","2887","台新金","18.40","＋","認售","歐式","111年12月15日","112年07月14日","112年07月12日","112年07月14日","1.00","    14.00","","",
="04731U","華邦電元大29售02","0.33","－","2344","華邦電","26.90","＋","認售","歐式","112年03月03日","112年09月04日","112年08月31日","112年09月04日","1.00","    18.65","","",
="04732P","第一金麥證26售01","0.00","","2892","第一金","28.00","＋","認售","歐式","111年12月15日","112年06月14日","112年06月12日","112年06月14日","0.50","    25.00","","",
="04732U","宏達電元大29售07","0.72","－","2498","宏達電","61.50","＋","認售","歐式","112年03月03日","112年09月04日","112年08月31日","112年09月04日","0.08","    63.80","","",
="04733U","華擎元大29售01","1.38","－","3515","華擎","154.00","＋","認售","歐式","112年03月03日","112年09月04日","112年08月31日","112年09月04日","0.10","    135.00","","",
="04734U","嘉澤元大29售07","1.47","＋","3533","嘉澤","909.00","－","認售","歐式","112年03月03日","112年09月04日","112年08月31日","112年09月04日","0.015","    866.76","","",
="04735P","天鈺元大27售01","0.10","","4961","天鈺","154.00","＋","認售","歐式","111年10月26日","112年07月25日","112年07月21日","112年07月25日","0.037","    106.00","","",
="04735U","愛普元大29售05","0.00","","6531","愛普*","328.50","＋","認售","歐式","112年03月03日","112年09月04日","112年08月31日","112年09月04日","0.016","    280.00","","",
="04736P","臺股指麥證26售14","0.00","","IX0001","臺股指數","16,636.30","","認售","歐式","111年12月15日","112年06月14日","112年06月12日","112年06月14日","0.006","    12,500.00","","",
="04736U","臺股指元大2C售07","0.00","","IX0001","臺股指數","16,636.30","","認售","歐式","112年03月03日","112年12月04日","112年11月30日","112年12月04日","0.002","    13,300.00","","",
="04737U","臺股指元大2C售08","0.47","－","IX0001","臺股指數","16,636.30","","認售","歐式","112年03月03日","112年12月04日","112年11月30日","112年12月04日","0.001","    14,900.00","","",
="04738U","臺股指元大31售10","0.52","－","IX0001","臺股指數","16,636.30","","認售","歐式","112年03月03日","113年01月02日","112年12月28日","113年01月02日","0.001","    14,800.00","","",
="04739U","臺股指元大31售11","0.57","－","IX0001","臺股指數","16,636.30","","認售","歐式","112年03月03日","113年01月02日","112年12月28日","113年01月02日","0.001","    15,000.00","","",
="04740U","聯發科中信29售02","1.13","－","2454","聯發科","738.00","＋","認售","歐式","112年03月06日","112年09月05日","112年09月01日","112年09月05日","0.01","    808.00","","",
="04741P","臺股指元大29售05","0.00","","IX0001","臺股指數","16,636.30","","認售","歐式","111年10月26日","112年09月25日","112年09月21日","112年09月25日","0.002","    9,200.00","","",
="04741U","臺企銀中信2A售01","0.00","","2834","臺企銀","14.10","＋","認售","歐式","112年03月06日","112年10月05日","112年10月03日","112年10月05日","1.00","    12.40","","",
="04742P","台灣50凱基26售07","0.00","",="0050","元大台灣50","126.75","＋","認售","歐式","111年10月26日","112年06月26日","112年06月20日","112年06月26日","0.409","    86.06","","",
="04742U","立積永豐2A售02","0.28","－","4968","立積","170.00","＋","認售","歐式","112年03月06日","112年10月05日","112年10月03日","112年10月05日","0.052","    105.00","","",
="04743P","台灣50凱基26售09","0.00","",="0050","元大台灣50","126.75","＋","認售","歐式","111年10月26日","112年06月26日","112年06月20日","112年06月26日","0.256","    94.86","","",
="04743U","A50正2元富29售01","0.00","",="00655L","國泰中國A50正2","24.65","－","認售","歐式","112年03月06日","112年09月05日","112年09月01日","112年09月05日","1.00","    26.00","","",
="04744P","聯電凱基26售04","0.00","","2303","聯電","51.20","＋","認售","歐式","111年10月26日","112年06月26日","112年06月20日","112年06月26日","1.00","    23.00","","",
="04744U","欣興元富29售02","0.16","＋","3037","欣興","182.50","－","認售","歐式","112年03月06日","112年09月05日","112年09月01日","112年09月05日","0.15","    112.00","","",
="04745P","台達電凱基26售04","0.00","","2308","台達電","315.50","－","認售","歐式","111年10月26日","112年06月26日","112年06月20日","112年06月26日","1.00","    135.00","","",
="04745U","晶華凱基29售03","1.11","－","2707","晶華","288.00","＋","認售","歐式","112年03月06日","112年09月05日","112年09月01日","112年09月05日","0.035","    280.00","","",
="04746P","華城群益26售02","0.00","","1519","華城","141.00","＋","認售","歐式","111年12月15日","112年06月14日","112年06月12日","112年06月14日","0.40","    40.00","","",
="04746U","華擎凱基2A售02","0.57","－","3515","華擎","154.00","＋","認售","歐式","112年03月06日","112年10月05日","112年10月03日","112年10月05日","0.087","    117.00","","",
="04747P","鴻海凱基26售04","0.00","","2317","鴻海","105.50","＋","認售","歐式","111年10月26日","112年06月26日","112年06月20日","112年06月26日","1.00","    65.00","","",
="04747U","世芯凱基29售07","0.10","－","3661","世芯-KY","1,660.00","＋","認售","歐式","112年03月06日","112年09月05日","112年09月01日","112年09月05日","0.01","    850.00","","",
="04748U","愛普凱基29售03","0.80","","6531","愛普*","328.50","＋","認售","歐式","112年03月06日","112年09月05日","112年09月01日","112年09月05日","0.04","    260.00","","",
="04749P","台積電群益26售09","0.00","","2330","台積電","568.00","＋","認售","歐式","111年12月15日","112年06月14日","112年06月12日","112年06月14日","0.102","    395.57","","",
="04749U","力智凱基29售03","0.80","","6719","力智","303.00","＋","認售","歐式","112年03月06日","112年09月05日","112年09月01日","112年09月05日","0.025","    280.00","","",
="04750P","台積電凱基26售08","0.00","","2330","台積電","568.00","＋","認售","歐式","111年10月26日","112年06月26日","112年06月20日","112年06月26日","0.354","    207.68","","",
="04750U","臺股指凱基2A售30","0.50","－","IX0001","臺股指數","16,636.30","","認售","歐式","112年03月06日","112年10月05日","112年10月03日","112年10月05日","0.003","    14,400.00","","",
="04751U","臺股指凱基2B售20","0.00","","IX0001","臺股指數","16,636.30","","認售","歐式","112年03月06日","112年11月06日","112年11月02日","112年11月06日","0.003","    14,100.00","","",
="04752P","台積電群益26售10","0.00","","2330","台積電","568.00","＋","認售","歐式","111年12月15日","112年06月14日","112年06月12日","112年06月14日","0.05","    469.74","","",
="04752U","臺股指凱基2B售21","0.00","","IX0001","臺股指數","16,636.30","","認售","歐式","112年03月06日","112年11月06日","112年11月02日","112年11月06日","0.004","    13,100.00","","",
="04753P","南亞科凱基27售01","0.00","","2408","南亞科","71.20","－","認售","歐式","111年10月26日","112年07月25日","112年07月21日","112年07月25日","1.00","    32.00","","",
="04753U","台灣50麥證2C售01","0.00","",="0050","元大台灣50","126.75","＋","認售","歐式","112年03月06日","112年12月05日","112年12月01日","112年12月05日","0.50","    111.00","","",
="04754P","長榮凱基26售04","0.00","","2603","長榮","157.00","＋","認售","歐式","111年10月26日","112年06月26日","112年06月20日","112年06月26日","0.18","    88.00","","",
="04754U","力成麥證29售01","0.37","","6239","力成","98.70","＋","認售","歐式","112年03月06日","112年09月05日","112年09月01日","112年09月05日","0.30","    75.00","","",
="04755P","富邦金凱基28售01","0.00","","2881","富邦金","61.10","＋","認售","歐式","111年10月26日","112年08月25日","112年08月23日","112年08月25日","1.00","    32.00","","",
="04755U","康舒麥證2A售01","0.49","－","6282","康舒","44.05","＋","認售","歐式","112年03月06日","112年10月05日","112年10月03日","112年10月05日","0.25","    35.00","","",
="04756P","大立光凱基26售02","0.00","","3008","大立光","2,305.00","＋","認售","歐式","111年10月26日","112年06月26日","112年06月20日","112年06月26日","0.051","    882.12","","",
="04756U","臺股指麥證2C售01","1.09","－","IX0001","臺股指數","16,636.30","","認售","歐式","112年03月06日","112年12月05日","112年12月01日","112年12月05日","0.005","    13,500.00","","",
="04757U","臺股指麥證2C售02","0.00","","IX0001","臺股指數","16,636.30","","認售","歐式","112年03月06日","112年12月05日","112年12月01日","112年12月05日","0.007","    10,888.00","","",
="04758P","啟碁凱基26售01","0.00","","6285","啟碁","87.50","＋","認售","歐式","111年10月26日","112年06月26日","112年06月20日","112年06月26日","0.20","    50.00","","",
="04758U","香港2X元大2B售01","1.04","－",="00650L","FH香港正2","11.60","＋","認售","歐式","112年03月06日","112年11月06日","112年11月02日","112年11月06日","0.70","    11.00","","",
="04759P","力積電凱基26售01","0.00","","6770","力積電","30.85","＋","認售","歐式","111年10月26日","112年06月26日","112年06月20日","112年06月26日","1.009","    17.84","","",
="04759U","道瓊銀元大29售02","0.28","",="00738U","期元大道瓊白銀(原名：元大道瓊白銀)","22.79","＋","認售","歐式","112年03月06日","112年09月05日","112年09月01日","112年09月05日","0.60","    19.00","","",
="04760P","台積電群益26售11","0.00","","2330","台積電","568.00","＋","認售","歐式","111年12月15日","112年06月14日","112年06月12日","112年06月14日","0.05","    494.46","","",
="04760U","聯電元大29售10","0.00","","2303","聯電","51.20","＋","認售","歐式","112年03月06日","112年09月05日","112年09月01日","112年09月05日","0.80","    40.85","","",
="04761P","臺股指凱基26售37","0.00","","IX0001","臺股指數","16,636.30","","認售","歐式","111年10月26日","112年06月26日","112年06月20日","112年06月26日","0.002","    12,682.00","","",
="04761U","聯電元大29售11","0.00","","2303","聯電","51.20","＋","認售","歐式","112年03月06日","112年09月05日","112年09月01日","112年09月05日","0.367","    48.60","","",
="04762P","聯發科群益27售07","0.00","","2454","聯發科","738.00","＋","認售","歐式","111年12月15日","112年07月14日","112年07月12日","112年07月14日","0.08","    580.00","","",
="04762U","聯電元大29售12","1.46","－","2303","聯電","51.20","＋","認售","歐式","112年03月06日","112年09月05日","112年09月01日","112年09月05日","0.352","    49.70","","",
="04763P","臺股指凱基26售38","0.00","","IX0001","臺股指數","16,636.30","","認售","歐式","111年10月26日","112年06月26日","112年06月20日","112年06月26日","0.003","    12,500.00","","",
="04763U","台達電元大29售04","0.77","＋","2308","台達電","315.50","－","認售","歐式","112年03月06日","112年09月05日","112年09月01日","112年09月05日","0.047","    290.50","","",
="04764P","臺股指凱基26售39","0.00","","IX0001","臺股指數","16,636.30","","認售","歐式","111年10月26日","112年06月26日","112年06月20日","112年06月26日","0.003","    11,200.00","","",
="04764U","智邦元大29售01","0.37","－","2345","智邦","357.50","＋","認售","歐式","112年03月06日","112年09月05日","112年09月01日","112年09月05日","0.08","    229.00","","",
="04765P","宏達電群益26售08","0.00","","2498","宏達電","61.50","＋","認售","歐式","111年12月15日","112年06月14日","112年06月12日","112年06月14日","0.16","    59.40","","",
="04765U","友達元大29售08","0.87","","2409","友達","17.65","＋","認售","歐式","112年03月06日","112年09月05日","112年09月01日","112年09月05日","1.00","    15.25","","",
="04766P","臺股指凱基26售40","0.00","","IX0001","臺股指數","16,636.30","","認售","歐式","111年10月26日","112年06月26日","112年06月20日","112年06月26日","0.004","    10,800.00","","",
="04766U","聚陽國票2A售01","0.00","","1477","聚陽","219.00","＋","認售","歐式","112年03月06日","112年10月05日","112年10月03日","112年10月05日","0.064","    168.92","","",
="04767P","臺股指凱基29售10","0.00","","IX0001","臺股指數","16,636.30","","認售","歐式","111年10月26日","112年09月25日","112年09月21日","112年09月25日","0.004","    10,200.00","","",
="04767U","台積電國票29售09","0.00","","2330","台積電","568.00","＋","認售","歐式","112年03月06日","112年09月05日","112年09月01日","112年09月05日","0.251","    387.90","","",
="04768U","長榮國票2A售01","0.80","－","2603","長榮","157.00","＋","認售","歐式","112年03月06日","112年10月05日","112年10月03日","112年10月05日","0.05","    150.00","","",
="04769P","滬深2X元富27售02","0.70","－",="00637L","元大滬深300正2","13.77","－","認售","歐式","111年10月26日","112年07月25日","112年07月21日","112年07月25日","1.00","    13.00","","",
="04769U","世芯國票29售06","0.11","－","3661","世芯-KY","1,660.00","＋","認售","歐式","112年03月06日","112年09月05日","112年09月01日","112年09月05日","0.005","    1,000.00","","",
="04770P","台積電元富27售20","0.00","","2330","台積電","568.00","＋","認售","歐式","111年10月26日","112年07月25日","112年07月21日","112年07月25日","0.07","    346.13","","",
="04770U","臺股指國票2A售04","0.00","","IX0001","臺股指數","16,636.30","","認售","歐式","112年03月06日","112年10月05日","112年10月03日","112年10月05日","0.005","    13,850.00","","",
="04771U","臺股指國票2A售05","0.00","","IX0001","臺股指數","16,636.30","","認售","歐式","112年03月06日","112年10月05日","112年10月03日","112年10月05日","0.002","    15,400.00","","",
="04772P","台積電元富27售21","0.00","","2330","台積電","568.00","＋","認售","歐式","111年10月26日","112年07月25日","112年07月21日","112年07月25日","0.05","    395.57","","",
="04772U","臺股指國票2B售01","0.00","","IX0001","臺股指數","16,636.30","","認售","歐式","112年03月06日","112年11月06日","112年11月02日","112年11月06日","0.003","    14,700.00","","",
="04773P","長榮群益26售07","0.00","","2603","長榮","157.00","＋","認售","歐式","111年12月15日","112年06月14日","112年06月12日","112年06月14日","0.10","    145.00","","",
="04773U","威盛統一2C售03","0.00","","2388","威盛","83.10","＋","認售","歐式","112年03月06日","112年12月05日","112年12月01日","112年12月05日","0.045","    77.90","","",
="04774U","長榮統一29售07","0.46","－","2603","長榮","157.00","＋","認售","歐式","112年03月06日","112年09月05日","112年09月01日","112年09月05日","0.08","    131.68","","",
="04775P","聯發科元富26售06","0.00","","2454","聯發科","738.00","＋","認售","歐式","111年10月26日","112年06月26日","112年06月20日","112年06月26日","0.04","    525.00","","",
="04775U","裕民統一2A售02","1.00","－","2606","裕民","49.75","＋","認售","歐式","112年03月06日","112年10月05日","112年10月03日","112年10月05日","0.08","    57.40","","",
="04776P","大立光群益26售05","0.00","","3008","大立光","2,305.00","＋","認售","歐式","111年12月15日","112年06月14日","112年06月12日","112年06月14日","0.015","    1,666.22","","",
="04776U","愛普統一29售01","0.00","","6531","愛普*","328.50","＋","認售","歐式","112年03月06日","112年09月05日","112年09月01日","112年09月05日","0.023","    256.66","","",
="04777U","愛普統一2A售02","0.00","","6531","愛普*","328.50","＋","認售","歐式","112年03月06日","112年10月05日","112年10月03日","112年10月05日","0.025","    228.00","","",
="04778U","愛普統一2A售03","0.00","","6531","愛普*","328.50","＋","認售","歐式","112年03月06日","112年10月05日","112年10月03日","112年10月05日","0.013","    256.50","","",
="04779U","華新群益29售02","1.29","－","1605","華新","46.60","＋","認售","歐式","112年03月06日","112年09月05日","112年09月01日","112年09月05日","0.28","    45.00","","",
="04780U","聯電群益2B售01","0.00","","2303","聯電","51.20","＋","認售","歐式","112年03月06日","112年11月06日","112年11月02日","112年11月06日","1.00","    37.00","","",
="04781U","台達電群益2A售01","0.54","＋","2308","台達電","315.50","－","認售","歐式","112年03月06日","112年10月05日","112年10月03日","112年10月05日","0.12","    236.80","","",
="04782U","瑞昱群益29售01","0.69","","2379","瑞昱","388.00","＋","認售","歐式","112年03月06日","112年09月05日","112年09月01日","112年09月05日","0.10","    300.00","","",
="04783U","萬海群益29售01","0.00","","2615","萬海","60.00","＋","認售","歐式","112年03月06日","112年09月05日","112年09月01日","112年09月05日","0.15","    68.00","","",
="04784P","富邦金麥證28售01","0.00","","2881","富邦金","61.10","＋","認售","歐式","111年10月26日","112年08月25日","112年08月23日","112年08月25日","1.00","    35.00","","",
="04784U","景碩群益29售01","0.59","","3189","景碩","116.00","＋","認售","歐式","112年03月06日","112年09月05日","112年09月01日","112年09月05日","0.17","    87.00","","",
="04785U","群創群益2A售02","0.67","－","3481","群創","14.10","＋","認售","歐式","112年03月06日","112年10月05日","112年10月03日","112年10月05日","1.00","    11.88","","",
="04786P","健策麥證26售01","0.00","","3653","健策","616.00","＋","認售","歐式","111年10月26日","112年06月26日","112年06月20日","112年06月26日","0.01","    300.00","","",
="04786U","晶華康和2A售01","0.00","","2707","晶華","288.00","＋","認售","歐式","112年03月07日","112年10月06日","112年10月04日","112年10月06日","0.04","    250.00","","",
="04787U","台積電兆豐2C售01","0.31","","2330","台積電","568.00","＋","認售","歐式","112年03月07日","112年12月06日","112年12月04日","112年12月06日","0.033","    435.64","","",
="04788U","聯發科元富2A售04","0.00","","2454","聯發科","738.00","＋","認售","歐式","112年03月07日","112年10月06日","112年10月04日","112年10月06日","0.035","    770.00","","",
="04789P","臺股指麥證2A售04","0.00","","IX0001","臺股指數","16,636.30","","認售","歐式","111年10月26日","112年10月25日","112年10月23日","112年10月25日","0.005","    9,000.00","","",
="04789U","聯發科麥證29售02","0.00","","2454","聯發科","738.00","＋","認售","歐式","112年03月07日","112年09月06日","112年09月04日","112年09月06日","0.025","    750.00","","",
="04790P","聯詠群益26售01","0.00","","3034","聯詠","423.50","＋","認售","歐式","111年12月15日","112年06月14日","112年06月12日","112年06月14日","0.12","    228.00","","",
="04790U","聯發科統一2A售05","0.00","","2454","聯發科","738.00","＋","認售","歐式","112年03月07日","112年10月06日","112年10月04日","112年10月06日","0.015","    730.00","","",
="04791P","滬深2X國票27售01","0.00","",="00637L","元大滬深300正2","13.77","－","認售","歐式","111年10月27日","112年07月26日","112年07月24日","112年07月26日","1.00","    10.00","","",
="04791U","聯發科統一2B售09","0.00","","2454","聯發科","738.00","＋","認售","歐式","112年03月07日","112年11月06日","112年11月02日","112年11月06日","0.01","    720.00","","",
="04792P","世芯群益26售06","0.00","","3661","世芯-KY","1,660.00","＋","認售","歐式","111年12月15日","112年06月14日","112年06月12日","112年06月14日","0.018","    744.00","","",
="04792U","愛普統一2C售04","0.50","－","6531","愛普*","328.50","＋","認售","歐式","112年03月07日","112年12月06日","112年12月04日","112年12月06日","0.02","    225.40","","",
="04793U","台灣50元大2A售17","0.00","",="0050","元大台灣50","126.75","＋","認售","歐式","112年03月07日","112年10月06日","112年10月04日","112年10月06日","0.35","    112.00","","",
="04794U","台灣50元大2A售18","0.00","",="0050","元大台灣50","126.75","＋","認售","歐式","112年03月07日","112年10月06日","112年10月04日","112年10月06日","0.20","    119.00","","",
="04795U","台灣50元大2B售06","0.00","",="0050","元大台灣50","126.75","＋","認售","歐式","112年03月07日","112年11月06日","112年11月02日","112年11月06日","0.50","    103.00","","",
="04796U","台灣50元大2B售07","0.00","",="0050","元大台灣50","126.75","＋","認售","歐式","112年03月07日","112年11月06日","112年11月02日","112年11月06日","0.35","    108.00","","",
="04797U","台灣50元大2B售08","0.63","－",="0050","元大台灣50","126.75","＋","認售","歐式","112年03月07日","112年11月06日","112年11月02日","112年11月06日","0.30","    113.00","","",
="04798U","中興電元大29售06","0.00","","1513","中興電","113.50","＋","認售","歐式","112年03月07日","112年09月06日","112年09月04日","112年09月06日","0.114","    85.00","","",
="04799P","材料群益26售02","0.00","","4763","材料-KY","550.00","－","認售","歐式","111年12月15日","112年06月14日","112年06月12日","112年06月14日","0.082","    146.64","","",
="04799U","威盛元大29售03","1.59","","2388","威盛","83.10","＋","認售","歐式","112年03月07日","112年09月06日","112年09月04日","112年09月06日","0.134","    79.60","","",
="04800U","陽明元大29售08","0.00","","2609","陽明","62.00","＋","認售","歐式","112年03月07日","112年09月06日","112年09月04日","112年09月06日","0.226","    65.60","","",
="04801P","嘉聯益群益26售01","0.00","","6153","嘉聯益","23.15","＋","認售","歐式","111年12月15日","112年06月14日","112年06月12日","112年06月14日","0.388","    20.88","","",
="04801U","晶睿元大29售03","1.98","＋","3454","晶睿","182.50","＋","認售","歐式","112年03月07日","112年09月06日","112年09月04日","112年09月06日","0.032","    225.00","","",
="04802U","愛普元大29售06","0.00","","6531","愛普*","328.50","＋","認售","歐式","112年03月07日","112年09月06日","112年09月04日","112年09月06日","0.055","    215.00","","",
="04803P","長榮統一26售16","0.05","－","2603","長榮","157.00","＋","認售","歐式","111年10月27日","112年06月26日","112年06月20日","112年06月26日","0.04","    125.10","","",
="04803U","台灣50國票2A售04","0.00","",="0050","元大台灣50","126.75","＋","認售","歐式","112年03月07日","112年10月06日","112年10月04日","112年10月06日","1.00","    103.00","","",
="04804P","景碩統一26售02","0.00","","3189","景碩","116.00","＋","認售","歐式","111年10月27日","112年06月26日","112年06月20日","112年06月26日","0.04","    92.70","","",
="04804U","台灣50國票2C售01","1.12","",="0050","元大台灣50","126.75","＋","認售","歐式","112年03月07日","112年12月06日","112年12月04日","112年12月06日","0.30","    116.25","","",
="04805U","威盛國票2A售02","0.00","","2388","威盛","83.10","＋","認售","歐式","112年03月07日","112年10月06日","112年10月04日","112年10月06日","0.16","    70.00","","",
="04806P","金像電凱基26售02","0.00","","2368","金像電","121.50","","認售","歐式","111年10月27日","112年06月26日","112年06月20日","112年06月26日","0.185","    53.12","","",
="04806U","聯發科國票2A售02","0.00","","2454","聯發科","738.00","＋","認售","歐式","112年03月07日","112年10月06日","112年10月04日","112年10月06日","0.04","    670.00","","",
="04807P","友達凱基2A售01","0.00","","2409","友達","17.65","＋","認售","歐式","111年10月27日","112年10月26日","112年10月24日","112年10月26日","1.00","    10.00","","",
="04807U","愛普國票2A售03","0.72","－","6531","愛普*","328.50","＋","認售","歐式","112年03月07日","112年10月06日","112年10月04日","112年10月06日","0.025","    280.00","","",
="04808U","臺股指國票2A售06","0.00","","IX0001","臺股指數","16,636.30","","認售","歐式","112年03月07日","112年10月06日","112年10月04日","112年10月06日","0.008","    12,500.00","","",
="04809U","臺股指國票2B售02","0.00","","IX0001","臺股指數","16,636.30","","認售","歐式","112年03月07日","112年11月06日","112年11月02日","112年11月06日","0.005","    13,350.00","","",
="04810U","臺股指國票2C售01","0.00","","IX0001","臺股指數","16,636.30","","認售","歐式","112年03月07日","112年12月06日","112年12月04日","112年12月06日","0.003","    14,500.00","","",
="04811P","友達國泰26售02","0.00","","2409","友達","17.65","＋","認售","歐式","111年10月27日","112年06月26日","112年06月20日","112年06月26日","1.00","    14.80","","",
="04811U","台積電富邦2A售12","0.03","－","2330","台積電","568.00","＋","認售","歐式","112年03月07日","112年10月06日","112年10月04日","112年10月06日","0.05","    397.85","","",
="04812P","台積電康和26售04","0.00","","2330","台積電","568.00","＋","認售","歐式","111年10月27日","112年06月26日","112年06月20日","112年06月26日","0.202","    296.67","","",
="04812U","聯電群益29售02","0.00","","2303","聯電","51.20","＋","認售","歐式","112年03月07日","112年09月06日","112年09月04日","112年09月06日","0.80","    44.00","","",
="04813P","緯穎群益26售02","0.00","","6669","緯穎","1,205.00","＋","認售","歐式","111年12月15日","112年06月14日","112年06月12日","112年06月14日","0.04","    600.00","","",
="04813U","南亞科群益29售01","0.00","","2408","南亞科","71.20","－","認售","歐式","112年03月07日","112年09月06日","112年09月04日","112年09月06日","0.60","    45.00","","",
="04814U","聯發科群益29售09","0.00","","2454","聯發科","738.00","＋","認售","歐式","112年03月07日","112年09月06日","112年09月04日","112年09月06日","0.05","    675.00","","",
="04815U","聯發科群益29售10","0.00","","2454","聯發科","738.00","＋","認售","歐式","112年03月07日","112年09月06日","112年09月04日","112年09月06日","0.025","    789.00","","",
="04816U","晶華群益29售02","0.00","","2707","晶華","288.00","＋","認售","歐式","112年03月07日","112年09月06日","112年09月04日","112年09月06日","0.05","    280.00","","",
="04817U","聯詠群益29售01","0.51","－","3034","聯詠","423.50","＋","認售","歐式","112年03月07日","112年09月06日","112年09月04日","112年09月06日","0.16","    308.00","","",
="04818U","聯詠群益29售02","0.54","－","3034","聯詠","423.50","＋","認售","歐式","112年03月07日","112年09月06日","112年09月04日","112年09月06日","0.05","    358.00","","",
="04819U","立積群益29售02","0.00","","4968","立積","170.00","＋","認售","歐式","112年03月07日","112年09月06日","112年09月04日","112年09月06日","0.086","    100.00","","",
="04820U","台灣50凱基2B售06","0.00","",="0050","元大台灣50","126.75","＋","認售","歐式","112年03月07日","112年11月06日","112年11月02日","112年11月06日","0.40","    110.00","","",
="04821P","玉晶光元大27售01","0.00","","3406","玉晶光","400.00","＋","認售","歐式","111年10月27日","112年07月26日","112年07月24日","112年07月26日","0.012","    286.00","","",
="04821U","微星凱基29售02","0.00","","2377","微星","168.00","－","認售","歐式","112年03月07日","112年09月06日","112年09月04日","112年09月06日","0.12","    120.00","","",
="04822P","南電群益27售01","0.00","","8046","南電","302.50","－","認售","歐式","111年12月15日","112年07月14日","112年07月12日","112年07月14日","0.065","    230.00","","",
="04822U","聯發科凱基29售11","0.00","","2454","聯發科","738.00","＋","認售","歐式","112年03月07日","112年09月06日","112年09月04日","112年09月06日","0.02","    740.00","","",
="04823P","臺股指群益2B售04","0.00","","IX0001","臺股指數","16,636.30","","認售","歐式","111年12月15日","112年11月14日","112年11月10日","112年11月14日","0.005","    10,500.00","","",
="04823U","聯發科凱基29售12","0.00","","2454","聯發科","738.00","＋","認售","歐式","112年03月07日","112年09月06日","112年09月04日","112年09月06日","0.03","    680.00","","",
="04824P","臺股指群益2B售05","0.00","","IX0001","臺股指數","16,636.30","","認售","歐式","111年12月15日","112年11月14日","112年11月10日","112年11月14日","0.005","    11,000.00","","",
="04824U","聯發科凱基29售13","0.64","","2454","聯發科","738.00","＋","認售","歐式","112年03月07日","112年09月06日","112年09月04日","112年09月06日","0.045","    620.00","","",
="04825U","長榮航凱基29售04","0.00","","2618","長榮航","33.60","＋","認售","歐式","112年03月07日","112年09月06日","112年09月04日","112年09月06日","1.00","    22.00","","",
="04826U","臺股指凱基2C售15","0.00","","IX0001","臺股指數","16,636.30","","認售","歐式","112年03月07日","112年12月06日","112年12月04日","112年12月06日","0.004","    12,800.00","","",
="04827U","臺股指凱基2C售16","0.52","－","IX0001","臺股指數","16,636.30","","認售","歐式","112年03月07日","112年12月06日","112年12月04日","112年12月06日","0.006","    12,000.00","","",
="04828U","台積電中信2B售02","0.35","－","2330","台積電","568.00","＋","認售","歐式","112年03月08日","112年11月07日","112年11月03日","112年11月07日","0.015","    497.31","","",
="04829P","臺股指群益2B售06","0.00","","IX0001","臺股指數","16,636.30","","認售","歐式","111年12月15日","112年11月14日","112年11月10日","112年11月14日","0.003","    12,400.00","","",
="04829U","台積電中信31售02","0.51","－","2330","台積電","568.00","＋","認售","歐式","112年03月08日","113年01月08日","113年01月04日","113年01月08日","0.02","    477.42","","",
="04830P","長榮群益26售04","0.00","","2603","長榮","157.00","＋","認售","歐式","111年10月28日","112年06月27日","112年06月21日","112年06月27日","0.50","    70.00","","",
="04830U","華邦電中信29售02","0.00","","2344","華邦電","26.90","＋","認售","歐式","112年03月08日","112年09月07日","112年09月05日","112年09月07日","0.50","    22.00","","",
="04831P","臺股指群益2B售07","0.56","－","IX0001","臺股指數","16,636.30","","認售","歐式","111年12月15日","112年11月14日","112年11月10日","112年11月14日","0.003","    13,000.00","","",
="04831U","天鈺中信29售01","0.00","","4961","天鈺","154.00","＋","認售","歐式","112年03月08日","112年09月07日","112年09月05日","112年09月07日","0.08","    130.00","","",
="04832P","台灣50元大28售09","0.09","－",="0050","元大台灣50","126.75","＋","認售","歐式","111年12月15日","112年08月14日","112年08月10日","112年08月14日","0.256","    102.69","","",
="04832U","聯發科統一29售05","0.86","","2454","聯發科","738.00","＋","認售","歐式","112年03月08日","112年09月07日","112年09月05日","112年09月07日","0.01","    777.77","","",
="04833P","台灣50元大28售10","0.17","－",="0050","元大台灣50","126.75","＋","認售","歐式","111年12月15日","112年08月14日","112年08月10日","112年08月14日","0.153","    110.51","","",
="04833U","聯詠統一2B售04","0.00","","3034","聯詠","423.50","＋","認售","歐式","112年03月08日","112年11月07日","112年11月03日","112年11月07日","0.015","    383.70","","",
="04834P","台灣50元大29售07","0.00","",="0050","元大台灣50","126.75","＋","認售","歐式","111年12月15日","112年09月14日","112年09月12日","112年09月14日","0.307","    97.80","","",
="04834U","長榮麥證2A售01","2.37","－","2603","長榮","157.00","＋","認售","歐式","112年03月08日","112年10月11日","112年10月05日","112年10月11日","0.18","    140.00","","",
="04835P","台灣50元大29售08","0.25","－",="0050","元大台灣50","126.75","＋","認售","歐式","111年12月15日","112年09月14日","112年09月12日","112年09月14日","0.205","    105.62","","",
="04835U","台灣50群益29售04","1.37","－",="0050","元大台灣50","126.75","＋","認售","歐式","112年03月08日","112年09月07日","112年09月05日","112年09月07日","0.80","    114.00","","",
="04836U","台灣50群益29售05","0.56","－",="0050","元大台灣50","126.75","＋","認售","歐式","112年03月08日","112年09月07日","112年09月05日","112年09月07日","0.30","    117.00","","",
="04837U","天鈺群益29售04","1.40","＋","4961","天鈺","154.00","＋","認售","歐式","112年03月08日","112年09月07日","112年09月05日","112年09月07日","0.12","    138.00","","",
="04838P","道瓊銀元大26售01","0.00","",="00738U","期元大道瓊白銀(原名：元大道瓊白銀)","22.79","＋","認售","歐式","111年12月15日","112年06月14日","112年06月12日","112年06月14日","0.40","    22.00","","",
="04838U","晶華國票2A售02","0.00","","2707","晶華","288.00","＋","認售","歐式","112年03月08日","112年10月11日","112年10月05日","112年10月11日","0.021","    280.00","","",
="04839P","FB越南元大26售03","0.00","",="00885","富邦越南","11.45","＋","認售","歐式","111年12月15日","112年06月14日","112年06月12日","112年06月14日","1.00","    11.00","","",
="04839U","美食國票2A售03","1.07","＋","2723","美食-KY","152.50","－","認售","歐式","112年03月08日","112年10月11日","112年10月05日","112年10月11日","0.046","    150.00","","",
="04840P","鴻海元大26售07","0.00","","2317","鴻海","105.50","＋","認售","歐式","111年12月15日","112年06月14日","112年06月12日","112年06月14日","0.715","    70.70","","",
="04840U","玉晶光國票29售03","0.95","","3406","玉晶光","400.00","＋","認售","歐式","112年03月08日","112年09月07日","112年09月05日","112年09月07日","0.024","    385.00","","",
="04841P","鴻海元大26售08","0.00","","2317","鴻海","105.50","＋","認售","歐式","111年12月15日","112年06月14日","112年06月12日","112年06月14日","0.18","    91.40","","",
="04841U","陽明國泰2B售03","0.00","","2609","陽明","62.00","＋","認售","歐式","112年03月08日","112年11月07日","112年11月03日","112年11月07日","0.40","    55.00","","",
="04842P","華擎元大26售01","0.00","","3515","華擎","154.00","＋","認售","歐式","111年12月15日","112年06月14日","112年06月12日","112年06月14日","0.094","    107.00","","",
="04842U","聯發科富邦2B售02","0.00","","2454","聯發科","738.00","＋","認售","歐式","112年03月08日","112年11月07日","112年11月03日","112年11月07日","0.015","    700.00","","",
="04843P","T50反1台新2A售01","0.00","",="00632R","元大台灣50反1","4.94","－","認售","歐式","111年10月28日","112年10月27日","112年10月25日","112年10月27日","1.00","    6.55","","",
="04843U","聚陽元大29售01","0.75","－","1477","聚陽","219.00","＋","認售","歐式","112年03月08日","112年09月07日","112年09月05日","112年09月07日","0.07","    181.12","","",
="04844U","中興電元大29售07","0.77","－","1513","中興電","113.50","＋","認售","歐式","112年03月08日","112年09月07日","112年09月05日","112年09月07日","0.117","    95.00","","",
="04845P","台積電統一26售08","0.00","","2330","台積電","568.00","＋","認售","歐式","111年10月28日","112年06月27日","112年06月21日","112年06月27日","0.025","    365.31","","",
="04845U","天鈺元大29售02","1.28","－","4961","天鈺","154.00","＋","認售","歐式","112年03月08日","112年09月07日","112年09月05日","112年09月07日","0.039","    170.00","","",
="04846U","上証2X凱基2B售04","0.00","",="00633L","富邦上証正2","35.01","－","認售","歐式","112年03月08日","112年11月07日","112年11月03日","112年11月07日","0.30","    40.00","","",
="04847P","日月光元大26售03","0.00","","3711","日月光投控","109.00","－","認售","歐式","111年12月15日","112年06月14日","112年06月12日","112年06月14日","0.161","    87.70","","",
="04847U","聚陽凱基29售02","0.00","","1477","聚陽","219.00","＋","認售","歐式","112年03月08日","112年09月07日","112年09月05日","112年09月07日","0.107","    164.23","","",
="04848U","華邦電凱基29售01","0.00","","2344","華邦電","26.90","＋","認售","歐式","112年03月08日","112年09月07日","112年09月05日","112年09月07日","1.00","    21.00","","",
="04849P","台灣50國票26售03","0.00","",="0050","元大台灣50","126.75","＋","認售","歐式","111年12月15日","112年06月14日","112年06月12日","112年06月14日","0.205","    110.02","","",
="04849U","智邦凱基29售02","0.00","","2345","智邦","357.50","＋","認售","歐式","112年03月08日","112年09月07日","112年09月05日","112年09月07日","0.085","    220.00","","",
="04850U","台光電凱基29售01","0.90","－","2383","台光電","204.50","＋","認售","歐式","112年03月08日","112年09月07日","112年09月05日","112年09月07日","0.065","    180.00","","",
="04851P","台灣50國票26售04","0.00","",="0050","元大台灣50","126.75","＋","認售","歐式","111年12月15日","112年06月14日","112年06月12日","112年06月14日","0.307","    102.69","","",
="04851U","南亞科凱基2C售01","0.00","","2408","南亞科","71.20","－","認售","歐式","112年03月08日","112年12月07日","112年12月05日","112年12月07日","1.00","    31.00","","",
="04852P","台灣50國票26售05","0.00","",="0050","元大台灣50","126.75","＋","認售","歐式","111年12月15日","112年06月14日","112年06月12日","112年06月14日","0.511","    92.91","","",
="04852U","聯詠凱基29售03","0.00","","3034","聯詠","423.50","＋","認售","歐式","112年03月08日","112年09月07日","112年09月05日","112年09月07日","0.035","    400.00","","",
="04853U","群創凱基29售05","1.17","－","3481","群創","14.10","＋","認售","歐式","112年03月08日","112年09月07日","112年09月05日","112年09月07日","0.80","    14.00","","",
="04854P","台灣50國票27售03","0.00","",="0050","元大台灣50","126.75","＋","認售","歐式","111年12月15日","112年07月14日","112年07月12日","112年07月14日","0.307","    107.58","","",
="04854U","台灣50元富29售03","0.53","－",="0050","元大台灣50","126.75","＋","認售","歐式","112年03月08日","112年09月07日","112年09月05日","112年09月07日","1.00","    105.00","","",
="04855P","台積電凱基26售10","0.00","","2330","台積電","568.00","＋","認售","歐式","111年10月28日","112年06月27日","112年06月21日","112年06月27日","0.122","    276.90","","",
="04855U","台達電元富29售01","0.56","－","2308","台達電","315.50","－","認售","歐式","112年03月08日","112年09月07日","112年09月05日","112年09月07日","0.08","    265.00","","",
="04856U","華邦電元富29售02","1.15","","2344","華邦電","26.90","＋","認售","歐式","112年03月08日","112年09月07日","112年09月05日","112年09月07日","0.70","    23.50","","",
="04857U","奇鋐元富29售02","0.10","","3017","奇鋐","206.00","－","認售","歐式","112年03月08日","112年09月07日","112年09月05日","112年09月07日","0.10","    100.00","","",
="04858U","嘉澤元富29售02","0.00","","3533","嘉澤","909.00","－","認售","歐式","112年03月08日","112年09月07日","112年09月05日","112年09月07日","0.027","    696.60","","",
="04859P","台灣50國票27售04","0.00","",="0050","元大台灣50","126.75","＋","認售","歐式","111年12月15日","112年07月14日","112年07月12日","112年07月14日","0.409","    97.80","","",
="04859U","健策元富2C售03","0.18","－","3653","健策","616.00","＋","認售","歐式","112年03月08日","112年12月07日","112年12月05日","112年12月07日","0.02","    350.00","","",
="04860P","台灣50國票28售02","0.00","",="0050","元大台灣50","126.75","＋","認售","歐式","111年12月15日","112年08月14日","112年08月10日","112年08月14日","0.511","    88.02","","",
="04860U","道瓊2X中信31售01","0.72","－",="00852L","國泰美國道瓊正2","18.51","＋","認售","歐式","112年03月09日","113年01月08日","113年01月04日","113年01月08日","0.20","    18.00","","",
="04861U","大立光中信29售03","1.13","－","3008","大立光","2,305.00","＋","認售","歐式","112年03月09日","112年09月08日","112年09月06日","112年09月08日","0.003","    2,528.73","","",
="04862P","上証2X國票27售02","0.85","",="00633L","富邦上証正2","35.01","－","認售","歐式","111年12月15日","112年07月14日","112年07月12日","112年07月14日","0.70","    32.00","","",
="04862U","台積電永豐29售02","0.00","","2330","台積電","568.00","＋","認售","歐式","112年03月09日","112年09月08日","112年09月06日","112年09月08日","0.045","    457.52","","",
="04863P","滬深2X國票27售03","0.00","",="00637L","元大滬深300正2","13.77","－","認售","歐式","111年12月15日","112年07月14日","112年07月12日","112年07月14日","0.80","    15.00","","",
="04863U","景碩永豐29售01","0.69","－","3189","景碩","116.00","＋","認售","歐式","112年03月09日","112年09月08日","112年09月06日","112年09月08日","0.08","    104.40","","",
="04864P","華城國票27售01","0.00","","1519","華城","141.00","＋","認售","歐式","111年12月15日","112年07月14日","112年07月12日","112年07月14日","0.30","    40.00","","",
="04864U","長榮凱基29售09","0.00","","2603","長榮","157.00","＋","認售","歐式","112年03月09日","112年09月08日","112年09月06日","112年09月08日","0.12","    145.00","","",
="04865P","華新國票26售04","0.00","","1605","華新","46.60","＋","認售","歐式","111年12月15日","112年06月14日","112年06月12日","112年06月14日","0.20","    45.00","","",
="04865U","大立光凱基2B售02","2.25","－","3008","大立光","2,305.00","＋","認售","歐式","112年03月09日","112年11月08日","112年11月06日","112年11月08日","0.008","    2,254.30","","",
="04866P","欣興中信26售01","0.00","","3037","欣興","182.50","－","認售","歐式","111年10月28日","112年06月27日","112年06月21日","112年06月27日","0.10","    100.00","","",
="04866U","大立光凱基2B售03","1.56","－","3008","大立光","2,305.00","＋","認售","歐式","112年03月09日","112年11月08日","112年11月06日","112年11月08日","0.02","    1,862.25","","",
="04867P","臺股指國泰26售03","0.00","","IX0001","臺股指數","16,636.30","","認售","歐式","111年10月28日","112年06月27日","112年06月21日","112年06月27日","0.005","    11,000.00","","",
="04867U","創意凱基2B售03","0.18","－","3443","創意","1,515.00","＋","認售","歐式","112年03月09日","112年11月08日","112年11月06日","112年11月08日","0.003","    900.00","","",
="04868U","創意凱基2B售04","0.00","","3443","創意","1,515.00","＋","認售","歐式","112年03月09日","112年11月08日","112年11月06日","112年11月08日","0.005","    750.00","","",
="04869U","緯穎凱基29售05","0.00","","6669","緯穎","1,205.00","＋","認售","歐式","112年03月09日","112年09月08日","112年09月06日","112年09月08日","0.03","    680.00","","",
="04870P","台積電元富27售24","0.00","","2330","台積電","568.00","＋","認售","歐式","111年10月28日","112年07月27日","112年07月25日","112年07月27日","0.07","    346.13","","",
="04870U","金融類凱基2C售01","0.00","","IX0039","金融類","1,620.43","","認售","歐式","112年03月09日","112年12月08日","112年12月06日","112年12月08日","0.02","    1,450.00","","",
="04871P","台積電元富27售25","0.00","","2330","台積電","568.00","＋","認售","歐式","111年10月28日","112年07月27日","112年07月25日","112年07月27日","0.152","    296.67","","",
="04871U","金融類凱基2C售02","0.84","","IX0039","金融類","1,620.43","","認售","歐式","112年03月09日","112年12月08日","112年12月06日","112年12月08日","0.03","    1,350.00","","",
="04872P","台積電麥證2A售03","0.06","","2330","台積電","568.00","＋","認售","歐式","111年10月28日","112年10月27日","112年10月25日","112年10月27日","0.03","    326.34","","",
="04872U","聯電元大29售14","1.68","－","2303","聯電","51.20","＋","認售","歐式","112年03月09日","112年09月08日","112年09月06日","112年09月08日","0.321","    51.90","","",
="04873P","香港2X元大28售01","0.00","",="00650L","FH香港正2","11.60","＋","認售","歐式","111年10月28日","112年08月28日","112年08月24日","112年08月28日","1.00","    7.50","","",
="04873U","創意元大29售16","0.49","","3443","創意","1,515.00","＋","認售","歐式","112年03月09日","112年09月08日","112年09月06日","112年09月08日","0.009","    975.00","","",
="04874P","華新國票27售01","0.00","","1605","華新","46.60","＋","認售","歐式","111年12月15日","112年07月14日","112年07月12日","112年07月14日","0.30","    40.00","","",
="04874U","創意元大2A售01","1.31","－","3443","創意","1,515.00","＋","認售","歐式","112年03月09日","112年10月11日","112年10月05日","112年10月11日","0.011","    1,111.00","","",
="04875U","愛普元大29售07","0.78","－","6531","愛普*","328.50","＋","認售","歐式","112年03月09日","112年09月08日","112年09月06日","112年09月08日","0.033","    255.00","","",
="04876U","電子類元大2A售07","0.45","－","IX0027","電子類","797.58","","認售","歐式","112年03月09日","112年10月11日","112年10月05日","112年10月11日","0.03","    700.00","","",
="04877P","第一銅國票27售02","0.00","","2009","第一銅","32.10","＋","認售","歐式","111年12月15日","112年07月14日","112年07月12日","112年07月14日","0.60","    25.00","","",
="04877U","電子類元大2B售03","0.49","－","IX0027","電子類","797.58","","認售","歐式","112年03月09日","112年11月08日","112年11月06日","112年11月08日","0.035","    675.00","","",
="04878P","中鴻國票27售01","0.00","","2014","中鴻","23.15","＋","認售","歐式","111年12月15日","112年07月14日","112年07月12日","112年07月14日","1.00","    19.00","","",
="04878U","創意元大29售11","0.00","","3443","創意","1,515.00","＋","認售","歐式","112年03月09日","112年09月08日","112年09月06日","112年09月08日","0.017","    758.00","","",
="04879U","聯詠統一29售07","0.00","","3034","聯詠","423.50","＋","認售","歐式","112年03月09日","112年09月08日","112年09月06日","112年09月08日","0.02","    410.70","","",
="04880P","聯電國票26售04","0.00","","2303","聯電","51.20","＋","認售","歐式","111年12月15日","112年06月14日","112年06月12日","112年06月14日","0.30","    42.50","","",
="04880U","創意統一29售04","0.25","－","3443","創意","1,515.00","＋","認售","歐式","112年03月09日","112年09月08日","112年09月06日","112年09月08日","0.006","    926.50","","",
="04881U","創意統一2A售04","0.21","","3443","創意","1,515.00","＋","認售","歐式","112年03月09日","112年10月11日","112年10月05日","112年10月11日","0.004","    937.40","","",
="04882P","臺股指元大29售09","0.06","","IX0001","臺股指數","16,636.30","","認售","歐式","111年10月28日","112年09月27日","112年09月25日","112年09月27日","0.002","    9,000.00","","",
="04882U","創意統一2A售05","0.48","－","3443","創意","1,515.00","＋","認售","歐式","112年03月09日","112年10月11日","112年10月05日","112年10月11日","0.007","    888.88","","",
="04883U","創意統一2A售06","0.52","－","3443","創意","1,515.00","＋","認售","歐式","112年03月09日","112年10月11日","112年10月05日","112年10月11日","0.004","    1,111.11","","",
="04884P","聯電國票26售05","0.00","","2303","聯電","51.20","＋","認售","歐式","111年12月15日","112年06月14日","112年06月12日","112年06月14日","0.70","    37.50","","",
="04884U","創意統一2B售04","0.31","","3443","創意","1,515.00","＋","認售","歐式","112年03月09日","112年11月08日","112年11月06日","112年11月08日","0.004","    981.00","","",
="04885U","創意統一2B售05","0.27","－","3443","創意","1,515.00","＋","認售","歐式","112年03月09日","112年11月08日","112年11月06日","112年11月08日","0.003","    981.00","","",
="04886P","欣興統一26售03","0.00","","3037","欣興","182.50","－","認售","歐式","111年10月31日","112年06月30日","112年06月28日","112年06月30日","0.035","    109.40","","",
="04886U","友達元富29售03","0.00","","2409","友達","17.65","＋","認售","歐式","112年03月09日","112年09月08日","112年09月06日","112年09月08日","1.00","    18.80","","",
="04887P","聯電國票27售02","0.00","","2303","聯電","51.20","＋","認售","歐式","111年12月15日","112年07月14日","112年07月12日","112年07月14日","0.40","    40.00","","",
="04887U","大立光元富29售03","1.52","－","3008","大立光","2,305.00","＋","認售","歐式","112年03月09日","112年09月08日","112年09月06日","112年09月08日","0.007","    2,303.30","","",
="04888P","聯電國票28售02","0.00","","2303","聯電","51.20","＋","認售","歐式","111年12月15日","112年08月14日","112年08月10日","112年08月14日","1.00","    32.50","","",
="04888U","創意元富29售01","0.00","","3443","創意","1,515.00","＋","認售","歐式","112年03月09日","112年09月08日","112年09月06日","112年09月08日","0.01","    900.00","","",
="04889P","鴻海國票27售03","0.00","","2317","鴻海","105.50","＋","認售","歐式","111年12月15日","112年07月14日","112年07月12日","112年07月14日","0.10","    100.00","","",
="04889U","創意元富2C售02","0.00","","3443","創意","1,515.00","＋","認售","歐式","112年03月09日","112年12月08日","112年12月06日","112年12月08日","0.01","    800.00","","",
="04890U","天鈺元富29售02","0.00","","4961","天鈺","154.00","＋","認售","歐式","112年03月09日","112年09月08日","112年09月06日","112年09月08日","0.068","    150.00","","",
="04891P","聯電凱基26售05","0.00","","2303","聯電","51.20","＋","認售","歐式","111年10月31日","112年06月30日","112年06月28日","112年06月30日","0.75","    32.00","","",
="04891U","大成鋼麥證29售01","0.00","","2027","大成鋼","45.25","＋","認售","歐式","112年03月09日","112年09月08日","112年09月06日","112年09月08日","1.00","    35.00","","",
="04892P","台積電國票26售06","0.00","","2330","台積電","568.00","＋","認售","歐式","111年12月15日","112年06月14日","112年06月12日","112年06月14日","0.05","    474.68","","",
="04892U","可成麥證29售01","0.00","","2474","可成","189.00","＋","認售","歐式","112年03月09日","112年09月08日","112年09月06日","112年09月08日","0.18","    150.00","","",
="04893P","台積電國票26售07","0.00","","2330","台積電","568.00","＋","認售","歐式","111年12月15日","112年06月14日","112年06月12日","112年06月14日","0.04","    454.91","","",
="04893U","新興麥證29售01","1.48","","2605","新興","21.45","＋","認售","歐式","112年03月09日","112年09月08日","112年09月06日","112年09月08日","0.45","    22.00","","",
="04894U","潤泰新麥證29售01","1.64","","9945","潤泰新","35.00","＋","認售","歐式","112年03月09日","112年09月08日","112年09月06日","112年09月08日","0.45","    33.00","","",
="04895U","美費半群益29售01","0.00","",="00830","國泰費城半導體","31.65","＋","認售","歐式","112年03月09日","112年09月08日","112年09月06日","112年09月08日","0.35","    25.50","","",
="04896U","台積電群益29售13","0.00","","2330","台積電","568.00","＋","認售","歐式","112年03月09日","112年09月08日","112年09月06日","112年09月08日","0.06","    470.45","","",
="04897U","台積電群益29售14","0.52","－","2330","台積電","568.00","＋","認售","歐式","112年03月09日","112年09月08日","112年09月06日","112年09月08日","0.05","    495.32","","",
="04898U","光罩群益2A售02","1.54","－","2338","光罩","81.80","＋","認售","歐式","112年03月09日","112年10月11日","112年10月05日","112年10月11日","0.20","    70.00","","",
="04899U","威盛群益29售03","1.38","－","2388","威盛","83.10","＋","認售","歐式","112年03月09日","112年09月08日","112年09月06日","112年09月08日","0.10","    85.00","","",
="04900P","台積電國票26售08","0.00","","2330","台積電","568.00","＋","認售","歐式","111年12月15日","112年06月14日","112年06月12日","112年06月14日","0.102","    385.68","","",
="04900U","長榮群益29售03","0.00","","2603","長榮","157.00","＋","認售","歐式","112年03月09日","112年09月08日","112年09月06日","112年09月08日","0.10","    155.00","","",
="04901U","東哥群益29售01","0.30","","8478","東哥遊艇","520.00","＋","認售","歐式","112年03月09日","112年09月08日","112年09月06日","112年09月08日","0.06","    255.00","","",
="04902U","電子類群益29售02","0.00","","IX0027","電子類","797.58","","認售","歐式","112年03月09日","112年09月08日","112年09月06日","112年09月08日","0.03","    720.00","","",
="04903P","台積電國票27售04","0.00","","2330","台積電","568.00","＋","認售","歐式","111年12月15日","112年07月14日","112年07月12日","112年07月14日","0.04","    445.01","","",
="04903U","臺股指麥證29售05","0.00","","IX0001","臺股指數","16,636.30","","認售","歐式","112年03月10日","112年09月11日","112年09月07日","112年09月11日","0.001","    15,888.00","","",
="04904P","台積電國票27售05","0.00","","2330","台積電","568.00","＋","認售","歐式","111年12月15日","112年07月14日","112年07月12日","112年07月14日","0.202","    336.23","","",
="04904U","大立光永豐2A售02","0.89","－","3008","大立光","2,305.00","＋","認售","歐式","112年03月10日","112年10月11日","112年10月05日","112年10月11日","0.008","    2,039.04","","",
="04905U","A50正2凱基31售01","1.91","－",="00655L","國泰中國A50正2","24.65","－","認售","歐式","112年03月10日","113年01月09日","113年01月05日","113年01月09日","0.50","    25.00","","",
="04906U","中興電凱基2A售03","0.86","－","1513","中興電","113.50","＋","認售","歐式","112年03月10日","112年10月11日","112年10月05日","112年10月11日","0.15","    90.00","","",
="04907U","華城凱基2A售03","0.15","","1519","華城","141.00","＋","認售","歐式","112年03月10日","112年10月11日","112年10月05日","112年10月11日","0.16","    55.00","","",
="04908P","國泰金元大26售02","0.00","","2882","國泰金","44.75","＋","認售","歐式","111年10月31日","112年06月30日","112年06月28日","112年06月30日","1.016","    26.68","","",
="04908U","聯電凱基29售03","0.00","","2303","聯電","51.20","＋","認售","歐式","112年03月10日","112年09月11日","112年09月07日","112年09月11日","1.00","    42.00","","",
="04909P","臺股指元富28售01","0.00","","IX0001","臺股指數","16,636.30","","認售","歐式","111年10月31日","112年08月30日","112年08月28日","112年08月30日","0.006","    8,800.00","","",
="04909U","聯發科凱基2B售05","1.82","","2454","聯發科","738.00","＋","認售","歐式","112年03月10日","112年11月09日","112年11月07日","112年11月09日","0.025","    700.00","","",
="04910P","臺股指元富28售02","0.00","","IX0001","臺股指數","16,636.30","","認售","歐式","111年10月31日","112年08月30日","112年08月28日","112年08月30日","0.005","    10,500.00","","",
="04910U","聯詠凱基2A售07","0.37","","3034","聯詠","423.50","＋","認售","歐式","112年03月10日","112年10月11日","112年10月05日","112年10月11日","0.80","    220.00","","",
="04911P","台積電國票28售01","0.00","","2330","台積電","568.00","＋","認售","歐式","111年12月15日","112年08月14日","112年08月10日","112年08月14日","0.04","    464.80","","",
="04911U","南電凱基29售06","0.65","＋","8046","南電","302.50","－","認售","歐式","112年03月10日","112年09月11日","112年09月07日","112年09月11日","0.07","    220.00","","",
="04912U","臺股指凱基2A售32","0.70","－","IX0001","臺股指數","16,636.30","","認售","歐式","112年03月10日","112年10月11日","112年10月05日","112年10月11日","0.001","    16,000.00","","",
="04913P","香港2X群益26售03","0.00","",="00650L","FH香港正2","11.60","＋","認售","歐式","111年10月31日","112年06月30日","112年06月28日","112年06月30日","1.00","    8.00","","",
="04913U","臺股指凱基2A售33","0.77","－","IX0001","臺股指數","16,636.30","","認售","歐式","112年03月10日","112年10月11日","112年10月05日","112年10月11日","0.0015","    15,500.00","","",
="04914U","臺股指凱基2B售23","0.00","","IX0001","臺股指數","16,636.30","","認售","歐式","112年03月10日","112年11月09日","112年11月07日","112年11月09日","0.002","    15,100.00","","",
="04915P","晶心科群益26售02","0.00","","6533","晶心科","511.00","＋","認售","歐式","111年10月31日","112年06月30日","112年06月28日","112年06月30日","0.03","    250.00","","",
="04915U","臺股指凱基2B售24","1.05","－","IX0001","臺股指數","16,636.30","","認售","歐式","112年03月10日","112年11月09日","112年11月07日","112年11月09日","0.003","    14,900.00","","",
="04916P","台積電國票28售02","0.00","","2330","台積電","568.00","＋","認售","歐式","111年12月15日","112年08月14日","112年08月10日","112年08月14日","0.05","    415.35","","",
="04916U","臺股指凱基2C售18","0.76","－","IX0001","臺股指數","16,636.30","","認售","歐式","112年03月10日","112年12月11日","112年12月07日","112年12月11日","0.003","    14,000.00","","",
="04917P","台積電國票29售01","0.00","","2330","台積電","568.00","＋","認售","歐式","111年12月15日","112年09月14日","112年09月12日","112年09月14日","0.202","    267.01","","",
="04917U","聯電兆豐2B售02","0.98","－","2303","聯電","51.20","＋","認售","歐式","112年03月10日","112年11月09日","112年11月07日","112年11月09日","0.22","    48.80","","",
="04918P","聯發科康和26售01","0.00","","2454","聯發科","738.00","＋","認售","歐式","111年10月31日","112年06月30日","112年06月28日","112年06月30日","0.02","    520.00","","",
="04918U","聯電群益29售03","0.00","","2303","聯電","51.20","＋","認售","歐式","112年03月10日","112年09月11日","112年09月07日","112年09月11日","0.40","    46.00","","",
="04919P","金像電國票27售02","0.00","","2368","金像電","121.50","","認售","歐式","111年12月15日","112年07月14日","112年07月12日","112年07月14日","0.145","    82.10","","",
="04919U","金像電群益29售02","0.00","","2368","金像電","121.50","","認售","歐式","112年03月10日","112年09月11日","112年09月07日","112年09月11日","0.29","    74.37","","",
="04920P","滬深2X國泰26售01","0.00","",="00637L","元大滬深300正2","13.77","－","認售","歐式","111年10月31日","112年06月30日","112年06月28日","112年06月30日","1.00","    10.98","","",
="04920U","聯發科群益2A售03","0.00","","2454","聯發科","738.00","＋","認售","歐式","112年03月10日","112年10月11日","112年10月05日","112年10月11日","0.05","    630.00","","",
="04921P","友達第一27售01","0.00","","2409","友達","17.65","＋","認售","歐式","111年11月01日","112年07月31日","112年07月27日","112年07月31日","0.35","    15.69","","",
="04921U","敦泰群益29售03","0.71","","3545","敦泰","83.70","＋","認售","歐式","112年03月10日","112年09月11日","112年09月07日","112年09月11日","0.10","    73.00","","",
="04922P","瑞昱國票26售02","0.00","","2379","瑞昱","388.00","＋","認售","歐式","111年12月15日","112年06月14日","112年06月12日","112年06月14日","0.035","    300.00","","",
="04922U","晶心科群益29售03","6.75","－","6533","晶心科","511.00","＋","認售","歐式","112年03月10日","112年09月11日","112年09月07日","112年09月11日","0.066","    540.00","","",
="04923U","台達電國泰2B售02","0.00","","2308","台達電","315.50","－","認售","歐式","112年03月10日","112年11月09日","112年11月07日","112年11月09日","0.12","    240.00","","",
="04924P","瑞昱國票27售02","0.00","","2379","瑞昱","388.00","＋","認售","歐式","111年12月15日","112年07月14日","112年07月12日","112年07月14日","0.07","    250.00","","",
="04924U","台灣50富邦2A售02","0.00","",="0050","元大台灣50","126.75","＋","認售","歐式","112年03月10日","112年10月11日","112年10月05日","112年10月11日","0.20","    110.00","","",
="04925U","大立光富邦2C售02","0.72","－","3008","大立光","2,305.00","＋","認售","歐式","112年03月10日","112年12月11日","112年12月07日","112年12月11日","0.002","    2,352.31","","",
="04926P","華擎國票25售01","0.00","","3515","華擎","154.00","＋","認售","歐式","111年11月01日","112年05月31日","112年05月29日","112年05月31日","0.10","    85.00","","",
="04926U","聯詠富邦2B售02","0.00","","3034","聯詠","423.50","＋","認售","歐式","112年03月10日","112年11月09日","112年11月07日","112年11月09日","0.02","    380.00","","",
="04927P","瑞昱國票28售01","0.00","","2379","瑞昱","388.00","＋","認售","歐式","111年12月15日","112年08月14日","112年08月10日","112年08月14日","0.12","    200.00","","",
="04927U","臺股指富邦29售06","0.50","","IX0001","臺股指數","16,636.30","","認售","歐式","112年03月10日","112年09月11日","112年09月07日","112年09月11日","0.001","    15,500.00","","",
="04928U","上銀元富29售01","0.00","","2049","上銀","235.50","＋","認售","歐式","112年03月10日","112年09月11日","112年09月07日","112年09月11日","0.05","    250.00","","",
="04929P","晶心科群益26售03","0.00","","6533","晶心科","511.00","＋","認售","歐式","111年11月01日","112年06月30日","112年06月28日","112年06月30日","0.03","    300.00","","",
="04929U","大立光元富2C售01","1.68","－","3008","大立光","2,305.00","＋","認售","歐式","112年03月10日","112年12月11日","112年12月07日","112年12月11日","0.005","    2,352.31","","",
="04930U","奇鋐元富29售03","0.00","","3017","奇鋐","206.00","－","認售","歐式","112年03月10日","112年09月11日","112年09月07日","112年09月11日","0.10","    105.00","","",
="04931P","欣興國泰26售02","0.00","","3037","欣興","182.50","－","認售","歐式","111年11月01日","112年06月30日","112年06月28日","112年06月30日","0.08","    95.00","","",
="04931U","智易元富29售01","0.75","－","3596","智易","115.00","＋","認售","歐式","112年03月10日","112年09月11日","112年09月07日","112年09月11日","0.10","    100.00","","",
="04932P","美指2X凱基28售03","1.15","",="00683L","期元大美元指正2(原名：元大美元指數正2)","21.98","－","認售","歐式","111年11月01日","112年08月31日","112年08月29日","112年08月31日","0.70","    22.00","","",
="04932U","世芯元富29售03","0.00","","3661","世芯-KY","1,660.00","＋","認售","歐式","112年03月10日","112年09月11日","112年09月07日","112年09月11日","0.007","    850.00","","",
="04933U","元債2X元大29售02","0.00","",="00680L","元大美債20正2","10.96","＋","認售","歐式","112年03月10日","112年09月11日","112年09月07日","112年09月11日","1.00","    10.00","","",
="04934P","立積凱基27售01","0.00","","4968","立積","170.00","＋","認售","歐式","111年11月01日","112年07月31日","112年07月27日","112年07月31日","0.06","    70.00","","",
="04934U","華城元大29售04","0.11","－","1519","華城","141.00","＋","認售","歐式","112年03月10日","112年09月11日","112年09月07日","112年09月11日","0.17","    62.99","","",
="04935P","南電凱基25售06","0.00","","8046","南電","302.50","－","認售","歐式","111年11月01日","112年05月31日","112年05月29日","112年05月31日","0.06","    180.00","","",
="04935U","瑞昱元大29售01","0.00","","2379","瑞昱","388.00","＋","認售","歐式","112年03月10日","112年09月11日","112年09月07日","112年09月11日","0.053","    347.00","","",
="04936P","威盛國票27售04","0.00","","2388","威盛","83.10","＋","認售","歐式","111年12月15日","112年07月14日","112年07月12日","112年07月14日","0.20","    60.00","","",
="04936U","威盛元大29售04","1.57","－","2388","威盛","83.10","＋","認售","歐式","112年03月10日","112年09月11日","112年09月07日","112年09月11日","0.168","    72.30","","",
="04937U","晶華元大29售04","0.00","","2707","晶華","288.00","＋","認售","歐式","112年03月10日","112年09月11日","112年09月07日","112年09月11日","0.04","    272.50","","",
="04938U","新唐元大29售08","0.00","","4919","新唐","130.50","＋","認售","歐式","112年03月10日","112年09月11日","112年09月07日","112年09月11日","0.226","    104.00","","",
="04939P","南亞科國票27售01","0.00","","2408","南亞科","71.20","－","認售","歐式","111年12月15日","112年07月14日","112年07月12日","112年07月14日","0.70","    43.00","","",
="04939U","天鈺元大29售03","1.46","－","4961","天鈺","154.00","＋","認售","歐式","112年03月10日","112年09月11日","112年09月07日","112年09月11日","0.057","    158.50","","",
="04940P","宏全凱基25售01","0.00","","9939","宏全","106.50","＋","認售","歐式","111年11月01日","112年05月31日","112年05月29日","112年05月31日","0.25","    65.00","","",
="04940U","聯發科統一2A售06","0.00","","2454","聯發科","738.00","＋","認售","歐式","112年03月10日","112年10月11日","112年10月05日","112年10月11日","0.008","    750.00","","",
="04941U","長榮統一2A售11","0.80","","2603","長榮","157.00","＋","認售","歐式","112年03月10日","112年10月11日","112年10月05日","112年10月11日","0.045","    155.00","","",
="04942U","旺宏第一29售01","0.00","","2337","旺宏","33.40","＋","認售","歐式","112年03月13日","112年09月12日","112年09月08日","112年09月12日","1.00","    30.66","","",
="04943U","鴻海永豐2B售02","0.54","－","2317","鴻海","105.50","＋","認售","歐式","112年03月13日","112年11月13日","112年11月09日","112年11月13日","0.15","    92.03","","",
="04944P","友達國票26售02","0.00","","2409","友達","17.65","＋","認售","歐式","111年12月15日","112年06月14日","112年06月12日","112年06月14日","0.70","    15.00","","",
="04944U","聯發科永豐2A售03","1.02","－","2454","聯發科","738.00","＋","認售","歐式","112年03月13日","112年10月12日","112年10月06日","112年10月12日","0.02","    700.00","","",
="04945P","友達國票27售01","0.00","","2409","友達","17.65","＋","認售","歐式","111年12月15日","112年07月14日","112年07月12日","112年07月14日","1.00","    13.00","","",
="04945U","台灣50凱基2B售08","0.00","",="0050","元大台灣50","126.75","＋","認售","歐式","112年03月13日","112年11月13日","112年11月09日","112年11月13日","0.25","    119.00","","",
="04946U","台灣50凱基2C售05","0.73","－",="0050","元大台灣50","126.75","＋","認售","歐式","112年03月13日","112年12月12日","112年12月08日","112年12月12日","0.60","    100.00","","",
="04947U","台灣50凱基2C售06","0.00","",="0050","元大台灣50","126.75","＋","認售","歐式","112年03月13日","112年12月12日","112年12月08日","112年12月12日","0.60","    102.00","","",
="04948U","道瓊2X凱基31售01","0.00","",="00852L","國泰美國道瓊正2","18.51","＋","認售","歐式","112年03月13日","113年01月12日","113年01月10日","113年01月12日","0.163","    19.00","","",
="04949P","晶心科元大27售01","0.00","","6533","晶心科","511.00","＋","認售","歐式","111年11月01日","112年07月31日","112年07月27日","112年07月31日","0.01","    345.00","","",
="04949U","上銀凱基29售02","0.00","","2049","上銀","235.50","＋","認售","歐式","112年03月13日","112年09月12日","112年09月08日","112年09月12日","0.08","    210.00","","",
="04950U","強茂凱基29售01","0.00","","2481","強茂","70.20","＋","認售","歐式","112年03月13日","112年09月12日","112年09月08日","112年09月12日","0.30","    55.00","","",
="04951U","欣興凱基29售08","0.36","＋","3037","欣興","182.50","－","認售","歐式","112年03月13日","112年09月12日","112年09月08日","112年09月12日","0.085","    130.00","","",
="04952U","玉晶光凱基29售04","0.65","","3406","玉晶光","400.00","＋","認售","歐式","112年03月13日","112年09月12日","112年09月08日","112年09月12日","0.04","    330.00","","",
="04953P","台灣50富邦27售01","0.00","",="0050","元大台灣50","126.75","＋","認售","歐式","111年11月01日","112年07月31日","112年07月27日","112年07月31日","0.307","    83.13","","",
="04953U","東哥凱基29售03","0.25","－","8478","東哥遊艇","520.00","＋","認售","歐式","112年03月13日","112年09月12日","112年09月08日","112年09月12日","0.015","    350.00","","",
="04954U","中興電元富29售02","0.84","－","1513","中興電","113.50","＋","認售","歐式","112年03月13日","112年09月12日","112年09月08日","112年09月12日","0.10","    97.00","","",
="04955U","台積電統一29售08","0.30","－","2330","台積電","568.00","＋","認售","歐式","112年03月13日","112年09月12日","112年09月08日","112年09月12日","0.018","    517.20","","",
="04956P","南電統一26售01","0.00","","8046","南電","302.50","－","認售","歐式","111年11月01日","112年06月30日","112年06月28日","112年06月30日","0.02","    189.00","","",
="04956U","台達電元大29售06","0.00","","2308","台達電","315.50","－","認售","歐式","112年03月13日","112年09月12日","112年09月08日","112年09月12日","0.368","    209.00","","",
="04957P","友達國票28售02","0.00","","2409","友達","17.65","＋","認售","歐式","111年12月15日","112年08月14日","112年08月10日","112年08月14日","1.00","    12.00","","",
="04957U","台達電元大29售07","0.57","","2308","台達電","315.50","－","認售","歐式","112年03月13日","112年09月12日","112年09月08日","112年09月12日","0.176","    238.50","","",
="04958U","金像電元大29售04","0.40","－","2368","金像電","121.50","","認售","歐式","112年03月13日","112年09月12日","112年09月08日","112年09月12日","0.147","    89.34","","",
="04959U","威盛元大29售05","2.11","－","2388","威盛","83.10","＋","認售","歐式","112年03月13日","112年09月12日","112年09月08日","112年09月12日","0.103","    88.90","","",
="04960P","台積電永豐27售02","0.00","","2330","台積電","568.00","＋","認售","歐式","111年11月02日","112年07月03日","112年06月29日","112年07月03日","0.066","    296.67","","",
="04960U","長榮元大29售15","0.00","","2603","長榮","157.00","＋","認售","歐式","112年03月13日","112年09月12日","112年09月08日","112年09月12日","0.079","    162.50","","",
="04961P","聯發科國票26售02","0.00","","2454","聯發科","738.00","＋","認售","歐式","111年12月15日","112年06月14日","112年06月12日","112年06月14日","0.02","    700.00","","",
="04961U","日月光元大29售01","0.83","＋","3711","日月光投控","109.00","－","認售","歐式","112年03月13日","112年09月12日","112年09月08日","112年09月12日","0.079","    108.50","","",
="04962P","聯發科國票27售01","0.00","","2454","聯發科","738.00","＋","認售","歐式","111年12月15日","112年07月14日","112年07月12日","112年07月14日","0.025","    650.00","","",
="04962U","天鈺元大29售04","1.00","－","4961","天鈺","154.00","＋","認售","歐式","112年03月13日","112年09月12日","112年09月08日","112年09月12日","0.721","    88.80","","",
="04963P","聯發科國票27售02","0.00","","2454","聯發科","738.00","＋","認售","歐式","111年12月15日","112年07月14日","112年07月12日","112年07月14日","0.15","    450.00","","",
="04963U","裕隆群益29售04","0.00","","2201","裕隆","82.80","＋","認售","歐式","112年03月13日","112年09月12日","112年09月08日","112年09月12日","0.25","    77.00","","",
="04964P","聯發科國票28售02","0.00","","2454","聯發科","738.00","＋","認售","歐式","111年12月15日","112年08月14日","112年08月10日","112年08月14日","0.05","    550.00","","",
="04964U","新興群益2A售02","0.00","","2605","新興","21.45","＋","認售","歐式","112年03月13日","112年10月12日","112年10月06日","112年10月12日","0.75","    20.00","","",
="04965P","飛宏國票27售01","0.00","","2457","飛宏","76.40","＋","認售","歐式","111年12月15日","112年07月14日","112年07月12日","112年07月14日","0.184","    35.00","","",
="04965U","東哥國票29售04","0.57","－","8478","東哥遊艇","520.00","＋","認售","歐式","112年03月13日","112年09月12日","112年09月08日","112年09月12日","0.02","    375.00","","",
="04966P","宏達電國票26售03","0.00","","2498","宏達電","61.50","＋","認售","歐式","111年12月15日","112年06月14日","112年06月12日","112年06月14日","0.23","    50.00","","",
="04966U","臺股指國泰29售05","0.00","","IX0001","臺股指數","16,636.30","","認售","歐式","112年03月13日","112年09月12日","112年09月08日","112年09月12日","0.002","    15,000.00","","",
="04967P","長榮國票27售02","0.00","","2603","長榮","157.00","＋","認售","歐式","111年12月15日","112年07月14日","112年07月12日","112年07月14日","0.12","    130.00","","",
="04967U","臺股指國泰29售06","0.00","","IX0001","臺股指數","16,636.30","","認售","歐式","112年03月13日","112年09月12日","112年09月08日","112年09月12日","0.003","    14,500.00","","",
="04968P","長榮國票27售03","0.00","","2603","長榮","157.00","＋","認售","歐式","111年12月15日","112年07月14日","112年07月12日","112年07月14日","0.20","    110.00","","",
="04968U","臺股指國泰29售07","0.33","","IX0001","臺股指數","16,636.30","","認售","歐式","112年03月13日","112年09月12日","112年09月08日","112年09月12日","0.003","    14,000.00","","",
="04969P","萬海國票27售01","0.00","","2615","萬海","60.00","＋","認售","歐式","111年12月15日","112年07月14日","112年07月12日","112年07月14日","0.25","    61.00","","",
="04969U","臺股指國泰29售08","0.45","－","IX0001","臺股指數","16,636.30","","認售","歐式","112年03月13日","112年09月12日","112年09月08日","112年09月12日","0.002","    14,888.00","","",
="04970P","長榮第一27售02","0.00","","2603","長榮","157.00","＋","認售","歐式","111年11月02日","112年07月03日","112年06月29日","112年07月03日","0.028","    122.63","","",
="04970U","台積電富邦2A售13","0.00","","2330","台積電","568.00","＋","認售","歐式","112年03月13日","112年10月12日","112年10月06日","112年10月12日","0.04","    417.74","","",
="04971U","臺股指富邦29售07","0.00","","IX0001","臺股指數","16,636.30","","認售","歐式","112年03月13日","112年09月12日","112年09月08日","112年09月12日","0.002","    13,750.00","","",
="04972P","萬海國票27售02","0.00","","2615","萬海","60.00","＋","認售","歐式","111年12月15日","112年07月14日","112年07月12日","112年07月14日","0.80","    45.00","","",
="04972U","元金2X中信2A售01","0.48","－",="00708L","期元大S&P黃金正2(原名：元大S&P黃金正2)","26.72","－","認售","歐式","112年03月14日","112年10月13日","112年10月11日","112年10月13日","0.35","    23.00","","",
="04973U","臺股指中信2C售03","1.27","","IX0001","臺股指數","16,636.30","","認售","歐式","112年03月14日","112年12月13日","112年12月11日","112年12月13日","0.001","    15,888.00","","",
="04974U","臺股指中信2C售04","0.00","","IX0001","臺股指數","16,636.30","","認售","歐式","112年03月14日","112年12月13日","112年12月11日","112年12月13日","0.001","    14,888.00","","",
="04975U","台積電康和29售03","0.00","","2330","台積電","568.00","＋","認售","歐式","112年03月14日","112年09月13日","112年09月11日","112年09月13日","0.101","    427.69","","",
="04976U","聯發科第一29售04","0.00","","2454","聯發科","738.00","＋","認售","歐式","112年03月14日","112年09月13日","112年09月11日","112年09月13日","0.011","    691.60","","",
="04977U","臺股指永豐2C售01","0.29","－","IX0001","臺股指數","16,636.30","","認售","歐式","112年03月14日","112年12月13日","112年12月11日","112年12月13日","0.001","    14,400.00","","",
="04978P","台積電凱基27售14","0.00","","2330","台積電","568.00","＋","認售","歐式","111年11月02日","112年07月03日","112年06月29日","112年07月03日","0.035","    351.07","","",
="04978U","長榮凱基29售11","1.08","－","2603","長榮","157.00","＋","認售","歐式","112年03月14日","112年09月13日","112年09月11日","112年09月13日","0.17","    130.00","","",
="04979P","富邦金國票26售03","0.00","","2881","富邦金","61.10","＋","認售","歐式","111年12月15日","112年06月14日","112年06月12日","112年06月14日","0.30","    55.00","","",
="04979U","聯詠凱基29售05","0.74","－","3034","聯詠","423.50","＋","認售","歐式","112年03月14日","112年09月13日","112年09月11日","112年09月13日","0.085","    350.00","","",
="04980U","世芯凱基2A售04","0.17","－","3661","世芯-KY","1,660.00","＋","認售","歐式","112年03月14日","112年10月13日","112年10月11日","112年10月13日","0.005","    950.00","","",
="04981U","世芯凱基2A售05","0.12","","3661","世芯-KY","1,660.00","＋","認售","歐式","112年03月14日","112年10月13日","112年10月11日","112年10月13日","0.01","    750.00","","",
="04982P","富邦金國票27售01","0.00","","2881","富邦金","61.10","＋","認售","歐式","111年12月15日","112年07月14日","112年07月12日","112年07月14日","0.50","    50.00","","",
="04982U","天鈺凱基29售04","0.00","","4961","天鈺","154.00","＋","認售","歐式","112年03月14日","112年09月13日","112年09月11日","112年09月13日","0.045","    165.00","","",
="04983P","國泰金國票27售02","0.00","","2882","國泰金","44.75","＋","認售","歐式","111年12月15日","112年07月14日","112年07月12日","112年07月14日","0.80","    36.00","","",
="04983U","元日2X群益31售02","0.00","",="00706L","期元大S&P日圓正2(原名：元大S&P日圓正2)","8.72","－","認售","歐式","112年03月14日","113年01月15日","113年01月11日","113年01月15日","1.00","    9.10","","",
="04984P","國泰金國票27售03","0.25","－","2882","國泰金","44.75","＋","認售","歐式","111年12月15日","112年07月14日","112年07月12日","112年07月14日","0.40","    40.00","","",
="04984U","鴻海群益29售04","0.00","","2317","鴻海","105.50","＋","認售","歐式","112年03月14日","112年09月13日","112年09月11日","112年09月13日","0.25","    95.00","","",
="04985P","長榮凱基26售05","0.00","","2603","長榮","157.00","＋","認售","歐式","111年11月02日","112年06月01日","112年05月30日","112年06月01日","0.15","    105.00","","",
="04985U","鴻海群益29售05","0.76","","2317","鴻海","105.50","＋","認售","歐式","112年03月14日","112年09月13日","112年09月11日","112年09月13日","0.15","    100.00","","",
="04986P","國泰金國票27售04","0.00","","2882","國泰金","44.75","＋","認售","歐式","111年12月15日","112年07月14日","112年07月12日","112年07月14日","1.00","    32.00","","",
="04986U","瑞昱元大29售02","0.00","","2379","瑞昱","388.00","＋","認售","歐式","112年03月14日","112年09月13日","112年09月11日","112年09月13日","0.035","    391.00","","",
="04987P","富邦金凱基26售02","0.00","","2881","富邦金","61.10","＋","認售","歐式","111年11月02日","112年06月01日","112年05月30日","112年06月01日","1.00","    40.00","","",
="04987U","宏達電元大29售08","1.00","－","2498","宏達電","61.50","＋","認售","歐式","112年03月14日","112年09月13日","112年09月11日","112年09月13日","0.174","    56.70","","",
="04988U","臺股指元大2B售35","0.44","－","IX0001","臺股指數","16,636.30","","認售","歐式","112年03月14日","112年11月13日","112年11月09日","112年11月13日","0.001","    15,000.00","","",
="04989P","臺股指元富27售01","0.00","","IX0001","臺股指數","16,636.30","","認售","歐式","111年11月02日","112年07月03日","112年06月29日","112年07月03日","0.006","    11,500.00","","",
="04989U","臺股指元大2B售36","0.50","－","IX0001","臺股指數","16,636.30","","認售","歐式","112年03月14日","112年11月13日","112年11月09日","112年11月13日","0.001","    15,200.00","","",
="04990P","台灣50麥證28售01","0.00","",="0050","元大台灣50","126.75","＋","認售","歐式","111年11月02日","112年08月01日","112年07月28日","112年08月01日","0.307","    96.82","","",
="04990U","臺股指元大2C售14","0.53","－","IX0001","臺股指數","16,636.30","","認售","歐式","112年03月14日","112年12月13日","112年12月11日","112年12月13日","0.001","    15,100.00","","",
="04991U","威盛統一2A售05","0.00","","2388","威盛","83.10","＋","認售","歐式","112年03月14日","112年10月13日","112年10月11日","112年10月13日","0.03","    100.00","","",
="04992P","國泰金群益27售01","0.00","","2882","國泰金","44.75","＋","認售","歐式","111年11月02日","112年07月03日","112年06月29日","112年07月03日","1.016","    32.98","","",
="04992U","敦泰統一2B售04","0.00","","3545","敦泰","83.70","＋","認售","歐式","112年03月14日","112年11月13日","112年11月09日","112年11月13日","0.05","    67.80","","",
="04993P","台積電國票26售03","0.00","","2330","台積電","568.00","＋","認售","歐式","111年11月02日","112年06月01日","112年05月30日","112年06月01日","0.202","    296.67","","",
="04993U","FB越南國票29售01","0.00","",="00885","富邦越南","11.45","＋","認售","歐式","112年03月14日","112年09月13日","112年09月11日","112年09月13日","1.00","    11.00","","",
="04994U","鴻海國票2B售02","0.00","","2317","鴻海","105.50","＋","認售","歐式","112年03月14日","112年11月13日","112年11月09日","112年11月13日","0.12","    95.00","","",
="04995P","欣興國票26售01","0.00","","3037","欣興","182.50","－","認售","歐式","111年11月02日","112年06月01日","112年05月30日","112年06月01日","1.00","    62.00","","",
="04995U","威盛國票2A售03","1.49","","2388","威盛","83.10","＋","認售","歐式","112年03月14日","112年10月13日","112年10月11日","112年10月13日","0.08","    90.00","","",
="04996U","矽力國票2A售02","0.00","","6415","矽力*-KY","394.50","＋","認售","歐式","112年03月14日","112年10月13日","112年10月11日","112年10月13日","0.009","    535.26","","",
="04997P","元大金國票27售01","0.00","","2885","元大金","23.55","＋","認售","歐式","111年12月15日","112年07月14日","112年07月12日","112年07月14日","0.50","    21.00","","",
="04997U","臺股指國票2B售04","1.02","－","IX0001","臺股指數","16,636.30","","認售","歐式","112年03月14日","112年11月13日","112年11月09日","112年11月13日","0.002","    15,300.00","","",
="04998U","臺股指國票2B售05","0.00","","IX0001","臺股指數","16,636.30","","認售","歐式","112年03月14日","112年11月13日","112年11月09日","112年11月13日","0.01","    12,000.00","","",
="04999P","兆豐金國票26售01","0.00","","2886","兆豐金","36.20","＋","認售","歐式","111年12月15日","112年06月14日","112年06月12日","112年06月14日","0.50","    30.00","","",
="04999U","滬深2X富邦2C售01","1.59","－",="00637L","元大滬深300正2","13.77","－","認售","歐式","112年03月14日","112年12月13日","112年12月11日","112年12月13日","1.00","    13.00","","",
="05000U","聯詠富邦2B售03","0.93","","3034","聯詠","423.50","＋","認售","歐式","112年03月14日","112年11月13日","112年11月09日","112年11月13日","0.02","    420.00","","",
="05001P","聯發科國泰27售01","0.00","","2454","聯發科","738.00","＋","認售","歐式","111年11月02日","112年07月03日","112年06月29日","112年07月03日","0.025","    500.00","","",
="05001U","台積電元富29售04","0.00","","2330","台積電","568.00","＋","認售","歐式","112年03月14日","112年09月13日","112年09月11日","112年09月13日","0.02","    497.31","","",
="05002U","南亞科元富29售01","0.00","","2408","南亞科","71.20","－","認售","歐式","112年03月14日","112年09月13日","112年09月11日","112年09月13日","0.47","    50.00","","",
="05003P","大立光國票27售02","0.00","","3008","大立光","2,305.00","＋","認售","歐式","111年12月15日","112年07月14日","112年07月12日","112年07月14日","0.015","    1,764.23","","",
="05003U","啟碁元富29售01","1.23","－","6285","啟碁","87.50","＋","認售","歐式","112年03月14日","112年09月13日","112年09月11日","112年09月13日","0.15","    85.00","","",
="05004P","欣興國票27售02","0.00","","3037","欣興","182.50","－","認售","歐式","111年12月15日","112年07月14日","112年07月12日","112年07月14日","0.08","    130.00","","",
="05004U","穎崴元富29售03","0.33","＋","6515","穎崴","830.00","－","認售","歐式","112年03月14日","112年09月13日","112年09月11日","112年09月13日","0.025","    520.00","","",
="05005U","臺股指元富29售07","0.00","","IX0001","臺股指數","16,636.30","","認售","歐式","112年03月14日","112年09月13日","112年09月11日","112年09月13日","0.004","    14,000.00","","",
="05006U","祥碩中信29售03","0.61","－","5269","祥碩","1,300.00","＋","認售","歐式","112年03月15日","112年09月14日","112年09月12日","112年09月14日","0.005","    1,180.00","","",
="05007U","台灣50永豐2B售01","0.47","－",="0050","元大台灣50","126.75","＋","認售","歐式","112年03月15日","112年11月14日","112年11月10日","112年11月14日","0.30","    110.00","","",
="05008P","台灣50中信27售01","0.00","",="0050","元大台灣50","126.75","＋","認售","歐式","111年11月03日","112年07月03日","112年06月29日","112年07月03日","0.184","    88.02","","",
="05008U","臺股指永豐2B售02","0.00","","IX0001","臺股指數","16,636.30","","認售","歐式","112年03月15日","112年11月14日","112年11月10日","112年11月14日","0.001","    15,168.00","","",
="05009P","敦泰國票26售01","0.00","","3545","敦泰","83.70","＋","認售","歐式","111年11月03日","112年06月02日","112年05月31日","112年06月02日","0.368","    45.00","","",
="05009U","聯詠元大29售09","1.55","－","3034","聯詠","423.50","＋","認售","歐式","112年03月15日","112年09月14日","112年09月12日","112年09月14日","0.032","    424.00","","",
="05010P","立積國票26售01","0.00","","4968","立積","170.00","＋","認售","歐式","111年11月03日","112年06月02日","112年05月31日","112年06月02日","0.05","    85.00","","",
="05010U","創意元大29售15","0.00","","3443","創意","1,515.00","＋","認售","歐式","112年03月15日","112年09月14日","112年09月12日","112年09月14日","0.01","    900.00","","",
="05011U","創意元大29售18","0.62","－","3443","創意","1,515.00","＋","認售","歐式","112年03月15日","112年09月14日","112年09月12日","112年09月14日","0.008","    1,050.00","","",
="05012P","長榮航群益27售01","0.00","","2618","長榮航","33.60","＋","認售","歐式","111年11月03日","112年07月03日","112年06月29日","112年07月03日","1.00","    16.00","","",
="05012U","祥碩元大29售02","0.56","－","5269","祥碩","1,300.00","＋","認售","歐式","112年03月15日","112年09月14日","112年09月12日","112年09月14日","0.008","    1,000.00","","",
="05013U","友達群益29售03","0.77","－","2409","友達","17.65","＋","認售","歐式","112年03月15日","112年09月14日","112年09月12日","112年09月14日","1.00","    15.80","","",
="05014P","玉晶光國票27售03","0.00","","3406","玉晶光","400.00","＋","認售","歐式","111年12月15日","112年07月14日","112年07月12日","112年07月14日","0.035","    335.00","","",
="05014U","創意群益29售02","0.28","－","3443","創意","1,515.00","＋","認售","歐式","112年03月15日","112年09月14日","112年09月12日","112年09月14日","0.015","    888.00","","",
="05015U","威盛統一29售04","1.04","","2388","威盛","83.10","＋","認售","歐式","112年03月15日","112年09月14日","112年09月12日","112年09月14日","0.055","    90.00","","",
="05016P","南電群益26售02","0.00","","8046","南電","302.50","－","認售","歐式","111年11月03日","112年06月02日","112年05月31日","112年06月02日","0.10","    165.00","","",
="05016U","威盛統一29售05","0.61","","2388","威盛","83.10","＋","認售","歐式","112年03月15日","112年09月14日","112年09月12日","112年09月14日","0.04","    88.88","","",
="05017P","創意國票27售05","0.02","","3443","創意","1,515.00","＋","認售","歐式","111年12月15日","112年07月14日","112年07月12日","112年07月14日","0.064","    490.00","","",
="05017U","創意凱基29售07","0.15","","3443","創意","1,515.00","＋","認售","歐式","112年03月15日","112年09月14日","112年09月12日","112年09月14日","0.012","    830.00","","",
="05018P","揚明光國票27售03","0.00","","3504","揚明光","81.70","＋","認售","歐式","111年12月15日","112年07月14日","112年07月12日","112年07月14日","0.60","    50.00","","",
="05018U","創意凱基29售08","0.20","","3443","創意","1,515.00","＋","認售","歐式","112年03月15日","112年09月14日","112年09月12日","112年09月14日","0.008","    920.00","","",
="05019P","揚明光國票27售04","0.00","","3504","揚明光","81.70","＋","認售","歐式","111年12月15日","112年07月14日","112年07月12日","112年07月14日","0.28","    60.00","","",
="05019U","元債2X元富29售01","0.00","",="00680L","元大美債20正2","10.96","＋","認售","歐式","112年03月15日","112年09月14日","112年09月12日","112年09月14日","1.00","    12.00","","",
="05020P","揚明光國票27售05","0.77","","3504","揚明光","81.70","＋","認售","歐式","111年12月15日","112年07月14日","112年07月12日","112年07月14日","0.20","    70.00","","",
="05020U","裕隆元富29售04","0.00","","2201","裕隆","82.80","＋","認售","歐式","112年03月15日","112年09月14日","112年09月12日","112年09月14日","0.64","    45.00","","",
="05021P","嘉澤國票27售01","0.00","","3533","嘉澤","909.00","－","認售","歐式","111年12月15日","112年07月14日","112年07月12日","112年07月14日","0.014","    776.21","","",
="05021U","創意元富29售02","0.21","－","3443","創意","1,515.00","＋","認售","歐式","112年03月15日","112年09月14日","112年09月12日","112年09月14日","0.005","    1,000.00","","",
="05022P","台灣50永豐27售01","0.00","",="0050","元大台灣50","126.75","＋","認售","歐式","111年11月03日","112年07月03日","112年06月29日","112年07月03日","0.481","    73.35","","",
="05022U","嘉澤元富29售03","0.00","","3533","嘉澤","909.00","－","認售","歐式","112年03月15日","112年09月14日","112年09月12日","112年09月14日","0.02","    770.00","","",
="05023P","健策國票27售01","0.00","","3653","健策","616.00","＋","認售","歐式","111年12月15日","112年07月14日","112年07月12日","112年07月14日","0.06","    310.00","","",
="05023U","祥碩元富2A售02","0.72","","5269","祥碩","1,300.00","＋","認售","歐式","112年03月15日","112年10月16日","112年10月12日","112年10月16日","0.014","    950.00","","",
="05024U","飛宏國票2A售01","0.33","－","2457","飛宏","76.40","＋","認售","歐式","112年03月15日","112年10月16日","112年10月12日","112年10月16日","0.15","    50.00","","",
="05025U","創意國票2A售01","0.35","","3443","創意","1,515.00","＋","認售","歐式","112年03月15日","112年10月16日","112年10月12日","112年10月16日","0.10","    560.00","","",
="05026U","拓凱國票2A售02","0.49","－","4536","拓凱","196.50","＋","認售","歐式","112年03月15日","112年10月16日","112年10月12日","112年10月16日","0.20","    120.00","","",
="05027P","台積電第一26售02","0.00","","2330","台積電","568.00","＋","認售","歐式","111年11月03日","112年06月02日","112年05月31日","112年06月02日","0.021","    365.90","","",
="05027U","臺股指國票2A售09","0.00","","IX0001","臺股指數","16,636.30","","認售","歐式","112年03月15日","112年10月16日","112年10月12日","112年10月16日","0.002","    15,100.00","","",
="05028P","台積電凱基27售16","0.00","","2330","台積電","568.00","＋","認售","歐式","111年11月03日","112年07月03日","112年06月29日","112年07月03日","0.07","    301.62","","",
="05028U","臺股指國票2A售10","0.00","","IX0001","臺股指數","16,636.30","","認售","歐式","112年03月15日","112年10月16日","112年10月12日","112年10月16日","0.01","    11,500.00","","",
="05029P","世芯國票26售06","0.01","","3661","世芯-KY","1,660.00","＋","認售","歐式","111年12月15日","112年06月14日","112年06月12日","112年06月14日","0.006","    900.00","","",
="05029U","聯電國泰2B售03","1.00","－","2303","聯電","51.20","＋","認售","歐式","112年03月15日","112年11月14日","112年11月10日","112年11月14日","0.60","    43.00","","",
="05030P","世芯國票27售01","0.00","","3661","世芯-KY","1,660.00","＋","認售","歐式","111年12月15日","112年07月14日","112年07月12日","112年07月14日","0.007","    800.00","","",
="05030U","宏達電國泰2B售01","1.35","－","2498","宏達電","61.50","＋","認售","歐式","112年03月15日","112年11月14日","112年11月10日","112年11月14日","0.40","    47.00","","",
="05031U","創意國泰2B售02","0.49","－","3443","創意","1,515.00","＋","認售","歐式","112年03月15日","112年11月14日","112年11月10日","112年11月14日","0.02","    750.00","","",
="05032U","台積電富邦2C售04","0.00","","2330","台積電","568.00","＋","認售","歐式","112年03月15日","112年12月14日","112年12月12日","112年12月14日","0.03","    447.58","","",
="05033U","臺股指富邦31售01","0.41","－","IX0001","臺股指數","16,636.30","","認售","歐式","112年03月15日","113年01月15日","113年01月11日","113年01月15日","0.001","    13,500.00","","",
="05034U","裕隆統一2C售01","0.00","","2201","裕隆","82.80","＋","認售","歐式","112年03月16日","112年12月15日","112年12月13日","112年12月15日","0.04","    72.00","","",
="05035P","華新科凱基27售02","0.00","","2492","華新科","101.00","＋","認售","歐式","111年11月03日","112年07月03日","112年06月29日","112年07月03日","0.40","    55.00","","",
="05035U","台積電統一2B售10","0.46","","2330","台積電","568.00","＋","認售","歐式","112年03月16日","112年11月15日","112年11月13日","112年11月15日","0.03","    472.44","","",
="05036P","陽明凱基27售03","0.00","","2609","陽明","62.00","＋","認售","歐式","111年11月03日","112年07月03日","112年06月29日","112年07月03日","0.55","    42.00","","",
="05036U","晶心科統一29售01","0.00","","6533","晶心科","511.00","＋","認售","歐式","112年03月16日","112年09月15日","112年09月13日","112年09月15日","0.007","    555.55","","",
="05037P","敦泰凱基27售01","0.00","","3545","敦泰","83.70","＋","認售","歐式","111年11月03日","112年07月03日","112年06月29日","112年07月03日","0.10","    55.00","","",
="05037U","晶心科統一2B售12","0.00","","6533","晶心科","511.00","＋","認售","歐式","112年03月16日","112年11月15日","112年11月13日","112年11月15日","0.007","    494.60","","",
="05038U","陽明凱基29售07","0.00","","2609","陽明","62.00","＋","認售","歐式","112年03月16日","112年09月15日","112年09月13日","112年09月15日","0.25","    65.00","","",
="05039P","世芯國票28售02","0.00","","3661","世芯-KY","1,660.00","＋","認售","歐式","111年12月15日","112年08月14日","112年08月10日","112年08月14日","0.01","    650.00","","",
="05039U","長榮航凱基29售05","0.00","","2618","長榮航","33.60","＋","認售","歐式","112年03月16日","112年09月15日","112年09月13日","112年09月15日","1.00","    20.00","","",
="05040P","世芯國票29售01","0.03","","3661","世芯-KY","1,660.00","＋","認售","歐式","111年12月15日","112年09月14日","112年09月12日","112年09月14日","0.02","    450.00","","",
="05040U","創意凱基29售09","0.31","－","3443","創意","1,515.00","＋","認售","歐式","112年03月16日","112年09月15日","112年09月13日","112年09月15日","0.009","    1,000.00","","",
="05041P","材料國票27售03","0.00","","4763","材料-KY","550.00","－","認售","歐式","111年12月15日","112年07月14日","112年07月12日","112年07月14日","0.511","    87.01","","",
="05041U","世紀鋼凱基29售03","0.00","","9958","世紀鋼","109.50","＋","認售","歐式","112年03月16日","112年09月15日","112年09月13日","112年09月15日","0.15","    83.00","","",
="05042P","上品國票27售01","0.10","－","4770","上品","297.00","＋","認售","歐式","111年12月15日","112年07月14日","112年07月12日","112年07月14日","0.26","    156.61","","",
="05042U","臺股指凱基31售03","0.80","－","IX0001","臺股指數","16,636.30","","認售","歐式","112年03月16日","113年01月15日","113年01月11日","113年01月15日","0.0015","    15,000.00","","",
="05043P","上品國票27售02","0.00","","4770","上品","297.00","＋","認售","歐式","111年12月15日","112年07月14日","112年07月12日","112年07月14日","0.062","    230.59","","",
="05043U","臺股指凱基31售04","0.73","－","IX0001","臺股指數","16,636.30","","認售","歐式","112年03月16日","113年01月15日","113年01月11日","113年01月15日","0.0015","    14,800.00","","",
="05044P","天鈺國票27售01","0.00","","4961","天鈺","154.00","＋","認售","歐式","111年12月15日","112年07月14日","112年07月12日","112年07月14日","0.06","    115.00","","",
="05044U","道瓊2X群益31售01","1.03","－",="00852L","國泰美國道瓊正2","18.51","＋","認售","歐式","112年03月16日","113年01月15日","113年01月11日","113年01月15日","0.40","    17.20","","",
="05045P","天鈺國票28售01","0.00","","4961","天鈺","154.00","＋","認售","歐式","111年12月15日","112年08月14日","112年08月10日","112年08月14日","0.15","    80.00","","",
="05045U","創意群益29售03","0.35","－","3443","創意","1,515.00","＋","認售","歐式","112年03月16日","112年09月15日","112年09月13日","112年09月15日","0.013","    948.00","","",
="05046U","長榮元大29售16","1.99","－","2603","長榮","157.00","＋","認售","歐式","112年03月16日","112年09月15日","112年09月13日","112年09月15日","0.104","    158.00","","",
="05047U","八方元大29售04","0.00","","2753","八方雲集","167.00","","認售","歐式","112年03月16日","112年09月15日","112年09月13日","112年09月15日","0.039","    209.00","","",
="05048U","創意元大29售14","0.00","","3443","創意","1,515.00","＋","認售","歐式","112年03月16日","112年09月15日","112年09月13日","112年09月15日","0.016","    803.00","","",
="05049U","創意元大29售17","0.58","","3443","創意","1,515.00","＋","認售","歐式","112年03月16日","112年09月15日","112年09月13日","112年09月15日","0.011","    925.00","","",
="05050U","創意元大29售19","0.71","","3443","創意","1,515.00","＋","認售","歐式","112年03月16日","112年09月15日","112年09月13日","112年09月15日","0.008","    1,080.00","","",
="05051U","創意元大29售21","0.00","","3443","創意","1,515.00","＋","認售","歐式","112年03月16日","112年09月15日","112年09月13日","112年09月15日","0.05","    600.00","","",
="05052U","創意元大29售22","0.00","","3443","創意","1,515.00","＋","認售","歐式","112年03月16日","112年09月15日","112年09月13日","112年09月15日","0.014","    844.00","","",
="05053P","啟碁國票27售01","0.00","","6285","啟碁","87.50","＋","認售","歐式","111年12月15日","112年07月14日","112年07月12日","112年07月14日","0.505","    65.00","","",
="05053U","創意元大29售23","0.57","","3443","創意","1,515.00","＋","認售","歐式","112年03月16日","112年09月15日","112年09月13日","112年09月15日","0.013","    912.00","","",
="05054U","創意元大29售24","0.00","","3443","創意","1,515.00","＋","認售","歐式","112年03月16日","112年09月15日","112年09月13日","112年09月15日","0.011","    937.00","","",
="05055P","元晶國票27售02","0.47","－","6443","元晶","36.20","＋","認售","歐式","111年12月15日","112年07月14日","112年07月12日","112年07月14日","0.19","    34.00","","",
="05055U","創意元大29售25","0.57","","3443","創意","1,515.00","＋","認售","歐式","112年03月16日","112年09月15日","112年09月13日","112年09月15日","0.01","    962.00","","",
="05056P","嘉澤麥證26售01","0.00","","3533","嘉澤","909.00","－","認售","歐式","111年11月03日","112年06月02日","112年05月31日","112年06月02日","0.038","    547.32","","",
="05056U","創意元大2B售04","0.42","－","3443","創意","1,515.00","＋","認售","歐式","112年03月16日","112年11月15日","112年11月13日","112年11月15日","0.02","    650.00","","",
="05057P","聯發科第一26售03","0.00","","2454","聯發科","738.00","＋","認售","歐式","111年11月04日","112年06月05日","112年06月01日","112年06月05日","0.013","    563.53","","",
="05057U","天鈺永豐2A售02","1.02","","4961","天鈺","154.00","＋","認售","歐式","112年03月16日","112年10月16日","112年10月12日","112年10月16日","0.055","    146.74","","",
="05058P","美時群益26售01","0.00","","1795","美時","330.50","＋","認售","歐式","111年11月04日","112年06月05日","112年06月01日","112年06月05日","0.036","    135.00","","",
="05058U","FBNQ2X國票29售02","0.00","",="00670L","富邦NASDAQ正2","78.90","＋","認售","歐式","112年03月16日","112年09月15日","112年09月13日","112年09月15日","0.25","    50.00","","",
="05059U","群臺2X國票2A售01","0.00","",="00685L","群益臺灣加權正2","46.05","＋","認售","歐式","112年03月16日","112年10月16日","112年10月12日","112年10月16日","0.395","    35.00","","",
="05060U","美費半國票29售02","0.00","",="00830","國泰費城半導體","31.65","＋","認售","歐式","112年03月16日","112年09月15日","112年09月13日","112年09月15日","1.00","    23.00","","",
="05061U","華新國票2A售04","1.65","","1605","華新","46.60","＋","認售","歐式","112年03月16日","112年10月16日","112年10月12日","112年10月16日","0.20","    50.00","","",
="05062U","台光電國票2A售01","0.63","","2383","台光電","204.50","＋","認售","歐式","112年03月16日","112年10月16日","112年10月12日","112年10月16日","0.08","    150.00","","",
="05063U","長榮航國票29售03","0.00","","2618","長榮航","33.60","＋","認售","歐式","112年03月16日","112年09月15日","112年09月13日","112年09月15日","0.70","    25.00","","",
="05064P","友達兆豐26售01","0.00","","2409","友達","17.65","＋","認售","歐式","111年11月04日","112年06月05日","112年06月01日","112年06月05日","0.65","    14.00","","",
="05064U","創意國票2A售02","0.21","","3443","創意","1,515.00","＋","認售","歐式","112年03月16日","112年10月16日","112年10月12日","112年10月16日","0.05","    640.00","","",
="05065P","國泰金富邦26售02","0.00","","2882","國泰金","44.75","＋","認售","歐式","111年11月04日","112年06月05日","112年06月01日","112年06月05日","0.508","    31.51","","",
="05065U","創意國票2A售03","0.00","","3443","創意","1,515.00","＋","認售","歐式","112年03月16日","112年10月16日","112年10月12日","112年10月16日","0.03","    720.00","","",
="05066U","創意國票2A售06","0.28","－","3443","創意","1,515.00","＋","認售","歐式","112年03月16日","112年10月16日","112年10月12日","112年10月16日","0.007","    1,000.00","","",
="05067U","創意國票2A售07","0.47","－","3443","創意","1,515.00","＋","認售","歐式","112年03月16日","112年10月16日","112年10月12日","112年10月16日","0.006","    1,080.00","","",
="05068U","世芯國票2B售04","0.30","－","3661","世芯-KY","1,660.00","＋","認售","歐式","112年03月16日","112年11月15日","112年11月13日","112年11月15日","0.008","    900.00","","",
="05069P","穎崴國票27售02","0.01","","6515","穎崴","830.00","－","認售","歐式","111年12月15日","112年07月14日","112年07月12日","112年07月14日","0.012","    450.00","","",
="05069U","臺股指國票2C售03","0.00","","IX0001","臺股指數","16,636.30","","認售","歐式","112年03月16日","112年12月15日","112年12月13日","112年12月15日","0.015","    10,000.00","","",
="05070P","臺股指元大26售21","0.00","","IX0001","臺股指數","16,636.30","","認售","歐式","111年11月04日","112年06月05日","112年06月01日","112年06月05日","0.004","    10,400.00","","",
="05070U","臺股指國票31售01","0.00","","IX0001","臺股指數","16,636.30","","認售","歐式","112年03月16日","113年01月15日","113年01月11日","113年01月15日","0.015","    9,000.00","","",
="05071P","臺股指元大26售22","0.00","","IX0001","臺股指數","16,636.30","","認售","歐式","111年11月04日","112年06月05日","112年06月01日","112年06月05日","0.002","    11,800.00","","",
="05071U","鴻海富邦2A售07","0.00","","2317","鴻海","105.50","＋","認售","歐式","112年03月16日","112年10月16日","112年10月12日","112年10月16日","0.20","    90.00","","",
="05072P","臺股指元大2A售02","0.00","","IX0001","臺股指數","16,636.30","","認售","歐式","111年11月04日","112年10月03日","112年09月28日","112年10月03日","0.003","    9,800.00","","",
="05072U","國巨富邦2A售03","0.00","","2327","國巨","508.00","＋","認售","歐式","112年03月16日","112年10月16日","112年10月12日","112年10月16日","0.03","    400.00","","",
="05073P","國巨凱基26售01","0.00","","2327","國巨","508.00","＋","認售","歐式","111年11月04日","112年06月05日","112年06月01日","112年06月05日","0.065","    300.00","","",
="05073U","華碩元富29售02","0.30","","2357","華碩","303.50","－","認售","歐式","112年03月16日","112年09月15日","112年09月13日","112年09月15日","0.05","    250.00","","",
="05074U","威盛元富29售04","1.21","－","2388","威盛","83.10","＋","認售","歐式","112年03月16日","112年09月15日","112年09月13日","112年09月15日","0.10","    80.00","","",
="05075U","長榮元富29售02","1.31","－","2603","長榮","157.00","＋","認售","歐式","112年03月16日","112年09月15日","112年09月13日","112年09月15日","0.073","    160.00","","",
="05076U","創意元富2C售04","0.39","－","3443","創意","1,515.00","＋","認售","歐式","112年03月16日","112年12月15日","112年12月13日","112年12月15日","0.007","    900.00","","",
="05077P","臺股指凱基29售11","0.00","","IX0001","臺股指數","16,636.30","","認售","歐式","111年11月04日","112年09月04日","112年08月31日","112年09月04日","0.004","    10,000.00","","",
="05077U","台灣50中信2B售01","0.00","",="0050","元大台灣50","126.75","＋","認售","歐式","112年03月17日","112年11月16日","112年11月14日","112年11月16日","0.50","    100.00","","",
="05078U","華城統一31售01","0.09","－","1519","華城","141.00","＋","認售","歐式","112年03月17日","113年01月16日","113年01月12日","113年01月16日","0.045","    60.20","","",
="05079U","台積電統一2A售10","0.00","","2330","台積電","568.00","＋","認售","歐式","112年03月17日","112年10月16日","112年10月12日","112年10月16日","0.04","    447.58","","",
="05080U","聯電永豐2A售01","0.63","","2303","聯電","51.20","＋","認售","歐式","112年03月17日","112年10月16日","112年10月12日","112年10月16日","0.62","    41.48","","",
="05081U","長榮永豐2B售02","1.36","－","2603","長榮","157.00","＋","認售","歐式","112年03月17日","112年11月16日","112年11月14日","112年11月16日","0.11","    138.76","","",
="05082U","萬海永豐29售02","1.64","－","2615","萬海","60.00","＋","認售","歐式","112年03月17日","112年09月18日","112年09月14日","112年09月18日","0.155","    65.42","","",
="05083P","晶心科國票29售01","0.38","","6533","晶心科","511.00","＋","認售","歐式","111年12月15日","112年09月14日","112年09月12日","112年09月14日","0.015","    350.00","","",
="05083U","世芯永豐2C售02","0.28","－","3661","世芯-KY","1,660.00","＋","認售","歐式","112年03月17日","112年12月18日","112年12月14日","112年12月18日","0.007","    913.75","","",
="05084P","電子類凱基2B售01","0.00","","IX0027","電子類","797.58","","認售","歐式","111年11月04日","112年11月03日","112年11月01日","112年11月03日","0.05","    570.00","","",
="05084U","聯電凱基29售05","0.69","－","2303","聯電","51.20","＋","認售","歐式","112年03月17日","112年09月18日","112年09月14日","112年09月18日","0.60","    44.00","","",
="05085P","緯穎國票27售02","0.00","","6669","緯穎","1,205.00","＋","認售","歐式","111年12月15日","112年07月14日","112年07月12日","112年07月14日","0.04","    600.00","","",
="05085U","聯發科凱基2A售06","0.00","","2454","聯發科","738.00","＋","認售","歐式","112年03月17日","112年10月16日","112年10月12日","112年10月16日","0.022","    720.00","","",
="05086P","力積電國票26售01","0.00","","6770","力積電","30.85","＋","認售","歐式","111年12月15日","112年06月14日","112年06月12日","112年06月14日","0.706","    26.76","","",
="05086U","長榮凱基29售14","0.00","","2603","長榮","157.00","＋","認售","歐式","112年03月17日","112年09月18日","112年09月14日","112年09月18日","0.085","    155.00","","",
="05087P","力積電國票27售02","0.00","","6770","力積電","30.85","＋","認售","歐式","111年12月15日","112年07月14日","112年07月12日","112年07月14日","0.353","    30.73","","",
="05087U","台驊控凱基29售02","0.00","","2636","台驊投控","71.70","","認售","歐式","112年03月17日","112年09月18日","112年09月14日","112年09月18日","0.107","    60.75","","",
="05088U","穎崴凱基29售05","0.28","＋","6515","穎崴","830.00","－","認售","歐式","112年03月17日","112年09月18日","112年09月14日","112年09月18日","0.011","    550.00","","",
="05089U","台泥國票2A售01","0.00","","1101","台泥","38.15","＋","認售","歐式","112年03月17日","112年10月16日","112年10月12日","112年10月16日","0.50","    32.00","","",
="05090U","美時國票29售03","0.00","","1795","美時","330.50","＋","認售","歐式","112年03月17日","112年09月18日","112年09月14日","112年09月18日","0.025","    250.00","","",
="05091U","美時國票29售04","0.00","","1795","美時","330.50","＋","認售","歐式","112年03月17日","112年09月18日","112年09月14日","112年09月18日","0.05","    190.00","","",
="05092P","東鹼群益26售01","0.00","","1708","東鹼","36.40","＋","認售","歐式","111年11月07日","112年06月06日","112年06月02日","112年06月06日","0.14","    36.00","","",
="05092U","美時國票2A售03","0.46","＋","1795","美時","330.50","＋","認售","歐式","112年03月17日","112年10月16日","112年10月12日","112年10月16日","0.035","    220.00","","",
="05093U","美時國票2B售02","0.30","－","1795","美時","330.50","＋","認售","歐式","112年03月17日","112年11月16日","112年11月14日","112年11月16日","0.08","    160.00","","",
="05094U","美時國票2C售01","0.27","－","1795","美時","330.50","＋","認售","歐式","112年03月17日","112年12月18日","112年12月14日","112年12月18日","0.125","    130.00","","",
="05095P","聯電第一26售01","0.00","","2303","聯電","51.20","＋","認售","歐式","111年11月07日","112年06月06日","112年06月02日","112年06月06日","0.177","    35.83","","",
="05095U","威盛國票2A售05","0.00","","2388","威盛","83.10","＋","認售","歐式","112年03月17日","112年10月16日","112年10月12日","112年10月16日","1.00","    45.00","","",
="05096P","愛普國票27售01","0.00","","6531","愛普*","328.50","＋","認售","歐式","111年11月07日","112年07月06日","112年07月04日","112年07月06日","0.05","    140.00","","",
="05096U","漢翔國票2A售02","0.24","","2634","漢翔","55.80","＋","認售","歐式","112年03月17日","112年10月16日","112年10月12日","112年10月16日","0.40","    32.00","","",
="05097U","台驊控國票29售01","0.00","","2636","台驊投控","71.70","","認售","歐式","112年03月17日","112年09月18日","112年09月14日","112年09月18日","0.214","    63.55","","",
="05098U","智原國票2A售02","0.00","","3035","智原","173.50","＋","認售","歐式","112年03月17日","112年10月16日","112年10月12日","112年10月16日","0.262","    100.00","","",
="05099U","緯創國票2A售02","0.00","","3231","緯創","68.00","＋","認售","歐式","112年03月17日","112年10月16日","112年10月12日","112年10月16日","0.50","    28.00","","",
="05100U","矽力國票2A售03","0.00","","6415","矽力*-KY","394.50","＋","認售","歐式","112年03月17日","112年10月16日","112年10月12日","112年10月16日","0.016","    396.49","","",
="05101P","長榮凱基28售02","0.06","","2603","長榮","157.00","＋","認售","歐式","111年11月07日","112年08月07日","112年08月03日","112年08月07日","0.35","    80.00","","",
="05101U","聯發科國泰2B售04","0.76","－","2454","聯發科","738.00","＋","認售","歐式","112年03月17日","112年11月16日","112年11月14日","112年11月16日","0.035","    582.89","","",
="05102P","南電國票27售02","0.00","","8046","南電","302.50","－","認售","歐式","111年12月15日","112年07月14日","112年07月12日","112年07月14日","0.20","    180.00","","",
="05102U","臺股指富邦2C售03","0.00","","IX0001","臺股指數","16,636.30","","認售","歐式","112年03月17日","112年12月18日","112年12月14日","112年12月18日","0.001","    13,250.00","","",
="05103U","南電元富29售01","0.89","＋","8046","南電","302.50","－","認售","歐式","112年03月17日","112年09月18日","112年09月14日","112年09月18日","0.07","    240.00","","",
="05104U","微星麥證29售01","0.21","＋","2377","微星","168.00","－","認售","歐式","112年03月17日","112年09月18日","112年09月14日","112年09月18日","0.10","    125.00","","",
="05105U","南亞科麥證29售01","0.00","","2408","南亞科","71.20","－","認售","歐式","112年03月17日","112年09月18日","112年09月14日","112年09月18日","0.25","    52.50","","",
="05106U","國泰金麥證2A售01","0.00","","2882","國泰金","44.75","＋","認售","歐式","112年03月17日","112年10月16日","112年10月12日","112年10月16日","1.00","    33.00","","",
="05107U","中信金麥證29售01","0.00","","2891","中信金","24.40","＋","認售","歐式","112年03月17日","112年09月18日","112年09月14日","112年09月18日","1.00","    19.00","","",
="05108P","晶豪科國泰27售01","0.00","","3006","晶豪科","88.20","＋","認售","歐式","111年11月07日","112年07月06日","112年07月04日","112年07月06日","0.30","    53.00","","",
="05108U","美時元大29售08","0.22","－","1795","美時","330.50","＋","認售","歐式","112年03月17日","112年09月18日","112年09月14日","112年09月18日","0.065","    175.00","","",
="05109P","南電國票27售03","0.00","","8046","南電","302.50","－","認售","歐式","111年12月15日","112年07月14日","112年07月12日","112年07月14日","0.09","    220.00","","",
="05109U","美時元大29售09","0.00","","1795","美時","330.50","＋","認售","歐式","112年03月17日","112年09月18日","112年09月14日","112年09月18日","0.045","    200.00","","",
="05110P","富鼎國票27售01","0.00","","8261","富鼎","106.50","＋","認售","歐式","111年12月15日","112年07月14日","112年07月12日","112年07月14日","0.069","    100.00","","",
="05110U","美時元大29售10","0.00","","1795","美時","330.50","＋","認售","歐式","112年03月17日","112年09月18日","112年09月14日","112年09月18日","0.04","    225.00","","",
="05111U","美時元大29售11","0.68","－","1795","美時","330.50","＋","認售","歐式","112年03月17日","112年09月18日","112年09月14日","112年09月18日","0.035","    250.00","","",
="05112U","美時元大2A售02","0.23","－","1795","美時","330.50","＋","認售","歐式","112年03月17日","112年10月16日","112年10月12日","112年10月16日","0.10","    150.00","","",
="05113U","美時元大2B售04","0.25","","1795","美時","330.50","＋","認售","歐式","112年03月17日","112年11月16日","112年11月14日","112年11月16日","0.15","    125.00","","",
="05114U","電子類元大2B售05","0.00","","IX0027","電子類","797.58","","認售","歐式","112年03月17日","112年11月16日","112年11月14日","112年11月16日","0.05","    625.00","","",
="05115U","金融類元大2B售04","0.61","－","IX0039","金融類","1,620.43","","認售","歐式","112年03月17日","112年11月16日","112年11月14日","112年11月16日","0.015","    1,440.00","","",
="05116U","金融類元大2C售04","0.55","－","IX0039","金融類","1,620.43","","認售","歐式","112年03月17日","112年12月18日","112年12月14日","112年12月18日","0.015","    1,375.00","","",
="05117U","上証2X群益2A售01","0.00","",="00633L","富邦上証正2","35.01","－","認售","歐式","112年03月17日","112年10月16日","112年10月12日","112年10月16日","0.40","    33.50","","",
="05118P","長榮元富28售04","0.00","","2603","長榮","157.00","＋","認售","歐式","111年11月07日","112年08月07日","112年08月03日","112年08月07日","0.79","    83.00","","",
="05118U","華新群益29售04","0.00","","1605","華新","46.60","＋","認售","歐式","112年03月17日","112年09月18日","112年09月14日","112年09月18日","0.80","    38.00","","",
="05119P","東哥國票26售01","0.00","","8478","東哥遊艇","520.00","＋","認售","歐式","111年12月15日","112年06月14日","112年06月12日","112年06月14日","0.02","    300.00","","",
="05119U","聯電群益29售04","0.00","","2303","聯電","51.20","＋","認售","歐式","112年03月17日","112年09月18日","112年09月14日","112年09月18日","1.00","    43.00","","",
="05120P","臺股指元富26售01","0.00","","IX0001","臺股指數","16,636.30","","認售","歐式","111年11月07日","112年06月06日","112年06月02日","112年06月06日","0.001","    12,500.00","","",
="05120U","旺宏群益29售01","0.00","","2337","旺宏","33.40","＋","認售","歐式","112年03月17日","112年09月18日","112年09月14日","112年09月18日","1.00","    27.00","","",
="05121U","聯詠群益29售03","2.29","－","3034","聯詠","423.50","＋","認售","歐式","112年03月17日","112年09月18日","112年09月14日","112年09月18日","0.20","    333.00","","",
="05122P","景碩康和26售03","0.00","","3189","景碩","116.00","＋","認售","歐式","111年11月07日","112年06月06日","112年06月02日","112年06月06日","0.10","    88.60","","",
="05122U","世紀鋼群益29售02","0.44","－","9958","世紀鋼","109.50","＋","認售","歐式","112年03月17日","112年09月18日","112年09月14日","112年09月18日","0.329","    78.00","","",
="05123U","金融類群益2B售01","0.77","","IX0039","金融類","1,620.43","","認售","歐式","112年03月17日","112年11月16日","112年11月14日","112年11月16日","0.035","    1,375.00","","",
="05124U","金融類群益2B售02","0.00","","IX0039","金融類","1,620.43","","認售","歐式","112年03月17日","112年11月16日","112年11月14日","112年11月16日","0.03","    1,450.00","","",
="05125P","聯發科富邦26售02","0.00","","2454","聯發科","738.00","＋","認售","歐式","111年11月07日","112年06月06日","112年06月02日","112年06月06日","0.02","    600.00","","",
="05125U","聯電第一29售04","0.64","－","2303","聯電","51.20","＋","認售","歐式","112年03月20日","112年09月19日","112年09月15日","112年09月19日","0.19","    47.87","","",
="05126U","創意統一29售05","0.29","－","3443","創意","1,515.00","＋","認售","歐式","112年03月20日","112年09月19日","112年09月15日","112年09月19日","0.003","    999.00","","",
="05127U","微星元大29售03","0.36","","2377","微星","168.00","－","認售","歐式","112年03月20日","112年09月19日","112年09月15日","112年09月19日","0.07","    136.56","","",
="05128P","聯發科國票26售01","0.00","","2454","聯發科","738.00","＋","認售","歐式","111年11月08日","112年06月07日","112年06月05日","112年06月07日","0.025","    600.00","","",
="05128U","創意元大29售28","0.81","－","3443","創意","1,515.00","＋","認售","歐式","112年03月20日","112年09月19日","112年09月15日","112年09月19日","0.007","    1,150.00","","",
="05129P","大立光國票26售01","0.00","","3008","大立光","2,305.00","＋","認售","歐式","111年11月08日","112年06月07日","112年06月05日","112年06月07日","0.038","    1,274.17","","",
="05129U","東哥元大29售08","0.00","","8478","東哥遊艇","520.00","＋","認售","歐式","112年03月20日","112年09月19日","112年09月15日","112年09月19日","0.017","    327.50","","",
="05130U","友達凱基2A售04","0.59","－","2409","友達","17.65","＋","認售","歐式","112年03月20日","112年10月19日","112年10月17日","112年10月19日","1.00","    15.00","","",
="05131P","敦泰國票26售02","0.00","","3545","敦泰","83.70","＋","認售","歐式","111年11月08日","112年06月07日","112年06月05日","112年06月07日","0.183","    56.00","","",
="05131U","長榮凱基29售16","0.00","","2603","長榮","157.00","＋","認售","歐式","112年03月20日","112年09月19日","112年09月15日","112年09月19日","0.05","    170.00","","",
="05132U","創意凱基29售10","0.31","－","3443","創意","1,515.00","＋","認售","歐式","112年03月20日","112年09月19日","112年09月15日","112年09月19日","0.005","    1,100.00","","",
="05133P","立積國票27售01","0.00","","4968","立積","170.00","＋","認售","歐式","111年11月08日","112年07月07日","112年07月05日","112年07月07日","0.096","    60.00","","",
="05133U","創意凱基29售11","0.00","","3443","創意","1,515.00","＋","認售","歐式","112年03月20日","112年09月19日","112年09月15日","112年09月19日","0.011","    850.00","","",
="05134P","健策中信26售01","0.00","","3653","健策","616.00","＋","認售","歐式","111年11月08日","112年06月07日","112年06月05日","112年06月07日","0.022","    338.00","","",
="05134U","創意凱基2A售05","0.00","","3443","創意","1,515.00","＋","認售","歐式","112年03月20日","112年10月19日","112年10月17日","112年10月19日","0.012","    790.00","","",
="05135P","華新科群益26售01","0.00","","2492","華新科","101.00","＋","認售","歐式","111年11月08日","112年06月07日","112年06月05日","112年06月07日","0.30","    63.00","","",
="05135U","創意凱基2A售06","0.00","","3443","創意","1,515.00","＋","認售","歐式","112年03月20日","112年10月19日","112年10月17日","112年10月19日","0.006","    980.00","","",
="05136U","創意凱基31售01","0.31","","3443","創意","1,515.00","＋","認售","歐式","112年03月20日","113年01月19日","113年01月17日","113年01月19日","0.011","    650.00","","",
="05137P","中磊群益26售01","0.00","","5388","中磊","93.30","＋","認售","歐式","111年11月08日","112年06月07日","112年06月05日","112年06月07日","0.221","    57.14","","",
="05137U","臺股指凱基2B售25","0.80","","IX0001","臺股指數","16,636.30","","認售","歐式","112年03月20日","112年11月20日","112年11月16日","112年11月20日","0.0015","    15,300.00","","",
="05138P","瑞昱國泰27售01","0.00","","2379","瑞昱","388.00","＋","認售","歐式","111年11月08日","112年07月07日","112年07月05日","112年07月07日","0.09","    217.00","","",
="05138U","臺股指凱基2C售20","0.00","","IX0001","臺股指數","16,636.30","","認售","歐式","112年03月20日","112年12月19日","112年12月15日","112年12月19日","0.008","    10,888.00","","",
="05139U","臺股指凱基31售05","0.00","","IX0001","臺股指數","16,636.30","","認售","歐式","112年03月20日","113年01月19日","113年01月17日","113年01月19日","0.006","    10,000.00","","",
="05140U","電子類凱基2C售01","0.00","","IX0027","電子類","797.58","","認售","歐式","112年03月20日","112年12月19日","112年12月15日","112年12月19日","0.08","    590.00","","",
="05141U","台灣50元富2C售04","1.76","－",="0050","元大台灣50","126.75","＋","認售","歐式","112年03月20日","112年12月19日","112年12月15日","112年12月19日","0.50","    112.00","","",
="05142U","威盛元富29售05","0.76","－","2388","威盛","83.10","＋","認售","歐式","112年03月20日","112年09月19日","112年09月15日","112年09月19日","0.05","    90.00","","",
="05143U","長榮元富2B售01","1.60","","2603","長榮","157.00","＋","認售","歐式","112年03月20日","112年11月20日","112年11月16日","112年11月20日","0.05","    170.00","","",
="05144P","東哥國票27售01","0.00","","8478","東哥遊艇","520.00","＋","認售","歐式","111年12月15日","112年07月14日","112年07月12日","112年07月14日","0.03","    250.00","","",
="05144U","創意元富33售02","0.60","－","3443","創意","1,515.00","＋","認售","歐式","112年03月20日","113年03月19日","113年03月15日","113年03月19日","0.009","    800.00","","",
="05145U","鴻海國票2B售03","0.77","－","2317","鴻海","105.50","＋","認售","歐式","112年03月20日","112年11月20日","112年11月16日","112年11月20日","0.08","    105.00","","",
="05146U","聯詠國票2B售01","0.00","","3034","聯詠","423.50","＋","認售","歐式","112年03月20日","112年11月20日","112年11月16日","112年11月20日","0.14","    300.00","","",
="05147U","創意國票2A售08","0.33","","3443","創意","1,515.00","＋","認售","歐式","112年03月20日","112年10月19日","112年10月17日","112年10月19日","0.06","    600.00","","",
="05148U","帝寶國票2A售02","0.00","","6605","帝寶","99.80","＋","認售","歐式","112年03月20日","112年10月19日","112年10月17日","112年10月19日","0.266","    65.00","","",
="05149P","東哥國票28售01","0.03","","8478","東哥遊艇","520.00","＋","認售","歐式","111年12月15日","112年08月14日","112年08月10日","112年08月14日","0.05","    200.00","","",
="05149U","美時群益29售02","0.30","","1795","美時","330.50","＋","認售","歐式","112年03月20日","112年09月19日","112年09月15日","112年09月19日","0.05","    200.00","","",
="05150P","世紀鋼國票27售02","0.00","","9958","世紀鋼","109.50","＋","認售","歐式","111年12月15日","112年07月14日","112年07月12日","112年07月14日","0.082","    80.00","","",
="05150U","美時群益2B售02","0.00","","1795","美時","330.50","＋","認售","歐式","112年03月20日","112年11月20日","112年11月16日","112年11月20日","0.15","    160.00","","",
="05151U","華邦電群益29售02","0.65","","2344","華邦電","26.90","＋","認售","歐式","112年03月20日","112年09月19日","112年09月15日","112年09月19日","1.00","    20.88","","",
="05152U","創意群益29售05","0.00","","3443","創意","1,515.00","＋","認售","歐式","112年03月20日","112年09月19日","112年09月15日","112年09月19日","0.022","    789.00","","",
="05153U","緯創中信29售01","0.03","－","3231","緯創","68.00","＋","認售","歐式","112年03月21日","112年09月20日","112年09月18日","112年09月20日","0.70","    27.00","","",
="05154U","美債2X元富29售02","0.00","",="00688L","國泰20年美債正2","10.74","＋","認售","歐式","112年03月21日","112年09月20日","112年09月18日","112年09月20日","1.00","    12.00","","",
="05155U","美債2X元富2C售02","0.00","",="00688L","國泰20年美債正2","10.74","＋","認售","歐式","112年03月21日","112年12月20日","112年12月18日","112年12月20日","1.00","    11.00","","",
="05156U","長榮航元富29售04","0.43","－","2618","長榮航","33.60","＋","認售","歐式","112年03月21日","112年09月20日","112年09月18日","112年09月20日","0.85","    23.50","","",
="05157U","國巨麥證29售01","0.00","","2327","國巨","508.00","＋","認售","歐式","112年03月21日","112年09月20日","112年09月18日","112年09月20日","0.12","    300.00","","",
="05158U","聯發科麥證29售03","0.50","－","2454","聯發科","738.00","＋","認售","歐式","112年03月21日","112年09月20日","112年09月18日","112年09月20日","0.15","    500.00","","",
="05159U","長榮麥證2B售02","2.36","－","2603","長榮","157.00","＋","認售","歐式","112年03月21日","112年11月20日","112年11月16日","112年11月20日","0.09","    160.00","","",
="05160P","臺股指國票26售08","0.00","","IX0001","臺股指數","16,636.30","","認售","歐式","111年12月15日","112年06月14日","112年06月12日","112年06月14日","0.002","    14,500.00","","",
="05160U","富邦金麥證29售01","0.00","","2881","富邦金","61.10","＋","認售","歐式","112年03月21日","112年09月20日","112年09月18日","112年09月20日","1.00","    45.00","","",
="05161U","晶豪科麥證29售02","0.00","","3006","晶豪科","88.20","＋","認售","歐式","112年03月21日","112年09月20日","112年09月18日","112年09月20日","0.25","    65.00","","",
="05162U","聯詠麥證2A售01","1.71","－","3034","聯詠","423.50","＋","認售","歐式","112年03月21日","112年10月20日","112年10月18日","112年10月20日","0.05","    400.00","","",
="05163P","欣興富邦26售03","0.00","","3037","欣興","182.50","－","認售","歐式","111年11月08日","112年06月07日","112年06月05日","112年06月07日","0.08","    105.00","","",
="05163U","漢翔國票2A售04","0.07","－","2634","漢翔","55.80","＋","認售","歐式","112年03月21日","112年10月20日","112年10月18日","112年10月20日","1.00","    21.00","","",
="05164U","潤泰全國票2A售02","0.00","","2915","潤泰全","56.40","＋","認售","歐式","112年03月21日","112年10月20日","112年10月18日","112年10月20日","0.15","    50.00","","",
="05165U","富邦媒國票2A售01","0.00","","8454","富邦媒","703.00","＋","認售","歐式","112年03月21日","112年10月20日","112年10月18日","112年10月20日","0.02","    600.00","","",
="05166U","電子類國票29售04","0.00","","IX0027","電子類","797.58","","認售","歐式","112年03月21日","112年09月20日","112年09月18日","112年09月20日","0.05","    655.00","","",
="05167U","電子類國票29售05","0.00","","IX0027","電子類","797.58","","認售","歐式","112年03月21日","112年09月20日","112年09月18日","112年09月20日","0.06","    620.00","","",
="05168P","臺股指國票26售09","0.00","","IX0001","臺股指數","16,636.30","","認售","歐式","111年12月15日","112年06月14日","112年06月12日","112年06月14日","0.002","    14,000.00","","",
="05168U","電子類國票29售06","0.00","","IX0027","電子類","797.58","","認售","歐式","112年03月21日","112年09月20日","112年09月18日","112年09月20日","0.07","    600.00","","",
="05169P","世紀鋼凱基27售02","0.00","","9958","世紀鋼","109.50","＋","認售","歐式","111年11月08日","112年07月07日","112年07月05日","112年07月07日","0.13","    65.00","","",
="05169U","電子類國票29售07","0.00","","IX0027","電子類","797.58","","認售","歐式","112年03月21日","112年09月20日","112年09月18日","112年09月20日","0.15","    550.00","","",
="05170P","臺股指國票27售06","0.00","","IX0001","臺股指數","16,636.30","","認售","歐式","111年12月15日","112年07月14日","112年07月12日","112年07月14日","0.003","    13,250.00","","",
="05170U","金融類國票29售03","0.00","","IX0039","金融類","1,620.43","","認售","歐式","112年03月21日","112年09月20日","112年09月18日","112年09月20日","0.025","    1,350.00","","",
="05171P","臺股指國票28售02","0.26","","IX0001","臺股指數","16,636.30","","認售","歐式","111年12月15日","112年08月14日","112年08月10日","112年08月14日","0.002","    14,250.00","","",
="05171U","金融類國票29售04","0.00","","IX0039","金融類","1,620.43","","認售","歐式","112年03月21日","112年09月20日","112年09月18日","112年09月20日","0.035","    1,300.00","","",
="05172P","臺股指國票28售03","0.00","","IX0001","臺股指數","16,636.30","","認售","歐式","111年12月15日","112年08月14日","112年08月10日","112年08月14日","0.004","    12,250.00","","",
="05172U","台積電富邦2C售07","0.00","","2330","台積電","568.00","＋","認售","歐式","112年03月21日","112年12月20日","112年12月18日","112年12月20日","0.05","    390.00","","",
="05173P","台積電第一29售02","0.00","","2330","台積電","568.00","＋","認售","歐式","111年11月09日","112年09月08日","112年09月06日","112年09月08日","0.022","    346.13","","",
="05173U","台灣50元大2B售11","0.00","",="0050","元大台灣50","126.75","＋","認售","歐式","112年03月21日","112年11月20日","112年11月16日","112年11月20日","0.20","    115.00","","",
="05174P","臺股指國票29售01","0.00","","IX0001","臺股指數","16,636.30","","認售","歐式","111年12月15日","112年09月14日","112年09月12日","112年09月14日","0.002","    13,750.00","","",
="05174U","台灣50元大2C售06","0.00","",="0050","元大台灣50","126.75","＋","認售","歐式","112年03月21日","112年12月20日","112年12月18日","112年12月20日","0.25","    106.00","","",
="05175P","華擎國票26售01","0.00","","3515","華擎","154.00","＋","認售","歐式","111年11月09日","112年06月08日","112年06月06日","112年06月08日","1.00","    51.00","","",
="05175U","台灣50元大2C售07","0.59","－",="0050","元大台灣50","126.75","＋","認售","歐式","112年03月21日","112年12月20日","112年12月18日","112年12月20日","0.15","    117.00","","",
="05176P","健策國票26售01","0.00","","3653","健策","616.00","＋","認售","歐式","111年11月09日","112年06月08日","112年06月06日","112年06月08日","0.192","    210.00","","",
="05176U","東哥元大29售09","0.00","","8478","東哥遊艇","520.00","＋","認售","歐式","112年03月21日","112年09月20日","112年09月18日","112年09月20日","0.046","    257.50","","",
="05177U","美時凱基29售04","0.33","－","1795","美時","330.50","＋","認售","歐式","112年03月21日","112年09月20日","112年09月18日","112年09月20日","0.03","    220.00","","",
="05178P","臺股指國票29售02","0.00","","IX0001","臺股指數","16,636.30","","認售","歐式","111年12月15日","112年09月14日","112年09月12日","112年09月14日","0.004","    11,000.00","","",
="05178U","美時凱基2A售06","0.23","","1795","美時","330.50","＋","認售","歐式","112年03月21日","112年10月20日","112年10月18日","112年10月20日","0.05","    180.00","","",
="05179P","T50正2國票27售03","0.08","－",="00631L","元大台灣50正2","129.10","＋","認售","歐式","111年12月16日","112年07月17日","112年07月13日","112年07月17日","0.10","    95.00","","",
="05179U","美時凱基2B售03","0.00","","1795","美時","330.50","＋","認售","歐式","112年03月21日","112年11月20日","112年11月16日","112年11月20日","0.08","    140.00","","",
="05180P","台達電國票26售02","0.09","","2308","台達電","315.50","－","認售","歐式","111年12月16日","112年06月15日","112年06月13日","112年06月15日","0.045","    285.00","","",
="05180U","台積電凱基29售17","0.40","－","2330","台積電","568.00","＋","認售","歐式","112年03月21日","112年09月20日","112年09月18日","112年09月20日","0.03","    500.00","","",
="05181P","台達電國票27售01","0.00","","2308","台達電","315.50","－","認售","歐式","111年12月16日","112年07月17日","112年07月13日","112年07月17日","0.06","    260.00","","",
="05181U","台積電凱基29售18","0.00","","2330","台積電","568.00","＋","認售","歐式","112年03月21日","112年09月20日","112年09月18日","112年09月20日","0.05","    480.00","","",
="05182U","台積電凱基29售21","0.00","","2330","台積電","568.00","＋","認售","歐式","112年03月21日","112年09月20日","112年09月18日","112年09月20日","0.06","    450.00","","",
="05183P","國巨國票26售02","0.00","","2327","國巨","508.00","＋","認售","歐式","111年12月16日","112年06月15日","112年06月13日","112年06月15日","0.025","    460.00","","",
="05183U","臺股指法興29售05","0.00","","IX0001","臺股指數","16,636.30","","認售","歐式","112年03月21日","112年09月20日","112年09月18日","112年09月20日","0.003","    14,200.00","","",
="05184P","台灣50中信27售02","0.00","",="0050","元大台灣50","126.75","＋","認售","歐式","111年11月09日","112年07月10日","112年07月06日","112年07月10日","0.205","    73.35","","",
="05184U","臺股指法興29售06","0.00","","IX0001","臺股指數","16,636.30","","認售","歐式","112年03月21日","112年09月20日","112年09月18日","112年09月20日","0.003","    14,500.00","","",
="05185P","國巨國票27售01","0.00","","2327","國巨","508.00","＋","認售","歐式","111年12月16日","112年07月17日","112年07月13日","112年07月17日","0.04","    400.00","","",
="05185U","臺股指法興29售07","0.00","","IX0001","臺股指數","16,636.30","","認售","歐式","112年03月21日","112年09月20日","112年09月18日","112年09月20日","0.003","    14,700.00","","",
="05186P","台灣50國泰27售01","0.00","",="0050","元大台灣50","126.75","＋","認售","歐式","111年11月09日","112年07月10日","112年07月06日","112年07月10日","0.205","    88.02","","",
="05186U","臺股指法興29售08","0.79","－","IX0001","臺股指數","16,636.30","","認售","歐式","112年03月21日","112年09月20日","112年09月18日","112年09月20日","0.003","    15,100.00","","",
="05187P","台積電國票27售06","0.00","","2330","台積電","568.00","＋","認售","歐式","111年12月16日","112年07月17日","112年07月13日","112年07月17日","0.06","    405.46","","",
="05187U","臺股指法興29售09","0.66","－","IX0001","臺股指數","16,636.30","","認售","歐式","112年03月21日","112年09月20日","112年09月18日","112年09月20日","0.001","    16,200.00","","",
="05188P","聯電群益27售01","0.00","","2303","聯電","51.20","＋","認售","歐式","111年11月09日","112年07月10日","112年07月06日","112年07月10日","1.00","    27.00","","",
="05188U","臺股指法興29售10","0.88","－","IX0001","臺股指數","16,636.30","","認售","歐式","112年03月21日","112年09月20日","112年09月18日","112年09月20日","0.001","    16,600.00","","",
="05189U","聚陽群益29售02","0.00","","1477","聚陽","219.00","＋","認售","歐式","112年03月21日","112年09月20日","112年09月18日","112年09月20日","0.128","    157.66","","",
="05190U","中興電群益29售03","0.00","","1513","中興電","113.50","＋","認售","歐式","112年03月21日","112年09月20日","112年09月18日","112年09月20日","0.412","    68.00","","",
="05191U","欣興群益29售03","0.11","＋","3037","欣興","182.50","－","認售","歐式","112年03月21日","112年09月20日","112年09月18日","112年09月20日","0.20","    100.00","","",
="05192U","健策群益29售02","0.00","","3653","健策","616.00","＋","認售","歐式","112年03月21日","112年09月20日","112年09月18日","112年09月20日","0.20","    210.00","","",
="05193P","敦泰群益27售01","0.00","","3545","敦泰","83.70","＋","認售","歐式","111年11月09日","112年07月10日","112年07月06日","112年07月10日","0.20","    45.00","","",
="05193U","貿聯群益29售03","0.00","","3665","貿聯-KY","270.50","＋","認售","歐式","112年03月21日","112年09月20日","112年09月18日","112年09月20日","0.151","    207.18","","",
="05194U","承業醫群益2A售04","0.69","","4164","承業醫","64.10","","認售","歐式","112年03月21日","112年10月20日","112年10月18日","112年10月20日","0.075","    55.00","","",
="05195U","愛普群益29售10","0.00","","6531","愛普*","328.50","＋","認售","歐式","112年03月21日","112年09月20日","112年09月18日","112年09月20日","0.15","    190.00","","",
="05196U","緯穎群益29售03","0.99","＋","6669","緯穎","1,205.00","＋","認售","歐式","112年03月21日","112年09月20日","112年09月18日","112年09月20日","0.03","    850.00","","",
="05197U","臺股指群益29售23","0.00","","IX0001","臺股指數","16,636.30","","認售","歐式","112年03月21日","112年09月20日","112年09月18日","112年09月20日","0.005","    13,000.00","","",
="05198U","臺股指群益29售24","0.37","－","IX0001","臺股指數","16,636.30","","認售","歐式","112年03月21日","112年09月20日","112年09月18日","112年09月20日","0.004","    13,700.00","","",
="05199P","台積電國票28售03","0.00","","2330","台積電","568.00","＋","認售","歐式","111年12月16日","112年08月15日","112年08月11日","112年08月15日","0.102","    365.90","","",
="05199U","臺股指群益29售25","0.00","","IX0001","臺股指數","16,636.30","","認售","歐式","112年03月21日","112年09月20日","112年09月18日","112年09月20日","0.003","    14,000.00","","",
="05200P","台積電國票29售02","0.00","","2330","台積電","568.00","＋","認售","歐式","111年12月16日","112年09月15日","112年09月13日","112年09月15日","0.05","    435.13","","",
="05200U","臺股指群益29售26","0.00","","IX0001","臺股指數","16,636.30","","認售","歐式","112年03月21日","112年09月20日","112年09月18日","112年09月20日","0.003","    14,200.00","","",
="05201U","臺股指群益29售27","0.46","","IX0001","臺股指數","16,636.30","","認售","歐式","112年03月21日","112年09月20日","112年09月18日","112年09月20日","0.003","    14,400.00","","",
="05202U","臺股指群益29售28","0.71","－","IX0001","臺股指數","16,636.30","","認售","歐式","112年03月21日","112年09月20日","112年09月18日","112年09月20日","0.003","    14,700.00","","",
="05203U","臺股指群益29售29","1.11","－","IX0001","臺股指數","16,636.30","","認售","歐式","112年03月21日","112年09月20日","112年09月18日","112年09月20日","0.003","    15,100.00","","",
="05204U","臺股指群益33售01","0.80","－","IX0001","臺股指數","16,636.30","","認售","歐式","112年03月21日","113年03月20日","113年03月18日","113年03月20日","0.003","    12,500.00","","",
="05205P","偉詮電凱基29售01","0.00","","2436","偉詮電","51.60","＋","認售","歐式","111年11月09日","112年09月08日","112年09月06日","112年09月08日","0.11","    38.00","","",
="05205U","臺股指群益33售02","0.98","－","IX0001","臺股指數","16,636.30","","認售","歐式","112年03月21日","113年03月20日","113年03月18日","113年03月20日","0.002","    14,000.00","","",
="05206U","電子類群益29售04","0.00","","IX0027","電子類","797.58","","認售","歐式","112年03月21日","112年09月20日","112年09月18日","112年09月20日","0.05","    700.00","","",
="05207P","陽明凱基26售08","0.00","","2609","陽明","62.00","＋","認售","歐式","111年11月09日","112年06月08日","112年06月06日","112年06月08日","0.50","    52.00","","",
="05207U","祥碩康和2A售01","0.35","","5269","祥碩","1,300.00","＋","認售","歐式","112年03月22日","112年10月23日","112年10月19日","112年10月23日","0.01","    800.00","","",
="05208P","華擎凱基26售01","0.00","","3515","華擎","154.00","＋","認售","歐式","111年11月09日","112年06月08日","112年06月06日","112年06月08日","0.18","    80.00","","",
="05208U","台積電兆豐31售01","0.32","－","2330","台積電","568.00","＋","認售","歐式","112年03月22日","113年01月22日","113年01月18日","113年01月22日","0.04","    408.00","","",
="05209P","立積凱基27售02","0.00","","4968","立積","170.00","＋","認售","歐式","111年11月09日","112年07月10日","112年07月06日","112年07月10日","0.04","    90.00","","",
="05209U","長榮統一2A售12","0.73","","2603","長榮","157.00","＋","認售","歐式","112年03月22日","112年10月23日","112年10月19日","112年10月23日","0.05","    145.20","","",
="05210P","鈺齊凱基26售03","0.00","","9802","鈺齊-KY","124.00","－","認售","歐式","111年11月09日","112年06月08日","112年06月06日","112年06月08日","0.121","    108.99","","",
="05210U","長榮統一2C售04","1.00","－","2603","長榮","157.00","＋","認售","歐式","112年03月22日","112年12月21日","112年12月19日","112年12月21日","0.04","    153.20","","",
="05211U","陽明凱基29售09","0.00","","2609","陽明","62.00","＋","認售","歐式","112年03月22日","112年09月21日","112年09月19日","112年09月21日","0.55","    50.00","","",
="05212P","台積電國票29售03","0.00","","2330","台積電","568.00","＋","認售","歐式","111年12月16日","112年09月15日","112年09月13日","112年09月15日","0.202","    316.46","","",
="05212U","智原凱基29售06","0.99","－","3035","智原","173.50","＋","認售","歐式","112年03月22日","112年09月21日","112年09月19日","112年09月21日","0.05","    165.00","","",
="05213P","旺宏國票26售01","0.52","","2337","旺宏","33.40","＋","認售","歐式","111年12月16日","112年06月15日","112年06月13日","112年06月15日","0.30","    34.00","","",
="05213U","力積電凱基29售04","0.00","","6770","力積電","30.85","＋","認售","歐式","112年03月22日","112年09月21日","112年09月19日","112年09月21日","0.50","    30.00","","",
="05214U","AES凱基29售03","1.48","－","6781","AES-KY","690.00","＋","認售","歐式","112年03月22日","112年09月21日","112年09月19日","112年09月21日","0.015","    670.00","","",
="05215P","旺宏國票27售01","0.28","","2337","旺宏","33.40","＋","認售","歐式","111年12月16日","112年07月17日","112年07月13日","112年07月17日","0.65","    28.00","","",
="05215U","華碩群益2A售02","0.42","＋","2357","華碩","303.50","－","認售","歐式","112年03月22日","112年10月23日","112年10月19日","112年10月23日","0.15","    210.00","","",
="05216U","聯發科群益29售11","1.57","","2454","聯發科","738.00","＋","認售","歐式","112年03月22日","112年09月21日","112年09月19日","112年09月21日","0.03","    710.00","","",
="05217P","華邦電國票27售01","0.00","","2344","華邦電","26.90","＋","認售","歐式","111年12月16日","112年07月17日","112年07月13日","112年07月17日","0.90","    18.00","","",
="05217U","聯發科群益2A售04","0.00","","2454","聯發科","738.00","＋","認售","歐式","112年03月22日","112年10月23日","112年10月19日","112年10月23日","0.10","    550.00","","",
="05218P","力積電康和26售01","0.00","","6770","力積電","30.85","＋","認售","歐式","111年11月09日","112年06月08日","112年06月06日","112年06月08日","1.009","    24.78","","",
="05218U","可成群益29售01","0.00","","2474","可成","189.00","＋","認售","歐式","112年03月22日","112年09月21日","112年09月19日","112年09月21日","0.28","    148.88","","",
="05219P","AES康和26售01","0.00","","6781","AES-KY","690.00","＋","認售","歐式","111年11月09日","112年06月08日","112年06月06日","112年06月08日","0.02","    520.00","","",
="05219U","陽明群益2A售02","0.00","","2609","陽明","62.00","＋","認售","歐式","112年03月22日","112年10月23日","112年10月19日","112年10月23日","0.50","    54.00","","",
="05220U","陽明群益2A售03","0.00","","2609","陽明","62.00","＋","認售","歐式","112年03月22日","112年10月23日","112年10月19日","112年10月23日","0.30","    60.00","","",
="05221U","長榮航群益29售06","0.28","－","2618","長榮航","33.60","＋","認售","歐式","112年03月22日","112年09月21日","112年09月19日","112年09月21日","1.00","    23.00","","",
="05222U","長榮航群益2B售01","0.29","－","2618","長榮航","33.60","＋","認售","歐式","112年03月22日","112年11月21日","112年11月17日","112年11月21日","1.00","    20.00","","",
="05223U","祥碩群益2A售03","0.66","－","5269","祥碩","1,300.00","＋","認售","歐式","112年03月22日","112年10月23日","112年10月19日","112年10月23日","0.008","    1,000.00","","",
="05224U","東哥元大29售10","0.64","－","8478","東哥遊艇","520.00","＋","認售","歐式","112年03月22日","112年09月21日","112年09月19日","112年09月21日","0.023","    337.50","","",
="05225U","台灣50國票2B售01","0.33","－",="0050","元大台灣50","126.75","＋","認售","歐式","112年03月22日","112年11月21日","112年11月17日","112年11月21日","1.00","    90.00","","",
="05226U","台灣50國票2C售03","0.00","",="0050","元大台灣50","126.75","＋","認售","歐式","112年03月22日","112年12月21日","112年12月19日","112年12月21日","0.50","    100.00","","",
="05227U","華夏國票2A售01","1.18","＋","1305","華夏","23.85","－","認售","歐式","112年03月22日","112年10月23日","112年10月19日","112年10月23日","0.40","    22.00","","",
="05228U","大立光國票2A售01","1.06","","3008","大立光","2,305.00","＋","認售","歐式","112年03月22日","112年10月23日","112年10月19日","112年10月23日","0.012","    1,900.00","","",
="05229U","欣興國票2A售02","0.29","＋","3037","欣興","182.50","－","認售","歐式","112年03月22日","112年10月23日","112年10月19日","112年10月23日","0.07","    120.00","","",
="05230U","碩天國票2A售02","0.15","＋","3617","碩天","191.00","－","認售","歐式","112年03月22日","112年10月23日","112年10月19日","112年10月23日","0.10","    90.00","","",
="05231U","同欣電國票2A售01","0.00","","6271","同欣電","179.50","＋","認售","歐式","112年03月22日","112年10月23日","112年10月19日","112年10月23日","0.07","    160.00","","",
="05232U","台積電國泰2B售03","0.29","－","2330","台積電","568.00","＋","認售","歐式","112年03月22日","112年11月21日","112年11月17日","112年11月21日","0.08","    418.00","","",
="05233P","宏達電國票28售02","0.23","－","2498","宏達電","61.50","＋","認售","歐式","111年12月16日","112年08月15日","112年08月11日","112年08月15日","0.35","    40.00","","",
="05233U","元油反元富29售02","0.00","",="00673R","期元大S&P原油反1(原名：元大S&P原油反1)","9.03","－","認售","歐式","112年03月22日","112年09月21日","112年09月19日","112年09月21日","1.00","    9.00","","",
="05234P","裕民國票27售02","0.00","","2606","裕民","49.75","＋","認售","歐式","111年12月16日","112年07月17日","112年07月13日","112年07月17日","0.30","    40.00","","",
="05234U","SGBR2X元富29售04","2.09","－",="00715L","期街口布蘭特正2","12.73","＋","認售","歐式","112年03月22日","112年09月21日","112年09月19日","112年09月21日","1.00","    11.00","","",
="05235P","晶華國票27售02","0.00","","2707","晶華","288.00","＋","認售","歐式","111年12月16日","112年07月17日","112年07月13日","112年07月17日","0.08","    200.00","","",
="05235U","聯電元富29售03","2.00","－","2303","聯電","51.20","＋","認售","歐式","112年03月22日","112年09月21日","112年09月19日","112年09月21日","0.45","    52.00","","",
="05236P","開發金國票27售02","0.00","","2883","開發金","12.80","－","認售","歐式","111年12月16日","112年07月17日","112年07月13日","112年07月17日","1.00","    11.00","","",
="05236U","長榮元富29售03","4.61","－","2603","長榮","157.00","＋","認售","歐式","112年03月22日","112年09月21日","112年09月19日","112年09月21日","0.37","    145.00","","",
="05237P","奇鋐國票27售01","0.00","","3017","奇鋐","206.00","－","認售","歐式","111年12月16日","112年07月17日","112年07月13日","112年07月17日","0.081","    98.85","","",
="05237U","祥碩元富29售03","1.34","－","5269","祥碩","1,300.00","＋","認售","歐式","112年03月22日","112年09月21日","112年09月19日","112年09月21日","0.01","    1,200.00","","",
="05238P","聯詠國票26售02","0.01","","3034","聯詠","423.50","＋","認售","歐式","111年12月16日","112年06月15日","112年06月13日","112年06月15日","0.04","    300.00","","",
="05238U","開發金麥證2A售01","0.46","","2883","開發金","12.80","－","認售","歐式","112年03月22日","112年10月23日","112年10月19日","112年10月23日","1.00","    11.00","","",
="05239P","聯詠國票27售01","0.00","","3034","聯詠","423.50","＋","認售","歐式","111年12月16日","112年07月17日","112年07月13日","112年07月17日","0.075","    250.00","","",
="05239U","中租麥證29售01","1.16","＋","5871","中租-KY","210.50","＋","認售","歐式","112年03月22日","112年09月21日","112年09月19日","112年09月21日","0.08","    180.00","","",
="05240P","華擎國票27售01","0.00","","3515","華擎","154.00","＋","認售","歐式","111年12月16日","112年07月17日","112年07月13日","112年07月17日","0.141","    105.00","","",
="05240U","漢唐中信29售01","0.00","","2404","漢唐","227.50","＋","認售","歐式","112年03月23日","112年09月22日","112年09月20日","112年09月22日","0.05","    185.00","","",
="05241P","台勝科國票27售01","0.00","","3532","台勝科","157.00","＋","認售","歐式","111年12月16日","112年07月17日","112年07月13日","112年07月17日","0.12","    120.00","","",
="05241U","立積元富29售01","0.69","－","4968","立積","170.00","＋","認售","歐式","112年03月23日","112年09月22日","112年09月20日","112年09月22日","0.10","    120.00","","",
="05242P","友達國票26售01","0.00","","2409","友達","17.65","＋","認售","歐式","111年11月10日","112年06月09日","112年06月07日","112年06月09日","1.00","    14.00","","",
="05242U","聯詠兆豐2B售01","0.92","－","3034","聯詠","423.50","＋","認售","歐式","112年03月23日","112年11月22日","112年11月20日","112年11月22日","0.025","    388.00","","",
="05243U","SGBR2X群益2A售02","0.92","－",="00715L","期街口布蘭特正2","12.73","＋","認售","歐式","112年03月23日","112年10月23日","112年10月19日","112年10月23日","0.60","    9.80","","",
="05244U","美時群益29售04","0.35","－","1795","美時","330.50","＋","認售","歐式","112年03月23日","112年09月22日","112年09月20日","112年09月22日","0.03","    230.00","","",
="05245P","世芯國票29售02","0.05","－","3661","世芯-KY","1,660.00","＋","認售","歐式","111年12月16日","112年09月15日","112年09月13日","112年09月15日","0.008","    700.00","","",
="05245U","聯電群益2B售02","0.00","","2303","聯電","51.20","＋","認售","歐式","112年03月23日","112年11月22日","112年11月20日","112年11月22日","1.00","    36.00","","",
="05246P","日月光國票27售01","0.04","","3711","日月光投控","109.00","－","認售","歐式","111年12月16日","112年07月17日","112年07月13日","112年07月17日","0.30","    80.00","","",
="05246U","上品群益29售01","0.00","","4770","上品","297.00","＋","認售","歐式","112年03月23日","112年09月22日","112年09月20日","112年09月22日","0.042","    269.02","","",
="05247P","台積電麥證2A售04","0.00","","2330","台積電","568.00","＋","認售","歐式","111年11月10日","112年10月11日","112年10月05日","112年10月11日","0.202","    247.23","","",
="05247U","祥碩群益29售02","0.85","－","5269","祥碩","1,300.00","＋","認售","歐式","112年03月23日","112年09月22日","112年09月20日","112年09月22日","0.006","    1,200.00","","",
="05248U","中興電凱基29售09","0.37","","1513","中興電","113.50","＋","認售","歐式","112年03月23日","112年09月22日","112年09月20日","112年09月22日","0.057","    95.00","","",
="05249U","瑞昱凱基29售04","1.21","－","2379","瑞昱","388.00","＋","認售","歐式","112年03月23日","112年09月22日","112年09月20日","112年09月22日","0.035","    380.00","","",
="05250U","聯詠凱基29售06","1.33","－","3034","聯詠","423.50","＋","認售","歐式","112年03月23日","112年09月22日","112年09月20日","112年09月22日","0.035","    420.00","","",
="05251U","祥碩凱基29售04","0.00","","5269","祥碩","1,300.00","＋","認售","歐式","112年03月23日","112年09月22日","112年09月20日","112年09月22日","0.008","    1,000.00","","",
="05252P","智伸科國票27售01","0.00","","4551","智伸科","129.00","－","認售","歐式","111年12月16日","112年07月17日","112年07月13日","112年07月17日","0.12","    120.00","","",
="05252U","健策元大29售05","0.38","－","3653","健策","616.00","＋","認售","歐式","112年03月23日","112年09月22日","112年09月20日","112年09月22日","0.027","    412.00","","",
="05253U","臺股指元大2B售41","0.00","","IX0001","臺股指數","16,636.30","","認售","歐式","112年03月23日","112年11月22日","112年11月20日","112年11月22日","0.004","    11,800.00","","",
="05254U","臺股指元大2C售20","0.00","","IX0001","臺股指數","16,636.30","","認售","歐式","112年03月23日","112年12月22日","112年12月20日","112年12月22日","0.004","    11,400.00","","",
="05255U","臺股指元大2C售21","0.47","－","IX0001","臺股指數","16,636.30","","認售","歐式","112年03月23日","112年12月22日","112年12月20日","112年12月22日","0.003","    12,200.00","","",
="05256U","光罩國票2A售02","1.97","－","2338","光罩","81.80","＋","認售","歐式","112年03月23日","112年10月23日","112年10月19日","112年10月23日","1.00","    48.00","","",
="05257U","金像電國票2A售02","0.11","","2368","金像電","121.50","","認售","歐式","112年03月23日","112年10月23日","112年10月19日","112年10月23日","0.579","    57.95","","",
="05258P","材料國票27售04","0.00","","4763","材料-KY","550.00","－","認售","歐式","111年12月16日","112年07月17日","112年07月13日","112年07月17日","0.205","    112.42","","",
="05258U","上証2X富邦2B售02","0.00","",="00633L","富邦上証正2","35.01","－","認售","歐式","112年03月23日","112年11月22日","112年11月20日","112年11月22日","0.50","    30.00","","",
="05259U","台積電富邦2C售08","0.00","","2330","台積電","568.00","＋","認售","歐式","112年03月23日","112年12月22日","112年12月20日","112年12月22日","0.05","    400.00","","",
="05260U","道瓊2X中信2C售01","0.00","",="00852L","國泰美國道瓊正2","18.51","＋","認售","歐式","112年03月24日","112年12月25日","112年12月21日","112年12月25日","0.267","    16.80","","",
="05261U","臺股指中信2C售05","0.00","","IX0001","臺股指數","16,636.30","","認售","歐式","112年03月24日","112年12月25日","112年12月21日","112年12月25日","0.007","    12,588.00","","",
="05262U","臺股指中信2C售06","0.07","","IX0001","臺股指數","16,636.30","","認售","歐式","112年03月24日","112年12月25日","112年12月21日","112年12月25日","0.002","    8,000.00","","",
="05263P","技嘉群益26售01","0.00","","2376","技嘉","186.00","＋","認售","歐式","111年11月10日","112年06月09日","112年06月07日","112年06月09日","0.15","    90.00","","",
="05263U","嘉澤群益29售01","0.00","","3533","嘉澤","909.00","－","認售","歐式","112年03月24日","112年09月25日","112年09月21日","112年09月25日","0.03","    788.00","","",
="05264U","東哥群益29售06","0.72","－","8478","東哥遊艇","520.00","＋","認售","歐式","112年03月24日","112年09月25日","112年09月21日","112年09月25日","0.058","    310.00","","",
="05265P","愛普群益27售01","0.00","","6531","愛普*","328.50","＋","認售","歐式","111年11月10日","112年07月10日","112年07月06日","112年07月10日","0.03","    135.00","","",
="05265U","台灣50凱基2B售09","0.00","",="0050","元大台灣50","126.75","＋","認售","歐式","112年03月24日","112年11月23日","112年11月21日","112年11月23日","0.20","    116.00","","",
="05266U","台灣50凱基2C售08","0.00","",="0050","元大台灣50","126.75","＋","認售","歐式","112年03月24日","112年12月25日","112年12月21日","112年12月25日","0.50","    97.00","","",
="05267P","第一銅國票26售02","0.00","","2009","第一銅","32.10","＋","認售","歐式","111年11月11日","112年06月12日","112年06月08日","112年06月12日","1.00","    21.00","","",
="05267U","台積電凱基29售23","0.81","","2330","台積電","568.00","＋","認售","歐式","112年03月24日","112年09月25日","112年09月21日","112年09月25日","0.08","    490.00","","",
="05268U","台積電凱基2A售20","0.00","","2330","台積電","568.00","＋","認售","歐式","112年03月24日","112年10月23日","112年10月19日","112年10月23日","0.10","    440.00","","",
="05269P","矽力國票27售02","0.00","","6415","矽力*-KY","394.50","＋","認售","歐式","111年12月16日","112年07月17日","112年07月13日","112年07月17日","0.015","    446.05","","",
="05269U","臺股指凱基2B售28","0.00","","IX0001","臺股指數","16,636.30","","認售","歐式","112年03月24日","112年11月23日","112年11月21日","112年11月23日","0.002","    14,300.00","","",
="05270P","元晶國票27售03","0.00","","6443","元晶","36.20","＋","認售","歐式","111年12月16日","112年07月17日","112年07月13日","112年07月17日","0.269","    31.00","","",
="05270U","臺股指凱基2C售22","0.00","","IX0001","臺股指數","16,636.30","","認售","歐式","112年03月24日","112年12月25日","112年12月21日","112年12月25日","0.0025","    13,500.00","","",
="05271P","富邦媒國票27售02","0.19","","8454","富邦媒","703.00","＋","認售","歐式","111年12月16日","112年07月17日","112年07月13日","112年07月17日","0.02","    500.00","","",
="05271U","臺股指凱基2C售23","0.00","","IX0001","臺股指數","16,636.30","","認售","歐式","112年03月24日","112年12月25日","112年12月21日","112年12月25日","0.0035","    13,000.00","","",
="05272P","潤泰新國票27售01","0.00","","9945","潤泰新","35.00","＋","認售","歐式","111年12月16日","112年07月17日","112年07月13日","112年07月17日","0.40","    36.00","","",
="05272U","臺股指凱基2C售24","0.00","","IX0001","臺股指數","16,636.30","","認售","歐式","112年03月24日","112年12月25日","112年12月21日","112年12月25日","0.008","    9,500.00","","",
="05273U","電子類凱基2B售04","0.53","－","IX0027","電子類","797.58","","認售","歐式","112年03月24日","112年11月23日","112年11月21日","112年11月23日","0.05","    660.00","","",
="05274P","聯發科康和27售02","0.00","","2454","聯發科","738.00","＋","認售","歐式","111年12月16日","112年07月17日","112年07月13日","112年07月17日","0.03","    578.00","","",
="05274U","電子類凱基2C售02","0.54","－","IX0027","電子類","797.58","","認售","歐式","112年03月24日","112年12月25日","112年12月21日","112年12月25日","0.06","    600.00","","",
="05275P","南電康和27售01","0.00","","8046","南電","302.50","－","認售","歐式","111年12月16日","112年07月17日","112年07月13日","112年07月17日","0.04","    225.00","","",
="05275U","裕隆元富29售05","0.00","","2201","裕隆","82.80","＋","認售","歐式","112年03月24日","112年09月25日","112年09月21日","112年09月25日","0.20","    68.00","","",
="05276U","台積電元富2C售02","0.00","","2330","台積電","568.00","＋","認售","歐式","112年03月24日","112年12月25日","112年12月21日","112年12月25日","0.10","    410.00","","",
="05277U","英業達麥證29售02","0.08","－","2356","英業達","37.50","＋","認售","歐式","112年03月24日","112年09月25日","112年09月21日","112年09月25日","1.00","    22.00","","",
="05278U","嘉澤麥證29售01","0.62","＋","3533","嘉澤","909.00","－","認售","歐式","112年03月24日","112年09月25日","112年09月21日","112年09月25日","0.01","    800.00","","",
="05279U","美債2X元大29售02","1.33","－",="00688L","國泰20年美債正2","10.74","＋","認售","歐式","112年03月24日","112年09月25日","112年09月21日","112年09月25日","1.00","    11.00","","",
="05280U","寶齡元大29售06","1.23","－","1760","寶齡富錦","148.50","","認售","歐式","112年03月24日","112年09月25日","112年09月21日","112年09月25日","0.035","    164.00","","",
="05281U","臺股指元大2C售23","0.00","","IX0001","臺股指數","16,636.30","","認售","歐式","112年03月24日","112年12月25日","112年12月21日","112年12月25日","0.003","    9,000.00","","",
="05282U","威盛國票2A售06","0.00","","2388","威盛","83.10","＋","認售","歐式","112年03月24日","112年10月23日","112年10月19日","112年10月23日","0.70","    55.00","","",
="05283U","華航國票29售02","0.49","－","2610","華航","21.65","＋","認售","歐式","112年03月24日","112年09月25日","112年09月21日","112年09月25日","1.00","    17.00","","",
="05284U","永豐金國票2A售01","0.67","","2890","永豐金","17.15","＋","認售","歐式","112年03月24日","112年10月23日","112年10月19日","112年10月23日","1.00","    14.00","","",
="05285P","臺股指凱基29售12","0.08","","IX0001","臺股指數","16,636.30","","認售","歐式","111年11月11日","112年09月11日","112年09月07日","112年09月11日","0.001","    13,000.00","","",
="05285U","聯詠國票2A售04","1.48","－","3034","聯詠","423.50","＋","認售","歐式","112年03月24日","112年10月23日","112年10月19日","112年10月23日","0.035","    425.00","","",
="05286P","瑞昱永豐26售02","0.00","","2379","瑞昱","388.00","＋","認售","歐式","111年12月16日","112年06月15日","112年06月13日","112年06月15日","0.068","    253.47","","",
="05286U","聯詠國票2B售02","1.40","－","3034","聯詠","423.50","＋","認售","歐式","112年03月24日","112年11月23日","112年11月21日","112年11月23日","0.06","    375.00","","",
="05287U","聯發科富邦2C售01","1.14","－","2454","聯發科","738.00","＋","認售","歐式","112年03月24日","112年12月25日","112年12月21日","112年12月25日","0.01","    770.00","","",
="05288P","上証2X凱基27售01","0.00","",="00633L","富邦上証正2","35.01","－","認售","歐式","111年12月16日","112年07月17日","112年07月13日","112年07月17日","0.425","    35.00","","",
="05288U","宏碁中信29售01","0.41","","2353","宏碁","31.05","＋","認售","歐式","112年03月27日","112年09月26日","112年09月22日","112年09月26日","1.00","    20.00","","",
="05289P","滬深2X凱基2A售04","1.40","－",="00637L","元大滬深300正2","13.77","－","認售","歐式","111年12月16日","112年10月16日","112年10月12日","112年10月16日","1.00","    13.50","","",
="05289U","英業達中信29售02","0.22","－","2356","英業達","37.50","＋","認售","歐式","112年03月27日","112年09月26日","112年09月22日","112年09月26日","0.50","    25.00","","",
="05290U","健策中信29售01","0.16","－","3653","健策","616.00","＋","認售","歐式","112年03月27日","112年09月26日","112年09月22日","112年09月26日","0.012","    440.00","","",
="05291P","華城凱基26售02","0.00","","1519","華城","141.00","＋","認售","歐式","111年12月16日","112年06月15日","112年06月13日","112年06月15日","0.35","    40.00","","",
="05291U","中興電統一31售01","0.39","－","1513","中興電","113.50","＋","認售","歐式","112年03月27日","113年01月26日","113年01月24日","113年01月26日","0.033","    86.40","","",
="05292P","華新凱基29售03","0.63","－","1605","華新","46.60","＋","認售","歐式","111年12月16日","112年09月15日","112年09月13日","112年09月15日","1.00","    30.00","","",
="05292U","創意統一29售06","0.00","","3443","創意","1,515.00","＋","認售","歐式","112年03月27日","112年09月26日","112年09月22日","112年09月26日","0.005","    958.88","","",
="05293P","瑞昱凱基26售03","0.00","","2379","瑞昱","388.00","＋","認售","歐式","111年12月16日","112年06月15日","112年06月13日","112年06月15日","0.13","    240.00","","",
="05293U","創意統一2B售10","0.07","","3443","創意","1,515.00","＋","認售","歐式","112年03月27日","112年11月27日","112年11月23日","112年11月27日","0.008","    666.66","","",
="05294P","瑞昱凱基27售02","0.00","","2379","瑞昱","388.00","＋","認售","歐式","111年12月16日","112年07月17日","112年07月13日","112年07月17日","0.25","    180.00","","",
="05294U","道瓊2X凱基31售02","0.97","－",="00852L","國泰美國道瓊正2","18.51","＋","認售","歐式","112年03月27日","113年01月26日","113年01月24日","113年01月26日","0.48","    16.00","","",
="05295U","中興電凱基29售10","0.00","","1513","中興電","113.50","＋","認售","歐式","112年03月27日","112年09月26日","112年09月22日","112年09月26日","0.10","    80.00","","",
="05296P","道瓊銀群益28售02","0.00","",="00738U","期元大道瓊白銀(原名：元大道瓊白銀)","22.79","＋","認售","歐式","111年11月11日","112年08月10日","112年08月08日","112年08月10日","0.596","    18.50","","",
="05296U","裕隆凱基29售03","0.46","","2201","裕隆","82.80","＋","認售","歐式","112年03月27日","112年09月26日","112年09月22日","112年09月26日","0.065","    77.00","","",
="05297P","義隆群益26售01","0.00","","2458","義隆","104.00","＋","認售","歐式","111年11月11日","112年06月12日","112年06月08日","112年06月12日","0.289","    64.99","","",
="05297U","創意凱基29售16","0.43","－","3443","創意","1,515.00","＋","認售","歐式","112年03月27日","112年09月26日","112年09月22日","112年09月26日","0.008","    1,060.00","","",
="05298U","創意凱基29售17","0.55","－","3443","創意","1,515.00","＋","認售","歐式","112年03月27日","112年09月26日","112年09月22日","112年09月26日","0.007","    1,150.00","","",
="05299U","裕隆群益2B售02","0.00","","2201","裕隆","82.80","＋","認售","歐式","112年03月27日","112年11月27日","112年11月23日","112年11月27日","0.25","    65.00","","",
="05300U","緯穎群益29售06","1.41","＋","6669","緯穎","1,205.00","＋","認售","歐式","112年03月27日","112年09月26日","112年09月22日","112年09月26日","0.02","    950.00","","",
="05301U","威鋒電群益29售02","0.00","","6756","威鋒電子","223.00","＋","認售","歐式","112年03月27日","112年09月26日","112年09月22日","112年09月26日","0.052","    203.31","","",
="05302U","威盛元富29售06","0.00","","2388","威盛","83.10","＋","認售","歐式","112年03月27日","112年09月26日","112年09月22日","112年09月26日","0.079","    71.28","","",
="05303P","聯發科凱基27售04","0.00","","2454","聯發科","738.00","＋","認售","歐式","111年12月16日","112年07月17日","112年07月13日","112年07月17日","0.20","    450.00","","",
="05303U","創意元富29售06","0.12","－","3443","創意","1,515.00","＋","認售","歐式","112年03月27日","112年09月26日","112年09月22日","112年09月26日","0.006","    900.00","","",
="05304U","創意元富29售07","0.37","","3443","創意","1,515.00","＋","認售","歐式","112年03月27日","112年09月26日","112年09月22日","112年09月26日","0.006","    1,000.00","","",
="05305U","創意元富29售08","0.25","－","3443","創意","1,515.00","＋","認售","歐式","112年03月27日","112年09月26日","112年09月22日","112年09月26日","0.005","    1,100.00","","",
="05306U","創意元富2C售05","0.25","","3443","創意","1,515.00","＋","認售","歐式","112年03月27日","112年12月26日","112年12月22日","112年12月26日","0.006","    800.00","","",
="05307P","啟碁元大27售02","0.00","","6285","啟碁","87.50","＋","認售","歐式","111年11月11日","112年07月10日","112年07月06日","112年07月10日","0.063","    75.60","","",
="05307U","香港2X國票2A售02","0.00","",="00650L","FH香港正2","11.60","＋","認售","歐式","112年03月27日","112年10月26日","112年10月24日","112年10月26日","0.40","    13.00","","",
="05308U","創意國票2A售09","0.44","－","3443","創意","1,515.00","＋","認售","歐式","112年03月27日","112年10月26日","112年10月24日","112年10月26日","0.005","    1,120.00","","",
="05309U","東哥國票2A售03","1.04","","8478","東哥遊艇","520.00","＋","認售","歐式","112年03月27日","112年10月26日","112年10月24日","112年10月26日","0.012","    430.00","","",
="05310U","創意國泰2B售03","0.00","","3443","創意","1,515.00","＋","認售","歐式","112年03月27日","112年11月27日","112年11月23日","112年11月27日","0.02","    725.00","","",
="05311U","台積電富邦2C售09","0.44","","2330","台積電","568.00","＋","認售","歐式","112年03月27日","112年12月26日","112年12月22日","112年12月26日","0.03","    450.00","","",
="05312P","臺股指麥證28售02","0.05","","IX0001","臺股指數","16,636.30","","認售","歐式","111年11月11日","112年08月10日","112年08月08日","112年08月10日","0.003","    11,888.00","","",
="05312U","創意富邦2C售01","0.23","－","3443","創意","1,515.00","＋","認售","歐式","112年03月27日","112年12月26日","112年12月22日","112年12月26日","0.004","    880.00","","",
="05313P","飛宏凱基27售01","0.00","","2457","飛宏","76.40","＋","認售","歐式","111年12月16日","112年07月17日","112年07月13日","112年07月17日","0.313","    33.00","","",
="05313U","臺股指富邦2B售07","0.00","","IX0001","臺股指數","16,636.30","","認售","歐式","112年03月27日","112年11月27日","112年11月23日","112年11月27日","0.001","    15,250.00","","",
="05314P","長榮航凱基26售05","0.00","","2618","長榮航","33.60","＋","認售","歐式","111年12月16日","112年06月15日","112年06月13日","112年06月15日","0.60","    25.00","","",
="05314U","創意元大29售27","0.00","","3443","創意","1,515.00","＋","認售","歐式","112年03月27日","112年09月26日","112年09月22日","112年09月26日","0.043","    625.00","","",
="05315U","創意元大29售29","0.41","－","3443","創意","1,515.00","＋","認售","歐式","112年03月27日","112年09月26日","112年09月22日","112年09月26日","0.029","    685.00","","",
="05316U","創意元大29售30","0.00","","3443","創意","1,515.00","＋","認售","歐式","112年03月27日","112年09月26日","112年09月22日","112年09月26日","0.014","    873.00","","",
="053170","台積電第一2B購01","0.00","","2330","台積電","568.00","＋","認購","美式","110年11月24日","110年11月24日","112年11月21日","112年11月23日","0.016","    849.83","","",
="053171","台積電第一2B購02","0.08","－","2330","台積電","568.00","＋","認購","美式","110年11月24日","110年11月24日","112年11月21日","112年11月23日","0.007","    849.83","","",
="05317P","元金2X中信28售01","0.13","－",="00708L","期元大S&P黃金正2(原名：元大S&P黃金正2)","26.72","－","認售","歐式","111年11月14日","112年08月14日","112年08月10日","112年08月14日","0.50","    18.88","","",
="05317U","創意元大29售31","0.00","","3443","創意","1,515.00","＋","認售","歐式","112年03月27日","112年09月26日","112年09月22日","112年09月26日","0.01","    987.00","","",
="05318U","創意元大29售32","0.00","","3443","創意","1,515.00","＋","認售","歐式","112年03月27日","112年09月26日","112年09月22日","112年09月26日","0.009","    1,025.00","","",
="05319U","台灣50中信2B售02","0.00","",="0050","元大台灣50","126.75","＋","認售","歐式","112年03月28日","112年11月27日","112年11月23日","112年11月27日","0.50","    88.00","","",
="05320P","台勝科康和26售02","0.00","","3532","台勝科","157.00","＋","認售","歐式","111年11月14日","112年06月13日","112年06月09日","112年06月13日","0.075","    123.00","","",
="05320U","裕隆中信29售02","0.00","","2201","裕隆","82.80","＋","認售","歐式","112年03月28日","112年09月27日","112年09月25日","112年09月27日","0.134","    65.00","","",
="05321U","新唐中信2A售01","1.46","－","4919","新唐","130.50","＋","認售","歐式","112年03月28日","112年10月27日","112年10月25日","112年10月27日","0.07","    130.00","","",
="05322U","美債2X群益29售02","0.00","",="00688L","國泰20年美債正2","10.74","＋","認售","歐式","112年03月28日","112年09月27日","112年09月25日","112年09月27日","1.00","    11.00","","",
="05323U","創意群益29售07","0.42","－","3443","創意","1,515.00","＋","認售","歐式","112年03月28日","112年09月27日","112年09月25日","112年09月27日","0.02","    800.00","","",
="05324U","新唐群益29售03","0.00","","4919","新唐","130.50","＋","認售","歐式","112年03月28日","112年09月27日","112年09月25日","112年09月27日","0.10","    140.00","","",
="05325U","台灣50凱基2C售11","0.00","",="0050","元大台灣50","126.75","＋","認售","歐式","112年03月28日","112年12月27日","112年12月25日","112年12月27日","0.40","    106.00","","",
="05326U","創意凱基29售18","0.00","","3443","創意","1,515.00","＋","認售","歐式","112年03月28日","112年09月27日","112年09月25日","112年09月27日","0.035","    660.00","","",
="05327U","創意凱基29售19","0.16","－","3443","創意","1,515.00","＋","認售","歐式","112年03月28日","112年09月27日","112年09月25日","112年09月27日","0.015","    800.00","","",
="05328U","晶睿凱基29售04","0.00","","3454","晶睿","182.50","＋","認售","歐式","112年03月28日","112年09月27日","112年09月25日","112年09月27日","0.027","    230.00","","",
="05329P","元大金凱基26售01","0.00","","2885","元大金","23.55","＋","認售","歐式","111年12月16日","112年06月15日","112年06月13日","112年06月15日","1.00","    20.00","","",
="05329U","電子類凱基2B售05","0.88","","IX0027","電子類","797.58","","認售","歐式","112年03月28日","112年11月27日","112年11月23日","112年11月27日","0.035","    720.00","","",
="05330P","兆豐金凱基26售01","0.00","","2886","兆豐金","36.20","＋","認售","歐式","111年12月16日","112年06月15日","112年06月13日","112年06月15日","1.00","    26.00","","",
="05330U","金融類凱基2A售08","0.00","","IX0039","金融類","1,620.43","","認售","歐式","112年03月28日","112年10月27日","112年10月25日","112年10月27日","0.03","    1,280.00","","",
="05331P","材料凱基27售03","0.00","","4763","材料-KY","550.00","－","認售","歐式","111年12月16日","112年07月17日","112年07月13日","112年07月17日","0.087","    127.09","","",
="05331U","金融類凱基2C售03","0.00","","IX0039","金融類","1,620.43","","認售","歐式","112年03月28日","112年12月27日","112年12月25日","112年12月27日","0.03","    1,220.00","","",
="053322","聯電第一2B購01","0.00","","2303","聯電","51.20","＋","認購","美式","110年11月25日","110年11月25日","112年11月22日","112年11月24日","0.053","    71.17","","",
="05332P","台灣50群益26售04","0.00","",="0050","元大台灣50","126.75","＋","認售","歐式","111年12月16日","112年06月15日","112年06月13日","112年06月15日","0.511","    100.73","","",
="05332U","台灣50元富29售04","1.46","－",="0050","元大台灣50","126.75","＋","認售","歐式","112年03月28日","112年09月27日","112年09月25日","112年09月27日","1.00","    111.00","","",
="05333P","台灣50群益26售05","0.00","",="0050","元大台灣50","126.75","＋","認售","歐式","111年12月16日","112年06月15日","112年06月13日","112年06月15日","0.307","    103.67","","",
="05333U","威強電元富29售02","0.00","","3022","威強電","91.20","＋","認售","歐式","112年03月28日","112年09月27日","112年09月25日","112年09月27日","0.15","    80.00","","",
="05334P","台灣50群益26售06","0.00","",="0050","元大台灣50","126.75","＋","認售","歐式","111年12月16日","112年06月15日","112年06月13日","112年06月15日","0.307","    109.53","","",
="05334U","健策元富29售03","0.00","","3653","健策","616.00","＋","認售","歐式","112年03月28日","112年09月27日","112年09月25日","112年09月27日","0.03","    370.00","","",
="05335U","臺股指元富29售09","0.00","","IX0001","臺股指數","16,636.30","","認售","歐式","112年03月28日","112年09月27日","112年09月25日","112年09月27日","0.005","    13,500.00","","",
="05336P","台灣50群益27售02","0.00","",="0050","元大台灣50","126.75","＋","認售","歐式","111年12月16日","112年07月17日","112年07月13日","112年07月17日","1.023","    92.91","","",
="05336U","中興電統一2B售05","0.41","－","1513","中興電","113.50","＋","認售","歐式","112年03月28日","112年11月27日","112年11月23日","112年11月27日","0.065","    85.70","","",
="05337U","創意統一2A售08","0.65","－","3443","創意","1,515.00","＋","認售","歐式","112年03月28日","112年10月27日","112年10月25日","112年10月27日","0.003","    1,234.56","","",
="05338P","臺股指元大26售26","0.00","","IX0001","臺股指數","16,636.30","","認售","歐式","111年11月14日","112年06月13日","112年06月09日","112年06月13日","0.003","    11,100.00","","",
="05338U","元債2X元大2B售02","0.00","",="00680L","元大美債20正2","10.96","＋","認售","歐式","112年03月28日","112年11月27日","112年11月23日","112年11月27日","0.80","    11.00","","",
="05339P","臺股指元大26售27","0.00","","IX0001","臺股指數","16,636.30","","認售","歐式","111年11月14日","112年06月13日","112年06月09日","112年06月13日","0.003","    11,700.00","","",
="05339U","SGBR2X元大2B售03","0.00","",="00715L","期街口布蘭特正2","12.73","＋","認售","歐式","112年03月28日","112年11月27日","112年11月23日","112年11月27日","0.30","    11.00","","",
="05340P","臺股指元大26售28","0.00","","IX0001","臺股指數","16,636.30","","認售","歐式","111年11月14日","112年06月13日","112年06月09日","112年06月13日","0.002","    12,400.00","","",
="05340U","創意元大29售34","0.00","","3443","創意","1,515.00","＋","認售","歐式","112年03月28日","112年09月27日","112年09月25日","112年09月27日","0.025","    665.00","","",
="05341P","友達群益27售03","0.00","","2409","友達","17.65","＋","認售","歐式","111年11月14日","112年07月13日","112年07月11日","112年07月13日","1.00","    14.00","","",
="05341U","創意元大29售35","0.38","－","3443","創意","1,515.00","＋","認售","歐式","112年03月28日","112年09月27日","112年09月25日","112年09月27日","0.019","    740.00","","",
="05342U","創意元大29售36","1.15","－","3443","創意","1,515.00","＋","認售","歐式","112年03月28日","112年09月27日","112年09月25日","112年09月27日","0.008","    1,200.00","","",
="05343P","華新元富28售04","0.39","","1605","華新","46.60","＋","認售","歐式","111年11月14日","112年08月14日","112年08月10日","112年08月14日","0.40","    36.00","","",
="05343U","創意元大29售37","0.78","－","3443","創意","1,515.00","＋","認售","歐式","112年03月28日","112年09月27日","112年09月25日","112年09月27日","0.008","    1,065.00","","",
="05344P","長榮元富28售05","0.35","－","2603","長榮","157.00","＋","認售","歐式","111年11月14日","112年08月14日","112年08月10日","112年08月14日","0.13","    118.00","","",
="05344U","創意元大29售38","0.81","－","3443","創意","1,515.00","＋","認售","歐式","112年03月28日","112年09月27日","112年09月25日","112年09月27日","0.007","    1,130.00","","",
="05345U","創意麥證29售03","0.12","－","3443","創意","1,515.00","＋","認售","歐式","112年03月28日","112年09月27日","112年09月25日","112年09月27日","0.025","    700.00","","",
="05346U","創意麥證29售04","0.43","－","3443","創意","1,515.00","＋","認售","歐式","112年03月28日","112年09月27日","112年09月25日","112年09月27日","0.005","    1,100.00","","",
="05347P","滬深2X富邦26售03","0.00","",="00637L","元大滬深300正2","13.77","－","認售","歐式","111年11月14日","112年06月13日","112年06月09日","112年06月13日","1.00","    12.00","","",
="05347U","創意麥證2B售01","0.00","","3443","創意","1,515.00","＋","認售","歐式","112年03月28日","112年11月27日","112年11月23日","112年11月27日","0.02","    600.00","","",
="05348P","宏達電凱基28售01","0.00","","2498","宏達電","61.50","＋","認售","歐式","111年11月14日","112年08月14日","112年08月10日","112年08月14日","0.40","    35.00","","",
="05348U","創意麥證2C售01","0.53","－","3443","創意","1,515.00","＋","認售","歐式","112年03月28日","112年12月27日","112年12月25日","112年12月27日","0.005","    1,000.00","","",
="05349U","東哥國票29售05","0.96","","8478","東哥遊艇","520.00","＋","認售","歐式","112年03月28日","112年09月27日","112年09月25日","112年09月27日","0.01","    460.00","","",
="05350U","東哥國票2A售04","1.00","－","8478","東哥遊艇","520.00","＋","認售","歐式","112年03月28日","112年10月27日","112年10月25日","112年10月27日","0.008","    490.00","","",
="05351P","愛普*凱基26售01","0.00","","6531","愛普*","328.50","＋","認售","歐式","111年11月14日","112年06月13日","112年06月09日","112年06月13日","0.10","    140.00","","",
="05351U","東哥國票2B售01","0.00","","8478","東哥遊艇","520.00","＋","認售","歐式","112年03月28日","112年11月27日","112年11月23日","112年11月27日","0.01","    390.00","","",
="05352U","東哥國票2B售02","0.49","－","8478","東哥遊艇","520.00","＋","認售","歐式","112年03月28日","112年11月27日","112年11月23日","112年11月27日","0.025","    280.00","","",
="05353P","緯穎康和26售02","0.00","","6669","緯穎","1,205.00","＋","認售","歐式","111年11月15日","112年06月14日","112年06月12日","112年06月14日","0.015","    777.00","","",
="05353U","東哥國票2C售01","1.25","－","8478","東哥遊艇","520.00","＋","認售","歐式","112年03月28日","112年12月27日","112年12月25日","112年12月27日","0.015","    340.00","","",
="05354U","台積電國泰2B售05","0.64","","2330","台積電","568.00","＋","認售","歐式","112年03月28日","112年11月27日","112年11月23日","112年11月27日","0.10","    438.00","","",
="05355P","新唐群益26售01","0.00","","4919","新唐","130.50","＋","認售","歐式","111年11月15日","112年06月14日","112年06月12日","112年06月14日","0.20","    80.00","","",
="05355U","台灣50富邦2C售03","0.00","",="0050","元大台灣50","126.75","＋","認售","歐式","112年03月28日","112年12月27日","112年12月25日","112年12月27日","0.20","    120.00","","",
="05356U","台積電富邦2C售11","0.00","","2330","台積電","568.00","＋","認售","歐式","112年03月28日","112年12月27日","112年12月25日","112年12月27日","0.10","    380.00","","",
="05357P","振樺電群益26售01","0.00","","8114","振樺電","108.00","","認售","歐式","111年11月15日","112年06月14日","112年06月12日","112年06月14日","0.062","    93.00","","",
="05357U","創意富邦33售01","0.41","－","3443","創意","1,515.00","＋","認售","歐式","112年03月28日","113年03月27日","113年03月25日","113年03月27日","0.006","    680.00","","",
="05358P","金像電國票26售01","0.00","","2368","金像電","121.50","","認售","歐式","111年11月15日","112年06月14日","112年06月12日","112年06月14日","0.333","    62.78","","",
="05358U","臺股指中信2C售07","2.87","－","IX0001","臺股指數","16,636.30","","認售","歐式","112年03月29日","112年12月28日","112年12月26日","112年12月28日","0.002","    16,000.00","","",
="05359U","臺股指中信31售01","0.00","","IX0001","臺股指數","16,636.30","","認售","歐式","112年03月29日","113年01月29日","113年01月25日","113年01月29日","0.003","    13,000.00","","",
="05360P","啟碁國票26售01","0.00","","6285","啟碁","87.50","＋","認售","歐式","111年11月15日","112年06月14日","112年06月12日","112年06月14日","1.00","    43.00","","",
="05360U","萬海康和29售02","1.18","－","2615","萬海","60.00","＋","認售","歐式","112年03月29日","112年09月28日","112年09月26日","112年09月28日","0.30","    50.00","","",
="05361P","元黃金元大28售01","0.00","",="00635U","期元大S&P黃金(原名：元大S&P黃金)","24.50","－","認售","歐式","111年11月15日","112年08月14日","112年08月10日","112年08月14日","1.00","    20.00","","",
="05361U","裕隆永豐2B售03","0.00","","2201","裕隆","82.80","＋","認售","歐式","112年03月29日","112年11月28日","112年11月24日","112年11月28日","0.157","    60.00","","",
="05362U","金像電凱基29售05","0.17","－","2368","金像電","121.50","","認售","歐式","112年03月29日","112年09月28日","112年09月26日","112年09月28日","0.311","    72.44","","",
="05363U","創意凱基29售21","0.00","","3443","創意","1,515.00","＋","認售","歐式","112年03月29日","112年09月28日","112年09月26日","112年09月28日","0.04","    620.00","","",
="05364U","A50正2元富33售02","2.39","－",="00655L","國泰中國A50正2","24.65","－","認售","歐式","112年03月29日","113年03月28日","113年03月26日","113年03月28日","0.80","    23.00","","",
="05365U","南亞科元富29售03","0.00","","2408","南亞科","71.20","－","認售","歐式","112年03月29日","112年09月28日","112年09月26日","112年09月28日","0.17","    60.00","","",
="05366U","緯創元富29售03","0.07","－","3231","緯創","68.00","＋","認售","歐式","112年03月29日","112年09月28日","112年09月26日","112年09月28日","0.50","    35.00","","",
="05367U","華碩元大29售01","0.96","＋","2357","華碩","303.50","－","認售","歐式","112年03月29日","112年09月28日","112年09月26日","112年09月28日","0.065","    269.00","","",
="05368U","友達元大29售10","0.00","","2409","友達","17.65","＋","認售","歐式","112年03月29日","112年09月28日","112年09月26日","112年09月28日","0.841","    17.25","","",
="05369U","友達元大2B售06","0.70","－","2409","友達","17.65","＋","認售","歐式","112年03月29日","112年11月28日","112年11月24日","112年11月28日","1.00","    13.50","","",
="05370P","華新群益26售08","0.00","","1605","華新","46.60","＋","認售","歐式","111年12月16日","112年06月15日","112年06月13日","112年06月15日","0.32","    39.80","","",
="05370U","長榮元大29售17","0.00","","2603","長榮","157.00","＋","認售","歐式","112年03月29日","112年09月28日","112年09月26日","112年09月28日","0.357","    114.00","","",
="05371U","長榮元大29售18","1.56","－","2603","長榮","157.00","＋","認售","歐式","112年03月29日","112年09月28日","112年09月26日","112年09月28日","0.212","    128.50","","",
="05372P","裕隆群益26售03","0.00","","2201","裕隆","82.80","＋","認售","歐式","111年12月16日","112年06月15日","112年06月13日","112年06月15日","0.25","    60.00","","",
="05372U","長榮元大29售19","0.00","","2603","長榮","157.00","＋","認售","歐式","112年03月29日","112年09月28日","112年09月26日","112年09月28日","0.114","    150.50","","",
="05373U","陽明元大29售11","0.00","","2609","陽明","62.00","＋","認售","歐式","112年03月29日","112年09月28日","112年09月26日","112年09月28日","0.571","    53.50","","",
="05374P","國巨元富28售02","0.00","","2327","國巨","508.00","＋","認售","歐式","111年11月15日","112年08月14日","112年08月10日","112年08月14日","0.05","    350.00","","",
="05374U","陽明元大29售12","0.00","","2609","陽明","62.00","＋","認售","歐式","112年03月29日","112年09月28日","112年09月26日","112年09月28日","0.411","    57.80","","",
="05375U","萬海元大29售07","0.00","","2615","萬海","60.00","＋","認售","歐式","112年03月29日","112年09月28日","112年09月26日","112年09月28日","0.526","    52.10","","",
="05376U","萬海元大29售08","0.00","","2615","萬海","60.00","＋","認售","歐式","112年03月29日","112年09月28日","112年09月26日","112年09月28日","0.17","    70.10","","",
="05377P","國巨富邦26售04","0.00","","2327","國巨","508.00","＋","認售","歐式","111年11月15日","112年06月14日","112年06月12日","112年06月14日","0.03","    360.00","","",
="05377U","富邦金元大29售03","0.00","","2881","富邦金","61.10","＋","認售","歐式","112年03月29日","112年09月28日","112年09月26日","112年09月28日","0.255","    56.20","","",
="05378P","儒鴻凱基28售01","0.00","","1476","儒鴻","470.00","＋","認售","歐式","111年11月15日","112年08月14日","112年08月10日","112年08月14日","0.15","    250.00","","",
="05378U","國泰金元大29售02","0.00","","2882","國泰金","44.75","＋","認售","歐式","112年03月29日","112年09月28日","112年09月26日","112年09月28日","1.00","    32.50","","",
="05379P","國巨凱基26售02","0.00","","2327","國巨","508.00","＋","認售","歐式","111年11月15日","112年06月14日","112年06月12日","112年06月14日","0.05","    350.00","","",
="05379U","新光金元大29售02","0.00","","2888","新光金","8.63","＋","認售","歐式","112年03月29日","112年09月28日","112年09月26日","112年09月28日","1.00","    7.87","","",
="05380P","技嘉凱基27售01","0.00","","2376","技嘉","186.00","＋","認售","歐式","111年11月15日","112年07月14日","112年07月12日","112年07月14日","0.17","    85.00","","",
="05380U","晶豪科元大29售02","0.00","","3006","晶豪科","88.20","＋","認售","歐式","112年03月29日","112年09月28日","112年09月26日","112年09月28日","0.15","    73.00","","",
="05381U","聯詠元大29售11","0.00","","3034","聯詠","423.50","＋","認售","歐式","112年03月29日","112年09月28日","112年09月26日","112年09月28日","0.061","    376.50","","",
="053820","玉晶光第一2B購01","0.24","","3406","玉晶光","400.00","＋","認購","美式","110年11月30日","110年11月30日","112年11月27日","112年11月29日","0.004","    609.96","","",
="053821","南電第一2B購01","0.00","","8046","南電","302.50","－","認購","美式","110年11月30日","110年11月30日","112年11月27日","112年11月29日","0.004","    677.17","","",
="05382U","聯詠元大29售12","0.00","","3034","聯詠","423.50","＋","認售","歐式","112年03月29日","112年09月28日","112年09月26日","112年09月28日","0.052","    392.50","","",
="05383P","陽明凱基26售09","0.00","","2609","陽明","62.00","＋","認售","歐式","111年11月15日","112年06月14日","112年06月12日","112年06月14日","0.25","    60.00","","",
="05383U","創意元大29售40","0.39","－","3443","創意","1,515.00","＋","認售","歐式","112年03月29日","112年09月28日","112年09月26日","112年09月28日","0.005","    1,010.00","","",
="05384P","嘉澤凱基26售02","0.00","","3533","嘉澤","909.00","－","認售","歐式","111年11月15日","112年06月14日","112年06月12日","112年06月14日","0.025","    646.84","","",
="05384U","創意元大29售41","0.53","－","3443","創意","1,515.00","＋","認售","歐式","112年03月29日","112年09月28日","112年09月26日","112年09月28日","0.004","    1,175.00","","",
="05385P","聯電群益26售07","0.00","","2303","聯電","51.20","＋","認售","歐式","111年12月16日","112年06月15日","112年06月13日","112年06月15日","1.00","    33.00","","",
="05385U","群創元大2A售13","1.00","－","3481","群創","14.10","＋","認售","歐式","112年03月29日","112年10月30日","112年10月26日","112年10月30日","0.70","    13.00","","",
="05386U","矽力元大29售05","1.89","－","6415","矽力*-KY","394.50","＋","認售","歐式","112年03月29日","112年09月28日","112年09月26日","112年09月28日","0.015","    451.50","","",
="05387P","友達群益28售01","0.00","","2409","友達","17.65","＋","認售","歐式","111年12月16日","112年08月15日","112年08月11日","112年08月15日","1.00","    12.50","","",
="05387U","光寶科麥證29售02","0.31","－","2301","光寶科","86.40","＋","認售","歐式","112年03月29日","112年09月28日","112年09月26日","112年09月28日","0.20","    65.00","","",
="05388P","T50正2永豐27售01","0.00","",="00631L","元大台灣50正2","129.10","＋","認售","歐式","111年11月16日","112年07月17日","112年07月13日","112年07月17日","0.20","    75.98","","",
="05388U","智原麥證29售01","0.00","","3035","智原","173.50","＋","認售","歐式","112年03月29日","112年09月28日","112年09月26日","112年09月28日","0.05","    170.00","","",
="05389P","晶豪科群益26售03","0.00","","3006","晶豪科","88.20","＋","認售","歐式","111年12月16日","112年06月15日","112年06月13日","112年06月15日","0.20","    62.50","","",
="05389U","緯創麥證29售02","0.05","－","3231","緯創","68.00","＋","認售","歐式","112年03月29日","112年09月28日","112年09月26日","112年09月28日","1.00","    30.00","","",
="05390P","元黃金群益29售01","0.00","",="00635U","期元大S&P黃金(原名：元大S&P黃金)","24.50","－","認售","歐式","111年11月16日","112年09月15日","112年09月13日","112年09月15日","1.00","    21.00","","",
="05390U","台積電群益29售19","1.23","－","2330","台積電","568.00","＋","認售","歐式","112年03月29日","112年09月28日","112年09月26日","112年09月28日","0.06","    520.00","","",
="05391P","富邦媒群益26售02","0.00","","8454","富邦媒","703.00","＋","認售","歐式","111年12月16日","112年06月15日","112年06月13日","112年06月15日","0.02","    468.00","","",
="05391U","台積電群益2A售08","1.32","－","2330","台積電","568.00","＋","認售","歐式","112年03月29日","112年10月30日","112年10月26日","112年10月30日","0.10","    485.00","","",
="05392P","臺股指群益28售04","0.00","","IX0001","臺股指數","16,636.30","","認售","歐式","111年12月16日","112年08月15日","112年08月11日","112年08月15日","0.003","    13,800.00","","",
="05392U","漢唐群益29售03","0.00","","2404","漢唐","227.50","＋","認售","歐式","112年03月29日","112年09月28日","112年09月26日","112年09月28日","0.10","    165.40","","",
="05393P","元金2X群益27售01","0.00","",="00708L","期元大S&P黃金正2(原名：元大S&P黃金正2)","26.72","－","認售","歐式","111年11月16日","112年07月17日","112年07月13日","112年07月17日","0.592","    21.50","","",
="05393U","創意群益29售08","0.00","","3443","創意","1,515.00","＋","認售","歐式","112年03月29日","112年09月28日","112年09月26日","112年09月28日","0.013","    966.88","","",
="05394U","富采群益2A售02","0.00","","3714","富采","49.90","＋","認售","歐式","112年03月29日","112年10月30日","112年10月26日","112年10月30日","0.48","    45.00","","",
="05395P","T50正2凱基29售02","0.00","",="00631L","元大台灣50正2","129.10","＋","認售","歐式","111年11月16日","112年09月15日","112年09月13日","112年09月15日","0.15","    75.00","","",
="05395U","樺漢群益29售04","0.95","－","6414","樺漢","281.00","＋","認售","歐式","112年03月29日","112年09月28日","112年09月26日","112年09月28日","0.10","    210.00","","",
="05396U","光罩國票2A售03","0.00","","2338","光罩","81.80","＋","認售","歐式","112年03月29日","112年10月30日","112年10月26日","112年10月30日","0.102","    90.00","","",
="05397U","華邦電國票2A售02","0.00","","2344","華邦電","26.90","＋","認售","歐式","112年03月29日","112年10月30日","112年10月26日","112年10月30日","0.70","    22.00","","",
="05398U","漢唐國票2A售03","0.00","","2404","漢唐","227.50","＋","認售","歐式","112年03月29日","112年10月30日","112年10月26日","112年10月30日","0.06","    170.00","","",
="05399U","強茂國票29售02","0.00","","2481","強茂","70.20","＋","認售","歐式","112年03月29日","112年09月28日","112年09月26日","112年09月28日","0.30","    57.00","","",
="05400P","富邦金凱基26售03","0.00","","2881","富邦金","61.10","＋","認售","歐式","111年11月16日","112年06月15日","112年06月13日","112年06月15日","0.50","    51.00","","",
="05400U","華通富邦2A售02","0.65","－","2313","華通","44.30","＋","認售","歐式","112年03月29日","112年10月30日","112年10月26日","112年10月30日","0.319","    37.67","","",
="05401P","大立光麥證29售01","0.00","","3008","大立光","2,305.00","＋","認售","歐式","111年12月16日","112年09月15日","112年09月13日","112年09月15日","0.01","    1,764.23","","",
="05401U","臺股指中信31售02","0.00","","IX0001","臺股指數","16,636.30","","認售","歐式","112年03月30日","113年01月29日","113年01月25日","113年01月29日","0.003","    11,688.00","","",
="05402P","臺股指麥證31售01","0.59","－","IX0001","臺股指數","16,636.30","","認售","歐式","111年12月16日","113年01月15日","113年01月11日","113年01月15日","0.005","    10,000.00","","",
="05402U","臺股指中信31售03","0.00","","IX0001","臺股指數","16,636.30","","認售","歐式","112年03月30日","113年01月29日","113年01月25日","113年01月29日","0.007","    8,888.00","","",
="054031","欣興第一2B購01","0.40","＋","3037","欣興","182.50","－","認購","美式","110年12月01日","110年12月01日","112年11月28日","112年11月30日","0.013","    280.30","","",
="05403U","聯電康和2A售02","0.00","","2303","聯電","51.20","＋","認售","歐式","112年03月30日","112年10月30日","112年10月26日","112年10月30日","0.90","    40.00","","",
="05404P","聯詠凱基26售03","0.00","","3034","聯詠","423.50","＋","認售","歐式","111年11月16日","112年06月15日","112年06月13日","112年06月15日","0.07","    260.00","","",
="05404U","聯發科康和2A售02","0.00","","2454","聯發科","738.00","＋","認售","歐式","112年03月30日","112年10月30日","112年10月26日","112年10月30日","0.045","    600.00","","",
="054056","陽明麥證25購01","0.00","","2609","陽明","62.00","＋","認購","歐式","110年12月01日","112年05月31日","112年05月29日","112年05月31日","0.013","    104.19","","",
="05405P","T50正2中信27售02","0.00","",="00631L","元大台灣50正2","129.10","＋","認售","歐式","111年11月16日","112年07月17日","112年07月13日","112年07月17日","0.08","    80.00","","",
="05405U","健策國票2A售04","0.00","","3653","健策","616.00","＋","認售","歐式","112年03月30日","112年10月30日","112年10月26日","112年10月30日","0.173","    280.00","","",
="05406U","宏達電國泰2B售02","1.42","－","2498","宏達電","61.50","＋","認售","歐式","112年03月30日","112年11月29日","112年11月27日","112年11月29日","0.30","    50.50","","",
="05407U","宏達電凱基2A售06","0.79","－","2498","宏達電","61.50","＋","認售","歐式","112年03月30日","112年10月02日","112年09月27日","112年10月02日","0.147","    57.00","","",
="05408P","T50正2中信28售01","0.00","",="00631L","元大台灣50正2","129.10","＋","認售","歐式","111年11月16日","112年08月15日","112年08月11日","112年08月15日","0.10","    60.00","","",
="05408U","陽明凱基2A售05","1.93","－","2609","陽明","62.00","＋","認售","歐式","112年03月30日","112年10月30日","112年10月26日","112年10月30日","0.30","    60.00","","",
="05409P","T50正2國泰27售01","0.00","",="00631L","元大台灣50正2","129.10","＋","認售","歐式","111年11月16日","112年07月17日","112年07月13日","112年07月17日","0.15","    74.00","","",
="05409U","祥碩凱基2A售05","0.00","","5269","祥碩","1,300.00","＋","認售","歐式","112年03月30日","112年10月02日","112年09月27日","112年10月02日","0.006","    1,200.00","","",
="05410U","臺股指凱基2A售34","1.05","－","IX0001","臺股指數","16,636.30","","認售","歐式","112年03月30日","112年10月30日","112年10月26日","112年10月30日","0.0015","    15,800.00","","",
="05411U","臺股指凱基2A售35","0.00","","IX0001","臺股指數","16,636.30","","認售","歐式","112年03月30日","112年10月30日","112年10月26日","112年10月30日","0.006","    12,500.00","","",
="05412U","臺股指凱基2A售36","0.66","－","IX0001","臺股指數","16,636.30","","認售","歐式","112年03月30日","112年10月30日","112年10月26日","112年10月30日","0.001","    15,800.00","","",
="05413U","臺股指凱基2B售31","0.00","","IX0001","臺股指數","16,636.30","","認售","歐式","112年03月30日","112年11月29日","112年11月27日","112年11月29日","0.006","    12,200.00","","",
="05414P","怡利電元大28售01","0.00","","2497","怡利電","71.30","＋","認售","歐式","111年11月16日","112年08月15日","112年08月11日","112年08月15日","0.064","    55.00","","",
="05414U","台灣50群益2A售02","2.41","－",="0050","元大台灣50","126.75","＋","認售","歐式","112年03月30日","112年10月02日","112年09月27日","112年10月02日","0.80","    118.00","","",
="05415U","台灣50群益2A售03","0.00","",="0050","元大台灣50","126.75","＋","認售","歐式","112年03月30日","112年10月02日","112年09月27日","112年10月02日","0.30","    122.00","","",
="05416U","台灣50群益2A售04","1.69","－",="0050","元大台灣50","126.75","＋","認售","歐式","112年03月30日","112年10月02日","112年09月27日","112年10月02日","0.30","    125.00","","",
="05417U","聯發科群益2A售06","3.02","－","2454","聯發科","738.00","＋","認售","歐式","112年03月30日","112年10月02日","112年09月27日","112年10月02日","0.05","    720.00","","",
="05418U","聯發科群益2A售07","0.00","","2454","聯發科","738.00","＋","認售","歐式","112年03月30日","112年10月02日","112年09月27日","112年10月02日","0.025","    830.00","","",
="05419P","台積電元富28售05","0.00","","2330","台積電","568.00","＋","認售","歐式","111年11月16日","112年08月15日","112年08月11日","112年08月15日","0.06","    395.57","","",
="05419U","長榮航群益2A售02","0.00","","2618","長榮航","33.60","＋","認售","歐式","112年03月30日","112年10月02日","112年09月27日","112年10月02日","0.60","    25.00","","",
="05420P","台積電元富28售06","0.00","","2330","台積電","568.00","＋","認售","歐式","111年11月16日","112年08月15日","112年08月11日","112年08月15日","0.122","    346.13","","",
="05420U","健策群益2A售02","0.00","","3653","健策","616.00","＋","認售","歐式","112年03月30日","112年10月02日","112年09月27日","112年10月02日","0.02","    440.00","","",
="05421P","台積電麥證2A售06","0.00","","2330","台積電","568.00","＋","認售","歐式","111年11月16日","112年10月16日","112年10月12日","112年10月16日","0.03","    395.57","","",
="05421U","健策群益2A售03","0.00","","3653","健策","616.00","＋","認售","歐式","112年03月30日","112年10月30日","112年10月26日","112年10月30日","0.09","    350.00","","",
="05422U","全訊群益2A售02","1.06","－","5222","全訊","198.00","＋","認售","歐式","112年03月30日","112年10月02日","112年09月27日","112年10月02日","0.081","    146.60","","",
="05423U","緯創統一2B售01","0.07","－","3231","緯創","68.00","＋","認售","歐式","112年03月30日","112年11月29日","112年11月27日","112年11月29日","0.12","    35.60","","",
="05424P","創意統一26售02","0.00","","3443","創意","1,515.00","＋","認售","歐式","111年11月17日","112年06月16日","112年06月14日","112年06月16日","0.012","    536.80","","",
="05424U","台積電元大2A售33","0.00","","2330","台積電","568.00","＋","認售","歐式","112年03月30日","112年10月02日","112年09月27日","112年10月02日","0.568","    354.50","","",
="05425P","創意統一26售03","0.00","","3443","創意","1,515.00","＋","認售","歐式","111年11月17日","112年06月16日","112年06月14日","112年06月16日","0.012","    499.99","","",
="05425U","台積電元大2A售34","0.00","","2330","台積電","568.00","＋","認售","歐式","112年03月30日","112年10月02日","112年09月27日","112年10月02日","0.454","    372.50","","",
="05426P","T50正2永豐26售01","0.00","",="00631L","元大台灣50正2","129.10","＋","認售","歐式","111年11月17日","112年06月16日","112年06月14日","112年06月16日","0.14","    88.00","","",
="05426U","威盛元大2B售07","0.98","－","2388","威盛","83.10","＋","認售","歐式","112年03月30日","112年11月29日","112年11月27日","112年11月29日","0.092","    65.00","","",
="05427P","臺股指永豐28售01","0.04","－","IX0001","臺股指數","16,636.30","","認售","歐式","111年11月17日","112年08月16日","112年08月14日","112年08月16日","0.002","    12,400.00","","",
="05427U","南亞科元大2A售01","0.27","","2408","南亞科","71.20","－","認售","歐式","112年03月30日","112年10月02日","112年09月27日","112年10月02日","1.00","    43.85","","",
="05428U","南亞科元大2A售02","0.80","－","2408","南亞科","71.20","－","認售","歐式","112年03月30日","112年10月02日","112年09月27日","112年10月02日","0.207","    62.60","","",
="054298","全新第一2C購01","0.00","","2455","全新","100.00","","認購","美式","110年12月03日","110年12月03日","112年11月30日","112年12月04日","0.012","    169.18","","",
="05429U","長榮元大2A售32","0.00","","2603","長榮","157.00","＋","認售","歐式","112年03月30日","112年10月02日","112年09月27日","112年10月02日","0.304","    118.00","","",
="05430U","長榮元大2A售33","1.81","－","2603","長榮","157.00","＋","認售","歐式","112年03月30日","112年10月02日","112年09月27日","112年10月02日","0.099","    154.00","","",
="05431U","陽明元大2A售16","0.00","","2609","陽明","62.00","＋","認售","歐式","112年03月30日","112年10月02日","112年09月27日","112年10月02日","0.293","    61.70","","",
="05432U","萬海元大2A售02","0.82","－","2615","萬海","60.00","＋","認售","歐式","112年03月30日","112年10月30日","112年10月26日","112年10月30日","1.00","    35.00","","",
="05433P","道瓊指中信28售01","0.00","",="00668","國泰美國道瓊","36.92","＋","認售","歐式","111年11月17日","112年08月16日","112年08月14日","112年08月16日","0.50","    32.00","","",
="05433U","萬海元大2A售03","0.00","","2615","萬海","60.00","＋","認售","歐式","112年03月30日","112年10月02日","112年09月27日","112年10月02日","0.211","    65.40","","",
="05434U","國泰金元大2A售01","0.73","－","2882","國泰金","44.75","＋","認售","歐式","112年03月30日","112年10月02日","112年09月27日","112年10月02日","0.50","    38.50","","",
="05435U","晶豪科元大2A售02","0.00","","3006","晶豪科","88.20","＋","認售","歐式","112年03月30日","112年10月02日","112年09月27日","112年10月02日","0.335","    64.50","","",
="05436P","中鴻中信27售01","0.00","","2014","中鴻","23.15","＋","認售","歐式","111年12月16日","112年07月17日","112年07月13日","112年07月17日","0.22","    24.80","","",
="05436U","聯詠元大2A售04","0.56","－","3034","聯詠","423.50","＋","認售","歐式","112年03月30日","112年10月02日","112年09月27日","112年10月02日","1.00","    216.50","","",
="05437P","萬海中信27售01","0.69","－","2615","萬海","60.00","＋","認售","歐式","111年12月16日","112年07月17日","112年07月13日","112年07月17日","0.108","    62.00","","",
="05437U","聯詠元大2A售05","1.90","－","3034","聯詠","423.50","＋","認售","歐式","112年03月30日","112年10月02日","112年09月27日","112年10月02日","0.044","    408.00","","",
="05438U","創意元大2A售08","0.76","","3443","創意","1,515.00","＋","認售","歐式","112年03月30日","112年10月02日","112年09月27日","112年10月02日","0.009","    1,035.00","","",
="05439P","揚明光凱基26售01","0.00","","3504","揚明光","81.70","＋","認售","歐式","111年11月17日","112年06月16日","112年06月14日","112年06月16日","0.07","    68.00","","",
="05439U","貿聯元大2A售13","1.72","－","3665","貿聯-KY","270.50","＋","認售","歐式","112年03月30日","112年10月02日","112年09月27日","112年10月02日","0.064","    257.39","","",
="05440U","上品元大2A售02","1.45","－","4770","上品","297.00","＋","認售","歐式","112年03月30日","112年10月02日","112年09月27日","112年10月02日","0.045","    250.54","","",
="05441U","臺股指元大2A售70","0.00","","IX0001","臺股指數","16,636.30","","認售","歐式","112年03月30日","112年10月30日","112年10月26日","112年10月30日","0.005","    12,200.00","","",
="05442P","創意元富28售03","0.00","","3443","創意","1,515.00","＋","認售","歐式","111年11月17日","112年08月16日","112年08月14日","112年08月16日","0.03","    512.00","","",
="05442U","臺股指元大2A售71","0.59","－","IX0001","臺股指數","16,636.30","","認售","歐式","112年03月30日","112年10月02日","112年09月27日","112年10月02日","0.002","    14,800.00","","",
="05443U","臺股指元大2A售72","0.00","","IX0001","臺股指數","16,636.30","","認售","歐式","112年03月30日","112年10月30日","112年10月26日","112年10月30日","0.001","    15,300.00","","",
="05444U","臺股指元大2A售73","0.50","－","IX0001","臺股指數","16,636.30","","認售","歐式","112年03月30日","112年10月02日","112年09月27日","112年10月02日","0.001","    15,500.00","","",
="05445U","臺股指中信32售01","0.00","","IX0001","臺股指數","16,636.30","","認售","歐式","112年03月31日","113年02月29日","113年02月26日","113年02月29日","0.007","    7,888.00","","",
="05446P","宏達電群益28售01","0.00","","2498","宏達電","61.50","＋","認售","歐式","111年11月17日","112年08月16日","112年08月14日","112年08月16日","0.464","    40.00","","",
="05446U","奇鋐統一2A售03","0.00","","3017","奇鋐","206.00","－","認售","歐式","112年03月31日","112年10月30日","112年10月26日","112年10月30日","0.03","    123.45","","",
="05447U","友達元大2A售09","1.20","－","2409","友達","17.65","＋","認售","歐式","112年03月31日","112年10月02日","112年09月27日","112年10月02日","0.80","    16.50","","",
="05448U","長榮元大2A售35","1.72","","2603","長榮","157.00","＋","認售","歐式","112年03月31日","112年10月02日","112年09月27日","112年10月02日","0.201","    132.00","","",
="05449U","長榮元大2A售36","0.00","","2603","長榮","157.00","＋","認售","歐式","112年03月31日","112年10月02日","112年09月27日","112年10月02日","0.139","    145.00","","",
="05450P","晶心科群益26售04","0.00","","6533","晶心科","511.00","＋","認售","歐式","111年11月17日","112年06月16日","112年06月14日","112年06月16日","0.046","    400.00","","",
="05450U","陽明元大2A售17","0.00","","2609","陽明","62.00","＋","認售","歐式","112年03月31日","112年10月02日","112年09月27日","112年10月02日","0.355","    59.70","","",
="05451U","陽明元大2A售18","2.33","－","2609","陽明","62.00","＋","認售","歐式","112年03月31日","112年10月02日","112年09月27日","112年10月02日","0.277","    63.60","","",
="054525","台光電第一2C購01","0.00","","2383","台光電","204.50","＋","認購","美式","110年12月06日","110年12月06日","112年12月01日","112年12月05日","0.011","    332.86","","",
="05452U","奇鋐元大2A售02","0.34","－","3017","奇鋐","206.00","－","認售","歐式","112年03月31日","112年10月02日","112年09月27日","112年10月02日","0.059","    135.14","","",
="05453U","創意元大2A售09","0.00","","3443","創意","1,515.00","＋","認售","歐式","112年03月31日","112年10月02日","112年09月27日","112年10月02日","0.017","    816.00","","",
="05454P","美費半元大27售01","0.00","",="00830","國泰費城半導體","31.65","＋","認售","歐式","111年11月17日","112年07月17日","112年07月13日","112年07月17日","0.603","    20.90","","",
="05454U","群創元大2A售14","0.00","","3481","群創","14.10","＋","認售","歐式","112年03月31日","112年10月02日","112年09月27日","112年10月02日","1.00","    11.45","","",
="05455U","健策元大2A售12","0.74","－","3653","健策","616.00","＋","認售","歐式","112年03月31日","112年10月02日","112年09月27日","112年10月02日","0.025","    485.00","","",
="05456U","八貫群益2A售04","0.00","","1342","八貫","126.50","＋","認售","歐式","112年03月31日","112年10月02日","112年09月27日","112年10月02日","0.08","    125.00","","",
="05457U","長榮群益2A售04","0.00","","2603","長榮","157.00","＋","認售","歐式","112年03月31日","112年10月02日","112年09月27日","112年10月02日","0.15","    139.00","","",
="05458U","長榮群益2A售05","0.00","","2603","長榮","157.00","＋","認售","歐式","112年03月31日","112年10月30日","112年10月26日","112年10月30日","0.20","    120.00","","",
="05459U","長榮航群益2A售03","0.71","－","2618","長榮航","33.60","＋","認售","歐式","112年03月31日","112年10月02日","112年09月27日","112年10月02日","0.50","    27.00","","",
="05460U","慧洋群益2A售01","1.54","－","2637","慧洋-KY","60.30","＋","認售","歐式","112年03月31日","112年10月30日","112年10月26日","112年10月30日","0.28","    47.11","","",
="05461U","創意群益2A售02","0.51","","3443","創意","1,515.00","＋","認售","歐式","112年03月31日","112年10月02日","112年09月27日","112年10月02日","0.021","    900.00","","",
="05462U","拓凱群益2A售02","0.93","－","4536","拓凱","196.50","＋","認售","歐式","112年03月31日","112年10月30日","112年10月26日","112年10月30日","0.14","    128.88","","",
="05463U","彩晶群益2A售02","0.70","","6116","彩晶","12.25","＋","認售","歐式","112年03月31日","112年10月30日","112年10月26日","112年10月30日","0.80","    10.68","","",
="05464U","威盛凱基2A售07","0.75","－","2388","威盛","83.10","＋","認售","歐式","112年03月31日","112年10月02日","112年09月27日","112年10月02日","0.15","    70.00","","",
="05465P","鴻海兆豐28售02","0.33","－","2317","鴻海","105.50","＋","認售","歐式","111年11月18日","112年08月17日","112年08月15日","112年08月17日","0.10","    97.00","","",
="05465U","晶豪科凱基2A售02","0.00","","3006","晶豪科","88.20","＋","認售","歐式","112年03月31日","112年10月02日","112年09月27日","112年10月02日","0.235","    65.00","","",
="05466U","奇鋐凱基2A售02","0.00","","3017","奇鋐","206.00","－","認售","歐式","112年03月31日","112年10月02日","112年09月27日","112年10月02日","0.10","    110.00","","",
="05467P","台積電第一28售05","0.00","","2330","台積電","568.00","＋","認售","歐式","111年05月09日","112年08月08日","112年08月04日","112年08月08日","0.017","    497.03","","",
="05467U","創意凱基2A售08","0.00","","3443","創意","1,515.00","＋","認售","歐式","112年03月31日","112年10月02日","112年09月27日","112年10月02日","0.03","    700.00","","",
="05468U","愛普凱基2A售09","0.84","－","6531","愛普*","328.50","＋","認售","歐式","112年03月31日","112年10月02日","112年09月27日","112年10月02日","0.03","    280.00","","",
="05469U","立積元富31售01","0.69","－","4968","立積","170.00","＋","認售","歐式","112年03月31日","113年01月02日","112年12月28日","113年01月02日","0.10","    100.00","","",
="05470U","健策麥證2A售01","0.00","","3653","健策","616.00","＋","認售","歐式","112年03月31日","112年10月02日","112年09月27日","112年10月02日","0.02","    400.00","","",
="05471U","美食國票2A售05","0.60","＋","2723","美食-KY","152.50","－","認售","歐式","112年03月31日","112年10月30日","112年10月26日","112年10月30日","0.112","    110.00","","",
="05472U","智原國票2A售03","0.00","","3035","智原","173.50","＋","認售","歐式","112年03月31日","112年10月30日","112年10月26日","112年10月30日","0.185","    130.00","","",
="05473U","矽力國票2A售04","1.74","－","6415","矽力*-KY","394.50","＋","認售","歐式","112年03月31日","112年10月30日","112年10月26日","112年10月30日","0.04","    300.00","","",
="05474P","台積電國泰27售05","0.06","－","2330","台積電","568.00","＋","認售","歐式","111年11月18日","112年07月17日","112年07月13日","112年07月17日","0.102","    435.13","","",
="05474U","愛普國票2A售04","0.00","","6531","愛普*","328.50","＋","認售","歐式","112年03月31日","112年10月30日","112年10月26日","112年10月30日","0.02","    310.00","","",
="05475P","台積電國泰27售06","0.00","","2330","台積電","568.00","＋","認售","歐式","111年11月18日","112年07月17日","112年07月13日","112年07月17日","0.102","    415.35","","",
="05475U","國巨國泰2B售03","0.00","","2327","國巨","508.00","＋","認售","歐式","112年03月31日","112年11月30日","112年11月28日","112年11月30日","0.06","    390.00","","",
="05476P","T50正2國票26售01","0.00","",="00631L","元大台灣50正2","129.10","＋","認售","歐式","111年11月18日","112年06月19日","112年06月15日","112年06月19日","0.35","    70.00","","",
="05476U","創意第一2A售02","0.00","","3443","創意","1,515.00","＋","認售","歐式","112年04月06日","112年10月05日","112年10月03日","112年10月05日","0.004","    960.75","","",
="05477P","道瓊指國票26售01","0.42","－",="00668","國泰美國道瓊","36.92","＋","認售","歐式","111年11月18日","112年06月19日","112年06月15日","112年06月19日","0.40","    37.00","","",
="05477U","宏達電康和2A售02","0.00","","2498","宏達電","61.50","＋","認售","歐式","112年04月06日","112年10月05日","112年10月03日","112年10月05日","0.25","    50.00","","",
="05478U","華碩凱基2A售02","0.70","＋","2357","華碩","303.50","－","認售","歐式","112年04月06日","112年10月05日","112年10月03日","112年10月05日","0.07","    260.00","","",
="05479U","創意凱基2A售09","0.00","","3443","創意","1,515.00","＋","認售","歐式","112年04月06日","112年10月05日","112年10月03日","112年10月05日","0.012","    865.00","","",
="05480P","第一銅國票26售03","0.00","","2009","第一銅","32.10","＋","認售","歐式","111年11月18日","112年06月19日","112年06月15日","112年06月19日","0.365","    29.00","","",
="05480U","漢翔群益2A售02","0.18","－","2634","漢翔","55.80","＋","認售","歐式","112年04月06日","112年10月05日","112年10月03日","112年10月05日","0.317","    33.88","","",
="05481U","愛普群益2A售04","0.00","","6531","愛普*","328.50","＋","認售","歐式","112年04月06日","112年10月05日","112年10月03日","112年10月05日","0.028","    280.00","","",
="054822","長榮第一26購01","0.00","","2603","長榮","157.00","＋","認購","美式","110年12月08日","110年12月08日","112年06月05日","112年06月07日","0.008","    357.61","","",
="054823","長榮第一2C購01","0.00","","2603","長榮","157.00","＋","認購","美式","110年12月08日","110年12月08日","112年12月05日","112年12月07日","0.007","    385.11","","",
="054824","景碩第一2C購01","0.00","","3189","景碩","116.00","＋","認購","美式","110年12月08日","110年12月08日","112年12月05日","112年12月07日","0.011","    293.12","","",
="05482U","宏達電統一2A售06","0.00","","2498","宏達電","61.50","＋","認售","歐式","112年04月06日","112年10月05日","112年10月03日","112年10月05日","0.12","    56.70","","",
="05483U","華邦電元大2A售02","1.11","－","2344","華邦電","26.90","＋","認售","歐式","112年04月06日","112年10月05日","112年10月03日","112年10月05日","0.489","    24.60","","",
="05484P","台灣50凱基26售10","0.00","",="0050","元大台灣50","126.75","＋","認售","歐式","111年11月18日","112年06月19日","112年06月15日","112年06月19日","0.307","    101.71","","",
="05484U","瑞昱元大2A售02","0.00","","2379","瑞昱","388.00","＋","認售","歐式","112年04月06日","112年10月05日","112年10月03日","112年10月05日","0.107","    303.00","","",
="05485P","T50正2凱基29售04","0.00","",="00631L","元大台灣50正2","129.10","＋","認售","歐式","111年11月18日","112年09月18日","112年09月14日","112年09月18日","0.10","    80.00","","",
="05485U","聯發科元大2A售15","1.55","","2454","聯發科","738.00","＋","認售","歐式","112年04月06日","112年10月05日","112年10月03日","112年10月05日","1.00","    400.00","","",
="05486U","聯發科元大2A售16","0.00","","2454","聯發科","738.00","＋","認售","歐式","112年04月06日","112年10月05日","112年10月03日","112年10月05日","0.385","    450.00","","",
="05487P","臺股指凱基26售47","0.00","","IX0001","臺股指數","16,636.30","","認售","歐式","111年11月18日","112年06月19日","112年06月15日","112年06月19日","0.002","    13,600.00","","",
="05487U","萬海元大2A售04","2.42","－","2615","萬海","60.00","＋","認售","歐式","112年04月06日","112年10月05日","112年10月03日","112年10月05日","0.371","    55.60","","",
="05488U","萬海元大2A售05","0.00","","2615","萬海","60.00","＋","認售","歐式","112年04月06日","112年10月05日","112年10月03日","112年10月05日","0.23","    63.10","","",
="05489U","聯詠元大2A售06","0.00","","3034","聯詠","423.50","＋","認售","歐式","112年04月06日","112年10月05日","112年10月03日","112年10月05日","0.048","    384.50","","",
="05490U","創意元大2A售07","0.00","","3443","創意","1,515.00","＋","認售","歐式","112年04月06日","112年10月05日","112年10月03日","112年10月05日","0.016","    790.00","","",
="05491P","臺股指凱基26售48","0.00","","IX0001","臺股指數","16,636.30","","認售","歐式","111年11月18日","112年06月19日","112年06月15日","112年06月19日","0.002","    14,200.00","","",
="05491U","健策元大2A售13","0.00","","3653","健策","616.00","＋","認售","歐式","112年04月06日","112年10月05日","112年10月03日","112年10月05日","0.033","    448.50","","",
="05492U","八貫國票2A售04","0.00","","1342","八貫","126.50","＋","認售","歐式","112年04月06日","112年10月05日","112年10月03日","112年10月05日","0.04","    145.00","","",
="05493U","八貫國票2B售02","1.47","－","1342","八貫","126.50","＋","認售","歐式","112年04月06日","112年11月06日","112年11月02日","112年11月06日","0.075","    110.00","","",
="05494U","為升國票2B售01","0.00","","2231","為升","172.50","＋","認售","歐式","112年04月06日","112年11月06日","112年11月02日","112年11月06日","0.209","    120.00","","",
="05495P","威盛群益27售02","0.00","","2388","威盛","83.10","＋","認售","歐式","111年11月18日","112年07月17日","112年07月13日","112年07月17日","0.20","    53.00","","",
="05495U","萬海國票2B售01","0.00","","2615","萬海","60.00","＋","認售","歐式","112年04月06日","112年11月06日","112年11月02日","112年11月06日","0.50","    50.00","","",
="05496U","緯創國票2B售01","0.05","－","3231","緯創","68.00","＋","認售","歐式","112年04月06日","112年11月06日","112年11月02日","112年11月06日","0.50","    32.00","","",
="05497U","晶睿國票2B售01","0.00","","3454","晶睿","182.50","＋","認售","歐式","112年04月06日","112年11月06日","112年11月02日","112年11月06日","0.025","    250.00","","",
="05498U","嘉澤國票2B售01","0.00","","3533","嘉澤","909.00","－","認售","歐式","112年04月06日","112年11月06日","112年11月02日","112年11月06日","0.012","    800.00","","",
="05499U","敦泰國票2B售01","0.00","","3545","敦泰","83.70","＋","認售","歐式","112年04月06日","112年11月06日","112年11月02日","112年11月06日","0.12","    70.00","","",
="05500P","威盛元富28售03","0.00","","2388","威盛","83.10","＋","認售","歐式","111年11月18日","112年08月17日","112年08月15日","112年08月17日","0.25","    50.00","","",
="05500U","緯穎國票2B售01","0.00","","6669","緯穎","1,205.00","＋","認售","歐式","112年04月06日","112年11月06日","112年11月02日","112年11月06日","0.006","    1,000.00","","",
="05501P","威盛元富28售04","0.00","","2388","威盛","83.10","＋","認售","歐式","111年11月18日","112年08月17日","112年08月15日","112年08月17日","0.20","    55.00","","",
="05501U","南電國票2B售01","0.00","","8046","南電","302.50","－","認售","歐式","112年04月06日","112年11月06日","112年11月02日","112年11月06日","0.05","    240.00","","",
="05502P","台積電麥證27售07","0.00","","2330","台積電","568.00","＋","認售","歐式","111年11月18日","112年07月17日","112年07月13日","112年07月17日","0.05","    454.91","","",
="05502U","聯電國泰2C售01","1.00","－","2303","聯電","51.20","＋","認售","歐式","112年04月06日","112年12月05日","112年12月01日","112年12月05日","0.30","    47.00","","",
="05503U","智原國泰2C售01","1.60","－","3035","智原","173.50","＋","認售","歐式","112年04月06日","112年12月05日","112年12月01日","112年12月05日","0.10","    140.00","","",
="05504U","欣興國泰2C售01","0.00","","3037","欣興","182.50","－","認售","歐式","112年04月06日","112年12月05日","112年12月01日","112年12月05日","0.10","    116.00","","",
="05505U","美律元富2A售01","1.45","－","2439","美律","88.60","＋","認售","歐式","112年04月06日","112年10月05日","112年10月03日","112年10月05日","0.20","    80.00","","",
="05506U","可成元富2A售01","0.00","","2474","可成","189.00","＋","認售","歐式","112年04月06日","112年10月05日","112年10月03日","112年10月05日","0.15","    170.00","","",
="05507U","健策元富2A售02","0.40","－","3653","健策","616.00","＋","認售","歐式","112年04月06日","112年10月05日","112年10月03日","112年10月05日","0.02","    450.00","","",
="05508U","健策元富31售02","0.65","－","3653","健策","616.00","＋","認售","歐式","112年04月06日","113年01月05日","113年01月03日","113年01月05日","0.015","    500.00","","",
="05509P","臺股指元大2A售07","0.13","－","IX0001","臺股指數","16,636.30","","認售","歐式","111年11月18日","112年10月17日","112年10月13日","112年10月17日","0.001","    12,900.00","","",
="05509U","台灣50麥證31售01","0.00","",="0050","元大台灣50","126.75","＋","認售","歐式","112年04月06日","113年01月05日","113年01月03日","113年01月05日","0.38","    108.00","","",
="05510U","台塑麥證2A售01","0.00","","1301","台塑","93.30","－","認售","歐式","112年04月06日","112年10月05日","112年10月03日","112年10月05日","0.35","    80.00","","",
="05511U","強茂麥證2A售01","0.75","","2481","強茂","70.20","＋","認售","歐式","112年04月06日","112年10月05日","112年10月03日","112年10月05日","0.16","    60.00","","",
="05512U","奇鋐麥證2A售02","0.00","","3017","奇鋐","206.00","－","認售","歐式","112年04月06日","112年10月05日","112年10月03日","112年10月05日","0.07","    125.00","","",
="05513U","瑞儀麥證2A售01","0.59","－","6176","瑞儀","120.00","＋","認售","歐式","112年04月06日","112年10月05日","112年10月03日","112年10月05日","0.30","    80.00","","",
="05514P","T50正2富邦27售02","0.00","",="00631L","元大台灣50正2","129.10","＋","認售","歐式","111年11月18日","112年07月17日","112年07月13日","112年07月17日","0.20","    75.00","","",
="05514U","南茂麥證2A售01","0.57","","8150","南茂","39.55","＋","認售","歐式","112年04月06日","112年10月05日","112年10月03日","112年10月05日","1.00","    28.00","","",
="05515U","世芯永豐2B售02","0.40","－","3661","世芯-KY","1,660.00","＋","認售","歐式","112年04月07日","112年11月06日","112年11月02日","112年11月06日","0.005","    1,041.25","","",
="05516U","台泥凱基2B售01","0.00","","1101","台泥","38.15","＋","認售","歐式","112年04月07日","112年11月06日","112年11月02日","112年11月06日","0.50","    32.00","","",
="05517P","T50正2國票27售01","0.00","",="00631L","元大台灣50正2","129.10","＋","認售","歐式","111年11月21日","112年07月20日","112年07月18日","112年07月20日","0.25","    80.00","","",
="05517U","緯創凱基2B售02","0.12","－","3231","緯創","68.00","＋","認售","歐式","112年04月07日","112年11月06日","112年11月02日","112年11月06日","0.60","    32.00","","",
="05518U","世芯凱基2A售08","0.26","－","3661","世芯-KY","1,660.00","＋","認售","歐式","112年04月07日","112年10月06日","112年10月04日","112年10月06日","0.007","    1,050.00","","",
="05519U","世芯凱基31售01","0.23","－","3661","世芯-KY","1,660.00","＋","認售","歐式","112年04月07日","113年01月08日","113年01月04日","113年01月08日","0.012","    650.00","","",
="05520U","微星群益2C售02","0.55","－","2377","微星","168.00","－","認售","歐式","112年04月07日","112年12月06日","112年12月04日","112年12月06日","0.80","    77.00","","",
="05521U","臺股指群益2A售11","0.00","","IX0001","臺股指數","16,636.30","","認售","歐式","112年04月07日","112年10月06日","112年10月04日","112年10月06日","0.001","    16,000.00","","",
="05522U","臺股指群益2A售12","1.03","－","IX0001","臺股指數","16,636.30","","認售","歐式","112年04月07日","112年10月06日","112年10月04日","112年10月06日","0.001","    16,200.00","","",
="05523U","飛宏統一31售02","0.46","－","2457","飛宏","76.40","＋","認售","歐式","112年04月07日","113年01月08日","113年01月04日","113年01月08日","0.06","    54.90","","",
="05524U","世芯統一2A售03","0.12","","3661","世芯-KY","1,660.00","＋","認售","歐式","112年04月07日","112年10月06日","112年10月04日","112年10月06日","0.003","    999.99","","",
="05525P","華城國票26售01","0.00","","1519","華城","141.00","＋","認售","歐式","111年11月21日","112年06月20日","112年06月16日","112年06月20日","0.758","    29.00","","",
="05525U","世芯統一2B售03","0.39","－","3661","世芯-KY","1,660.00","＋","認售","歐式","112年04月07日","112年11月06日","112年11月02日","112年11月06日","0.004","    1,041.30","","",
="05526P","T50正2中信27售04","0.00","",="00631L","元大台灣50正2","129.10","＋","認售","歐式","111年11月21日","112年07月20日","112年07月18日","112年07月20日","0.05","    88.00","","",
="05526U","聚陽元富2A售02","1.63","－","1477","聚陽","219.00","＋","認售","歐式","112年04月07日","112年10月06日","112年10月04日","112年10月06日","0.10","    200.00","","",
="05527P","台灣50永豐26售02","0.00","",="0050","元大台灣50","126.75","＋","認售","歐式","111年11月21日","112年06月20日","112年06月16日","112年06月20日","0.251","    100.69","","",
="05527U","國巨元富31售02","2.07","－","2327","國巨","508.00","＋","認售","歐式","112年04月07日","113年01月08日","113年01月04日","113年01月08日","0.04","    450.00","","",
="05528P","台灣50永豐27售03","0.00","",="0050","元大台灣50","126.75","＋","認售","歐式","111年11月21日","112年07月20日","112年07月18日","112年07月20日","0.44","    91.74","","",
="05528U","南亞科元富2B售01","0.00","","2408","南亞科","71.20","－","認售","歐式","112年04月07日","112年11月06日","112年11月02日","112年11月06日","1.00","    43.00","","",
="05529U","臺股指元富32售01","1.98","－","IX0001","臺股指數","16,636.30","","認售","歐式","112年04月07日","113年02月15日","113年02月02日","113年02月15日","0.002","    15,800.00","","",
="05530U","佳世達麥證2B售01","0.30","－","2352","佳世達","40.20","＋","認售","歐式","112年04月07日","112年11月06日","112年11月02日","112年11月06日","1.00","    25.00","","",
="05531U","華碩麥證2B售01","0.00","","2357","華碩","303.50","－","認售","歐式","112年04月07日","112年11月06日","112年11月02日","112年11月06日","0.20","    200.00","","",
="05532U","寶齡國票2C售02","1.52","－","1760","寶齡富錦","148.50","","認售","歐式","112年04月07日","112年12月06日","112年12月04日","112年12月06日","0.045","    155.00","","",
="05533U","金像電國票2B售01","0.40","＋","2368","金像電","121.50","","認售","歐式","112年04月07日","112年11月06日","112年11月02日","112年11月06日","0.319","    67.61","","",
="05534P","創意凱基27售02","0.00","","3443","創意","1,515.00","＋","認售","歐式","111年11月21日","112年07月20日","112年07月18日","112年07月20日","0.015","    600.00","","",
="05534U","飛宏國票2B售02","0.54","－","2457","飛宏","76.40","＋","認售","歐式","112年04月07日","112年11月06日","112年11月02日","112年11月06日","0.10","    60.00","","",
="05535U","晶豪科國票2B售02","0.00","","3006","晶豪科","88.20","＋","認售","歐式","112年04月07日","112年11月06日","112年11月02日","112年11月06日","0.25","    65.00","","",
="05536U","創意國票2B售01","0.22","－","3443","創意","1,515.00","＋","認售","歐式","112年04月07日","112年11月06日","112年11月02日","112年11月06日","0.04","    680.00","","",
="05537U","晶睿國票2A售03","0.00","","3454","晶睿","182.50","＋","認售","歐式","112年04月07日","112年10月06日","112年10月04日","112年10月06日","0.03","    230.00","","",
="05538P","創意凱基28售01","0.00","","3443","創意","1,515.00","＋","認售","歐式","111年11月21日","112年08月21日","112年08月17日","112年08月21日","0.03","    400.00","","",
="05538U","世芯國票2A售04","0.44","－","3661","世芯-KY","1,660.00","＋","認售","歐式","112年04月07日","112年10月06日","112年10月04日","112年10月06日","0.005","    1,200.00","","",
="05539U","世芯國票2B售05","0.31","","3661","世芯-KY","1,660.00","＋","認售","歐式","112年04月07日","112年11月06日","112年11月02日","112年11月06日","0.015","    800.00","","",
="05540U","世芯國票2B售06","0.00","","3661","世芯-KY","1,660.00","＋","認售","歐式","112年04月07日","112年11月06日","112年11月02日","112年11月06日","0.008","    1,050.00","","",
="05541P","臺股指麥證28售03","0.26","－","IX0001","臺股指數","16,636.30","","認售","歐式","111年11月21日","112年08月21日","112年08月17日","112年08月21日","0.002","    14,000.00","","",
="05541U","世芯國票2C售02","0.00","","3661","世芯-KY","1,660.00","＋","認售","歐式","112年04月07日","112年12月06日","112年12月04日","112年12月06日","0.02","    650.00","","",
="05542U","世芯國票2C售03","0.37","－","3661","世芯-KY","1,660.00","＋","認售","歐式","112年04月07日","112年12月06日","112年12月04日","112年12月06日","0.005","    1,100.00","","",
="05543P","晶睿群益26售02","0.00","","3454","晶睿","182.50","＋","認售","歐式","111年11月21日","112年06月20日","112年06月16日","112年06月20日","0.04","    140.00","","",
="05543U","萬海國泰2C售01","0.00","","2615","萬海","60.00","＋","認售","歐式","112年04月07日","112年12月06日","112年12月04日","112年12月06日","0.40","    49.75","","",
="05544U","創意國泰2C售01","0.48","－","3443","創意","1,515.00","＋","認售","歐式","112年04月07日","112年12月06日","112年12月04日","112年12月06日","0.03","    685.00","","",
="05545U","台積電元大2A售35","0.77","－","2330","台積電","568.00","＋","認售","歐式","112年04月07日","112年10月06日","112年10月04日","112年10月06日","0.93","    343.50","","",
="05546U","強茂元大2A售01","1.17","－","2481","強茂","70.20","＋","認售","歐式","112年04月07日","112年10月06日","112年10月04日","112年10月06日","0.138","    67.93","","",
="05547U","長榮元大2A售37","1.49","","2603","長榮","157.00","＋","認售","歐式","112年04月07日","112年10月06日","112年10月04日","112年10月06日","0.446","    111.50","","",
="05548U","華航元大2A售01","0.00","","2610","華航","21.65","＋","認售","歐式","112年04月07日","112年10月06日","112年10月04日","112年10月06日","1.00","    15.75","","",
="05549U","萬海元大2A售06","2.44","","2615","萬海","60.00","＋","認售","歐式","112年04月07日","112年10月06日","112年10月04日","112年10月06日","0.709","    48.35","","",
="05550U","美食元大2B售02","0.00","","2723","美食-KY","152.50","－","認售","歐式","112年04月07日","112年11月06日","112年11月02日","112年11月06日","0.045","    128.70","","",
="05551U","美食元大2C售01","0.52","＋","2723","美食-KY","152.50","－","認售","歐式","112年04月07日","112年12月06日","112年12月04日","112年12月06日","0.046","    114.40","","",
="05552U","富邦金元大2A售01","0.00","","2881","富邦金","61.10","＋","認售","歐式","112年04月07日","112年10月06日","112年10月04日","112年10月06日","1.00","    40.00","","",
="05553U","奇鋐元大2A售04","0.40","＋","3017","奇鋐","206.00","－","認售","歐式","112年04月07日","112年10月06日","112年10月04日","112年10月06日","0.05","    143.00","","",
="05554U","緯創元大2A售02","0.15","","3231","緯創","68.00","＋","認售","歐式","112年04月07日","112年10月06日","112年10月04日","112年10月06日","0.344","    39.54","","",
="05555U","群創元大2A售15","1.02","－","3481","群創","14.10","＋","認售","歐式","112年04月07日","112年10月06日","112年10月04日","112年10月06日","0.626","    13.75","","",
="05556U","世芯元大2A售10","0.45","－","3661","世芯-KY","1,660.00","＋","認售","歐式","112年04月07日","112年10月06日","112年10月04日","112年10月06日","0.015","    900.00","","",
="05557U","世芯元大2A售11","0.57","－","3661","世芯-KY","1,660.00","＋","認售","歐式","112年04月07日","112年10月06日","112年10月04日","112年10月06日","0.007","    1,100.00","","",
="05558U","世芯元大2A售12","0.61","－","3661","世芯-KY","1,660.00","＋","認售","歐式","112年04月07日","112年10月06日","112年10月04日","112年10月06日","0.006","    1,200.00","","",
="05559U","矽力元大2A售03","1.89","－","6415","矽力*-KY","394.50","＋","認售","歐式","112年04月07日","112年10月06日","112年10月04日","112年10月06日","0.018","    415.50","","",
="05560U","大立光康和2B售01","0.69","－","3008","大立光","2,305.00","＋","認售","歐式","112年04月10日","112年11月09日","112年11月07日","112年11月09日","0.014","    1,748.00","","",
="05561U","欣興康和2B售01","0.00","","3037","欣興","182.50","－","認售","歐式","112年04月10日","112年11月09日","112年11月07日","112年11月09日","0.14","    109.00","","",
="05562U","景碩康和2B售01","0.00","","3189","景碩","116.00","＋","認售","歐式","112年04月10日","112年11月09日","112年11月07日","112年11月09日","0.13","    88.80","","",
="05563U","南電康和2B售01","0.00","","8046","南電","302.50","－","認售","歐式","112年04月10日","112年11月09日","112年11月07日","112年11月09日","0.045","    228.00","","",
="05564P","T50正2國票26售03","0.00","",="00631L","元大台灣50正2","129.10","＋","認售","歐式","111年11月22日","112年06月21日","112年06月19日","112年06月21日","0.20","    60.00","","",
="05564U","中磊國票2B售02","0.00","","5388","中磊","93.30","＋","認售","歐式","112年04月10日","112年11月09日","112年11月07日","112年11月09日","1.05","    45.71","","",
="05565U","中租國票2B售01","1.33","","5871","中租-KY","210.50","＋","認售","歐式","112年04月10日","112年11月09日","112年11月07日","112年11月09日","0.12","    160.00","","",
="05566U","啟碁國票2B售02","0.00","","6285","啟碁","87.50","＋","認售","歐式","112年04月10日","112年11月09日","112年11月07日","112年11月09日","1.00","    52.00","","",
="05567P","晶心科國票26售03","0.00","","6533","晶心科","511.00","＋","認售","歐式","111年11月22日","112年06月21日","112年06月19日","112年06月21日","0.01","    450.00","","",
="05567U","美食凱基2B售02","0.66","－","2723","美食-KY","152.50","－","認售","歐式","112年04月10日","112年11月09日","112年11月07日","112年11月09日","0.10","    105.00","","",
="05568P","T50正2群益27售01","0.00","",="00631L","元大台灣50正2","129.10","＋","認售","歐式","111年11月22日","112年07月21日","112年07月19日","112年07月21日","0.35","    77.00","","",
="05568U","世芯凱基2A售09","0.43","－","3661","世芯-KY","1,660.00","＋","認售","歐式","112年04月10日","112年10月11日","112年10月05日","112年10月11日","0.006","    1,150.00","","",
="05569P","新唐群益26售02","0.00","","4919","新唐","130.50","＋","認售","歐式","111年11月22日","112年06月21日","112年06月19日","112年06月21日","0.10","    110.00","","",
="05569U","世芯凱基2A售10","0.40","－","3661","世芯-KY","1,660.00","＋","認售","歐式","112年04月10日","112年10月11日","112年10月05日","112年10月11日","0.004","    1,250.00","","",
="05570U","中租凱基2A售02","1.52","－","5871","中租-KY","210.50","＋","認售","歐式","112年04月10日","112年10月11日","112年10月05日","112年10月11日","0.10","    180.00","","",
="05571U","台泥元大2A售01","0.00","","1101","台泥","38.15","＋","認售","歐式","112年04月10日","112年10月11日","112年10月05日","112年10月11日","0.331","    34.60","","",
="05572U","台積電元大2A售36","1.15","－","2330","台積電","568.00","＋","認售","歐式","112年04月10日","112年10月11日","112年10月05日","112年10月11日","0.303","    396.00","","",
="05573U","威盛元大2A售16","0.00","","2388","威盛","83.10","＋","認售","歐式","112年04月10日","112年10月11日","112年10月05日","112年10月11日","1.00","    45.00","","",
="05574U","漢唐元大2A售01","0.80","－","2404","漢唐","227.50","＋","認售","歐式","112年04月10日","112年10月11日","112年10月05日","112年10月11日","0.038","    199.74","","",
="05575U","聯發科元大2A售17","2.58","－","2454","聯發科","738.00","＋","認售","歐式","112年04月10日","112年10月11日","112年10月05日","112年10月11日","0.023","    786.00","","",
="05576U","宏達電元大31售01","0.00","","2498","宏達電","61.50","＋","認售","歐式","112年04月10日","113年01月09日","113年01月05日","113年01月09日","0.121","    50.00","","",
="05577U","陽明元大2A售19","0.87","－","2609","陽明","62.00","＋","認售","歐式","112年04月10日","112年10月11日","112年10月05日","112年10月11日","1.00","    43.15","","",
="05578U","緯創元大2A售03","0.10","","3231","緯創","68.00","＋","認售","歐式","112年04月10日","112年10月11日","112年10月05日","112年10月11日","0.739","    33.25","","",
="05579U","日月光元大31售01","0.81","＋","3711","日月光投控","109.00","－","認售","歐式","112年04月10日","113年01月09日","113年01月05日","113年01月09日","0.11","    90.00","","",
="05580U","世紀鋼元大2A售04","0.73","","9958","世紀鋼","109.50","＋","認售","歐式","112年04月10日","112年10月11日","112年10月05日","112年10月11日","0.248","    76.90","","",
="05581U","台積電元富2A售06","2.06","－","2330","台積電","568.00","＋","認售","歐式","112年04月10日","112年10月11日","112年10月05日","112年10月11日","1.00","    430.00","","",
="05582U","世芯元富2A售02","0.00","","3661","世芯-KY","1,660.00","＋","認售","歐式","112年04月10日","112年10月11日","112年10月05日","112年10月11日","0.007","    1,150.00","","",
="05583U","GIS元富2A售01","0.00","","6456","GIS-KY","75.40","＋","認售","歐式","112年04月10日","112年10月11日","112年10月05日","112年10月11日","0.105","    74.38","","",
="05584P","臺股指永豐26售03","0.00","","IX0001","臺股指數","16,636.30","","認售","歐式","111年11月22日","112年06月21日","112年06月19日","112年06月21日","0.002","    12,800.00","","",
="05584U","南亞麥證2A售02","0.00","","1303","南亞","78.40","－","認售","歐式","112年04月10日","112年10月11日","112年10月05日","112年10月11日","0.45","    66.00","","",
="05585P","智邦凱基26售01","0.00","","2345","智邦","357.50","＋","認售","歐式","111年11月22日","112年06月21日","112年06月19日","112年06月21日","0.10","    190.00","","",
="05585U","興富發麥證2A售02","1.21","－","2542","興富發","42.10","－","認售","歐式","112年04月10日","112年10月11日","112年10月05日","112年10月11日","0.70","    35.00","","",
="05586U","和碩麥證2B售02","0.00","","4938","和碩","74.70","＋","認售","歐式","112年04月10日","112年11月09日","112年11月07日","112年11月09日","0.60","    55.00","","",
="05587U","啟碁麥證2A售02","0.00","","6285","啟碁","87.50","＋","認售","歐式","112年04月10日","112年10月11日","112年10月05日","112年10月11日","0.15","    90.00","","",
="05588U","臺股指麥證2A售07","0.00","","IX0001","臺股指數","16,636.30","","認售","歐式","112年04月10日","112年10月11日","112年10月05日","112年10月11日","0.005","    13,000.00","","",
="05589U","臺股指麥證2A售08","0.00","","IX0001","臺股指數","16,636.30","","認售","歐式","112年04月10日","112年10月11日","112年10月05日","112年10月11日","0.01","    12,000.00","","",
="05590U","臺股指麥證2A售09","0.00","","IX0001","臺股指數","16,636.30","","認售","歐式","112年04月10日","112年10月11日","112年10月05日","112年10月11日","0.012","    8,888.00","","",
="05591U","臺股指中信2C售08","1.71","－","IX0001","臺股指數","16,636.30","","認售","歐式","112年04月11日","112年12月11日","112年12月07日","112年12月11日","0.002","    15,000.00","","",
="05592U","欣興兆豐32售01","0.36","","3037","欣興","182.50","－","認售","歐式","112年04月11日","113年02月15日","113年02月02日","113年02月15日","0.05","    118.00","","",
="05593U","南電兆豐2C售01","0.50","＋","8046","南電","302.50","－","認售","歐式","112年04月11日","112年12月11日","112年12月07日","112年12月11日","0.025","    238.00","","",
="05594U","東元元富2A售01","0.00","","1504","東元","51.80","＋","認售","歐式","112年04月11日","112年10月11日","112年10月05日","112年10月11日","0.30","    38.00","","",
="05595U","裕隆元富31售02","0.00","","2201","裕隆","82.80","＋","認售","歐式","112年04月11日","113年01月10日","113年01月08日","113年01月10日","0.50","    53.00","","",
="05596U","東元麥證2A售02","0.44","－","1504","東元","51.80","＋","認售","歐式","112年04月11日","112年10月11日","112年10月05日","112年10月11日","1.00","    30.00","","",
="055976","友達第一2C購01","0.38","","2409","友達","17.65","＋","認購","美式","110年12月16日","110年12月16日","112年12月13日","112年12月15日","0.109","    26.89","","",
="055977","群創第一2C購01","0.00","","3481","群創","14.10","＋","認購","美式","110年12月16日","110年12月16日","112年12月13日","112年12月15日","0.13","    20.73","","",
="05597U","TPK麥證2A售02","0.00","","3673","TPK-KY","41.75","＋","認售","歐式","112年04月11日","112年10月11日","112年10月05日","112年10月11日","1.00","    25.00","","",
="05598U","裕隆元大2A售09","0.00","","2201","裕隆","82.80","＋","認售","歐式","112年04月11日","112年10月11日","112年10月05日","112年10月11日","0.30","    55.00","","",
="05599U","美食元大2A售03","0.00","","2723","美食-KY","152.50","－","認售","歐式","112年04月11日","112年10月11日","112年10月05日","112年10月11日","0.06","    126.50","","",
="05600U","創意元大2A售10","0.00","","3443","創意","1,515.00","＋","認售","歐式","112年04月11日","112年10月11日","112年10月05日","112年10月11日","0.019","    730.00","","",
="05601U","創意元大2A售11","0.57","","3443","創意","1,515.00","＋","認售","歐式","112年04月11日","112年10月11日","112年10月05日","112年10月11日","0.013","    851.00","","",
="05602U","眾達元大2A售05","1.30","－","4977","眾達-KY","113.00","＋","認售","歐式","112年04月11日","112年10月11日","112年10月05日","112年10月11日","0.082","    105.40","","",
="05603U","華孚元大2A售05","0.20","－","6235","華孚","123.50","＋","認售","歐式","112年04月11日","112年10月11日","112年10月05日","112年10月11日","0.138","    60.08","","",
="05604U","華孚元大2A售06","0.28","－","6235","華孚","123.50","＋","認售","歐式","112年04月11日","112年10月11日","112年10月05日","112年10月11日","0.099","    68.09","","",
="05605P","台積電國泰27售10","0.00","","2330","台積電","568.00","＋","認售","歐式","111年11月22日","112年07月21日","112年07月19日","112年07月21日","0.102","    405.46","","",
="05605U","華孚元大2A售07","0.34","－","6235","華孚","123.50","＋","認售","歐式","112年04月11日","112年10月11日","112年10月05日","112年10月11日","0.075","    76.10","","",
="05606P","台積電國泰27售11","0.00","","2330","台積電","568.00","＋","認售","歐式","111年11月22日","112年07月21日","112年07月19日","112年07月21日","0.102","    385.68","","",
="05606U","臺股指元大2C售29","0.87","－","IX0001","臺股指數","16,636.30","","認售","歐式","112年04月11日","112年12月11日","112年12月07日","112年12月11日","0.002","    14,600.00","","",
="05607U","臺股指元大31售17","0.65","－","IX0001","臺股指數","16,636.30","","認售","歐式","112年04月11日","113年01月10日","113年01月08日","113年01月10日","0.002","    13,700.00","","",
="05608U","臺股指元大31售18","0.71","－","IX0001","臺股指數","16,636.30","","認售","歐式","112年04月11日","113年01月10日","113年01月08日","113年01月10日","0.001","    15,400.00","","",
="05609U","創意統一2C售08","0.15","－","3443","創意","1,515.00","＋","認售","歐式","112年04月11日","112年12月11日","112年12月07日","112年12月11日","0.005","    818.88","","",
="05610U","亞德客凱基2C售03","0.70","","1590","亞德客-KY","1,040.00","＋","認售","歐式","112年04月11日","112年12月11日","112年12月07日","112年12月11日","0.004","    1,000.00","","",
="05611U","為升凱基2A售03","1.47","－","2231","為升","172.50","＋","認售","歐式","112年04月11日","112年10月11日","112年10月05日","112年10月11日","0.07","    160.00","","",
="05612U","茂矽凱基2B售01","0.00","","2342","茂矽","40.95","＋","認售","歐式","112年04月11日","112年11月10日","112年11月08日","112年11月10日","0.20","    40.00","","",
="05613U","玉晶光凱基2A售06","0.86","－","3406","玉晶光","400.00","＋","認售","歐式","112年04月11日","112年10月11日","112年10月05日","112年10月11日","0.08","    300.00","","",
="05614U","創意凱基2A售11","0.00","","3443","創意","1,515.00","＋","認售","歐式","112年04月11日","112年10月11日","112年10月05日","112年10月11日","0.016","    770.00","","",
="05615U","創意凱基2A售12","0.00","","3443","創意","1,515.00","＋","認售","歐式","112年04月11日","112年10月11日","112年10月05日","112年10月11日","0.011","    880.00","","",
="05616U","華孚凱基2B售03","0.29","－","6235","華孚","123.50","＋","認售","歐式","112年04月11日","112年11月10日","112年11月08日","112年11月10日","0.08","    70.00","","",
="05617U","瑞祺凱基2B售01","0.00","","6416","瑞祺電通","102.00","＋","認售","歐式","112年04月11日","112年11月10日","112年11月08日","112年11月10日","0.037","    100.00","","",
="05618U","臺股指凱基31售08","0.00","","IX0001","臺股指數","16,636.30","","認售","歐式","112年04月11日","113年01月10日","113年01月08日","113年01月10日","0.007","    11,400.00","","",
="05619U","華城國票2B售01","0.06","－","1519","華城","141.00","＋","認售","歐式","112年04月11日","112年11月10日","112年11月08日","112年11月10日","0.523","    45.00","","",
="05620U","寶齡國票31售01","1.14","－","1760","寶齡富錦","148.50","","認售","歐式","112年04月11日","113年01月10日","113年01月08日","113年01月10日","0.117","    100.00","","",
="05621U","裕隆國票2B售01","0.00","","2201","裕隆","82.80","＋","認售","歐式","112年04月11日","112年11月10日","112年11月08日","112年11月10日","1.00","    47.00","","",
="05622U","宏達電國票2B售03","1.59","","2498","宏達電","61.50","＋","認售","歐式","112年04月11日","112年11月10日","112年11月08日","112年11月10日","0.395","    50.00","","",
="05623U","漢翔國票2B售01","0.00","","2634","漢翔","55.80","＋","認售","歐式","112年04月11日","112年11月10日","112年11月08日","112年11月10日","0.949","    27.00","","",
="05624U","眾達國票2B售01","2.52","－","4977","眾達-KY","113.00","＋","認售","歐式","112年04月11日","112年11月10日","112年11月08日","112年11月10日","1.00","    60.00","","",
="05625U","華孚國票2A售02","0.21","－","6235","華孚","123.50","＋","認售","歐式","112年04月11日","112年10月11日","112年10月05日","112年10月11日","0.17","    60.00","","",
="05626U","長榮凱基2A售13","1.02","－","2603","長榮","157.00","＋","認售","歐式","112年04月12日","112年10月11日","112年10月05日","112年10月11日","0.22","    120.00","","",
="05627U","聯詠凱基2C售01","1.19","－","3034","聯詠","423.50","＋","認售","歐式","112年04月12日","112年12月11日","112年12月07日","112年12月11日","0.22","    290.00","","",
="05628U","欣興凱基2A售08","0.16","","3037","欣興","182.50","－","認售","歐式","112年04月12日","112年10月11日","112年10月05日","112年10月11日","0.30","    100.00","","",
="05629U","鴻海兆豐32售01","1.02","－","2317","鴻海","105.50","＋","認售","歐式","112年04月12日","113年02月15日","113年02月02日","113年02月15日","0.12","    100.00","","",
="05630U","全新國票2A售02","0.84","－","2455","全新","100.00","","認售","歐式","112年04月12日","112年10月11日","112年10月05日","112年10月11日","0.14","    80.00","","",
="05631U","晶心科國泰2C售02","0.00","","6533","晶心科","511.00","＋","認售","歐式","112年04月12日","112年12月11日","112年12月07日","112年12月11日","0.025","    391.78","","",
="05632P","立積元大27售01","0.00","","4968","立積","170.00","＋","認售","歐式","111年11月22日","112年07月21日","112年07月19日","112年07月21日","0.045","    100.00","","",
="05632U","東元統一2B售01","0.39","－","1504","東元","51.80","＋","認售","歐式","112年04月12日","112年11月13日","112年11月09日","112年11月13日","0.138","    36.66","","",
="05633U","SGBR2X元大2A售05","0.00","",="00715L","期街口布蘭特正2","12.73","＋","認售","歐式","112年04月12日","112年10月11日","112年10月05日","112年10月11日","0.30","    14.50","","",
="05634U","中興電元大2A售07","0.96","－","1513","中興電","113.50","＋","認售","歐式","112年04月12日","112年10月11日","112年10月05日","112年10月11日","0.10","    100.00","","",
="05635U","台積電元大2A售37","1.15","","2330","台積電","568.00","＋","認售","歐式","112年04月12日","112年10月11日","112年10月05日","112年10月11日","0.182","    425.50","","",
="05636U","創意元大2A售12","0.46","－","3443","創意","1,515.00","＋","認售","歐式","112年04月12日","112年10月11日","112年10月05日","112年10月11日","0.016","    774.00","","",
="05637U","創意元大2A售13","0.56","－","3443","創意","1,515.00","＋","認售","歐式","112年04月12日","112年10月11日","112年10月05日","112年10月11日","0.012","    866.00","","",
="05638U","創意元大2A售14","0.00","","3443","創意","1,515.00","＋","認售","歐式","112年04月12日","112年10月11日","112年10月05日","112年10月11日","0.012","    880.00","","",
="05639P","長榮凱基27售05","0.00","","2603","長榮","157.00","＋","認售","歐式","111年11月23日","112年07月24日","112年07月20日","112年07月24日","0.15","    120.00","","",
="05639U","康舒元大2A售05","0.56","－","6282","康舒","44.05","＋","認售","歐式","112年04月12日","112年10月11日","112年10月05日","112年10月11日","0.335","    33.15","","",
="05640U","中興電群益2A售02","0.76","－","1513","中興電","113.50","＋","認售","歐式","112年04月12日","112年10月11日","112年10月05日","112年10月11日","0.25","    80.00","","",
="05641U","敦泰群益2A售02","0.00","","3545","敦泰","83.70","＋","認售","歐式","112年04月12日","112年10月11日","112年10月05日","112年10月11日","0.064","    83.00","","",
="05642U","愛普群益2A售05","1.98","－","6531","愛普*","328.50","＋","認售","歐式","112年04月12日","112年10月11日","112年10月05日","112年10月11日","0.035","    325.00","","",
="05643P","玉晶光凱基26售01","0.00","","3406","玉晶光","400.00","＋","認售","歐式","111年11月23日","112年06月26日","112年06月20日","112年06月26日","0.03","    350.00","","",
="05643U","世紀鋼群益2A售01","0.59","","9958","世紀鋼","109.50","＋","認售","歐式","112年04月12日","112年10月11日","112年10月05日","112年10月11日","0.09","    95.00","","",
="05644U","臺股指群益33售03","0.00","","IX0001","臺股指數","16,636.30","","認售","歐式","112年04月12日","113年03月11日","113年03月07日","113年03月11日","0.01","    10,000.00","","",
="05645U","台灣50元富34售01","0.00","",="0050","元大台灣50","126.75","＋","認售","歐式","112年04月12日","113年04月11日","113年04月09日","113年04月11日","0.50","    107.00","","",
="05646P","嘉澤凱基27售01","0.00","","3533","嘉澤","909.00","－","認售","歐式","111年11月23日","112年07月24日","112年07月20日","112年07月24日","0.035","    547.32","","",
="05646U","緯創元富31售02","0.10","＋","3231","緯創","68.00","＋","認售","歐式","112年04月12日","113年01月11日","113年01月09日","113年01月11日","0.15","    40.00","","",
="05647P","T50正2國票26售04","0.00","",="00631L","元大台灣50正2","129.10","＋","認售","歐式","111年11月23日","112年06月26日","112年06月20日","112年06月26日","0.15","    90.00","","",
="05647U","創意元富34售02","0.65","－","3443","創意","1,515.00","＋","認售","歐式","112年04月12日","113年04月11日","113年04月09日","113年04月11日","0.01","    900.00","","",
="05648P","嘉聯益國票26售01","0.00","","6153","嘉聯益","23.15","＋","認售","歐式","111年11月23日","112年06月26日","112年06月20日","112年06月26日","0.775","    20.00","","",
="05648U","晶睿元富2A售01","0.00","","3454","晶睿","182.50","＋","認售","歐式","112年04月12日","112年10月11日","112年10月05日","112年10月11日","0.07","    200.00","","",
="05649P","友達中信29售01","0.00","","2409","友達","17.65","＋","認售","歐式","111年11月23日","112年09月22日","112年09月20日","112年09月22日","0.80","    13.00","","",
="05649U","晶心科元富2A售03","0.00","","6533","晶心科","511.00","＋","認售","歐式","112年04月12日","112年10月11日","112年10月05日","112年10月11日","0.03","    460.00","","",
="05650U","嘉基元富2A售02","2.10","－","6715","嘉基","145.50","＋","認售","歐式","112年04月12日","112年10月11日","112年10月05日","112年10月11日","0.10","    130.80","","",
="05651U","臺股指元富31售01","0.00","","IX0001","臺股指數","16,636.30","","認售","歐式","112年04月12日","113年01月11日","113年01月09日","113年01月11日","0.005","    12,500.00","","",
="05652U","臺股指元富31售02","0.00","","IX0001","臺股指數","16,636.30","","認售","歐式","112年04月12日","113年01月11日","113年01月09日","113年01月11日","0.005","    13,000.00","","",
="05653U","世芯康和2C售01","0.00","","3661","世芯-KY","1,660.00","＋","認售","歐式","112年04月13日","112年12月12日","112年12月08日","112年12月12日","0.008","    995.00","","",
="05654U","美時群益2A售04","0.75","－","1795","美時","330.50","＋","認售","歐式","112年04月13日","112年10月12日","112年10月06日","112年10月12日","0.03","    265.00","","",
="05655U","台灣50凱基2C售12","0.00","",="0050","元大台灣50","126.75","＋","認售","歐式","112年04月13日","112年12月12日","112年12月08日","112年12月12日","0.35","    112.00","","",
="05656U","台灣50凱基2C售13","0.00","",="0050","元大台灣50","126.75","＋","認售","歐式","112年04月13日","112年12月12日","112年12月08日","112年12月12日","0.45","    105.00","","",
="05657U","金像電凱基2A售06","0.45","－","2368","金像電","121.50","","認售","歐式","112年04月13日","112年10月12日","112年10月06日","112年10月12日","0.155","    86.93","","",
="05658U","緯創凱基2A售05","0.00","","3231","緯創","68.00","＋","認售","歐式","112年04月13日","112年10月12日","112年10月06日","112年10月12日","0.40","    38.00","","",
="05659U","創意凱基2A售13","0.00","","3443","創意","1,515.00","＋","認售","歐式","112年04月13日","112年10月12日","112年10月06日","112年10月12日","0.016","    725.00","","",
="05660U","臺股指凱基2B售32","0.98","－","IX0001","臺股指數","16,636.30","","認售","歐式","112年04月13日","112年11月13日","112年11月09日","112年11月13日","0.0015","    15,700.00","","",
="05661U","臺股指凱基2C售28","0.57","－","IX0001","臺股指數","16,636.30","","認售","歐式","112年04月13日","112年12月12日","112年12月08日","112年12月12日","0.003","    13,900.00","","",
="05662U","臺股指凱基31售09","0.00","","IX0001","臺股指數","16,636.30","","認售","歐式","112年04月13日","113年01月12日","113年01月10日","113年01月12日","0.004","    13,400.00","","",
="05663P","台積電富邦26售10","0.00","","2330","台積電","568.00","＋","認售","歐式","111年11月23日","112年06月26日","112年06月20日","112年06月26日","0.048","    395.57","","",
="05663U","臺股指凱基31售10","0.00","","IX0001","臺股指數","16,636.30","","認售","歐式","112年04月13日","113年01月12日","113年01月10日","113年01月12日","0.003","    13,600.00","","",
="05664P","大立光富邦26售04","0.00","","3008","大立光","2,305.00","＋","認售","歐式","111年11月23日","112年06月26日","112年06月20日","112年06月26日","0.002","    2,254.30","","",
="05664U","全訊國票2B售01","0.00","","5222","全訊","198.00","＋","認售","歐式","112年04月13日","112年11月13日","112年11月09日","112年11月13日","0.50","    95.00","","",
="056655","萬海第一2C購01","0.00","","2615","萬海","60.00","＋","認購","美式","110年12月22日","110年12月22日","112年12月19日","112年12月21日","0.009","    232.19","","",
="056656","聯詠第一2C購01","0.00","","3034","聯詠","423.50","＋","認購","美式","110年12月22日","110年12月22日","112年12月19日","112年12月21日","0.006","    572.53","","",
="05665U","祥碩國票2A售03","0.00","","5269","祥碩","1,300.00","＋","認售","歐式","112年04月13日","112年10月12日","112年10月06日","112年10月12日","0.008","    1,100.00","","",
="05666U","緯穎國票2B售02","0.00","","6669","緯穎","1,205.00","＋","認售","歐式","112年04月13日","112年11月13日","112年11月09日","112年11月13日","0.08","    620.00","","",
="05667U","世芯國泰2C售02","0.68","－","3661","世芯-KY","1,660.00","＋","認售","歐式","112年04月13日","112年12月12日","112年12月08日","112年12月12日","0.015","    890.00","","",
="05668U","華新科元富2A售01","0.00","","2492","華新科","101.00","＋","認售","歐式","112年04月13日","112年10月12日","112年10月06日","112年10月12日","0.15","    100.00","","",
="05669U","奇鋐元富2A售01","0.36","＋","3017","奇鋐","206.00","－","認售","歐式","112年04月13日","112年10月12日","112年10月06日","112年10月12日","0.13","    130.00","","",
="05670P","FBNQ2X群益27售02","0.00","",="00670L","富邦NASDAQ正2","78.90","＋","認售","歐式","111年11月23日","112年07月24日","112年07月20日","112年07月24日","0.15","    50.00","","",
="05670U","力智元富2A售01","0.00","","6719","力智","303.00","＋","認售","歐式","112年04月13日","112年10月12日","112年10月06日","112年10月12日","0.098","    275.00","","",
="05671U","長榮統一2C售07","0.65","－","2603","長榮","157.00","＋","認售","歐式","112年04月13日","112年12月12日","112年12月08日","112年12月12日","0.05","    145.88","","",
="05672U","欣興統一2A售06","0.17","＋","3037","欣興","182.50","－","認售","歐式","112年04月13日","112年10月12日","112年10月06日","112年10月12日","0.05","    128.88","","",
="05673U","台灣50元大2C售11","0.00","",="0050","元大台灣50","126.75","＋","認售","歐式","112年04月13日","112年12月12日","112年12月08日","112年12月12日","0.40","    107.00","","",
="05674U","台灣50元大2C售12","1.00","－",="0050","元大台灣50","126.75","＋","認售","歐式","112年04月13日","112年12月12日","112年12月08日","112年12月12日","0.20","    122.00","","",
="05675P","晶心科群益27售02","0.00","","6533","晶心科","511.00","＋","認售","歐式","111年11月23日","112年07月24日","112年07月20日","112年07月24日","0.01","    450.00","","",
="05675U","台灣50元大31售04","0.97","－",="0050","元大台灣50","126.75","＋","認售","歐式","112年04月13日","113年01月12日","113年01月10日","113年01月12日","0.20","    120.00","","",
="05676P","元金2X國票27售01","0.00","",="00708L","期元大S&P黃金正2(原名：元大S&P黃金正2)","26.72","－","認售","歐式","111年11月24日","112年07月24日","112年07月20日","112年07月24日","0.24","    22.00","","",
="05676U","上証2X元大2A售04","0.93","－",="00633L","富邦上証正2","35.01","－","認售","歐式","112年04月13日","112年10月12日","112年10月06日","112年10月12日","0.35","    32.00","","",
="05677P","八方國票26售01","0.00","","2753","八方雲集","167.00","","認售","歐式","111年11月24日","112年06月26日","112年06月20日","112年06月26日","0.234","    138.35","","",
="05677U","台積電元大2A售38","1.05","－","2330","台積電","568.00","＋","認售","歐式","112年04月13日","112年10月12日","112年10月06日","112年10月12日","0.12","    434.50","","",
="05678P","台積電統一26售09","0.00","","2330","台積電","568.00","＋","認售","歐式","111年11月24日","112年06月26日","112年06月20日","112年06月26日","0.025","    447.19","","",
="05678U","台積電元大2A售39","1.69","－","2330","台積電","568.00","＋","認售","歐式","112年04月13日","112年10月12日","112年10月06日","112年10月12日","0.073","    493.50","","",
="05679U","台積電元大2A售40","0.00","","2330","台積電","568.00","＋","認售","歐式","112年04月13日","112年10月12日","112年10月06日","112年10月12日","0.067","    486.50","","",
="05680U","長榮元大2A售38","0.00","","2603","長榮","157.00","＋","認售","歐式","112年04月13日","112年10月12日","112年10月06日","112年10月12日","0.097","    160.00","","",
="05681U","聯詠元大2A售07","0.00","","3034","聯詠","423.50","＋","認售","歐式","112年04月13日","112年10月12日","112年10月06日","112年10月12日","0.485","    271.00","","",
="05682U","創意元大2A售17","0.00","","3443","創意","1,515.00","＋","認售","歐式","112年04月13日","112年10月12日","112年10月06日","112年10月12日","0.054","    555.00","","",
="05683U","創意元大2A售18","0.00","","3443","創意","1,515.00","＋","認售","歐式","112年04月13日","112年10月12日","112年10月06日","112年10月12日","0.006","    943.00","","",
="05684P","滬深2X凱基28售02","0.26","－",="00637L","元大滬深300正2","13.77","－","認售","歐式","111年11月24日","112年08月23日","112年08月21日","112年08月23日","1.00","    11.00","","",
="05684U","創意元大2A售19","0.00","","3443","創意","1,515.00","＋","認售","歐式","112年04月13日","112年10月12日","112年10月06日","112年10月12日","0.007","    918.00","","",
="05685U","穎崴中信2C售01","0.47","－","6515","穎崴","830.00","－","認售","歐式","112年04月14日","112年12月13日","112年12月11日","112年12月13日","0.003","    752.00","","",
="05686U","臺股指中信33售02","0.00","","IX0001","臺股指數","16,636.30","","認售","歐式","112年04月14日","113年03月13日","113年03月11日","113年03月13日","0.007","    8,000.00","","",
="05687P","玉晶光凱基26售02","0.07","","3406","玉晶光","400.00","＋","認售","歐式","111年11月24日","112年06月26日","112年06月20日","112年06月26日","0.04","    310.00","","",
="05687U","台積電康和2A售02","0.00","","2330","台積電","568.00","＋","認售","歐式","112年04月14日","112年10月13日","112年10月11日","112年10月13日","0.07","    465.00","","",
="05688U","世芯永豐31售03","0.63","－","3661","世芯-KY","1,660.00","＋","認售","歐式","112年04月14日","113年01月15日","113年01月11日","113年01月15日","0.004","    1,183.50","","",
="05689U","聯電凱基2A售07","1.31","－","2303","聯電","51.20","＋","認售","歐式","112年04月14日","112年10月13日","112年10月11日","112年10月13日","0.35","    50.00","","",
="05690U","飛宏凱基2B售02","0.69","－","2457","飛宏","76.40","＋","認售","歐式","112年04月14日","112年11月13日","112年11月09日","112年11月13日","0.13","    60.00","","",
="05691U","長榮凱基2A售14","0.00","","2603","長榮","157.00","＋","認售","歐式","112年04月14日","112年10月13日","112年10月11日","112年10月13日","0.08","    158.00","","",
="05692U","祥碩凱基2B售02","0.68","－","5269","祥碩","1,300.00","＋","認售","歐式","112年04月14日","112年11月13日","112年11月09日","112年11月13日","0.018","    800.00","","",
="05693U","創意群益2C售01","0.00","","3443","創意","1,515.00","＋","認售","歐式","112年04月14日","112年12月13日","112年12月11日","112年12月13日","0.018","    658.80","","",
="05694U","臺股指群益31售01","3.02","－","IX0001","臺股指數","16,636.30","","認售","歐式","112年04月14日","113年01月15日","113年01月11日","113年01月15日","0.005","    14,500.00","","",
="05695U","臺股指群益31售02","0.00","","IX0001","臺股指數","16,636.30","","認售","歐式","112年04月14日","113年01月15日","113年01月11日","113年01月15日","0.002","    14,950.00","","",
="05696U","台積電元大2A售41","0.00","","2330","台積電","568.00","＋","認售","歐式","112年04月14日","112年10月13日","112年10月11日","112年10月13日","0.086","    472.50","","",
="05697U","台積電元大2A售42","0.00","","2330","台積電","568.00","＋","認售","歐式","112年04月14日","112年10月13日","112年10月11日","112年10月13日","0.079","    458.50","","",
="05698U","台積電元大2A售43","1.32","－","2330","台積電","568.00","＋","認售","歐式","112年04月14日","112年10月13日","112年10月11日","112年10月13日","0.068","    479.00","","",
="05699U","聯發科元大2A售18","0.00","","2454","聯發科","738.00","＋","認售","歐式","112年04月14日","112年10月13日","112年10月11日","112年10月13日","0.215","    476.50","","",
="05700U","聯發科元大2A售19","0.00","","2454","聯發科","738.00","＋","認售","歐式","112年04月14日","112年10月13日","112年10月11日","112年10月13日","0.145","    503.00","","",
="05701U","聯發科元大2A售20","0.00","","2454","聯發科","738.00","＋","認售","歐式","112年04月14日","112年10月13日","112年10月11日","112年10月13日","0.127","    530.00","","",
="05702U","陽明元大2A售20","0.00","","2609","陽明","62.00","＋","認售","歐式","112年04月14日","112年10月13日","112年10月11日","112年10月13日","0.50","    55.50","","",
="05703U","聯詠元大2A售08","0.00","","3034","聯詠","423.50","＋","認售","歐式","112年04月14日","112年10月13日","112年10月11日","112年10月13日","0.313","    298.00","","",
="05704U","聯詠元大2A售09","0.00","","3034","聯詠","423.50","＋","認售","歐式","112年04月14日","112年10月13日","112年10月11日","112年10月13日","0.036","    443.00","","",
="05705U","聯詠元大2A售10","0.00","","3034","聯詠","423.50","＋","認售","歐式","112年04月14日","112年10月13日","112年10月11日","112年10月13日","0.031","    462.50","","",
="05706P","友達國泰27售01","0.00","","2409","友達","17.65","＋","認售","歐式","111年11月24日","112年07月24日","112年07月20日","112年07月24日","1.00","    13.50","","",
="05706U","世芯元大2A售13","0.57","－","3661","世芯-KY","1,660.00","＋","認售","歐式","112年04月14日","112年10月13日","112年10月11日","112年10月13日","0.011","    1,000.00","","",
="05707U","金像電國票2B售02","0.00","","2368","金像電","121.50","","認售","歐式","112年04月14日","112年11月13日","112年11月09日","112年11月13日","1.035","    50.22","","",
="05708P","聯電凱基35售01","0.00","","2303","聯電","51.20","＋","認售","歐式","111年05月16日","113年05月15日","113年05月13日","113年05月15日","0.532","    23.48","","",
="05708U","漢翔國票2B售03","0.00","","2634","漢翔","55.80","＋","認售","歐式","112年04月14日","112年11月13日","112年11月09日","112年11月13日","0.24","    37.00","","",
="05709U","世芯國票2B售09","0.00","","3661","世芯-KY","1,660.00","＋","認售","歐式","112年04月14日","112年11月13日","112年11月09日","112年11月13日","0.005","    1,300.00","","",
="05710P","富鼎國票26售02","0.00","","8261","富鼎","106.50","＋","認售","歐式","111年11月25日","112年06月26日","112年06月20日","112年06月26日","0.111","    85.00","","",
="05710U","長榮富邦2C售01","0.49","－","2603","長榮","157.00","＋","認售","歐式","112年04月14日","112年12月13日","112年12月11日","112年12月13日","0.05","    125.00","","",
="05711U","臺股指富邦2C售04","0.00","","IX0001","臺股指數","16,636.30","","認售","歐式","112年04月14日","112年12月13日","112年12月11日","112年12月13日","0.001","    14,666.00","","",
="05712U","聯詠統一2B售05","0.00","","3034","聯詠","423.50","＋","認售","歐式","112年04月14日","112年11月13日","112年11月09日","112年11月13日","0.018","    450.00","","",
="05713P","臺股指中信26售11","0.00","","IX0001","臺股指數","16,636.30","","認售","歐式","111年11月25日","112年06月26日","112年06月20日","112年06月26日","0.006","    7,777.00","","",
="05713U","T50反1元富31售02","0.00","",="00632R","元大台灣50反1","4.94","－","認售","歐式","112年04月14日","113年01月15日","113年01月11日","113年01月15日","1.00","    5.70","","",
="05714U","美時元富2A售01","0.00","","1795","美時","330.50","＋","認售","歐式","112年04月14日","112年10月13日","112年10月11日","112年10月13日","0.05","    240.00","","",
="05715U","聯電元富2A售01","2.20","","2303","聯電","51.20","＋","認售","歐式","112年04月14日","112年10月13日","112年10月11日","112年10月13日","0.50","    50.50","","",
="05716U","三商壽元富31售02","0.00","","2867","三商壽","5.22","＋","認售","歐式","112年04月14日","113年01月15日","113年01月11日","113年01月15日","1.00","    5.20","","",
="05717U","欣興元富2A售02","0.79","＋","3037","欣興","182.50","－","認售","歐式","112年04月14日","112年10月13日","112年10月11日","112年10月13日","0.12","    135.00","","",
="05718U","晶睿元富2A售02","0.00","","3454","晶睿","182.50","＋","認售","歐式","112年04月14日","112年10月13日","112年10月11日","112年10月13日","0.04","    250.00","","",
="05719U","緯穎元富2A售03","1.30","－","6669","緯穎","1,205.00","＋","認售","歐式","112年04月14日","112年10月13日","112年10月11日","112年10月13日","0.009","    1,100.00","","",
="05720U","緯穎麥證2A售01","0.00","","6669","緯穎","1,205.00","＋","認售","歐式","112年04月14日","112年10月13日","112年10月11日","112年10月13日","0.01","    1,111.00","","",
="05721U","鴻海康和2A售01","0.83","－","2317","鴻海","105.50","＋","認售","歐式","112年04月17日","112年10月16日","112年10月12日","112年10月16日","0.15","    100.00","","",
="05722P","世芯統一26售01","0.00","","3661","世芯-KY","1,660.00","＋","認售","歐式","111年11月25日","112年06月26日","112年06月20日","112年06月26日","0.008","    718.00","","",
="05722U","緯創永豐2A售03","0.00","","3231","緯創","68.00","＋","認售","歐式","112年04月17日","112年10月16日","112年10月12日","112年10月16日","0.50","    35.36","","",
="05723U","奇鋐中信2A售03","0.00","","3017","奇鋐","206.00","－","認售","歐式","112年04月17日","112年10月16日","112年10月12日","112年10月16日","0.05","    130.00","","",
="05724U","華城凱基2C售04","0.37","－","1519","華城","141.00","＋","認售","歐式","112年04月17日","112年12月18日","112年12月14日","112年12月18日","0.05","    80.00","","",
="05725U","飛宏凱基2A售03","0.00","","2457","飛宏","76.40","＋","認售","歐式","112年04月17日","112年10月16日","112年10月12日","112年10月16日","0.15","    50.00","","",
="05726U","亞德客群益2C售02","0.95","－","1590","亞德客-KY","1,040.00","＋","認售","歐式","112年04月17日","112年12月18日","112年12月14日","112年12月18日","0.004","    1,100.00","","",
="05727U","聯發科群益2B售05","1.36","－","2454","聯發科","738.00","＋","認售","歐式","112年04月17日","112年11月16日","112年11月14日","112年11月16日","0.03","    670.00","","",
="05728U","華邦電元富2A售02","1.80","","2344","華邦電","26.90","＋","認售","歐式","112年04月17日","112年10月16日","112年10月12日","112年10月16日","0.50","    27.00","","",
="05729U","創意元富2A售05","0.32","－","3443","創意","1,515.00","＋","認售","歐式","112年04月17日","112年10月16日","112年10月12日","112年10月16日","0.02","    850.00","","",
="05730U","聯發科元大2A售21","0.00","","2454","聯發科","738.00","＋","認售","歐式","112年04月17日","112年10月16日","112年10月12日","112年10月16日","0.062","    603.00","","",
="05731U","聯發科元大2A售22","2.23","－","2454","聯發科","738.00","＋","認售","歐式","112年04月17日","112年10月16日","112年10月12日","112年10月16日","0.047","    651.00","","",
="05732U","長榮元大2A售39","2.24","","2603","長榮","157.00","＋","認售","歐式","112年04月17日","112年10月16日","112年10月12日","112年10月16日","0.11","    156.00","","",
="05733P","台積電永豐26售05","0.00","","2330","台積電","568.00","＋","認售","歐式","111年11月25日","112年06月26日","112年06月20日","112年06月26日","0.046","    420.14","","",
="05733U","智原元大2A售07","2.01","－","3035","智原","173.50","＋","認售","歐式","112年04月17日","112年10月16日","112年10月12日","112年10月16日","0.071","    171.00","","",
="05734P","聯電富邦26售02","0.00","","2303","聯電","51.20","＋","認售","歐式","111年11月25日","112年06月26日","112年06月20日","112年06月26日","0.60","    35.00","","",
="05734U","緯創元大2A售04","0.25","－","3231","緯創","68.00","＋","認售","歐式","112年04月17日","112年10月16日","112年10月12日","112年10月16日","0.218","    45.00","","",
="05735U","創意元大2A售20","0.00","","3443","創意","1,515.00","＋","認售","歐式","112年04月17日","112年10月16日","112年10月12日","112年10月16日","0.019","    749.00","","",
="05736U","南亞科中信2A售01","0.00","","2408","南亞科","71.20","－","認售","歐式","112年04月18日","112年10月17日","112年10月13日","112年10月17日","0.25","    55.00","","",
="05737U","南亞科凱基2A售01","0.00","","2408","南亞科","71.20","－","認售","歐式","112年04月18日","112年10月17日","112年10月13日","112年10月17日","0.25","    60.00","","",
="05738U","聯詠凱基2B售01","2.05","－","3034","聯詠","423.50","＋","認售","歐式","112年04月18日","112年11月17日","112年11月15日","112年11月17日","0.10","    370.00","","",
="05739P","臺股指凱基26售49","0.00","","IX0001","臺股指數","16,636.30","","認售","歐式","111年11月25日","112年06月26日","112年06月20日","112年06月26日","0.002","    13,400.00","","",
="05739U","緯創凱基2A售09","0.00","","3231","緯創","68.00","＋","認售","歐式","112年04月18日","112年10月17日","112年10月13日","112年10月17日","0.25","    43.00","","",
="05740P","臺股指凱基26售50","0.00","","IX0001","臺股指數","16,636.30","","認售","歐式","111年11月25日","112年06月26日","112年06月20日","112年06月26日","0.002","    13,800.00","","",
="05740U","創意凱基2A售14","0.25","","3443","創意","1,515.00","＋","認售","歐式","112年04月18日","112年10月17日","112年10月13日","112年10月17日","0.008","    950.00","","",
="05741U","電子類凱基2B售06","0.92","－","IX0027","電子類","797.58","","認售","歐式","112年04月18日","112年11月17日","112年11月15日","112年11月17日","0.03","    740.00","","",
="05742P","臺股指凱基29售17","0.00","","IX0001","臺股指數","16,636.30","","認售","歐式","111年11月25日","112年09月25日","112年09月21日","112年09月25日","0.004","    9,500.00","","",
="05742U","電子類凱基2C售03","0.82","","IX0027","電子類","797.58","","認售","歐式","112年04月18日","112年12月18日","112年12月14日","112年12月18日","0.045","    690.00","","",
="05743P","臺股指凱基29售18","0.18","－","IX0001","臺股指數","16,636.30","","認售","歐式","111年11月25日","112年09月25日","112年09月21日","112年09月25日","0.001","    14,000.00","","",
="05743U","緯創統一2A售03","0.11","","3231","緯創","68.00","＋","認售","歐式","112年04月18日","112年10月17日","112年10月13日","112年10月17日","0.20","    39.70","","",
="057447","台積電凱基2C購01","0.74","＋","2330","台積電","568.00","＋","認購","美式","110年12月28日","110年12月28日","112年12月25日","112年12月27日","0.03","    864.99","","",
="05744P","宏達電群益27售02","0.00","","2498","宏達電","61.50","＋","認售","歐式","111年11月25日","112年07月24日","112年07月20日","112年07月24日","0.551","    35.00","","",
="05744U","台灣50國票2B售02","0.00","",="0050","元大台灣50","126.75","＋","認售","歐式","112年04月18日","112年11月17日","112年11月15日","112年11月17日","0.25","    122.00","","",
="057457","長榮凱基2C購01","0.31","","2603","長榮","157.00","＋","認購","美式","110年12月28日","110年12月28日","112年12月25日","112年12月27日","0.026","    364.63","","",
="05745P","長榮群益26售05","0.00","","2603","長榮","157.00","＋","認售","歐式","111年11月25日","112年06月26日","112年06月20日","112年06月26日","0.50","    90.00","","",
="05745U","全新國票2B售02","1.09","－","2455","全新","100.00","","認售","歐式","112年04月18日","112年11月17日","112年11月15日","112年11月17日","0.075","    95.00","","",
="057460","大立光凱基2C購01","1.01","＋","3008","大立光","2,305.00","＋","認購","美式","110年12月28日","110年12月28日","112年12月25日","112年12月27日","0.005","    3,413.56","","",
="05746U","聯詠國票2B售03","2.16","－","3034","聯詠","423.50","＋","認售","歐式","112年04月18日","112年11月17日","112年11月15日","112年11月17日","0.035","    450.00","","",
="05747P","美費半元大26售01","0.00","",="00830","國泰費城半導體","31.65","＋","認售","歐式","111年11月25日","112年06月26日","112年06月20日","112年06月26日","0.402","    21.89","","",
="05747U","世芯國票31售03","0.00","","3661","世芯-KY","1,660.00","＋","認售","歐式","112年04月18日","113年01月17日","113年01月15日","113年01月17日","0.01","    1,000.00","","",
="05748U","愛普國票2C售02","0.00","","6531","愛普*","328.50","＋","認售","歐式","112年04月18日","112年12月18日","112年12月14日","112年12月18日","0.065","    225.00","","",
="05749U","力智國票2B售03","1.49","－","6719","力智","303.00","＋","認售","歐式","112年04月18日","112年11月17日","112年11月15日","112年11月17日","0.025","    310.00","","",
="05750U","臺股指國票2B售08","1.26","","IX0001","臺股指數","16,636.30","","認售","歐式","112年04月18日","112年11月17日","112年11月15日","112年11月17日","0.002","    15,600.00","","",
="05751P","臺股指元大29售17","0.00","","IX0001","臺股指數","16,636.30","","認售","歐式","111年11月25日","112年09月25日","112年09月21日","112年09月25日","0.002","    12,100.00","","",
="05751U","臺股指國票2C售05","0.00","","IX0001","臺股指數","16,636.30","","認售","歐式","112年04月18日","112年12月18日","112年12月14日","112年12月18日","0.002","    15,000.00","","",
="05752P","臺股指元大2A售10","0.17","－","IX0001","臺股指數","16,636.30","","認售","歐式","111年11月25日","112年10月24日","112年10月20日","112年10月24日","0.001","    13,000.00","","",
="05752U","玉晶光國泰2C售01","0.00","","3406","玉晶光","400.00","＋","認售","歐式","112年04月18日","112年12月18日","112年12月14日","112年12月18日","0.05","    320.00","","",
="05753U","大立光富邦33售01","0.38","－","3008","大立光","2,305.00","＋","認售","歐式","112年04月18日","113年03月18日","113年03月14日","113年03月18日","0.007","    1,500.00","","",
="05754U","裕隆元大2A售10","0.00","","2201","裕隆","82.80","＋","認售","歐式","112年04月18日","112年10月17日","112年10月13日","112年10月17日","0.40","    60.00","","",
="05755P","王品國票26售03","0.00","","2727","王品","320.00","－","認售","歐式","111年11月28日","112年06月27日","112年06月21日","112年06月27日","0.499","    78.00","","",
="05755U","南亞科元大2A售04","1.01","","2408","南亞科","71.20","－","認售","歐式","112年04月18日","112年10月17日","112年10月13日","112年10月17日","0.513","    54.50","","",
="05756P","乙盛國票26售01","0.00","","5243","乙盛-KY","83.70","＋","認售","歐式","111年11月28日","112年06月27日","112年06月21日","112年06月27日","0.602","    38.00","","",
="05756U","長榮元大2A售40","0.00","","2603","長榮","157.00","＋","認售","歐式","112年04月18日","112年10月17日","112年10月13日","112年10月17日","0.086","    167.50","","",
="05757U","創意元大2A售21","0.00","","3443","創意","1,515.00","＋","認售","歐式","112年04月18日","112年10月17日","112年10月13日","112年10月17日","0.056","    520.00","","",
="05758U","世芯元大2A售14","0.00","","3661","世芯-KY","1,660.00","＋","認售","歐式","112年04月18日","112年10月17日","112年10月13日","112年10月17日","0.008","    1,150.00","","",
="05759U","臺股指元大2A售76","0.00","","IX0001","臺股指數","16,636.30","","認售","歐式","112年04月18日","112年10月17日","112年10月13日","112年10月17日","0.015","    10,500.00","","",
="05760U","臺股指元大2A售77","0.00","","IX0001","臺股指數","16,636.30","","認售","歐式","112年04月18日","112年10月17日","112年10月13日","112年10月17日","0.01","    11,200.00","","",
="05761U","臺股指元大2A售78","0.79","－","IX0001","臺股指數","16,636.30","","認售","歐式","112年04月18日","112年10月17日","112年10月13日","112年10月17日","0.002","    15,100.00","","",
="05762U","臺股指元大2B售45","0.00","","IX0001","臺股指數","16,636.30","","認售","歐式","112年04月18日","112年11月17日","112年11月15日","112年11月17日","0.015","    10,200.00","","",
="05763U","臺股指元大2B售46","0.00","","IX0001","臺股指數","16,636.30","","認售","歐式","112年04月18日","112年11月17日","112年11月15日","112年11月17日","0.01","    10,700.00","","",
="05764U","臺股指元大2B售47","0.81","－","IX0001","臺股指數","16,636.30","","認售","歐式","112年04月18日","112年11月17日","112年11月15日","112年11月17日","0.002","    14,900.00","","",
="05765U","飛宏群益2A售02","1.75","－","2457","飛宏","76.40","＋","認售","歐式","112年04月18日","112年10月17日","112年10月13日","112年10月17日","0.35","    60.00","","",
="05766P","大立光兆豐26售03","0.00","","3008","大立光","2,305.00","＋","認售","歐式","111年11月28日","112年06月27日","112年06月21日","112年06月27日","0.006","    1,960.26","","",
="05766U","緯創群益2A售04","0.16","－","3231","緯創","68.00","＋","認售","歐式","112年04月18日","112年10月17日","112年10月13日","112年10月17日","0.60","    40.00","","",
="05767U","玉晶光群益2A售02","1.20","","3406","玉晶光","400.00","＋","認售","歐式","112年04月18日","112年10月17日","112年10月13日","112年10月17日","0.04","    350.00","","",
="05768U","臺股指群益34售02","1.64","－","IX0001","臺股指數","16,636.30","","認售","歐式","112年04月18日","113年04月17日","113年04月15日","113年04月17日","0.005","    12,000.00","","",
="05769P","友達凱基26售02","0.00","","2409","友達","17.65","＋","認售","歐式","111年11月28日","112年06月27日","112年06月21日","112年06月27日","1.00","    14.50","","",
="05769U","臺股指群益34售03","1.66","－","IX0001","臺股指數","16,636.30","","認售","歐式","112年04月18日","113年04月17日","113年04月15日","113年04月17日","0.003","    13,500.00","","",
="05770U","士電元富2A售03","0.33","－","1503","士電","143.50","＋","認售","歐式","112年04月18日","112年10月17日","112年10月13日","112年10月17日","0.10","    90.00","","",
="05771U","士電元富31售01","0.65","－","1503","士電","143.50","＋","認售","歐式","112年04月18日","113年01月17日","113年01月15日","113年01月17日","0.15","    80.00","","",
="05772U","中華元富2A售02","0.24","","2204","中華","91.60","－","認售","歐式","112年04月18日","112年10月17日","112年10月13日","112年10月17日","0.20","    60.00","","",
="05773U","全訊元富2A售01","0.00","","5222","全訊","198.00","＋","認售","歐式","112年04月18日","112年10月17日","112年10月13日","112年10月17日","0.022","    190.00","","",
="05774U","全新麥證2A售01","0.50","－","2455","全新","100.00","","認售","歐式","112年04月18日","112年10月17日","112年10月13日","112年10月17日","0.05","    88.00","","",
="05775U","臺股指麥證31售05","0.47","－","IX0001","臺股指數","16,636.30","","認售","歐式","112年04月18日","113年01月17日","113年01月15日","113年01月17日","0.02","    9,000.00","","",
="05776U","臺股指麥證31售06","0.00","","IX0001","臺股指數","16,636.30","","認售","歐式","112年04月18日","113年01月17日","113年01月15日","113年01月17日","0.004","    14,000.00","","",
="05777U","漢翔群益2B售03","0.00","","2634","漢翔","55.80","＋","認售","歐式","112年04月19日","112年11月20日","112年11月16日","112年11月20日","0.25","    40.00","","",
="05778U","晶睿群益2A售03","0.00","","3454","晶睿","182.50","＋","認售","歐式","112年04月19日","112年10月18日","112年10月16日","112年10月18日","0.12","    200.00","","",
="05779U","華擎群益2B售01","0.53","－","3515","華擎","154.00","＋","認售","歐式","112年04月19日","112年11月20日","112年11月16日","112年11月20日","0.20","    85.00","","",
="05780U","台達電凱基2A售04","1.27","－","2308","台達電","315.50","－","認售","歐式","112年04月19日","112年10月18日","112年10月16日","112年10月18日","0.10","    270.00","","",
="05781U","宏達電凱基31售02","1.19","－","2498","宏達電","61.50","＋","認售","歐式","112年04月19日","113年01月18日","113年01月16日","113年01月18日","0.25","    50.00","","",
="05782U","漢翔凱基2A售07","0.77","－","2634","漢翔","55.80","＋","認售","歐式","112年04月19日","112年10月18日","112年10月16日","112年10月18日","0.25","    45.00","","",
="05783U","緯穎凱基2A售06","0.86","－","6669","緯穎","1,205.00","＋","認售","歐式","112年04月19日","112年10月18日","112年10月16日","112年10月18日","0.012","    980.00","","",
="05784U","中興電國票2B售01","0.00","","1513","中興電","113.50","＋","認售","歐式","112年04月19日","112年11月20日","112年11月16日","112年11月20日","1.00","    53.00","","",
="05785U","亞德客國票2B售02","0.00","","1590","亞德客-KY","1,040.00","＋","認售","歐式","112年04月19日","112年11月20日","112年11月16日","112年11月20日","0.01","    1,000.00","","",
="05786U","康舒國票2B售01","0.59","－","6282","康舒","44.05","＋","認售","歐式","112年04月19日","112年11月20日","112年11月16日","112年11月20日","0.728","    26.00","","",
="05787U","中興電國泰2C售02","0.57","－","1513","中興電","113.50","＋","認售","歐式","112年04月19日","112年12月18日","112年12月14日","112年12月18日","0.12","    81.75","","",
="05788U","台積電國泰2C售02","0.46","－","2330","台積電","568.00","＋","認售","歐式","112年04月19日","112年12月18日","112年12月14日","112年12月18日","0.20","    398.00","","",
="05789U","長榮航國泰2C售02","0.53","－","2618","長榮航","33.60","＋","認售","歐式","112年04月19日","112年12月18日","112年12月14日","112年12月18日","0.70","    23.00","","",
="05790U","緯創國泰2C售02","0.09","","3231","緯創","68.00","＋","認售","歐式","112年04月19日","112年12月18日","112年12月14日","112年12月18日","0.50","    35.06","","",
="05791P","台灣50國泰27售02","0.00","",="0050","元大台灣50","126.75","＋","認售","歐式","111年11月29日","112年07月28日","112年07月26日","112年07月28日","0.358","    97.80","","",
="05791U","台灣50富邦2B售03","0.25","－",="0050","元大台灣50","126.75","＋","認售","歐式","112年04月19日","112年11月20日","112年11月16日","112年11月20日","0.30","    105.00","","",
="05792P","長榮國泰27售05","0.32","－","2603","長榮","157.00","＋","認售","歐式","111年11月29日","112年07月28日","112年07月26日","112年07月28日","0.10","    123.00","","",
="05792U","國巨富邦2C售03","0.00","","2327","國巨","508.00","＋","認售","歐式","112年04月19日","112年12月18日","112年12月14日","112年12月18日","0.015","    500.00","","",
="05793P","聯電兆豐27售02","0.00","","2303","聯電","51.20","＋","認售","歐式","111年11月29日","112年07月28日","112年07月26日","112年07月28日","0.25","    42.80","","",
="05793U","臺股指富邦2B售08","0.00","","IX0001","臺股指數","16,636.30","","認售","歐式","112年04月19日","112年11月20日","112年11月16日","112年11月20日","0.001","    15,666.00","","",
="05794U","國巨元大2A售16","0.00","","2327","國巨","508.00","＋","認售","歐式","112年04月19日","112年10月18日","112年10月16日","112年10月18日","0.21","    333.00","","",
="05795P","世芯永豐26售02","0.00","","3661","世芯-KY","1,660.00","＋","認售","歐式","111年11月29日","112年06月28日","112年06月26日","112年06月28日","0.01","    638.28","","",
="05795U","台積電元大2A售44","0.37","－","2330","台積電","568.00","＋","認售","歐式","112年04月19日","112年10月18日","112年10月16日","112年10月18日","0.222","    365.00","","",
="05796U","長榮元大2A售41","0.00","","2603","長榮","157.00","＋","認售","歐式","112年04月19日","112年10月18日","112年10月16日","112年10月18日","1.00","    90.00","","",
="05797U","美食元大2A售04","1.22","＋","2723","美食-KY","152.50","－","認售","歐式","112年04月19日","112年10月18日","112年10月16日","112年10月18日","0.051","    149.00","","",
="05798U","奇鋐元大2A售08","0.00","","3017","奇鋐","206.00","－","認售","歐式","112年04月19日","112年10月18日","112年10月16日","112年10月18日","0.144","    107.00","","",
="05799U","緯創元大2A售05","0.14","－","3231","緯創","68.00","＋","認售","歐式","112年04月19日","112年10月18日","112年10月16日","112年10月18日","0.257","    42.25","","",
="05800U","創意元大2A售22","0.00","","3443","創意","1,515.00","＋","認售","歐式","112年04月19日","112年10月18日","112年10月16日","112年10月18日","0.012","    968.00","","",
="05801P","大立光康和26售03","0.00","","3008","大立光","2,305.00","＋","認售","歐式","111年11月29日","112年06月28日","112年06月26日","112年06月28日","0.008","    1,803.44","","",
="05801U","祥碩元大2A售06","1.31","－","5269","祥碩","1,300.00","＋","認售","歐式","112年04月19日","112年10月18日","112年10月16日","112年10月18日","0.007","    1,190.00","","",
="05802U","臺股指法興2A售06","0.75","－","IX0001","臺股指數","16,636.30","","認售","歐式","112年04月19日","112年10月18日","112年10月16日","112年10月18日","0.01","    13,000.00","","",
="05803U","臺股指法興2A售07","0.00","","IX0001","臺股指數","16,636.30","","認售","歐式","112年04月19日","112年10月18日","112年10月16日","112年10月18日","0.006","    13,900.00","","",
="05804U","臺股指法興2A售08","1.57","－","IX0001","臺股指數","16,636.30","","認售","歐式","112年04月19日","112年10月18日","112年10月16日","112年10月18日","0.005","    15,000.00","","",
="05805U","臺股指法興2A售09","1.67","－","IX0001","臺股指數","16,636.30","","認售","歐式","112年04月19日","112年10月18日","112年10月16日","112年10月18日","0.003","    15,800.00","","",
="05806U","臺股指法興2A售10","2.18","－","IX0001","臺股指數","16,636.30","","認售","歐式","112年04月19日","112年10月18日","112年10月16日","112年10月18日","0.002","    16,800.00","","",
="05807U","臺股指法興2A售11","1.69","－","IX0001","臺股指數","16,636.30","","認售","歐式","112年04月19日","112年10月18日","112年10月16日","112年10月18日","0.001","    17,600.00","","",
="05808U","S&P反1元富2A售02","0.76","",="00648R","元大S&P500反1","6.93","－","認售","歐式","112年04月19日","112年10月18日","112年10月16日","112年10月18日","1.00","    7.50","","",
="05809P","台灣50元富27售01","0.19","－",="0050","元大台灣50","126.75","＋","認售","歐式","111年11月29日","112年07月28日","112年07月26日","112年07月28日","0.358","    110.02","","",
="05809U","八貫元富2A售02","0.00","","1342","八貫","126.50","＋","認售","歐式","112年04月19日","112年10月18日","112年10月16日","112年10月18日","0.059","    130.00","","",
="05810U","東元元富2A售03","0.87","－","1504","東元","51.80","＋","認售","歐式","112年04月19日","112年10月18日","112年10月16日","112年10月18日","0.25","    42.00","","",
="05811U","晶華元富2A售02","0.00","","2707","晶華","288.00","＋","認售","歐式","112年04月19日","112年10月18日","112年10月16日","112年10月18日","0.059","    240.00","","",
="05812U","緯創元富2A售02","0.16","－","3231","緯創","68.00","＋","認售","歐式","112年04月19日","112年10月18日","112年10月16日","112年10月18日","0.70","    40.00","","",
="05813U","晶心科元富2A售04","1.33","－","6533","晶心科","511.00","＋","認售","歐式","112年04月19日","112年10月18日","112年10月16日","112年10月18日","0.035","    400.00","","",
="05814U","威鋒電元富2A售02","1.21","－","6756","威鋒電子","223.00","＋","認售","歐式","112年04月19日","112年10月18日","112年10月16日","112年10月18日","0.05","    188.00","","",
="05815U","視陽元富2A售04","0.00","","6782","視陽","230.00","＋","認售","歐式","112年04月19日","112年10月18日","112年10月16日","112年10月18日","0.03","    250.00","","",
="05816P","台灣50富邦29售02","0.00","",="0050","元大台灣50","126.75","＋","認售","歐式","111年11月29日","112年09月28日","112年09月26日","112年09月28日","0.205","    102.69","","",
="05816U","台灣50麥證2A售02","0.72","－",="0050","元大台灣50","126.75","＋","認售","歐式","112年04月19日","112年10月18日","112年10月16日","112年10月18日","0.18","    123.00","","",
="05817U","台積電麥證2B售05","0.00","","2330","台積電","568.00","＋","認售","歐式","112年04月19日","112年11月20日","112年11月16日","112年11月20日","0.15","    450.00","","",
="05818P","台積電凱基26售15","0.07","－","2330","台積電","568.00","＋","認售","歐式","111年11月29日","112年06月28日","112年06月26日","112年06月28日","0.05","    474.68","","",
="05818U","緯創麥證2A售05","0.07","－","3231","緯創","68.00","＋","認售","歐式","112年04月19日","112年10月18日","112年10月16日","112年10月18日","0.50","    40.00","","",
="05819U","臺股指麥證2A售10","0.49","－","IX0001","臺股指數","16,636.30","","認售","歐式","112年04月19日","112年10月18日","112年10月16日","112年10月18日","0.02","    11,111.00","","",
="05820U","創意國泰2C售02","0.25","－","3443","創意","1,515.00","＋","認售","歐式","112年04月20日","112年12月19日","112年12月15日","112年12月19日","0.02","    645.00","","",
="05821U","裕隆康和2A售01","0.00","","2201","裕隆","82.80","＋","認售","歐式","112年04月20日","112年10月19日","112年10月17日","112年10月19日","0.20","    62.00","","",
="05822U","飛宏國票2C售02","1.22","－","2457","飛宏","76.40","＋","認售","歐式","112年04月20日","112年12月19日","112年12月15日","112年12月19日","0.10","    70.00","","",
="05823U","世芯國票2A售06","0.72","－","3661","世芯-KY","1,660.00","＋","認售","歐式","112年04月20日","112年10月19日","112年10月17日","112年10月19日","0.005","    1,350.00","","",
="05824U","世紀鋼國票2A售02","0.00","","9958","世紀鋼","109.50","＋","認售","歐式","112年04月20日","112年10月19日","112年10月17日","112年10月19日","0.15","    90.00","","",
="05825U","台積電富邦2C售15","0.11","－","2330","台積電","568.00","＋","認售","歐式","112年04月20日","112年12月19日","112年12月15日","112年12月19日","0.08","    380.00","","",
="05826U","英業達凱基2A售02","0.00","","2356","英業達","37.50","＋","認售","歐式","112年04月20日","112年10月19日","112年10月17日","112年10月19日","0.50","    27.00","","",
="05827U","強茂凱基2A售01","0.95","","2481","強茂","70.20","＋","認售","歐式","112年04月20日","112年10月19日","112年10月17日","112年10月19日","0.15","    65.00","","",
="05828U","漢翔凱基2B售07","0.93","－","2634","漢翔","55.80","＋","認售","歐式","112年04月20日","112年11月20日","112年11月16日","112年11月20日","0.10","    55.00","","",
="05829U","緯創凱基2A售10","0.25","－","3231","緯創","68.00","＋","認售","歐式","112年04月20日","112年10月19日","112年10月17日","112年10月19日","0.40","    40.00","","",
="05830U","世芯凱基2C售05","0.53","－","3661","世芯-KY","1,660.00","＋","認售","歐式","112年04月20日","112年12月19日","112年12月15日","112年12月19日","0.006","    1,100.00","","",
="05831P","臺股指群益26售01","0.03","－","IX0001","臺股指數","16,636.30","","認售","歐式","111年11月29日","112年06月28日","112年06月26日","112年06月28日","0.002","    14,000.00","","",
="05831U","臺股指凱基2C售29","0.89","－","IX0001","臺股指數","16,636.30","","認售","歐式","112年04月20日","112年12月19日","112年12月15日","112年12月19日","0.0025","    14,700.00","","",
="05832U","臺股指凱基31售13","0.97","－","IX0001","臺股指數","16,636.30","","認售","歐式","112年04月20日","113年01月19日","113年01月17日","113年01月19日","0.003","    14,000.00","","",
="05833U","長榮元大2A售42","0.00","","2603","長榮","157.00","＋","認售","歐式","112年04月20日","112年10月19日","112年10月17日","112年10月19日","0.083","    173.50","","",
="05834P","臺指2X國票26售01","0.00","",="00663L","國泰臺灣加權正2","119.40","＋","認售","歐式","111年11月30日","112年06月29日","112年06月27日","112年06月29日","0.15","    88.00","","",
="05834U","漢翔元大2C售03","0.56","－","2634","漢翔","55.80","＋","認售","歐式","112年04月20日","112年12月19日","112年12月15日","112年12月19日","0.30","    33.75","","",
="05835U","漢翔元大32售01","0.73","－","2634","漢翔","55.80","＋","認售","歐式","112年04月20日","113年02月19日","113年02月15日","113年02月19日","0.50","    29.00","","",
="05836U","奇鋐元大2A售10","0.00","","3017","奇鋐","206.00","－","認售","歐式","112年04月20日","112年10月19日","112年10月17日","112年10月19日","0.106","    121.00","","",
="05837U","創意元大2A售23","0.00","","3443","創意","1,515.00","＋","認售","歐式","112年04月20日","112年10月19日","112年10月17日","112年10月19日","0.005","    894.00","","",
="05838U","緯穎統一2C售02","0.55","－","6669","緯穎","1,205.00","＋","認售","歐式","112年04月20日","112年12月19日","112年12月15日","112年12月19日","0.003","    999.99","","",
="05839U","奇鋐元富2A售02","0.81","＋","3017","奇鋐","206.00","－","認售","歐式","112年04月20日","112年10月19日","112年10月17日","112年10月19日","0.10","    150.00","","",
="05840U","嘉澤元富2A售01","0.00","","3533","嘉澤","909.00","－","認售","歐式","112年04月20日","112年10月19日","112年10月17日","112年10月19日","0.017","    900.00","","",
="05841U","世芯元富2A售03","0.63","","3661","世芯-KY","1,660.00","＋","認售","歐式","112年04月20日","112年10月19日","112年10月17日","112年10月19日","0.011","    1,050.00","","",
="05842P","智原國票26售03","0.00","","3035","智原","173.50","＋","認售","歐式","111年11月30日","112年06月29日","112年06月27日","112年06月29日","0.298","    90.00","","",
="05842U","啟碁元富2A售01","0.00","","6285","啟碁","87.50","＋","認售","歐式","112年04月20日","112年10月19日","112年10月17日","112年10月19日","0.10","    100.00","","",
="05843P","創意國票26售02","0.00","","3443","創意","1,515.00","＋","認售","歐式","111年11月30日","112年06月29日","112年06月27日","112年06月29日","0.10","    370.00","","",
="05843U","洋基元富2A售03","1.09","－","6691","洋基工程","297.00","＋","認售","歐式","112年04月20日","112年10月19日","112年10月17日","112年10月19日","0.06","    250.00","","",
="05844P","T50正2凱基27售02","0.14","",="00631L","元大台灣50正2","129.10","＋","認售","歐式","111年11月30日","112年07月31日","112年07月27日","112年07月31日","0.10","    95.00","","",
="05844U","玉晶光麥證2A售02","0.00","","3406","玉晶光","400.00","＋","認售","歐式","112年04月20日","112年10月19日","112年10月17日","112年10月19日","0.016","    360.00","","",
="05845U","台驊控群益2A售01","0.00","","2636","台驊投控","71.70","","認售","歐式","112年04月20日","112年10月19日","112年10月17日","112年10月19日","0.428","    60.75","","",
="05846U","奇鋐群益2B售01","0.27","","3017","奇鋐","206.00","－","認售","歐式","112年04月20日","112年11月20日","112年11月16日","112年11月20日","0.04","    135.00","","",
="05847P","友達凱基26售03","0.00","","2409","友達","17.65","＋","認售","歐式","111年11月30日","112年06月29日","112年06月27日","112年06月29日","1.00","    13.00","","",
="05847U","聯詠群益2A售03","3.00","","3034","聯詠","423.50","＋","認售","歐式","112年04月20日","112年10月19日","112年10月17日","112年10月19日","0.09","    385.00","","",
="05848U","緯創群益2A售05","0.10","－","3231","緯創","68.00","＋","認售","歐式","112年04月20日","112年10月19日","112年10月17日","112年10月19日","1.00","    32.50","","",
="05849U","世芯群益2A售03","0.77","－","3661","世芯-KY","1,660.00","＋","認售","歐式","112年04月20日","112年10月19日","112年10月17日","112年10月19日","0.01","    1,111.00","","",
="05850P","創意凱基2A售02","0.00","","3443","創意","1,515.00","＋","認售","歐式","111年11月30日","112年10月02日","112年09月27日","112年10月02日","0.008","    550.00","","",
="05850U","眾達群益2B售02","0.50","－","4977","眾達-KY","113.00","＋","認售","歐式","112年04月20日","112年11月20日","112年11月16日","112年11月20日","0.09","    95.00","","",
="05851P","群創凱基26售02","0.00","","3481","群創","14.10","＋","認售","歐式","111年11月30日","112年06月29日","112年06月27日","112年06月29日","1.00","    10.00","","",
="05851U","啟碁群益2A售01","2.72","－","6285","啟碁","87.50","＋","認售","歐式","112年04月20日","112年10月19日","112年10月17日","112年10月19日","0.306","    80.00","","",
="05852U","穎崴群益2A售03","1.30","＋","6515","穎崴","830.00","－","認售","歐式","112年04月20日","112年10月19日","112年10月17日","112年10月19日","0.04","    550.00","","",
="05853U","愛普群益2B售05","1.41","","6531","愛普*","328.50","＋","認售","歐式","112年04月20日","112年11月20日","112年11月16日","112年11月20日","0.065","    250.00","","",
="05854U","臺股指群益2A售18","0.00","","IX0001","臺股指數","16,636.30","","認售","歐式","112年04月20日","112年10月19日","112年10月17日","112年10月19日","0.006","    12,500.00","","",
="05855P","臺指2X中信28售01","0.00","",="00663L","國泰臺灣加權正2","119.40","＋","認售","歐式","111年11月30日","112年08月29日","112年08月25日","112年08月29日","0.10","    60.00","","",
="05855U","臺股指群益2A售19","0.00","","IX0001","臺股指數","16,636.30","","認售","歐式","112年04月20日","112年10月19日","112年10月17日","112年10月19日","0.005","    13,500.00","","",
="05856U","臺股指群益2A售20","0.87","－","IX0001","臺股指數","16,636.30","","認售","歐式","112年04月20日","112年10月19日","112年10月17日","112年10月19日","0.004","    14,250.00","","",
="05857P","長榮統一26售17","0.00","","2603","長榮","157.00","＋","認售","歐式","111年11月30日","112年06月29日","112年06月27日","112年06月29日","0.10","    120.00","","",
="05857U","臺股指群益2A售21","0.00","","IX0001","臺股指數","16,636.30","","認售","歐式","112年04月20日","112年10月19日","112年10月17日","112年10月19日","0.004","    14,500.00","","",
="05858P","創意統一26售04","0.00","","3443","創意","1,515.00","＋","認售","歐式","111年11月30日","112年06月29日","112年06月27日","112年06月29日","0.008","    666.66","","",
="05858U","臺股指群益2A售22","0.00","","IX0001","臺股指數","16,636.30","","認售","歐式","112年04月20日","112年10月19日","112年10月17日","112年10月19日","0.004","    14,750.00","","",
="05859U","臺股指群益36售01","1.93","－","IX0001","臺股指數","16,636.30","","認售","歐式","112年04月20日","113年06月19日","113年06月17日","113年06月19日","0.005","    11,500.00","","",
="05860U","元日2X凱基32售01","0.00","",="00706L","期元大S&P日圓正2(原名：元大S&P日圓正2)","8.72","－","認售","歐式","112年04月21日","113年02月20日","113年02月16日","113年02月20日","0.91","    9.00","","",
="05861U","南亞科凱基2A售02","0.00","","2408","南亞科","71.20","－","認售","歐式","112年04月21日","112年10月20日","112年10月18日","112年10月20日","0.52","    52.00","","",
="05862U","奇鋐凱基2A售04","0.31","－","3017","奇鋐","206.00","－","認售","歐式","112年04月21日","112年10月20日","112年10月18日","112年10月20日","0.06","    140.00","","",
="05863U","愛普凱基2B售02","0.83","－","6531","愛普*","328.50","＋","認售","歐式","112年04月21日","112年11月20日","112年11月16日","112年11月20日","0.02","    300.00","","",
="05864U","緯穎凱基2A售07","0.75","－","6669","緯穎","1,205.00","＋","認售","歐式","112年04月21日","112年10月20日","112年10月18日","112年10月20日","0.02","    850.00","","",
="05865U","南電凱基2B售07","0.91","","8046","南電","302.50","－","認售","歐式","112年04月21日","112年11月20日","112年11月16日","112年11月20日","0.045","    240.00","","",
="05866U","生達元大2A售03","0.00","","1720","生達","70.80","＋","認售","歐式","112年04月21日","112年10月20日","112年10月18日","112年10月20日","0.115","    60.93","","",
="05867U","裕隆元大2A售11","1.99","－","2201","裕隆","82.80","＋","認售","歐式","112年04月21日","112年10月20日","112年10月18日","112年10月20日","0.151","    84.70","","",
="05868U","金像電元大2A售08","0.41","","2368","金像電","121.50","","認售","歐式","112年04月21日","112年10月20日","112年10月18日","112年10月20日","0.055","    100.00","","",
="05869U","漢唐元大2A售03","0.83","－","2404","漢唐","227.50","＋","認售","歐式","112年04月21日","112年10月20日","112年10月18日","112年10月20日","0.074","    169.50","","",
="05870U","健策元大2A售17","0.00","","3653","健策","616.00","＋","認售","歐式","112年04月21日","112年10月20日","112年10月18日","112年10月20日","0.038","    430.00","","",
="05871U","世芯元大2A售15","1.72","－","3661","世芯-KY","1,660.00","＋","認售","歐式","112年04月21日","112年10月20日","112年10月18日","112年10月20日","0.012","    1,300.00","","",
="05872U","穎崴元大2A售03","0.83","＋","6515","穎崴","830.00","－","認售","歐式","112年04月21日","112年10月20日","112年10月18日","112年10月20日","0.011","    650.00","","",
="05873U","拓凱國票2B售01","0.00","","4536","拓凱","196.50","＋","認售","歐式","112年04月21日","112年11月20日","112年11月16日","112年11月20日","0.069","    160.00","","",
="05874U","上証2X富邦2C售02","1.49","",="00633L","富邦上証正2","35.01","－","認售","歐式","112年04月21日","112年12月20日","112年12月18日","112年12月20日","0.30","    35.00","","",
="05875U","神基元富2A售03","0.98","","3005","神基","69.40","＋","認售","歐式","112年04月21日","112年10月20日","112年10月18日","112年10月20日","0.30","    53.00","","",
="05876U","台灣50群益2A售05","1.08","－",="0050","元大台灣50","126.75","＋","認售","歐式","112年04月21日","112年10月20日","112年10月18日","112年10月20日","0.50","    115.00","","",
="05877U","中興電群益2B售02","0.79","－","1513","中興電","113.50","＋","認售","歐式","112年04月21日","112年11月20日","112年11月16日","112年11月20日","0.12","    88.00","","",
="05878P","祥碩中信27售03","0.00","","5269","祥碩","1,300.00","＋","認售","歐式","111年12月16日","112年07月17日","112年07月13日","112年07月17日","0.01","    638.00","","",
="05878U","聯發科群益2B售06","0.00","","2454","聯發科","738.00","＋","認售","歐式","112年04月21日","112年11月20日","112年11月16日","112年11月20日","0.10","    475.00","","",
="05879P","南電中信27售03","0.06","","8046","南電","302.50","－","認售","歐式","111年12月16日","112年07月17日","112年07月13日","112年07月17日","0.042","    208.00","","",
="05879U","聯發科群益2B售07","0.00","","2454","聯發科","738.00","＋","認售","歐式","112年04月21日","112年11月20日","112年11月16日","112年11月20日","0.03","    600.00","","",
="05880P","華新國泰28售03","0.00","","1605","華新","46.60","＋","認售","歐式","111年12月16日","112年08月15日","112年08月11日","112年08月15日","0.50","    37.50","","",
="05880U","美食群益2B售01","0.00","","2723","美食-KY","152.50","－","認售","歐式","112年04月21日","112年11月20日","112年11月16日","112年11月20日","0.10","    108.80","","",
="05881U","瑞鼎群益2A售02","0.00","","3592","瑞鼎","348.00","＋","認售","歐式","112年04月21日","112年10月20日","112年10月18日","112年10月20日","0.03","    360.00","","",
="05882U","臺股指群益2C售03","1.88","－","IX0001","臺股指數","16,636.30","","認售","歐式","112年04月21日","112年12月20日","112年12月18日","112年12月20日","0.003","    15,300.00","","",
="05883P","聯發科國泰28售01","0.00","","2454","聯發科","738.00","＋","認售","歐式","111年12月16日","112年08月15日","112年08月11日","112年08月15日","0.03","    560.00","","",
="05883U","臺股指群益2C售04","1.69","－","IX0001","臺股指數","16,636.30","","認售","歐式","112年04月21日","112年12月20日","112年12月18日","112年12月20日","0.002","    15,700.00","","",
="05884P","南電國泰28售01","0.33","＋","8046","南電","302.50","－","認售","歐式","111年12月16日","112年08月15日","112年08月11日","112年08月15日","0.08","    210.00","","",
="05884U","電子類群益2C售02","1.34","－","IX0027","電子類","797.58","","認售","歐式","112年04月21日","112年12月20日","112年12月18日","112年12月20日","0.03","    740.00","","",
="05885P","美指2X元大26售02","0.00","",="00683L","期元大美元指正2(原名：元大美元指數正2)","21.98","－","認售","歐式","111年12月16日","112年06月15日","112年06月13日","112年06月15日","0.60","    21.00","","",
="05885U","TPK統一2A售01","0.00","","3673","TPK-KY","41.75","＋","認售","歐式","112年04月21日","112年10月20日","112年10月18日","112年10月20日","0.08","    45.67","","",
="058860","大成鋼凱基31購01","0.00","","2027","大成鋼","45.25","＋","認購","美式","111年01月06日","111年01月06日","113年01月03日","113年01月05日","0.159","    83.61","","",
="058862","鴻海凱基31購01","0.70","＋","2317","鴻海","105.50","＋","認購","美式","111年01月06日","111年01月06日","113年01月03日","113年01月05日","0.158","    160.60","","",
="058866","台積電凱基31購02","0.08","－","2330","台積電","568.00","＋","認購","美式","111年01月06日","111年01月06日","113年01月03日","113年01月05日","0.05","    1,643.50","","",
="05886P","元金2X元大26售02","0.00","",="00708L","期元大S&P黃金正2(原名：元大S&P黃金正2)","26.72","－","認售","歐式","111年12月16日","112年06月15日","112年06月13日","112年06月15日","0.50","    22.00","","",
="05886U","臺股指中信32售02","0.00","","IX0001","臺股指數","16,636.30","","認售","歐式","112年04月24日","113年02月23日","113年02月21日","113年02月23日","0.003","    8,888.00","","",
="05887U","中磊群益2B售02","0.00","","5388","中磊","93.30","＋","認售","歐式","112年04月24日","112年11月23日","112年11月21日","112年11月23日","0.25","    68.80","","",
="058881","長榮凱基31購01","0.00","","2603","長榮","157.00","＋","認購","美式","111年01月06日","111年01月06日","113年01月03日","113年01月05日","0.052","    1,930.40","","",
="058885","大立光凱基31購01","0.43","","3008","大立光","2,305.00","＋","認購","美式","111年01月06日","111年01月06日","113年01月03日","113年01月05日","0.007","    5,585.83","","",
="05888P","FB越南元大29售01","0.89","",="00885","富邦越南","11.45","＋","認售","歐式","111年12月16日","112年09月15日","112年09月13日","112年09月15日","1.00","    11.00","","",
="05888U","晶心科群益2C售01","1.23","－","6533","晶心科","511.00","＋","認售","歐式","112年04月24日","112年12月25日","112年12月21日","112年12月25日","0.024","    400.00","","",
="05889U","聯發科統一2A售07","0.00","","2454","聯發科","738.00","＋","認售","歐式","112年04月24日","112年10月23日","112年10月19日","112年10月23日","0.02","    598.88","","",
="05890U","美費半凱基31售01","0.98","－",="00830","國泰費城半導體","31.65","＋","認售","歐式","112年04月24日","113年01月23日","113年01月19日","113年01月23日","0.40","    27.00","","",
="05891U","生達凱基2A售02","0.00","","1720","生達","70.80","＋","認售","歐式","112年04月24日","112年10月23日","112年10月19日","112年10月23日","0.11","    55.46","","",
="05892P","中鴻元大26售02","0.00","","2014","中鴻","23.15","＋","認售","歐式","111年12月16日","112年06月15日","112年06月13日","112年06月15日","1.00","    17.00","","",
="05892U","鴻海凱基2A售16","0.71","－","2317","鴻海","105.50","＋","認售","歐式","112年04月24日","112年10月23日","112年10月19日","112年10月23日","0.20","    95.00","","",
="05893U","漢唐凱基2A售03","0.00","","2404","漢唐","227.50","＋","認售","歐式","112年04月24日","112年10月23日","112年10月19日","112年10月23日","0.10","    165.00","","",
="05894U","聯詠凱基2A售09","0.00","","3034","聯詠","423.50","＋","認售","歐式","112年04月24日","112年10月23日","112年10月19日","112年10月23日","0.04","    440.00","","",
="05895U","緯創凱基2A售11","0.21","－","3231","緯創","68.00","＋","認售","歐式","112年04月24日","112年10月23日","112年10月19日","112年10月23日","0.22","    46.00","","",
="05896U","世芯凱基2B售06","0.00","","3661","世芯-KY","1,660.00","＋","認售","歐式","112年04月24日","112年11月23日","112年11月21日","112年11月23日","0.01","    900.00","","",
="05897P","南亞科元大29售01","0.00","","2408","南亞科","71.20","－","認售","歐式","111年12月16日","112年09月15日","112年09月13日","112年09月15日","1.00","    31.50","","",
="05897U","美債2X元富2B售01","0.00","",="00688L","國泰20年美債正2","10.74","＋","認售","歐式","112年04月24日","112年11月23日","112年11月21日","112年11月23日","1.00","    10.50","","",
="05898P","大立光元大26售17","0.00","","3008","大立光","2,305.00","＋","認售","歐式","111年12月16日","112年06月15日","112年06月13日","112年06月15日","0.008","    1,916.15","","",
="05898U","緯創元富2A售04","0.16","－","3231","緯創","68.00","＋","認售","歐式","112年04月24日","112年10月23日","112年10月19日","112年10月23日","0.20","    45.00","","",
="05899P","欣興元大26售11","0.00","","3037","欣興","182.50","－","認售","歐式","111年12月16日","112年06月15日","112年06月13日","112年06月15日","0.085","    133.50","","",
="05899U","裕隆麥證2A售03","0.00","","2201","裕隆","82.80","＋","認售","歐式","112年04月24日","112年10月23日","112年10月19日","112年10月23日","0.18","    70.00","","",
="05900U","鴻海麥證2A售06","1.04","－","2317","鴻海","105.50","＋","認售","歐式","112年04月24日","112年10月23日","112年10月19日","112年10月23日","1.00","    80.00","","",
="05901P","南電元大26售09","0.00","","8046","南電","302.50","－","認售","歐式","111年12月16日","112年06月15日","112年06月13日","112年06月15日","0.039","    265.50","","",
="05901U","中興電國票2B售02","0.00","","1513","中興電","113.50","＋","認售","歐式","112年04月24日","112年11月23日","112年11月21日","112年11月23日","0.514","    65.00","","",
="05902U","奇鋐國票2B售02","0.00","","3017","奇鋐","206.00","－","認售","歐式","112年04月24日","112年11月23日","112年11月21日","112年11月23日","0.08","    120.00","","",
="05903U","緯創國票2B售03","0.00","","3231","緯創","68.00","＋","認售","歐式","112年04月24日","112年11月23日","112年11月21日","112年11月23日","0.30","    38.00","","",
="05904U","玉晶光國票2B售02","0.00","","3406","玉晶光","400.00","＋","認售","歐式","112年04月24日","112年11月23日","112年11月21日","112年11月23日","0.035","    360.00","","",
="05905P","臺股指元大27售09","0.00","","IX0001","臺股指數","16,636.30","","認售","歐式","111年12月16日","112年07月17日","112年07月13日","112年07月17日","0.004","    11,000.00","","",
="05905U","聯合再國票2B售01","0.00","","3576","聯合再生","20.30","＋","認售","歐式","112年04月24日","112年11月23日","112年11月21日","112年11月23日","0.50","    18.00","","",
="05906P","臺股指元大27售10","0.00","","IX0001","臺股指數","16,636.30","","認售","歐式","111年12月16日","112年07月17日","112年07月13日","112年07月17日","0.003","    11,600.00","","",
="05906U","合勤控國票2B售01","0.00","","3704","合勤控","43.85","＋","認售","歐式","112年04月24日","112年11月23日","112年11月21日","112年11月23日","0.50","    32.00","","",
="05907U","合勤控國票2C售01","0.00","","3704","合勤控","43.85","＋","認售","歐式","112年04月24日","112年12月25日","112年12月21日","112年12月25日","1.00","    23.00","","",
="05908P","臺股指元大27售11","0.00","","IX0001","臺股指數","16,636.30","","認售","歐式","111年12月16日","112年07月17日","112年07月13日","112年07月17日","0.003","    12,300.00","","",
="05908U","臺股指國票2C售06","1.03","－","IX0001","臺股指數","16,636.30","","認售","歐式","112年04月24日","112年12月25日","112年12月21日","112年12月25日","0.003","    14,250.00","","",
="05909P","臺股指元大27售12","0.00","","IX0001","臺股指數","16,636.30","","認售","歐式","111年12月16日","112年07月17日","112年07月13日","112年07月17日","0.002","    12,600.00","","",
="05909U","臺股指國票2C售07","0.96","－","IX0001","臺股指數","16,636.30","","認售","歐式","112年04月24日","112年12月25日","112年12月21日","112年12月25日","0.004","    13,500.00","","",
="05910U","臺股指國泰2A售03","0.00","","IX0001","臺股指數","16,636.30","","認售","歐式","112年04月24日","112年10月23日","112年10月19日","112年10月23日","0.002","    14,300.00","","",
="05911U","臺股指國泰2A售04","0.00","","IX0001","臺股指數","16,636.30","","認售","歐式","112年04月24日","112年10月23日","112年10月19日","112年10月23日","0.002","    14,700.00","","",
="05912U","萬海富邦2C售02","0.00","","2615","萬海","60.00","＋","認售","歐式","112年04月24日","112年12月25日","112年12月21日","112年12月25日","0.12","    60.00","","",
="05913U","FBNQ2X元大2B售03","0.46","－",="00670L","富邦NASDAQ正2","78.90","＋","認售","歐式","112年04月24日","112年11月23日","112年11月21日","112年11月23日","0.10","    58.00","","",
="05914U","聯電元大2A售08","0.00","","2303","聯電","51.20","＋","認售","歐式","112年04月24日","112年10月23日","112年10月19日","112年10月23日","1.00","    41.80","","",
="05915U","南亞科元大2A售06","0.00","","2408","南亞科","71.20","－","認售","歐式","112年04月24日","112年10月23日","112年10月19日","112年10月23日","0.851","    49.15","","",
="05916U","奇鋐元大2A售12","0.16","","3017","奇鋐","206.00","－","認售","歐式","112年04月24日","112年10月23日","112年10月19日","112年10月23日","0.242","    91.50","","",
="05917U","緯創元大2A售08","0.21","＋","3231","緯創","68.00","＋","認售","歐式","112年04月24日","112年10月23日","112年10月19日","112年10月23日","0.60","    36.70","","",
="059181","國巨凱基31購01","0.40","＋","2327","國巨","508.00","＋","認購","美式","111年01月07日","111年01月07日","113年01月04日","113年01月08日","0.021","    1,202.16","","",
="059185","台積電凱基27購01","0.00","","2330","台積電","568.00","＋","認購","美式","111年01月07日","111年01月07日","112年07月04日","112年07月06日","0.05","    1,459.69","","",
="05918P","臺股指元大27售13","0.04","","IX0001","臺股指數","16,636.30","","認售","歐式","111年12月16日","112年07月17日","112年07月13日","112年07月17日","0.002","    13,400.00","","",
="05918U","玉晶光元大2A售09","1.41","","3406","玉晶光","400.00","＋","認售","歐式","112年04月24日","112年10月23日","112年10月19日","112年10月23日","0.03","    390.50","","",
="05919U","創意元大2A售24","0.53","－","3443","創意","1,515.00","＋","認售","歐式","112年04月24日","112年10月23日","112年10月19日","112年10月23日","0.017","    766.00","","",
="05920U","健策元大2A售18","0.09","","3653","健策","616.00","＋","認售","歐式","112年04月24日","112年10月23日","112年10月19日","112年10月23日","0.315","    237.00","","",
="05921U","聯發科統一2A售08","0.00","","2454","聯發科","738.00","＋","認售","歐式","112年04月25日","112年10月24日","112年10月20日","112年10月24日","0.03","    650.00","","",
="05922U","奇鋐統一2C售03","0.72","＋","3017","奇鋐","206.00","－","認售","歐式","112年04月25日","112年12月25日","112年12月21日","112年12月25日","0.05","    140.00","","",
="05923P","臺股指元大2A售23","0.00","","IX0001","臺股指數","16,636.30","","認售","歐式","111年12月16日","112年10月16日","112年10月12日","112年10月16日","0.002","    12,700.00","","",
="05923U","祥碩統一2A售03","0.65","－","5269","祥碩","1,300.00","＋","認售","歐式","112年04月25日","112年10月24日","112年10月20日","112年10月24日","0.005","    1,100.00","","",
="05924U","緯穎統一2A售02","0.88","－","6669","緯穎","1,205.00","＋","認售","歐式","112年04月25日","112年10月24日","112年10月20日","112年10月24日","0.008","    1,000.00","","",
="05925P","A50正2國票27售03","0.75","",="00655L","國泰中國A50正2","24.65","－","認售","歐式","111年12月19日","112年07月18日","112年07月14日","112年07月18日","0.479","    24.00","","",
="05925U","樺漢國票2B售01","0.00","","6414","樺漢","281.00","＋","認售","歐式","112年04月25日","112年11月24日","112年11月22日","112年11月24日","0.064","    200.00","","",
="05926P","智邦國票27售01","0.05","","2345","智邦","357.50","＋","認售","歐式","111年12月19日","112年07月18日","112年07月14日","112年07月18日","0.06","    220.00","","",
="05926U","台積電富邦2C售17","0.00","","2330","台積電","568.00","＋","認售","歐式","112年04月25日","112年12月25日","112年12月21日","112年12月25日","0.06","    420.00","","",
="05927U","欣興元大2A售19","0.68","＋","3037","欣興","182.50","－","認售","歐式","112年04月25日","112年10月24日","112年10月20日","112年10月24日","0.092","    135.50","","",
="05928U","緯創元大2A售09","0.06","－","3231","緯創","68.00","＋","認售","歐式","112年04月25日","112年10月24日","112年10月20日","112年10月24日","1.00","    30.00","","",
="05929P","威盛國票27售05","0.00","","2388","威盛","83.10","＋","認售","歐式","111年12月19日","112年07月18日","112年07月14日","112年07月18日","0.50","    50.00","","",
="05929U","緯創元大34售01","0.22","－","3231","緯創","68.00","＋","認售","歐式","112年04月25日","113年04月24日","113年04月22日","113年04月24日","1.00","    25.00","","",
="05930P","怡利電國票27售02","0.00","","2497","怡利電","71.30","＋","認售","歐式","111年12月19日","112年07月18日","112年07月14日","112年07月18日","0.15","    60.00","","",
="05930U","敦泰元大2A售03","0.00","","3545","敦泰","83.70","＋","認售","歐式","112年04月25日","112年10月24日","112年10月20日","112年10月24日","0.096","    83.90","","",
="05931P","陽明國票27售03","0.00","","2609","陽明","62.00","＋","認售","歐式","111年12月19日","112年07月18日","112年07月14日","112年07月18日","0.20","    60.00","","",
="05931U","滬深2X元富2A售03","2.17","－",="00637L","元大滬深300正2","13.77","－","認售","歐式","112年04月25日","112年10月24日","112年10月20日","112年10月24日","1.00","    15.00","","",
="059327","鴻海凱基31購02","0.55","＋","2317","鴻海","105.50","＋","認購","美式","111年01月10日","111年01月10日","113年01月05日","113年01月09日","0.105","    190.19","","",
="05932P","晶豪科國票26售02","0.00","","3006","晶豪科","88.20","＋","認售","歐式","111年12月19日","112年06月19日","112年06月15日","112年06月19日","0.15","    65.00","","",
="05932U","美時元富2A售02","0.00","","1795","美時","330.50","＋","認售","歐式","112年04月25日","112年10月24日","112年10月20日","112年10月24日","0.04","    260.00","","",
="05933U","世紀鋼元富2A售02","1.42","","9958","世紀鋼","109.50","＋","認售","歐式","112年04月25日","112年10月24日","112年10月20日","112年10月24日","0.10","    105.00","","",
="05934P","晶豪科國票27售01","0.00","","3006","晶豪科","88.20","＋","認售","歐式","111年12月19日","112年07月18日","112年07月14日","112年07月18日","0.50","    45.00","","",
="05934U","聯發科麥證2A售05","0.46","－","2454","聯發科","738.00","＋","認售","歐式","112年04月25日","112年10月24日","112年10月20日","112年10月24日","0.50","    380.00","","",
="05935P","智原國票27售02","0.00","","3035","智原","173.50","＋","認售","歐式","111年12月19日","112年07月18日","112年07月14日","112年07月18日","0.032","    160.00","","",
="05935U","國巨群益2A售02","0.00","","2327","國巨","508.00","＋","認售","歐式","112年04月25日","112年10月24日","112年10月20日","112年10月24日","0.04","    430.00","","",
="05936P","景碩國票27售02","0.41","－","3189","景碩","116.00","＋","認售","歐式","111年12月19日","112年07月18日","112年07月14日","112年07月18日","0.08","    105.00","","",
="05936U","智邦群益2A售02","0.99","","2345","智邦","357.50","＋","認售","歐式","112年04月25日","112年10月24日","112年10月20日","112年10月24日","0.20","    200.00","","",
="05937U","奇鋐群益2B售02","0.29","－","3017","奇鋐","206.00","－","認售","歐式","112年04月25日","112年11月24日","112年11月22日","112年11月24日","0.20","    92.00","","",
="05938U","聯詠群益2A售04","0.00","","3034","聯詠","423.50","＋","認售","歐式","112年04月25日","112年10月24日","112年10月20日","112年10月24日","0.07","    400.00","","",
="05939U","景碩群益2A售02","0.89","－","3189","景碩","116.00","＋","認售","歐式","112年04月25日","112年10月24日","112年10月20日","112年10月24日","0.07","    105.00","","",
="05940U","康舒群益2B售02","1.56","－","6282","康舒","44.05","＋","認售","歐式","112年04月25日","112年11月24日","112年11月22日","112年11月24日","0.30","    40.00","","",
="05941U","南電群益2A售03","0.00","","8046","南電","302.50","－","認售","歐式","112年04月25日","112年10月24日","112年10月20日","112年10月24日","0.17","    200.00","","",
="05942P","三福化國票26售01","0.00","","4755","三福化","131.00","＋","認售","歐式","111年12月19日","112年06月19日","112年06月15日","112年06月19日","0.06","    120.00","","",
="05942U","富邦媒群益2A售03","0.00","","8454","富邦媒","703.00","＋","認售","歐式","112年04月25日","112年10月24日","112年10月20日","112年10月24日","0.01","    750.00","","",
="05943U","台灣50凱基2B售10","0.81","－",="0050","元大台灣50","126.75","＋","認售","歐式","112年04月25日","112年11月24日","112年11月22日","112年11月24日","0.20","    121.00","","",
="05944U","華新凱基2A售09","0.00","","1605","華新","46.60","＋","認售","歐式","112年04月25日","112年10月24日","112年10月20日","112年10月24日","0.25","    50.00","","",
="05945P","三福化國票27售01","0.00","","4755","三福化","131.00","＋","認售","歐式","111年12月19日","112年07月18日","112年07月14日","112年07月18日","0.12","    90.00","","",
="05945U","瑞昱凱基2A售03","0.00","","2379","瑞昱","388.00","＋","認售","歐式","112年04月25日","112年10月24日","112年10月20日","112年10月24日","0.10","    300.00","","",
="05946U","奇鋐凱基2A售05","0.00","","3017","奇鋐","206.00","－","認售","歐式","112年04月25日","112年10月24日","112年10月20日","112年10月24日","0.08","    125.00","","",
="05947P","新唐國票27售01","0.29","－","4919","新唐","130.50","＋","認售","歐式","111年12月19日","112年07月18日","112年07月14日","112年07月18日","0.08","    110.00","","",
="05947U","創意凱基2A售16","0.37","－","3443","創意","1,515.00","＋","認售","歐式","112年04月25日","112年10月24日","112年10月20日","112年10月24日","0.007","    1,020.00","","",
="05948U","嘉澤凱基2A售04","0.00","","3533","嘉澤","909.00","－","認售","歐式","112年04月25日","112年10月24日","112年10月20日","112年10月24日","0.02","    825.00","","",
="05949U","世芯凱基2B售07","0.55","－","3661","世芯-KY","1,660.00","＋","認售","歐式","112年04月25日","112年11月24日","112年11月22日","112年11月24日","0.005","    1,200.00","","",
="05950U","同欣電中信2A售02","0.00","","6271","同欣電","179.50","＋","認售","歐式","112年04月26日","112年10月25日","112年10月23日","112年10月25日","0.15","    100.00","","",
="05951P","立積國票27售02","0.00","","4968","立積","170.00","＋","認售","歐式","111年12月19日","112年07月18日","112年07月14日","112年07月18日","0.075","    105.00","","",
="05951U","美食群益2A售01","1.42","＋","2723","美食-KY","152.50","－","認售","歐式","112年04月26日","112年10月25日","112年10月23日","112年10月25日","0.10","    128.80","","",
="05952P","祥碩國票26售02","0.00","","5269","祥碩","1,300.00","＋","認售","歐式","111年12月19日","112年06月19日","112年06月15日","112年06月19日","0.012","    700.00","","",
="05952U","富邦金群益2A售02","0.00","","2881","富邦金","61.10","＋","認售","歐式","112年04月26日","112年10月25日","112年10月23日","112年10月25日","1.00","    46.50","","",
="05953P","祥碩國票27售02","0.00","","5269","祥碩","1,300.00","＋","認售","歐式","111年12月19日","112年07月18日","112年07月14日","112年07月18日","0.015","    600.00","","",
="05953U","大立光群益2C售02","0.00","","3008","大立光","2,305.00","＋","認售","歐式","112年04月26日","112年12月25日","112年12月21日","112年12月25日","0.02","    1,280.80","","",
="059543","大立光第一28購01","0.16","＋","3008","大立光","2,305.00","＋","認購","美式","111年01月11日","111年01月11日","112年08月08日","112年08月10日","0.001","    2,886.01","","",
="05954P","祥碩國票28售01","0.00","","5269","祥碩","1,300.00","＋","認售","歐式","111年12月19日","112年08月18日","112年08月16日","112年08月18日","0.025","    500.00","","",
="05954U","創意群益2B售02","0.00","","3443","創意","1,515.00","＋","認售","歐式","112年04月26日","112年11月27日","112年11月23日","112年11月27日","0.015","    748.00","","",
="05955U","天鈺群益2A售01","1.31","－","4961","天鈺","154.00","＋","認售","歐式","112年04月26日","112年10月25日","112年10月23日","112年10月25日","0.18","    114.80","","",
="05956P","世紀鋼國票26售01","0.00","","9958","世紀鋼","109.50","＋","認售","歐式","111年12月19日","112年06月19日","112年06月15日","112年06月19日","0.35","    65.00","","",
="05956U","台積電元富2A售07","0.00","","2330","台積電","568.00","＋","認售","歐式","112年04月26日","112年10月25日","112年10月23日","112年10月25日","0.10","    450.00","","",
="05957P","大成鋼群益26售02","0.00","","2027","大成鋼","45.25","＋","認售","歐式","111年12月19日","112年06月19日","112年06月15日","112年06月19日","0.50","    36.00","","",
="05957U","長榮元富2A售07","6.40","－","2603","長榮","157.00","＋","認售","歐式","112年04月26日","112年10月25日","112年10月23日","112年10月25日","0.73","    135.00","","",
="05958P","瑞昱群益26售03","0.00","","2379","瑞昱","388.00","＋","認售","歐式","111年12月19日","112年06月19日","112年06月15日","112年06月19日","0.16","    228.00","","",
="05958U","富邦金元富2A售02","0.00","","2881","富邦金","61.10","＋","認售","歐式","112年04月26日","112年10月25日","112年10月23日","112年10月25日","1.00","    50.00","","",
="05959P","興富發群益27售01","0.00","","2542","興富發","42.10","－","認售","歐式","111年12月19日","112年07月18日","112年07月14日","112年07月18日","1.00","    32.00","","",
="05959U","開發金元富2A售02","0.76","＋","2883","開發金","12.80","－","認售","歐式","112年04月26日","112年10月25日","112年10月23日","112年10月25日","1.00","    12.00","","",
="05960U","玉山金元富2A售01","0.00","","2884","玉山金","25.80","＋","認售","歐式","112年04月26日","112年10月25日","112年10月23日","112年10月25日","1.00","    23.00","","",
="05961U","中信金元富2A售02","0.00","","2891","中信金","24.40","＋","認售","歐式","112年04月26日","112年10月25日","112年10月23日","112年10月25日","1.00","    20.00","","",
="05962U","貿聯元富2A售02","0.00","","3665","貿聯-KY","270.50","＋","認售","歐式","112年04月26日","112年10月25日","112年10月23日","112年10月25日","0.05","    240.00","","",
="05963P","中租群益27售01","0.20","","5871","中租-KY","210.50","＋","認售","歐式","111年12月19日","112年07月18日","112年07月14日","112年07月18日","0.15","    150.00","","",
="05963U","同欣電元富2A售02","0.88","","6271","同欣電","179.50","＋","認售","歐式","112年04月26日","112年10月25日","112年10月23日","112年10月25日","0.073","    145.00","","",
="05964P","啟碁群益26售01","0.00","","6285","啟碁","87.50","＋","認售","歐式","111年12月19日","112年06月19日","112年06月15日","112年06月19日","0.361","    70.00","","",
="05964U","台積電麥證2A售13","0.00","","2330","台積電","568.00","＋","認售","歐式","112年04月26日","112年10月25日","112年10月23日","112年10月25日","0.50","    350.00","","",
="05965U","台積電麥證2C售05","0.00","","2330","台積電","568.00","＋","認售","歐式","112年04月26日","112年12月25日","112年12月21日","112年12月25日","0.70","    300.00","","",
="05966U","東元國票2A售02","0.00","","1504","東元","51.80","＋","認售","歐式","112年04月26日","112年10月25日","112年10月23日","112年10月25日","0.50","    35.00","","",
="05967P","致新群益27售01","0.00","","8081","致新","191.50","＋","認售","歐式","111年12月19日","112年07月18日","112年07月14日","112年07月18日","0.15","    108.00","","",
="05967U","智邦國票2B售01","0.00","","2345","智邦","357.50","＋","認售","歐式","112年04月26日","112年11月27日","112年11月23日","112年11月27日","0.05","    240.00","","",
="05968U","南亞科國票2B售01","0.71","＋","2408","南亞科","71.20","－","認售","歐式","112年04月26日","112年11月27日","112年11月23日","112年11月27日","0.40","    50.00","","",
="05969P","東哥群益26售02","0.00","","8478","東哥遊艇","520.00","＋","認售","歐式","111年12月19日","112年06月19日","112年06月15日","112年06月19日","0.035","    255.00","","",
="05969U","景碩國票2B售01","0.00","","3189","景碩","116.00","＋","認售","歐式","112年04月26日","112年11月27日","112年11月23日","112年11月27日","0.10","    90.00","","",
="05970U","同欣電國票2B售01","0.00","","6271","同欣電","179.50","＋","認售","歐式","112年04月26日","112年11月27日","112年11月23日","112年11月27日","0.12","    120.00","","",
="05971P","電子類群益2A售01","0.00","","IX0027","電子類","797.58","","認售","歐式","111年12月19日","112年10月18日","112年10月16日","112年10月18日","0.06","    570.00","","",
="05971U","力積電國票2A售02","0.00","","6770","力積電","30.85","＋","認售","歐式","112年04月26日","112年10月25日","112年10月23日","112年10月25日","0.50","    30.00","","",
="05972P","電子類群益2A售02","0.00","","IX0027","電子類","797.58","","認售","歐式","111年12月19日","112年10月18日","112年10月16日","112年10月18日","0.06","    600.00","","",
="05972U","台灣50國泰2C售02","0.47","－",="0050","元大台灣50","126.75","＋","認售","歐式","112年04月26日","112年12月25日","112年12月21日","112年12月25日","0.50","    103.29","","",
="05973P","光罩元大26售04","0.00","","2338","光罩","81.80","＋","認售","歐式","111年12月19日","112年06月19日","112年06月15日","112年06月19日","0.15","    70.00","","",
="05973U","康舒國泰2C售01","1.13","","6282","康舒","44.05","＋","認售","歐式","112年04月26日","112年12月25日","112年12月21日","112年12月25日","0.50","    32.00","","",
="05974U","友達富邦2B售01","0.89","－","2409","友達","17.65","＋","認售","歐式","112年04月26日","112年11月27日","112年11月23日","112年11月27日","0.60","    16.00","","",
="05975U","華城元大2A售06","0.45","－","1519","華城","141.00","＋","認售","歐式","112年04月26日","112年10月25日","112年10月23日","112年10月25日","0.094","    85.50","","",
="05976U","國巨元大2A售17","1.40","－","2327","國巨","508.00","＋","認售","歐式","112年04月26日","112年10月25日","112年10月23日","112年10月25日","0.179","    348.00","","",
="05977U","台積電元大2A售46","0.20","－","2330","台積電","568.00","＋","認售","歐式","112年04月26日","112年10月25日","112年10月23日","112年10月25日","1.00","    300.00","","",
="05978U","台積電元大2A售47","0.00","","2330","台積電","568.00","＋","認售","歐式","112年04月26日","112年10月25日","112年10月23日","112年10月25日","0.198","    410.50","","",
="05979P","瑞昱元大26售03","0.00","","2379","瑞昱","388.00","＋","認售","歐式","111年12月19日","112年06月19日","112年06月15日","112年06月19日","0.055","    267.50","","",
="05979U","奇鋐元大2A售13","0.31","＋","3017","奇鋐","206.00","－","認售","歐式","112年04月26日","112年10月25日","112年10月23日","112年10月25日","0.072","    128.50","","",
="05980P","南亞科元大26售03","0.00","","2408","南亞科","71.20","－","認售","歐式","111年12月19日","112年06月19日","112年06月15日","112年06月19日","0.262","    52.50","","",
="05980U","聯詠元大2A售11","0.00","","3034","聯詠","423.50","＋","認售","歐式","112年04月26日","112年10月25日","112年10月23日","112年10月25日","0.18","    313.50","","",
="05981P","聯發科元大26售24","0.00","","2454","聯發科","738.00","＋","認售","歐式","111年12月19日","112年06月19日","112年06月15日","112年06月19日","0.241","    439.50","","",
="05981U","聯詠元大2A售13","0.00","","3034","聯詠","423.50","＋","認售","歐式","112年04月26日","112年10月25日","112年10月23日","112年10月25日","0.131","    329.50","","",
="05982U","聯詠元大2A售15","0.00","","3034","聯詠","423.50","＋","認售","歐式","112年04月26日","112年10月25日","112年10月23日","112年10月25日","0.035","    433.50","","",
="059831","聯電凱基31購01","0.79","","2303","聯電","51.20","＋","認購","美式","111年01月12日","111年01月12日","113年01月09日","113年01月11日","0.16","    75.13","","",
="05983P","緯穎元大26售03","0.00","","6669","緯穎","1,205.00","＋","認售","歐式","111年12月19日","112年06月19日","112年06月15日","112年06月19日","0.069","    559.00","","",
="05983U","欣興元大2A售20","0.68","＋","3037","欣興","182.50","－","認售","歐式","112年04月26日","112年10月25日","112年10月23日","112年10月25日","0.107","    131.00","","",
="05984P","南電元大26售11","0.00","","8046","南電","302.50","－","認售","歐式","111年12月19日","112年06月19日","112年06月15日","112年06月19日","0.051","    236.00","","",
="05984U","欣興元大2A售22","0.57","＋","3037","欣興","182.50","－","認售","歐式","112年04月26日","112年10月25日","112年10月23日","112年10月25日","0.106","    127.00","","",
="059857","聯發科元富31購01","0.00","","2454","聯發科","738.00","＋","認購","美式","111年01月12日","111年01月12日","113年01月09日","113年01月11日","0.004","    1,341.57","","",
="05985P","元金2X凱基2A售01","0.00","",="00708L","期元大S&P黃金正2(原名：元大S&P黃金正2)","26.72","－","認售","歐式","111年12月19日","112年10月18日","112年10月16日","112年10月18日","0.50","    22.00","","",
="05985U","緯創元大2A售10","0.13","－","3231","緯創","68.00","＋","認售","歐式","112年04月26日","112年10月25日","112年10月23日","112年10月25日","0.566","    34.95","","",
="05986P","台達電凱基28售02","0.00","","2308","台達電","315.50","－","認售","歐式","111年12月19日","112年08月18日","112年08月16日","112年08月18日","0.30","    200.00","","",
="05986U","緯創元大2A售12","0.23","－","3231","緯創","68.00","＋","認售","歐式","112年04月26日","112年10月25日","112年10月23日","112年10月25日","0.326","    40.90","","",
="05987U","緯創元大2A售14","0.24","－","3231","緯創","68.00","＋","認售","歐式","112年04月26日","112年10月25日","112年10月23日","112年10月25日","0.231","    43.60","","",
="05988P","旺宏凱基27售02","0.00","","2337","旺宏","33.40","＋","認售","歐式","111年12月19日","112年07月18日","112年07月14日","112年07月18日","1.00","    27.00","","",
="05988U","祥碩元大2A售07","0.50","－","5269","祥碩","1,300.00","＋","認售","歐式","112年04月26日","112年10月25日","112年10月23日","112年10月25日","0.02","    711.00","","",
="05989P","裕民凱基27售01","0.00","","2606","裕民","49.75","＋","認售","歐式","111年12月19日","112年07月18日","112年07月14日","112年07月18日","0.35","    38.00","","",
="05989U","智邦凱基2A售03","0.42","－","2345","智邦","357.50","＋","認售","歐式","112年04月26日","112年10月25日","112年10月23日","112年10月25日","0.10","    200.00","","",
="05990U","合勤控凱基2B售01","0.61","－","3704","合勤控","43.85","＋","認售","歐式","112年04月26日","112年11月27日","112年11月23日","112年11月27日","0.20","    34.00","","",
="05991U","緯創康和2A售04","0.00","","3231","緯創","68.00","＋","認售","歐式","112年04月27日","112年10月26日","112年10月24日","112年10月26日","0.65","    35.00","","",
="05992U","台灣50台新2B售01","1.96","－",="0050","元大台灣50","126.75","＋","認售","歐式","112年04月27日","112年11月27日","112年11月23日","112年11月27日","1.00","    110.53","","",
="05993U","華新兆豐2A售04","0.96","－","1605","華新","46.60","＋","認售","歐式","112年04月27日","112年10月26日","112年10月24日","112年10月26日","0.25","    42.00","","",
="05994U","國巨兆豐2A售02","0.00","","2327","國巨","508.00","＋","認售","歐式","112年04月27日","112年10月26日","112年10月24日","112年10月26日","0.038","    420.00","","",
="05995U","聯發科兆豐2A售05","0.00","","2454","聯發科","738.00","＋","認售","歐式","112年04月27日","112年10月26日","112年10月24日","112年10月26日","0.016","    650.00","","",
="05996U","大立光兆豐2B售05","0.38","－","3008","大立光","2,305.00","＋","認售","歐式","112年04月27日","112年11月27日","112年11月23日","112年11月27日","0.004","    1,950.00","","",
="05997U","義隆群益2B售01","0.00","","2458","義隆","104.00","＋","認售","歐式","112年04月27日","112年11月27日","112年11月23日","112年11月27日","0.25","    77.66","","",
="05998U","緯穎元富2A售04","1.14","","6669","緯穎","1,205.00","＋","認售","歐式","112年04月27日","112年10月26日","112年10月24日","112年10月26日","0.017","    900.00","","",
="05999U","新光鋼凱基2A售01","1.25","","2031","新光鋼","48.80","－","認售","歐式","112年04月27日","112年10月26日","112年10月24日","112年10月26日","0.40","    40.00","","",
="06000U","聯電凱基2B售06","0.00","","2303","聯電","51.20","＋","認售","歐式","112年04月27日","112年11月27日","112年11月23日","112年11月27日","0.35","    48.00","","",
="060014","華航凱基31購01","0.14","＋","2610","華航","21.65","＋","認購","美式","111年01月13日","111年01月13日","113年01月10日","113年01月12日","0.363","    96.44","","",
="06001U","台積電凱基2A售25","0.00","","2330","台積電","568.00","＋","認售","歐式","112年04月27日","112年10月26日","112年10月24日","112年10月26日","0.20","    410.00","","",
="06002U","國泰金凱基2A售02","0.00","","2882","國泰金","44.75","＋","認售","歐式","112年04月27日","112年10月26日","112年10月24日","112年10月26日","0.60","    38.00","","",
="06003P","晶華凱基27售01","0.00","","2707","晶華","288.00","＋","認售","歐式","111年12月19日","112年07月18日","112年07月14日","112年07月18日","0.08","    180.00","","",
="06003U","GIS凱基2A售02","0.00","","6456","GIS-KY","75.40","＋","認售","歐式","112年04月27日","112年10月26日","112年10月24日","112年10月26日","0.157","    66.75","","",
="06004P","聯詠凱基27售03","0.00","","3034","聯詠","423.50","＋","認售","歐式","111年12月19日","112年07月18日","112年07月14日","112年07月18日","0.10","    230.00","","",
="06004U","緯穎凱基2A售08","0.81","－","6669","緯穎","1,205.00","＋","認售","歐式","112年04月27日","112年10月26日","112年10月24日","112年10月26日","0.008","    1,030.00","","",
="06005U","臺股指凱基2C售30","1.02","－","IX0001","臺股指數","16,636.30","","認售","歐式","112年04月27日","112年12月26日","112年12月22日","112年12月26日","0.0015","    15,600.00","","",
="06006U","臺股指凱基31售16","0.00","","IX0001","臺股指數","16,636.30","","認售","歐式","112年04月27日","113年01月26日","113年01月24日","113年01月26日","0.01","    10,100.00","","",
="060079","台積電麥證26購01","0.00","","2330","台積電","568.00","＋","認購","歐式","111年01月13日","112年06月12日","112年06月08日","112年06月12日","0.04","    924.47","","",
="06007U","臺股指凱基31售17","0.00","","IX0001","臺股指數","16,636.30","","認售","歐式","112年04月27日","113年01月26日","113年01月24日","113年01月26日","0.008","    10,600.00","","",
="06008U","臺股指凱基32售05","0.75","－","IX0001","臺股指數","16,636.30","","認售","歐式","112年04月27日","113年02月26日","113年02月22日","113年02月26日","0.008","    9,000.00","","",
="06009U","南亞科元大2A售08","0.00","","2408","南亞科","71.20","－","認售","歐式","112年04月27日","112年10月26日","112年10月24日","112年10月26日","0.298","    58.60","","",
="06010P","欣興凱基26售06","0.00","","3037","欣興","182.50","－","認售","歐式","111年12月19日","112年06月19日","112年06月15日","112年06月19日","0.10","    130.00","","",
="06010U","美食元大2A售05","0.85","＋","2723","美食-KY","152.50","－","認售","歐式","112年04月27日","112年10月26日","112年10月24日","112年10月26日","0.232","    93.40","","",
="06011P","台勝科凱基27售01","0.00","","3532","台勝科","157.00","＋","認售","歐式","111年12月19日","112年07月18日","112年07月14日","112年07月18日","0.085","    115.00","","",
="06011U","玉晶光元大2A售10","0.00","","3406","玉晶光","400.00","＋","認售","歐式","112年04月27日","112年10月26日","112年10月24日","112年10月26日","0.067","    298.00","","",
="06012U","創意元大2A售25","0.00","","3443","創意","1,515.00","＋","認售","歐式","112年04月27日","112年10月26日","112年10月24日","112年10月26日","0.022","    702.00","","",
="06013U","晶睿元大2A售04","3.11","－","3454","晶睿","182.50","＋","認售","歐式","112年04月27日","112年10月26日","112年10月24日","112年10月26日","0.157","    154.50","","",
="06014P","智伸科凱基27售01","0.00","","4551","智伸科","129.00","－","認售","歐式","111年12月19日","112年07月18日","112年07月14日","112年07月18日","0.075","    120.00","","",
="06014U","三福化元大2A售02","0.00","","4755","三福化","131.00","＋","認售","歐式","112年04月27日","112年10月26日","112年10月24日","112年10月26日","0.063","    120.41","","",
="06015P","南電凱基27售03","0.00","","8046","南電","302.50","－","認售","歐式","111年12月19日","112年07月18日","112年07月14日","112年07月18日","0.06","    200.00","","",
="06015U","同欣電元大2A售02","1.08","","6271","同欣電","179.50","＋","認售","歐式","112年04月27日","112年10月26日","112年10月24日","112年10月26日","0.065","    156.75","","",
="06016U","臺股指元大2C售32","0.00","","IX0001","臺股指數","16,636.30","","認售","歐式","112年04月27日","112年12月26日","112年12月22日","112年12月26日","0.003","    13,500.00","","",
="06017P","台灣50元富26售04","0.00","",="0050","元大台灣50","126.75","＋","認售","歐式","111年12月19日","112年06月19日","112年06月15日","112年06月19日","0.409","    105.62","","",
="06017U","臺股指元大2C售33","0.85","－","IX0001","臺股指數","16,636.30","","認售","歐式","112年04月27日","112年12月26日","112年12月22日","112年12月26日","0.002","    14,700.00","","",
="06018P","玉晶光元富26售01","0.00","","3406","玉晶光","400.00","＋","認售","歐式","111年12月19日","112年06月19日","112年06月15日","112年06月19日","0.03","    340.00","","",
="06018U","臺股指元大31售24","0.62","","IX0001","臺股指數","16,636.30","","認售","歐式","112年04月27日","113年01月26日","113年01月24日","113年01月26日","0.003","    12,900.00","","",
="060193","友達第一28購01","0.00","","2409","友達","17.65","＋","認購","美式","111年01月14日","111年01月14日","112年08月10日","112年08月14日","0.059","    27.25","","",
="06019P","台泥麥證26售02","0.00","","1101","台泥","38.15","＋","認售","歐式","111年12月19日","112年06月19日","112年06月15日","112年06月19日","0.50","    32.00","","",
="06019U","臺股指元大31售25","0.00","","IX0001","臺股指數","16,636.30","","認售","歐式","112年04月27日","113年01月26日","113年01月24日","113年01月26日","0.002","    14,200.00","","",
="06020P","鴻海麥證26售05","0.00","","2317","鴻海","105.50","＋","認售","歐式","111年12月19日","112年06月19日","112年06月15日","112年06月19日","0.15","    95.00","","",
="06020U","臺股指元大31售26","0.70","－","IX0001","臺股指數","16,636.30","","認售","歐式","112年04月27日","113年01月26日","113年01月24日","113年01月26日","0.001","    15,500.00","","",
="06021U","裕隆麥證2C售01","1.12","－","2201","裕隆","82.80","＋","認售","歐式","112年04月27日","112年12月26日","112年12月22日","112年12月26日","0.20","    70.00","","",
="06022P","景碩麥證26售01","0.00","","3189","景碩","116.00","＋","認售","歐式","111年12月19日","112年06月19日","112年06月15日","112年06月19日","0.125","    100.00","","",
="06022U","臺股指麥證2A售11","0.97","－","IX0001","臺股指數","16,636.30","","認售","歐式","112年04月27日","112年10月26日","112年10月24日","112年10月26日","0.005","    14,000.00","","",
="06023P","T50正2永豐29售01","0.00","",="00631L","元大台灣50正2","129.10","＋","認售","歐式","111年12月19日","112年09月18日","112年09月14日","112年09月18日","0.33","    64.14","","",
="06023U","士電國票2B售02","0.00","","1503","士電","143.50","＋","認售","歐式","112年04月27日","112年11月27日","112年11月23日","112年11月27日","0.10","    85.00","","",
="06024P","聯發科富邦27售03","0.00","","2454","聯發科","738.00","＋","認售","歐式","111年12月19日","112年07月18日","112年07月14日","112年07月18日","0.016","    630.00","","",
="06024U","華城國票2B售02","0.36","－","1519","華城","141.00","＋","認售","歐式","112年04月27日","112年11月27日","112年11月23日","112年11月27日","0.989","    54.00","","",
="06025P","義隆富邦28售04","0.00","","2458","義隆","104.00","＋","認售","歐式","111年12月19日","112年08月18日","112年08月16日","112年08月18日","0.155","    72.75","","",
="06025U","世芯國票31售04","0.60","－","3661","世芯-KY","1,660.00","＋","認售","歐式","112年04月27日","113年01月26日","113年01月24日","113年01月26日","0.03","    605.00","","",
="06026P","技嘉群益26售03","0.00","","2376","技嘉","186.00","＋","認售","歐式","111年12月20日","112年06月19日","112年06月15日","112年06月19日","0.12","    105.00","","",
="06026U","新唐國票2B售01","0.00","","4919","新唐","130.50","＋","認售","歐式","112年04月27日","112年11月27日","112年11月23日","112年11月27日","0.07","    120.00","","",
="06027P","怡利電群益27售02","0.00","","2497","怡利電","71.30","＋","認售","歐式","111年12月20日","112年07月19日","112年07月17日","112年07月19日","0.20","    65.00","","",
="06027U","晶碩國票2B售02","0.00","","6491","晶碩","366.50","＋","認售","歐式","112年04月27日","112年11月27日","112年11月23日","112年11月27日","0.03","    340.00","","",
="06028P","晶華群益28售01","0.00","","2707","晶華","288.00","＋","認售","歐式","111年12月20日","112年08月21日","112年08月17日","112年08月21日","0.05","    210.00","","",
="06028U","臺股指國票31售02","0.00","","IX0001","臺股指數","16,636.30","","認售","歐式","112年04月27日","113年01月26日","113年01月24日","113年01月26日","0.004","    14,000.00","","",
="06029P","世芯群益26售07","0.00","","3661","世芯-KY","1,660.00","＋","認售","歐式","111年12月20日","112年06月19日","112年06月15日","112年06月19日","0.02","    500.00","","",
="06029U","瑞昱富邦2B售02","0.00","","2379","瑞昱","388.00","＋","認售","歐式","112年04月27日","112年11月27日","112年11月23日","112年11月27日","0.03","    300.00","","",
="06030P","愛普群益26售08","0.00","","6531","愛普*","328.50","＋","認售","歐式","111年12月20日","112年06月19日","112年06月15日","112年06月19日","0.10","    167.00","","",
="06030U","臺股指富邦32售01","0.00","","IX0001","臺股指數","16,636.30","","認售","歐式","112年04月27日","113年02月26日","113年02月22日","113年02月26日","0.002","    13,700.00","","",
="06031P","臺指2X國票27售01","0.00","",="00663L","國泰臺灣加權正2","119.40","＋","認售","歐式","111年12月20日","112年07月19日","112年07月17日","112年07月19日","0.218","    81.50","","",
="06031U","臺股指永豐31售01","0.47","－","IX0001","臺股指數","16,636.30","","認售","歐式","112年04月28日","113年01月29日","113年01月25日","113年01月29日","0.001","    14,900.00","","",
="06032P","中鴻國票27售02","0.00","","2014","中鴻","23.15","＋","認售","歐式","111年12月20日","112年07月19日","112年07月17日","112年07月19日","0.40","    24.00","","",
="06032U","聯電凱基2B售08","1.05","","2303","聯電","51.20","＋","認售","歐式","112年04月28日","112年11月27日","112年11月23日","112年11月27日","1.00","    40.00","","",
="06033U","台積電凱基2A售26","0.14","－","2330","台積電","568.00","＋","認售","歐式","112年04月28日","112年10月27日","112年10月25日","112年10月27日","1.00","    300.00","","",
="06034U","聯發科凱基2B售10","0.00","","2454","聯發科","738.00","＋","認售","歐式","112年04月28日","112年11月27日","112年11月23日","112年11月27日","0.038","    600.00","","",
="06035U","漢翔凱基2B售08","1.21","－","2634","漢翔","55.80","＋","認售","歐式","112年04月28日","112年11月27日","112年11月23日","112年11月27日","0.45","    38.00","","",
="06036U","緯創凱基2B售10","0.00","","3231","緯創","68.00","＋","認售","歐式","112年04月28日","112年11月27日","112年11月23日","112年11月27日","0.50","    35.00","","",
="06037U","創意凱基2B售15","0.16","－","3443","創意","1,515.00","＋","認售","歐式","112年04月28日","112年11月27日","112年11月23日","112年11月27日","0.013","    680.00","","",
="06038P","大立光國票27售03","0.37","","3008","大立光","2,305.00","＋","認售","歐式","111年12月20日","112年07月19日","112年07月17日","112年07月19日","0.007","    2,058.27","","",
="06038U","晶睿凱基2A售04","1.64","－","3454","晶睿","182.50","＋","認售","歐式","112年04月28日","112年10月27日","112年10月25日","112年10月27日","0.10","    150.00","","",
="06039P","智原國票27售03","0.00","","3035","智原","173.50","＋","認售","歐式","111年12月20日","112年07月19日","112年07月17日","112年07月19日","0.134","    120.00","","",
="06039U","三福化凱基2A售02","0.00","","4755","三福化","131.00","＋","認售","歐式","112年04月28日","112年10月27日","112年10月25日","112年10月27日","0.06","    110.00","","",
="06040U","新光鋼元富2A售03","1.72","＋","2031","新光鋼","48.80","－","認售","歐式","112年04月28日","112年10月27日","112年10月25日","112年10月27日","0.30","    45.00","","",
="060414","華航第一28購01","0.14","＋","2610","華航","21.65","＋","認購","美式","111年01月17日","111年01月17日","112年08月14日","112年08月16日","0.062","    29.31","","",
="06041P","欣興國票27售03","0.00","","3037","欣興","182.50","－","認售","歐式","111年12月20日","112年07月19日","112年07月17日","112年07月19日","0.16","    110.00","","",
="06041U","裕隆元富32售01","0.71","－","2201","裕隆","82.80","＋","認售","歐式","112年04月28日","113年02月27日","113年02月23日","113年02月27日","0.066","    75.00","","",
="06042U","國巨元富2A售02","0.00","","2327","國巨","508.00","＋","認售","歐式","112年04月28日","112年10月27日","112年10月25日","112年10月27日","0.10","    400.00","","",
="06043P","力智國票26售03","0.00","","6719","力智","303.00","＋","認售","歐式","111年12月20日","112年06月19日","112年06月15日","112年06月19日","0.03","    235.00","","",
="06043U","漢翔元富2A售01","1.27","－","2634","漢翔","55.80","＋","認售","歐式","112年04月28日","112年10月27日","112年10月25日","112年10月27日","0.23","    47.00","","",
="06044P","台積電兆豐29售02","0.00","","2330","台積電","568.00","＋","認售","歐式","111年12月20日","112年09月19日","112年09月15日","112年09月19日","0.04","    397.85","","",
="06044U","兆豐金麥證2A售01","0.57","","2886","兆豐金","36.20","＋","認售","歐式","112年04月28日","112年10月27日","112年10月25日","112年10月27日","1.00","    28.00","","",
="06045P","臺股指永豐27售01","0.00","","IX0001","臺股指數","16,636.30","","認售","歐式","111年12月20日","112年07月19日","112年07月17日","112年07月19日","0.002","    13,500.00","","",
="06045U","新光金麥證2A售01","0.66","－","2888","新光金","8.63","＋","認售","歐式","112年04月28日","112年10月27日","112年10月25日","112年10月27日","1.00","    8.00","","",
="06046U","欣興麥證2A售01","0.22","＋","3037","欣興","182.50","－","認售","歐式","112年04月28日","112年10月27日","112年10月25日","112年10月27日","0.25","    98.00","","",
="06047P","臺股指永豐27售02","0.00","","IX0001","臺股指數","16,636.30","","認售","歐式","111年12月20日","112年07月19日","112年07月17日","112年07月19日","0.003","    13,000.00","","",
="06047U","聯電元大2A售09","0.00","","2303","聯電","51.20","＋","認售","歐式","112年04月28日","112年10月27日","112年10月25日","112年10月27日","0.684","    44.25","","",
="06048U","瑞昱元大2A售03","0.00","","2379","瑞昱","388.00","＋","認售","歐式","112年04月28日","112年10月27日","112年10月25日","112年10月27日","0.461","    212.50","","",
="06049U","瑞昱元大2A售04","0.00","","2379","瑞昱","388.00","＋","認售","歐式","112年04月28日","112年10月27日","112年10月25日","112年10月27日","0.203","    247.50","","",
="06050U","玉山金元大2A售01","0.00","","2884","玉山金","25.80","＋","認售","歐式","112年04月28日","112年10月27日","112年10月25日","112年10月27日","0.632","    23.63","","",
="06051U","欣興元大2A售23","0.20","＋","3037","欣興","182.50","－","認售","歐式","112年04月28日","112年10月27日","112年10月25日","112年10月27日","0.556","    81.90","","",
="06052U","玉晶光元大2A售11","0.70","－","3406","玉晶光","400.00","＋","認售","歐式","112年04月28日","112年10月27日","112年10月25日","112年10月27日","0.033","    325.00","","",
="06053U","晶睿元大2A售05","2.35","－","3454","晶睿","182.50","＋","認售","歐式","112年04月28日","112年10月27日","112年10月25日","112年10月27日","0.096","    165.00","","",
="06054P","國企2X元大27售01","0.00","",="00665L","富邦恒生國企正2","7.02","－","認售","歐式","111年12月20日","112年07月19日","112年07月17日","112年07月19日","0.70","    7.50","","",
="06054U","晶睿元大2A售06","2.74","－","3454","晶睿","182.50","＋","認售","歐式","112年04月28日","112年10月27日","112年10月25日","112年10月27日","0.071","    190.00","","",
="06055P","華新元大26售10","0.00","","1605","華新","46.60","＋","認售","歐式","111年12月20日","112年06月19日","112年06月15日","112年06月19日","0.389","    38.20","","",
="06055U","世芯元大2A售16","0.57","","3661","世芯-KY","1,660.00","＋","認售","歐式","112年04月28日","112年10月27日","112年10月25日","112年10月27日","0.008","    1,050.00","","",
="06056P","瑞昱元大26售04","0.00","","2379","瑞昱","388.00","＋","認售","歐式","111年12月20日","112年06月19日","112年06月15日","112年06月19日","0.171","    211.50","","",
="06056U","新唐元大2A售04","0.92","－","4919","新唐","130.50","＋","認售","歐式","112年04月28日","112年10月27日","112年10月25日","112年10月27日","0.076","    114.50","","",
="06057U","晶心科元大2A售07","0.00","","6533","晶心科","511.00","＋","認售","歐式","112年04月28日","112年10月27日","112年10月25日","112年10月27日","0.013","    365.00","","",
="06058U","緯穎元大2A售09","1.32","－","6669","緯穎","1,205.00","＋","認售","歐式","112年04月28日","112年10月27日","112年10月25日","112年10月27日","0.013","    990.00","","",
="060591","新光金凱基31購01","0.09","＋","2888","新光金","8.63","＋","認購","美式","111年01月17日","111年01月17日","113年01月12日","113年01月16日","1.045","    28.70","","",
="060597","欣興凱基31購01","0.30","","3037","欣興","182.50","－","認購","美式","111年01月17日","111年01月17日","113年01月12日","113年01月16日","0.051","    488.93","","",
="06059U","台灣50群益2A售10","1.60","－",="0050","元大台灣50","126.75","＋","認售","歐式","112年04月28日","112年10月27日","112年10月25日","112年10月27日","1.00","    110.00","","",
="06060U","台灣50群益2A售11","0.00","",="0050","元大台灣50","126.75","＋","認售","歐式","112年04月28日","112年10月27日","112年10月25日","112年10月27日","0.30","    116.00","","",
="06061P","大立光元大26售18","0.00","","3008","大立光","2,305.00","＋","認售","歐式","111年12月20日","112年06月19日","112年06月15日","112年06月19日","0.01","    1,818.14","","",
="06061U","台灣50群益2A售12","0.91","－",="0050","元大台灣50","126.75","＋","認售","歐式","112年04月28日","112年10月27日","112年10月25日","112年10月27日","0.30","    119.00","","",
="06062P","中砂凱基26售04","0.00","","1560","中砂","114.50","－","認售","歐式","111年12月20日","112年06月19日","112年06月15日","112年06月19日","0.20","    80.00","","",
="06062U","台灣50群益2C售02","1.01","－",="0050","元大台灣50","126.75","＋","認售","歐式","112年04月28日","112年12月27日","112年12月25日","112年12月27日","1.00","    95.00","","",
="06063P","台積電凱基26售19","0.00","","2330","台積電","568.00","＋","認售","歐式","111年12月20日","112年06月19日","112年06月15日","112年06月19日","0.04","    467.47","","",
="06063U","亞德客群益2C售03","0.00","","1590","亞德客-KY","1,040.00","＋","認售","歐式","112年04月28日","112年12月27日","112年12月25日","112年12月27日","0.005","    880.00","","",
="06064U","威盛群益2A售07","0.00","","2388","威盛","83.10","＋","認售","歐式","112年04月28日","112年10月27日","112年10月25日","112年10月27日","0.427","    60.00","","",
="06065P","台積電凱基26售20","0.00","","2330","台積電","568.00","＋","認售","歐式","111年12月20日","112年06月19日","112年06月15日","112年06月19日","0.04","    437.63","","",
="06065U","長榮群益2B售03","1.30","－","2603","長榮","157.00","＋","認售","歐式","112年04月28日","112年11月27日","112年11月23日","112年11月27日","0.15","    130.00","","",
="06066U","長榮群益2B售04","3.06","－","2603","長榮","157.00","＋","認售","歐式","112年04月28日","112年11月27日","112年11月23日","112年11月27日","0.15","    153.00","","",
="060671","長榮第一28購01","0.00","","2603","長榮","157.00","＋","認購","美式","111年01月18日","111年01月18日","112年08月15日","112年08月17日","0.007","    299.99","","",
="06067P","台積電凱基26售21","0.00","","2330","台積電","568.00","＋","認售","歐式","111年12月20日","112年06月19日","112年06月15日","112年06月19日","0.07","    407.79","","",
="06067U","長榮群益2C售02","2.36","","2603","長榮","157.00","＋","認售","歐式","112年04月28日","112年12月27日","112年12月25日","112年12月27日","0.50","    105.00","","",
="06068U","愛普群益32售01","0.00","","6531","愛普*","328.50","＋","認售","歐式","112年04月28日","113年02月27日","113年02月23日","113年02月27日","0.064","    200.00","","",
="06069P","晶豪科凱基26售03","0.00","","3006","晶豪科","88.20","＋","認售","歐式","111年12月20日","112年06月19日","112年06月15日","112年06月19日","0.15","    65.00","","",
="06069U","華新國票2A售06","0.00","","1605","華新","46.60","＋","認售","歐式","112年04月28日","112年10月27日","112年10月25日","112年10月27日","0.30","    45.00","","",
="06070P","新唐凱基27售03","0.38","","4919","新唐","130.50","＋","認售","歐式","111年12月20日","112年07月19日","112年07月17日","112年07月19日","0.07","    115.00","","",
="06070U","陽明國票2A售03","1.58","","2609","陽明","62.00","＋","認售","歐式","112年04月28日","112年10月27日","112年10月25日","112年10月27日","0.25","    60.00","","",
="06071U","嘉澤國票2B售02","1.08","","3533","嘉澤","909.00","－","認售","歐式","112年04月28日","112年11月27日","112年11月23日","112年11月27日","0.04","    600.00","","",
="06072U","上品國票2B售02","0.00","","4770","上品","297.00","＋","認售","歐式","112年04月28日","112年11月27日","112年11月23日","112年11月27日","0.06","    200.00","","",
="06073P","晶心科凱基28售02","0.43","－","6533","晶心科","511.00","＋","認售","歐式","111年12月20日","112年08月21日","112年08月17日","112年08月21日","0.017","    400.00","","",
="06073U","穎崴國票2B售02","0.65","－","6515","穎崴","830.00","－","認售","歐式","112年04月28日","112年11月27日","112年11月23日","112年11月27日","0.016","    550.00","","",
="06074P","世紀鋼凱基27售04","0.00","","9958","世紀鋼","109.50","＋","認售","歐式","111年12月20日","112年07月19日","112年07月17日","112年07月19日","0.12","    75.00","","",
="06074U","緯穎國票2B售04","0.00","","6669","緯穎","1,205.00","＋","認售","歐式","112年04月28日","112年11月27日","112年11月23日","112年11月27日","0.008","    900.00","","",
="06075P","元黃金中信28售01","0.00","",="00635U","期元大S&P黃金(原名：元大S&P黃金)","24.50","－","認售","歐式","111年12月20日","112年08月21日","112年08月17日","112年08月21日","0.50","    22.00","","",
="06075U","南電國票2B售02","0.00","","8046","南電","302.50","－","認售","歐式","112年04月28日","112年11月27日","112年11月23日","112年11月27日","0.08","    200.00","","",
="06076U","臺股指富邦31售02","0.45","－","IX0001","臺股指數","16,636.30","","認售","歐式","112年04月28日","113年01月29日","113年01月25日","113年01月29日","0.001","    14,250.00","","",
="06077U","欣興中信31售02","0.00","","3037","欣興","182.50","－","認售","歐式","112年05月02日","113年01月02日","112年12月28日","113年01月02日","0.05","    120.00","","",
="06078P","技嘉中信27售02","0.00","","2376","技嘉","186.00","＋","認售","歐式","111年12月20日","112年07月19日","112年07月17日","112年07月19日","0.06","    108.00","","",
="06078U","士電凱基2C售02","0.25","－","1503","士電","143.50","＋","認售","歐式","112年05月02日","112年12月01日","112年11月29日","112年12月01日","0.10","    75.00","","",
="06079P","裕民中信27售02","0.00","","2606","裕民","49.75","＋","認售","歐式","111年12月20日","112年07月19日","112年07月17日","112年07月19日","0.30","    40.00","","",
="06079U","國巨凱基2B售04","1.13","－","2327","國巨","508.00","＋","認售","歐式","112年05月02日","112年11月01日","112年10月30日","112年11月01日","0.05","    410.00","","",
="06080U","旺宏凱基2B售02","0.00","","2337","旺宏","33.40","＋","認售","歐式","112年05月02日","112年11月01日","112年10月30日","112年11月01日","1.00","    26.00","","",
="06081P","健策中信27售02","0.02","","3653","健策","616.00","＋","認售","歐式","111年12月20日","112年07月19日","112年07月17日","112年07月19日","0.016","    368.00","","",
="06081U","瑞昱凱基2B售01","0.00","","2379","瑞昱","388.00","＋","認售","歐式","112年05月02日","112年11月01日","112年10月30日","112年11月01日","0.22","    230.00","","",
="06082U","長榮凱基2B售11","1.33","－","2603","長榮","157.00","＋","認售","歐式","112年05月02日","112年11月01日","112年10月30日","112年11月01日","0.15","    135.00","","",
="06083P","台灣50元富26售05","0.00","",="0050","元大台灣50","126.75","＋","認售","歐式","111年12月20日","112年06月19日","112年06月15日","112年06月19日","1.023","    99.75","","",
="06083U","萬海凱基2B售01","0.00","","2615","萬海","60.00","＋","認售","歐式","112年05月02日","112年11月01日","112年10月30日","112年11月01日","0.30","    53.00","","",
="06084U","聯詠凱基2B售02","0.00","","3034","聯詠","423.50","＋","認售","歐式","112年05月02日","112年11月01日","112年10月30日","112年11月01日","0.12","    310.00","","",
="06085P","華新元富26售01","0.00","","1605","華新","46.60","＋","認售","歐式","111年12月20日","112年06月19日","112年06月15日","112年06月19日","0.50","    39.50","","",
="06085U","欣興凱基2B售11","0.30","＋","3037","欣興","182.50","－","認售","歐式","112年05月02日","112年11月01日","112年10月30日","112年11月01日","0.09","    120.00","","",
="06086U","嘉澤凱基2B售03","0.73","＋","3533","嘉澤","909.00","－","認售","歐式","112年05月02日","112年11月01日","112年10月30日","112年11月01日","0.015","    750.00","","",
="06087U","新唐凱基2B售04","0.97","－","4919","新唐","130.50","＋","認售","歐式","112年05月02日","112年11月01日","112年10月30日","112年11月01日","0.08","    115.00","","",
="06088U","天鈺凱基2B售02","0.76","－","4961","天鈺","154.00","＋","認售","歐式","112年05月02日","112年11月01日","112年10月30日","112年11月01日","0.155","    110.00","","",
="06089U","中砂元大2B售04","0.69","","1560","中砂","114.50","－","認售","歐式","112年05月02日","112年11月01日","112年10月30日","112年11月01日","0.064","    104.50","","",
="06090P","華新元富26售02","0.00","","1605","華新","46.60","＋","認售","歐式","111年12月20日","112年06月19日","112年06月15日","112年06月19日","0.45","    43.50","","",
="06090U","聯電元大2B售07","0.00","","2303","聯電","51.20","＋","認售","歐式","112年05月02日","112年11月01日","112年10月30日","112年11月01日","1.00","    36.00","","",
="06091P","聯電元富26售02","0.00","","2303","聯電","51.20","＋","認售","歐式","111年12月20日","112年06月19日","112年06月15日","112年06月19日","0.75","    38.00","","",
="06091U","聯電元大2B售08","0.00","","2303","聯電","51.20","＋","認售","歐式","112年05月02日","112年11月01日","112年10月30日","112年11月01日","0.50","    43.85","","",
="06092P","聯電元富26售03","0.00","","2303","聯電","51.20","＋","認售","歐式","111年12月20日","112年06月19日","112年06月15日","112年06月19日","0.75","    42.00","","",
="06092U","智邦元大2B售01","1.02","－","2345","智邦","357.50","＋","認售","歐式","112年05月02日","112年11月01日","112年10月30日","112年11月01日","0.071","    257.00","","",
="06093P","國巨元富26售02","0.23","","2327","國巨","508.00","＋","認售","歐式","111年12月20日","112年06月19日","112年06月15日","112年06月19日","0.04","    450.00","","",
="06093U","強茂元大2B售02","0.93","","2481","強茂","70.20","＋","認售","歐式","112年05月02日","112年11月01日","112年10月30日","112年11月01日","0.166","    61.61","","",
="06094P","台積電元富26售07","0.00","","2330","台積電","568.00","＋","認售","歐式","111年12月20日","112年06月19日","112年06月15日","112年06月19日","0.121","    397.85","","",
="06094U","世芯元大2B售08","0.00","","3661","世芯-KY","1,660.00","＋","認售","歐式","112年05月02日","112年11月01日","112年10月30日","112年11月01日","0.011","    958.00","","",
="06095U","愛普元大2B售12","0.00","","6531","愛普*","328.50","＋","認售","歐式","112年05月02日","112年11月01日","112年10月30日","112年11月01日","0.099","    165.00","","",
="06096P","富邦金元富26售01","0.00","","2881","富邦金","61.10","＋","認售","歐式","111年12月20日","112年06月19日","112年06月15日","112年06月19日","1.00","    50.00","","",
="06096U","士電群益2C售03","0.00","","1503","士電","143.50","＋","認售","歐式","112年05月02日","112年12月01日","112年11月29日","112年12月01日","0.20","    85.00","","",
="06097P","臺指2X群益26售01","0.00","",="00663L","國泰臺灣加權正2","119.40","＋","認售","歐式","111年12月21日","112年06月20日","112年06月16日","112年06月20日","0.20","    83.00","","",
="06097U","美時群益31售02","1.29","－","1795","美時","330.50","＋","認售","歐式","112年05月02日","113年01月02日","112年12月28日","113年01月02日","0.10","    195.00","","",
="06098P","瑞昱群益26售04","0.00","","2379","瑞昱","388.00","＋","認售","歐式","111年12月21日","112年06月20日","112年06月16日","112年06月20日","0.20","    200.00","","",
="06098U","裕隆群益2B售04","0.00","","2201","裕隆","82.80","＋","認售","歐式","112年05月02日","112年11月01日","112年10月30日","112年11月01日","0.486","    50.00","","",
="06099P","愛普群益26售09","0.00","","6531","愛普*","328.50","＋","認售","歐式","111年12月21日","112年06月20日","112年06月16日","112年06月20日","0.10","    155.00","","",
="06099U","群創群益2C售02","0.86","－","3481","群創","14.10","＋","認售","歐式","112年05月02日","112年12月01日","112年11月29日","112年12月01日","1.00","    11.68","","",
="06100P","台積電第一26售03","0.00","","2330","台積電","568.00","＋","認售","歐式","111年12月21日","112年06月20日","112年06月16日","112年06月20日","0.101","    317.06","","",
="06100U","華擎群益2B售02","0.57","－","3515","華擎","154.00","＋","認售","歐式","112年05月02日","112年11月01日","112年10月30日","112年11月01日","0.084","    111.11","","",
="06101P","T50正2國票28售02","0.00","",="00631L","元大台灣50正2","129.10","＋","認售","歐式","111年12月21日","112年08月21日","112年08月17日","112年08月21日","0.10","    92.50","","",
="06101U","晶心科群益31售01","0.78","","6533","晶心科","511.00","＋","認售","歐式","112年05月02日","113年01月02日","112年12月28日","113年01月02日","0.03","    320.00","","",
="06102P","滬深2X國票27售04","0.00","",="00637L","元大滬深300正2","13.77","－","認售","歐式","111年12月21日","112年07月20日","112年07月18日","112年07月20日","1.00","    13.00","","",
="06102U","臺股指群益32售04","0.00","","IX0001","臺股指數","16,636.30","","認售","歐式","112年05月02日","113年02月01日","113年01月30日","113年02月01日","0.01","    10,200.00","","",
="06103U","臺股指群益32售05","0.00","","IX0001","臺股指數","16,636.30","","認售","歐式","112年05月02日","113年02月01日","113年01月30日","113年02月01日","0.01","    10,700.00","","",
="061044","台積電統一31購01","0.05","","2330","台積電","568.00","＋","認購","美式","111年01月19日","111年01月19日","113年01月16日","113年01月18日","0.008","    864.13","","",
="06104U","臺股指群益33售04","0.00","","IX0001","臺股指數","16,636.30","","認售","歐式","112年05月02日","113年03月01日","113年02月27日","113年03月01日","0.009","    9,000.00","","",
="06105P","美指2X國票28售02","0.00","",="00683L","期元大美元指正2(原名：元大美元指數正2)","21.98","－","認售","歐式","111年12月21日","112年08月21日","112年08月17日","112年08月21日","0.40","    22.00","","",
="06105U","台積電統一2B售11","0.00","","2330","台積電","568.00","＋","認售","歐式","112年05月02日","112年11月01日","112年10月30日","112年11月01日","0.016","    500.00","","",
="06106P","金像電國票27售03","0.00","","2368","金像電","121.50","","認售","歐式","111年12月21日","112年07月20日","112年07月18日","112年07月20日","0.828","    53.12","","",
="06106U","世芯統一2B售04","0.18","","3661","世芯-KY","1,660.00","＋","認售","歐式","112年05月02日","112年11月01日","112年10月30日","112年11月01日","0.005","    888.88","","",
="06107P","長榮國票27售04","0.00","","2603","長榮","157.00","＋","認售","歐式","111年12月21日","112年07月20日","112年07月18日","112年07月20日","0.06","    160.00","","",
="06107U","新光鋼國票2C售01","0.00","","2031","新光鋼","48.80","－","認售","歐式","112年05月02日","112年12月01日","112年11月29日","112年12月01日","1.00","    30.00","","",
="06108P","陽明國票26售03","0.00","","2609","陽明","62.00","＋","認售","歐式","111年12月21日","112年06月20日","112年06月16日","112年06月20日","0.15","    65.00","","",
="06108U","台積電國票2B售03","0.65","－","2330","台積電","568.00","＋","認售","歐式","112年05月02日","112年11月01日","112年10月30日","112年11月01日","0.04","    500.00","","",
="06109U","台積電國票2B售04","0.00","","2330","台積電","568.00","＋","認售","歐式","112年05月02日","112年11月01日","112年10月30日","112年11月01日","0.07","    460.00","","",
="06110P","華擎國票27售02","0.00","","3515","華擎","154.00","＋","認售","歐式","111年12月21日","112年07月20日","112年07月18日","112年07月20日","0.082","    130.00","","",
="06110U","台積電國票2B售05","0.00","","2330","台積電","568.00","＋","認售","歐式","112年05月02日","112年11月01日","112年10月30日","112年11月01日","0.10","    420.00","","",
="06111U","華邦電國票2C售01","0.37","－","2344","華邦電","26.90","＋","認售","歐式","112年05月02日","112年12月01日","112年11月29日","112年12月01日","1.00","    16.00","","",
="06112P","嘉澤國票27售02","0.00","","3533","嘉澤","909.00","－","認售","歐式","111年12月21日","112年07月20日","112年07月18日","112年07月20日","0.08","    517.47","","",
="06112U","台光電國票2C售01","0.00","","2383","台光電","204.50","＋","認售","歐式","112年05月02日","112年12月01日","112年11月29日","112年12月01日","0.10","    120.00","","",
="06113U","聯發科國票31售01","0.89","－","2454","聯發科","738.00","＋","認售","歐式","112年05月02日","113年01月02日","112年12月28日","113年01月02日","0.03","    600.00","","",
="06114U","欣興國票2C售01","0.32","＋","3037","欣興","182.50","－","認售","歐式","112年05月02日","112年12月01日","112年11月29日","112年12月01日","0.16","    100.00","","",
="06115U","聯詠國泰31售01","1.04","－","3034","聯詠","423.50","＋","認售","歐式","112年05月02日","113年01月02日","112年12月28日","113年01月02日","0.08","    331.60","","",
="06116U","台灣50富邦32售04","0.00","",="0050","元大台灣50","126.75","＋","認售","歐式","112年05月02日","113年02月01日","113年01月30日","113年02月01日","1.00","    90.00","","",
="06117P","長榮永豐27售03","0.51","－","2603","長榮","157.00","＋","認售","歐式","111年12月21日","112年07月20日","112年07月18日","112年07月20日","0.075","    136.21","","",
="06117U","台積電富邦31售01","0.00","","2330","台積電","568.00","＋","認售","歐式","112年05月02日","113年01月02日","112年12月28日","113年01月02日","0.03","    430.00","","",
="06118U","華城元富2B售02","0.35","－","1519","華城","141.00","＋","認售","歐式","112年05月02日","112年11月01日","112年10月30日","112年11月01日","0.19","    70.00","","",
="06119P","萬海永豐26售01","0.00","","2615","萬海","60.00","＋","認售","歐式","111年12月21日","112年06月20日","112年06月16日","112年06月20日","0.29","    57.34","","",
="06119U","台積電元富35售02","0.78","－","2330","台積電","568.00","＋","認售","歐式","112年05月02日","113年05月02日","113年04月29日","113年05月02日","0.04","    450.00","","",
="061207","台積電統一26購01","0.00","","2330","台積電","568.00","＋","認購","美式","111年01月20日","111年01月20日","112年06月15日","112年06月19日","0.017","    973.13","","",
="06120P","聯發科兆豐27售04","0.00","","2454","聯發科","738.00","＋","認售","歐式","111年12月21日","112年07月20日","112年07月18日","112年07月20日","0.018","    600.00","","",
="06120U","創意元富2B售02","0.55","－","3443","創意","1,515.00","＋","認售","歐式","112年05月02日","112年11月01日","112年10月30日","112年11月01日","0.02","    850.00","","",
="06121U","臺股指元富31售04","1.72","","IX0001","臺股指數","16,636.30","","認售","歐式","112年05月02日","113年01月02日","112年12月28日","113年01月02日","0.003","    14,800.00","","",
="06122P","台灣50凱基27售09","0.00","",="0050","元大台灣50","126.75","＋","認售","歐式","111年12月21日","112年07月20日","112年07月18日","112年07月20日","0.256","    109.53","","",
="06122U","台積電康和31售01","0.38","－","2330","台積電","568.00","＋","認售","歐式","112年05月03日","113年01月02日","112年12月28日","113年01月02日","0.15","    380.00","","",
="06123P","台灣50凱基28售06","0.00","",="0050","元大台灣50","126.75","＋","認售","歐式","111年12月21日","112年08月21日","112年08月17日","112年08月21日","0.307","    99.75","","",
="06123U","世芯統一32售08","0.00","","3661","世芯-KY","1,660.00","＋","認售","歐式","112年05月03日","113年02月02日","113年01月31日","113年02月02日","0.004","    1,063.60","","",
="06124U","士電國票2C售02","0.00","","1503","士電","143.50","＋","認售","歐式","112年05月03日","112年12月04日","112年11月30日","112年12月04日","0.07","    95.00","","",
="06125U","台積電國票2C售03","0.77","","2330","台積電","568.00","＋","認售","歐式","112年05月03日","112年12月04日","112年11月30日","112年12月04日","0.05","    480.00","","",
="06126P","T50正2凱基28售02","0.00","",="00631L","元大台灣50正2","129.10","＋","認售","歐式","111年12月21日","112年08月21日","112年08月17日","112年08月21日","0.15","    85.00","","",
="06126U","英業達國票2C售01","0.74","－","2356","英業達","37.50","＋","認售","歐式","112年05月03日","112年12月04日","112年11月30日","112年12月04日","1.00","    24.00","","",
="06127U","南亞科國票2C售01","0.89","－","2408","南亞科","71.20","－","認售","歐式","112年05月03日","112年12月04日","112年11月30日","112年12月04日","0.20","    60.00","","",
="06128U","晶睿國票2B售03","0.00","","3454","晶睿","182.50","＋","認售","歐式","112年05月03日","112年11月02日","112年10月31日","112年11月02日","0.04","    195.00","","",
="06129U","晶睿國票2C售02","0.00","","3454","晶睿","182.50","＋","認售","歐式","112年05月03日","112年12月04日","112年11月30日","112年12月04日","0.08","    150.00","","",
="06130U","瑞鼎國票2C售01","0.00","","3592","瑞鼎","348.00","＋","認售","歐式","112年05月03日","112年12月04日","112年11月30日","112年12月04日","0.03","    320.00","","",
="06131U","健策國票2C售01","0.00","","3653","健策","616.00","＋","認售","歐式","112年05月03日","112年12月04日","112年11月30日","112年12月04日","0.03","    380.00","","",
="06132U","力積電國票2C售02","0.00","","6770","力積電","30.85","＋","認售","歐式","112年05月03日","112年12月04日","112年11月30日","112年12月04日","0.60","    27.00","","",
="06133U","聯發科群益31售01","0.00","","2454","聯發科","738.00","＋","認售","歐式","112年05月03日","113年01月02日","112年12月28日","113年01月02日","0.50","    350.00","","",
="06134P","台積電凱基27售23","0.00","","2330","台積電","568.00","＋","認售","歐式","111年12月21日","112年07月20日","112年07月18日","112年07月20日","0.035","    457.52","","",
="06134U","聯發科群益31售02","0.84","－","2454","聯發科","738.00","＋","認售","歐式","112年05月03日","113年01月02日","112年12月28日","113年01月02日","0.035","    575.00","","",
="06135U","聯詠群益2B售01","1.11","","3034","聯詠","423.50","＋","認售","歐式","112年05月03日","112年11月02日","112年10月31日","112年11月02日","0.20","    265.00","","",
="06136U","世芯群益2B售01","2.01","－","3661","世芯-KY","1,660.00","＋","認售","歐式","112年05月03日","112年11月02日","112年10月31日","112年11月02日","0.02","    1,000.00","","",
="06137U","祥碩群益2C售02","0.89","－","5269","祥碩","1,300.00","＋","認售","歐式","112年05月03日","112年12月04日","112年11月30日","112年12月04日","0.015","    850.00","","",
="061389","聯發科第一28購02","0.00","","2454","聯發科","738.00","＋","認購","美式","111年01月21日","111年01月21日","112年08月17日","112年08月21日","0.002","    1,244.93","","",
="06138U","愛普群益2C售02","0.00","","6531","愛普*","328.50","＋","認售","歐式","112年05月03日","112年12月04日","112年11月30日","112年12月04日","0.03","    225.00","","",
="06139U","台灣50元大31售08","0.00","",="0050","元大台灣50","126.75","＋","認售","歐式","112年05月03日","113年01月02日","112年12月28日","113年01月02日","0.40","    104.00","","",
="06140U","台灣50元大31售09","0.63","－",="0050","元大台灣50","126.75","＋","認售","歐式","112年05月03日","113年01月02日","112年12月28日","113年01月02日","0.20","    116.00","","",
="06141U","台灣50元大32售04","0.00","",="0050","元大台灣50","126.75","＋","認售","歐式","112年05月03日","113年02月02日","113年01月31日","113年02月02日","0.40","    102.00","","",
="06142U","台灣50元大32售05","0.61","－",="0050","元大台灣50","126.75","＋","認售","歐式","112年05月03日","113年02月02日","113年01月31日","113年02月02日","0.20","    114.00","","",
="06143U","士電元大2B售03","0.00","","1503","士電","143.50","＋","認售","歐式","112年05月03日","112年11月02日","112年10月31日","112年11月02日","0.082","    89.68","","",
="06144U","士電元大2B售04","0.00","","1503","士電","143.50","＋","認售","歐式","112年05月03日","112年11月02日","112年10月31日","112年11月02日","0.064","    100.23","","",
="06145U","聯電元大2B售09","0.00","","2303","聯電","51.20","＋","認售","歐式","112年05月03日","112年11月02日","112年10月31日","112年11月02日","0.612","    44.95","","",
="06146U","旺宏元大2B售01","0.00","","2337","旺宏","33.40","＋","認售","歐式","112年05月03日","112年11月02日","112年10月31日","112年11月02日","0.55","    32.00","","",
="06147U","瑞昱元大2B售01","1.45","","2379","瑞昱","388.00","＋","認售","歐式","112年05月03日","112年11月02日","112年10月31日","112年11月02日","0.091","    302.50","","",
="06148U","飛宏元大2B售05","1.46","－","2457","飛宏","76.40","＋","認售","歐式","112年05月03日","112年11月02日","112年10月31日","112年11月02日","0.199","    63.75","","",
="06149U","漢翔元大31售03","0.67","－","2634","漢翔","55.80","＋","認售","歐式","112年05月03日","113年01月02日","112年12月28日","113年01月02日","0.056","    55.00","","",
="06150U","欣興元大2B售23","0.44","","3037","欣興","182.50","－","認售","歐式","112年05月03日","112年11月02日","112年10月31日","112年11月02日","0.247","    101.50","","",
="06151P","台積電凱基27售24","0.00","","2330","台積電","568.00","＋","認售","歐式","111年12月21日","112年07月20日","112年07月18日","112年07月20日","0.06","    427.69","","",
="06151U","玉晶光元大2B售05","0.00","","3406","玉晶光","400.00","＋","認售","歐式","112年05月03日","112年11月02日","112年10月31日","112年11月02日","0.067","    318.00","","",
="06152P","台積電凱基28售10","0.00","","2330","台積電","568.00","＋","認售","歐式","111年12月21日","112年08月21日","112年08月17日","112年08月21日","0.085","    397.85","","",
="06152U","世芯元大2B售09","0.79","－","3661","世芯-KY","1,660.00","＋","認售","歐式","112年05月03日","112年11月02日","112年10月31日","112年11月02日","0.005","    1,295.00","","",
="06153P","聯發科凱基27售06","0.31","－","2454","聯發科","738.00","＋","認售","歐式","111年12月21日","112年07月20日","112年07月18日","112年07月20日","0.035","    630.00","","",
="06153U","穎崴元大2B售02","0.00","","6515","穎崴","830.00","－","認售","歐式","112年05月03日","112年11月02日","112年10月31日","112年11月02日","0.011","    575.00","","",
="06154U","晶心科元大2B售08","0.00","","6533","晶心科","511.00","＋","認售","歐式","112年05月03日","112年11月02日","112年10月31日","112年11月02日","0.024","    344.50","","",
="06155P","欣興凱基27售03","0.00","","3037","欣興","182.50","－","認售","歐式","111年12月21日","112年07月20日","112年07月18日","112年07月20日","0.22","    100.00","","",
="06155U","緯穎元大2B售14","1.57","－","6669","緯穎","1,205.00","＋","認售","歐式","112年05月03日","112年11月02日","112年10月31日","112年11月02日","0.015","    988.00","","",
="06156P","創意凱基27售05","0.00","","3443","創意","1,515.00","＋","認售","歐式","111年12月21日","112年07月20日","112年07月18日","112年07月20日","0.02","    500.00","","",
="06156U","緯穎元大2B售15","1.57","－","6669","緯穎","1,205.00","＋","認售","歐式","112年05月03日","112年11月02日","112年10月31日","112年11月02日","0.015","    989.00","","",
="06157P","力智凱基26售03","0.00","","6719","力智","303.00","＋","認售","歐式","111年12月21日","112年06月20日","112年06月16日","112年06月20日","0.02","    220.00","","",
="06157U","緯穎元大2B售16","1.93","－","6669","緯穎","1,205.00","＋","認售","歐式","112年05月03日","112年11月02日","112年10月31日","112年11月02日","0.01","    1,170.00","","",
="06158P","台灣50元富26售06","0.00","",="0050","元大台灣50","126.75","＋","認售","歐式","111年12月21日","112年06月20日","112年06月16日","112年06月20日","0.511","    101.71","","",
="06158U","中華元富32售02","0.81","＋","2204","中華","91.60","－","認售","歐式","112年05月03日","113年02月02日","113年01月31日","113年02月02日","0.15","    70.00","","",
="06159U","緯穎元富2B售03","1.07","－","6669","緯穎","1,205.00","＋","認售","歐式","112年05月03日","112年11月02日","112年10月31日","112年11月02日","0.011","    1,000.00","","",
="06160P","台灣50元富29售02","0.00","",="0050","元大台灣50","126.75","＋","認售","歐式","111年12月21日","112年09月20日","112年09月18日","112年09月20日","0.511","    92.91","","",
="06160U","南電元富2B售03","0.94","＋","8046","南電","302.50","－","認售","歐式","112年05月03日","112年11月02日","112年10月31日","112年11月02日","0.05","    250.00","","",
="06161P","T50正2元富27售02","0.00","",="00631L","元大台灣50正2","129.10","＋","認售","歐式","111年12月21日","112年07月20日","112年07月18日","112年07月20日","0.158","    77.70","","",
="06161U","旺宏麥證2B售01","0.00","","2337","旺宏","33.40","＋","認售","歐式","112年05月03日","112年11月02日","112年10月31日","112年11月02日","0.60","    30.00","","",
="06162P","中鴻麥證26售01","0.00","","2014","中鴻","23.15","＋","認售","歐式","111年12月21日","112年06月20日","112年06月16日","112年06月20日","0.70","    22.88","","",
="06162U","富邦金麥證31售01","0.00","","2881","富邦金","61.10","＋","認售","歐式","112年05月03日","113年01月02日","112年12月28日","113年01月02日","1.00","    40.00","","",
="06163P","台積電麥證2C售01","0.00","","2330","台積電","568.00","＋","認售","歐式","111年12月21日","112年12月20日","112年12月18日","112年12月20日","0.015","    447.58","","",
="06163U","明泰麥證2B售01","1.35","","3380","明泰","37.30","＋","認售","歐式","112年05月03日","112年11月02日","112年10月31日","112年11月02日","1.00","    28.00","","",
="06164U","群臺2X凱基33售01","0.00","",="00685L","群益臺灣加權正2","46.05","＋","認售","歐式","112年05月03日","113年03月04日","113年02月29日","113年03月04日","0.258","    34.00","","",
="06165U","聯電凱基2B售09","0.85","","2303","聯電","51.20","＋","認售","歐式","112年05月03日","112年11月02日","112年10月31日","112年11月02日","0.70","    43.00","","",
="06166P","緯穎麥證26售02","0.00","","6669","緯穎","1,205.00","＋","認售","歐式","111年12月21日","112年06月20日","112年06月16日","112年06月20日","0.015","    750.00","","",
="06166U","台積電凱基2B售10","0.00","","2330","台積電","568.00","＋","認售","歐式","112年05月03日","112年11月02日","112年10月31日","112年11月02日","0.25","    390.00","","",
="06167P","T50正2元大2A售02","0.25","－",="00631L","元大台灣50正2","129.10","＋","認售","歐式","111年12月21日","112年10月20日","112年10月18日","112年10月20日","0.20","    60.00","","",
="06167U","南亞科凱基2B售03","0.28","＋","2408","南亞科","71.20","－","認售","歐式","112年05月03日","112年11月02日","112年10月31日","112年11月02日","1.00","    43.00","","",
="06168P","華新元大26售11","0.00","","1605","華新","46.60","＋","認售","歐式","111年12月21日","112年06月20日","112年06月16日","112年06月20日","1.00","    24.50","","",
="06168U","聯詠凱基2B售03","0.00","","3034","聯詠","423.50","＋","認售","歐式","112年05月03日","112年11月02日","112年10月31日","112年11月02日","0.04","    380.00","","",
="06169U","上品凱基2B售01","0.00","","4770","上品","297.00","＋","認售","歐式","112年05月03日","112年11月02日","112年10月31日","112年11月02日","0.025","    250.00","","",
="06170U","漢翔中信2B售01","0.90","－","2634","漢翔","55.80","＋","認售","歐式","112年05月04日","112年11月03日","112年11月01日","112年11月03日","0.12","    50.00","","",
="06171P","光罩元大26售05","0.00","","2338","光罩","81.80","＋","認售","歐式","111年12月21日","112年06月20日","112年06月16日","112年06月20日","0.104","    81.10","","",
="06171U","緯創中信2B售02","0.00","","3231","緯創","68.00","＋","認售","歐式","112年05月04日","112年11月03日","112年11月01日","112年11月03日","0.50","    35.00","","",
="06172P","瑞昱元大26售05","0.00","","2379","瑞昱","388.00","＋","認售","歐式","111年12月21日","112年06月20日","112年06月16日","112年06月20日","0.192","    207.50","","",
="06172U","敦泰國票31售01","0.00","","3545","敦泰","83.70","＋","認售","歐式","112年05月04日","113年01月03日","112年12月29日","113年01月03日","0.372","    55.00","","",
="06173P","瑞昱元大26售06","0.00","","2379","瑞昱","388.00","＋","認售","歐式","111年12月21日","112年06月20日","112年06月16日","112年06月20日","0.086","    247.50","","",
="06173U","鈺齊國票2B售01","0.00","","9802","鈺齊-KY","124.00","－","認售","歐式","112年05月04日","112年11月03日","112年11月01日","112年11月03日","0.10","    105.00","","",
="06174P","瑞昱元大26售07","0.00","","2379","瑞昱","388.00","＋","認售","歐式","111年12月21日","112年06月20日","112年06月16日","112年06月20日","0.071","    255.50","","",
="06174U","台達電凱基2B售03","0.00","","2308","台達電","315.50","－","認售","歐式","112年05月04日","112年11月03日","112年11月01日","112年11月03日","0.12","    240.00","","",
="06175P","嘉聯益元大26售01","0.00","","6153","嘉聯益","23.15","＋","認售","歐式","111年12月21日","112年06月20日","112年06月16日","112年06月20日","0.144","    25.00","","",
="06175U","欣興凱基2B售13","0.50","－","3037","欣興","182.50","－","認售","歐式","112年05月04日","112年11月03日","112年11月01日","112年11月03日","0.08","    135.00","","",
="06176P","電子類元大2A售01","0.00","","IX0027","電子類","797.58","","認售","歐式","111年12月21日","112年10月20日","112年10月18日","112年10月20日","0.06","    475.00","","",
="06176U","玉晶光凱基2B售03","0.00","","3406","玉晶光","400.00","＋","認售","歐式","112年05月04日","112年11月03日","112年11月01日","112年11月03日","0.06","    280.00","","",
="06177P","電子類元大2A售02","0.00","","IX0027","電子類","797.58","","認售","歐式","111年12月21日","112年10月20日","112年10月18日","112年10月20日","0.04","    575.00","","",
="06177U","世芯凱基32售02","0.41","－","3661","世芯-KY","1,660.00","＋","認售","歐式","112年05月04日","113年02月05日","113年02月01日","113年02月05日","0.006","    1,000.00","","",
="061782","群創第一28購01","0.00","","3481","群創","14.10","＋","認購","美式","111年01月25日","111年01月25日","112年08月22日","112年08月24日","0.093","    18.52","","",
="06178P","金融類元大2A售01","0.00","","IX0039","金融類","1,620.43","","認售","歐式","111年12月21日","112年10月20日","112年10月18日","112年10月20日","0.02","    1,275.00","","",
="06178U","愛普凱基31售01","0.00","","6531","愛普*","328.50","＋","認售","歐式","112年05月04日","113年01月03日","112年12月29日","113年01月03日","0.045","    220.00","","",
="06179U","緯穎凱基2C售04","0.65","－","6669","緯穎","1,205.00","＋","認售","歐式","112年05月04日","112年12月04日","112年11月30日","112年12月04日","0.055","    600.00","","",
="06180P","金融類元大2A售02","0.00","","IX0039","金融類","1,620.43","","認售","歐式","111年12月21日","112年10月20日","112年10月18日","112年10月20日","0.025","    1,150.00","","",
="06180U","鴻海群益2B售03","0.00","","2317","鴻海","105.50","＋","認售","歐式","112年05月04日","112年11月03日","112年11月01日","112年11月03日","0.15","    97.50","","",
="06181U","鴻海群益2B售04","0.00","","2317","鴻海","105.50","＋","認售","歐式","112年05月04日","112年11月03日","112年11月01日","112年11月03日","0.10","    102.50","","",
="06182U","鴻海群益2C售01","1.18","－","2317","鴻海","105.50","＋","認售","歐式","112年05月04日","112年12月04日","112年11月30日","112年12月04日","0.30","    90.00","","",
="06183U","順德群益2B售01","0.87","－","2351","順德","123.00","＋","認售","歐式","112年05月04日","112年11月03日","112年11月01日","112年11月03日","0.15","    88.88","","",
="06184U","雲品群益2B售01","0.00","","2748","雲品","90.00","－","認售","歐式","112年05月04日","112年11月03日","112年11月01日","112年11月03日","0.20","    60.00","","",
="06185U","聯電統一2B售07","0.00","","2303","聯電","51.20","＋","認售","歐式","112年05月04日","112年11月03日","112年11月01日","112年11月03日","0.23","    44.44","","",
="06186P","T50正2國泰28售03","0.00","",="00631L","元大台灣50正2","129.10","＋","認售","歐式","111年12月21日","112年08月21日","112年08月17日","112年08月21日","0.20","    79.00","","",
="06186U","聯電統一2B售08","0.54","－","2303","聯電","51.20","＋","認售","歐式","112年05月04日","112年11月03日","112年11月01日","112年11月03日","0.15","    48.88","","",
="06187U","緯穎統一31售06","0.00","","6669","緯穎","1,205.00","＋","認售","歐式","112年05月04日","113年01月03日","112年12月29日","113年01月03日","0.004","    888.88","","",
="06188U","飛宏元富2B售01","1.24","－","2457","飛宏","76.40","＋","認售","歐式","112年05月04日","112年11月03日","112年11月01日","112年11月03日","0.19","    60.00","","",
="06189U","聯詠元富2B售03","0.00","","3034","聯詠","423.50","＋","認售","歐式","112年05月04日","112年11月03日","112年11月01日","112年11月03日","0.10","    330.00","","",
="06190P","健策國泰28售03","0.07","－","3653","健策","616.00","＋","認售","歐式","111年12月21日","112年08月21日","112年08月17日","112年08月21日","0.04","    325.00","","",
="06190U","富邦媒元富2B售01","0.00","","8454","富邦媒","703.00","＋","認售","歐式","112年05月04日","112年11月03日","112年11月01日","112年11月03日","0.015","    680.00","","",
="06191P","台灣50富邦28售02","0.11","",="0050","元大台灣50","126.75","＋","認售","歐式","111年12月21日","112年08月21日","112年08月17日","112年08月21日","0.256","    107.58","","",
="06191U","臺股指元富32售02","0.00","","IX0001","臺股指數","16,636.30","","認售","歐式","112年05月04日","113年02月05日","113年02月01日","113年02月05日","0.002","    15,400.00","","",
="06192U","台達電麥證2B售01","0.59","－","2308","台達電","315.50","－","認售","歐式","112年05月04日","112年11月03日","112年11月01日","112年11月03日","0.50","    200.00","","",
="06193U","聯發科麥證2B售04","0.00","","2454","聯發科","738.00","＋","認售","歐式","112年05月04日","112年11月03日","112年11月01日","112年11月03日","0.15","    450.00","","",
="06194P","T50正2富邦28售02","0.24","－",="00631L","元大台灣50正2","129.10","＋","認售","歐式","111年12月21日","112年08月21日","112年08月17日","112年08月21日","0.12","    95.00","","",
="06194U","聯電元大2B售10","1.63","","2303","聯電","51.20","＋","認售","歐式","112年05月04日","112年11月03日","112年11月01日","112年11月03日","0.643","    45.35","","",
="06195U","聯電元大2B售11","1.67","－","2303","聯電","51.20","＋","認售","歐式","112年05月04日","112年11月03日","112年11月01日","112年11月03日","0.60","    46.10","","",
="06196P","聯電富邦27售02","0.00","","2303","聯電","51.20","＋","認售","歐式","111年12月21日","112年07月20日","112年07月18日","112年07月20日","0.30","    38.00","","",
="06196U","台積電元大2B售26","0.00","","2330","台積電","568.00","＋","認售","歐式","112年05月04日","112年11月03日","112年11月01日","112年11月03日","0.08","    461.00","","",
="06197P","創意富邦26售02","0.00","","3443","創意","1,515.00","＋","認售","歐式","111年12月21日","112年06月20日","112年06月16日","112年06月20日","0.004","    700.00","","",
="06197U","瑞昱元大2B售02","0.00","","2379","瑞昱","388.00","＋","認售","歐式","112年05月04日","112年11月03日","112年11月01日","112年11月03日","0.119","    275.00","","",
="06198P","臺股指富邦2A售02","0.00","","IX0001","臺股指數","16,636.30","","認售","歐式","111年12月21日","112年10月20日","112年10月18日","112年10月20日","0.001","    13,000.00","","",
="06198U","南亞科元大2B售03","0.00","","2408","南亞科","71.20","－","認售","歐式","112年05月04日","112年11月03日","112年11月01日","112年11月03日","0.185","    67.20","","",
="06199P","台灣50永豐26售04","0.00","",="0050","元大台灣50","126.75","＋","認售","歐式","111年12月22日","112年06月21日","112年06月19日","112年06月21日","0.521","    92.91","","",
="06199U","欣興元大2B售24","0.94","＋","3037","欣興","182.50","－","認售","歐式","112年05月04日","112年11月03日","112年11月01日","112年11月03日","0.085","    145.00","","",
="06200P","台灣50凱基29售04","0.00","",="0050","元大台灣50","126.75","＋","認售","歐式","111年12月22日","112年09月21日","112年09月19日","112年09月21日","0.358","    97.80","","",
="06200U","景碩元大2B售02","0.49","","3189","景碩","116.00","＋","認售","歐式","112年05月04日","112年11月03日","112年11月01日","112年11月03日","1.00","    55.50","","",
="06201P","台灣50凱基29售05","0.23","－",="0050","元大台灣50","126.75","＋","認售","歐式","111年12月22日","112年09月21日","112年09月19日","112年09月21日","0.205","    105.62","","",
="06201U","景碩元大2B售03","0.78","","3189","景碩","116.00","＋","認售","歐式","112年05月04日","112年11月03日","112年11月01日","112年11月03日","0.54","    66.60","","",
="06202P","台灣50凱基29售06","0.00","",="0050","元大台灣50","126.75","＋","認售","歐式","111年12月22日","112年09月21日","112年09月19日","112年09月21日","0.256","    100.73","","",
="06202U","創意元大2B售13","0.00","","3443","創意","1,515.00","＋","認售","歐式","112年05月04日","112年11月03日","112年11月01日","112年11月03日","0.016","    577.00","","",
="06203P","T50正2凱基29售06","0.00","",="00631L","元大台灣50正2","129.10","＋","認售","歐式","111年12月22日","112年09月21日","112年09月19日","112年09月21日","0.08","    100.00","","",
="06203U","世芯元大2B售10","0.38","－","3661","世芯-KY","1,660.00","＋","認售","歐式","112年05月04日","112年11月03日","112年11月01日","112年11月03日","0.066","    603.00","","",
="06204P","聯電凱基27售06","0.00","","2303","聯電","51.20","＋","認售","歐式","111年12月22日","112年07月21日","112年07月19日","112年07月21日","0.50","    40.00","","",
="06204U","上品元大2B售04","1.44","－","4770","上品","297.00","＋","認售","歐式","112年05月04日","112年11月03日","112年11月01日","112年11月03日","0.029","    280.00","","",
="06205P","台積電凱基27售25","0.00","","2330","台積電","568.00","＋","認售","歐式","111年12月22日","112年07月21日","112年07月19日","112年07月21日","0.101","    387.90","","",
="06205U","新唐元大2B售03","0.61","","4919","新唐","130.50","＋","認售","歐式","112年05月04日","112年11月03日","112年11月01日","112年11月03日","0.289","    78.90","","",
="06206P","台積電凱基28售11","0.09","－","2330","台積電","568.00","＋","認售","歐式","111年12月22日","112年08月21日","-1882年08月17日","112年08月21日","0.05","    447.58","","",
="06206U","GIS元大2B售01","0.00","","6456","GIS-KY","75.40","＋","認售","歐式","112年05月04日","112年11月03日","112年11月01日","112年11月03日","0.127","    72.06","","",
="06207P","台積電凱基28售12","0.00","","2330","台積電","568.00","＋","認售","歐式","111年12月22日","112年08月21日","112年08月17日","112年08月21日","0.05","    417.74","","",
="06207U","愛普元大2B售13","0.00","","6531","愛普*","328.50","＋","認售","歐式","112年05月04日","112年11月03日","112年11月01日","112年11月03日","0.066","    226.50","","",
="06208U","緯穎元大2B售17","1.67","－","6669","緯穎","1,205.00","＋","認售","歐式","112年05月04日","112年11月03日","112年11月01日","112年11月03日","0.012","    1,065.00","","",
="06209U","緯穎元大2B售18","1.56","－","6669","緯穎","1,205.00","＋","認售","歐式","112年05月04日","112年11月03日","112年11月01日","112年11月03日","0.009","    1,145.00","","",
="06210P","技嘉凱基26售02","0.00","","2376","技嘉","186.00","＋","認售","歐式","111年12月22日","112年06月21日","112年06月19日","112年06月21日","0.10","    95.00","","",
="06210U","緯創中信2B售04","0.14","－","3231","緯創","68.00","＋","認售","歐式","112年05月05日","112年11月06日","112年11月02日","112年11月06日","0.065","    50.00","","",
="06211P","瑞昱凱基26售04","0.00","","2379","瑞昱","388.00","＋","認售","歐式","111年12月22日","112年06月21日","112年06月19日","112年06月21日","0.07","    270.00","","",
="06211U","TPK元富2B售01","0.00","","3673","TPK-KY","41.75","＋","認售","歐式","112年05月05日","112年11月06日","112年11月02日","112年11月06日","0.60","    33.00","","",
="06212P","長榮凱基26售08","0.00","","2603","長榮","157.00","＋","認售","歐式","111年12月22日","112年06月21日","112年06月19日","112年06月21日","0.13","    140.00","","",
="06212U","拓凱元富2B售01","1.10","－","4536","拓凱","196.50","＋","認售","歐式","112年05月05日","112年11月06日","112年11月02日","112年11月06日","0.047","    185.00","","",
="06213P","長榮凱基27售08","0.00","","2603","長榮","157.00","＋","認售","歐式","111年12月22日","112年07月21日","112年07月19日","112年07月21日","0.22","    110.00","","",
="06213U","台灣50凱基2C售17","0.30","",="0050","元大台灣50","126.75","＋","認售","歐式","112年05月05日","112年12月04日","112年11月30日","112年12月04日","0.35","    103.00","","",
="06214P","王品凱基27售02","0.00","","2727","王品","320.00","－","認售","歐式","111年12月22日","112年07月21日","112年07月19日","112年07月21日","0.055","    130.00","","",
="06214U","亞力凱基2C售03","0.60","－","1514","亞力","51.60","＋","認售","歐式","112年05月05日","112年12月04日","112年11月30日","112年12月04日","0.10","    40.00","","",
="06215U","永冠凱基2C售02","1.83","－","1589","永冠-KY","71.60","－","認售","歐式","112年05月05日","112年12月04日","112年11月30日","112年12月04日","0.20","    65.00","","",
="06216P","臺股指麥證26售02","0.00","","IX0001","臺股指數","16,636.30","","認售","歐式","111年06月02日","112年06月01日","112年05月30日","112年06月01日","0.002","    12,345.00","","",
="06216U","美時凱基2C售06","0.00","","1795","美時","330.50","＋","認售","歐式","112年05月05日","112年12月04日","112年11月30日","112年12月04日","0.04","    250.00","","",
="06217P","材料凱基27售04","0.00","","4763","材料-KY","550.00","－","認售","歐式","111年12月22日","112年07月21日","112年07月19日","112年07月21日","0.05","    150.00","","",
="06217U","光罩凱基2C售01","0.57","","2338","光罩","81.80","＋","認售","歐式","112年05月05日","112年12月04日","112年11月30日","112年12月04日","0.047","    75.00","","",
="06218U","八方凱基2C售01","1.16","","2753","八方雲集","167.00","","認售","歐式","112年05月05日","112年12月04日","112年11月30日","112年12月04日","0.05","    150.00","","",
="06219U","零壹凱基2C售01","0.00","","3029","零壹","67.30","＋","認售","歐式","112年05月05日","112年12月04日","112年11月30日","112年12月04日","0.30","    45.00","","",
="06220P","上品凱基27售01","0.35","","4770","上品","297.00","＋","認售","歐式","111年12月22日","112年07月21日","112年07月19日","112年07月21日","0.031","    240.20","","",
="06220U","穎崴凱基31售01","0.84","＋","6515","穎崴","830.00","－","認售","歐式","112年05月05日","113年01月04日","113年01月02日","113年01月04日","0.01","    630.00","","",
="06221P","世紀鋼凱基27售05","0.00","","9958","世紀鋼","109.50","＋","認售","歐式","111年12月22日","112年07月21日","112年07月19日","112年07月21日","0.10","    80.00","","",
="06221U","晶心科凱基31售01","0.00","","6533","晶心科","511.00","＋","認售","歐式","112年05月05日","113年01月04日","113年01月02日","113年01月04日","0.026","    380.00","","",
="06222P","台積電麥證26售13","0.00","","2330","台積電","568.00","＋","認售","歐式","111年12月22日","112年06月21日","112年06月19日","112年06月21日","0.03","    477.42","","",
="06222U","元日2X國票31售01","0.94","＋",="00706L","期元大S&P日圓正2(原名：元大S&P日圓正2)","8.72","－","認售","歐式","112年05月05日","113年01月04日","113年01月02日","113年01月04日","1.00","    8.80","","",
="06223U","台積電國票2C售04","0.47","－","2330","台積電","568.00","＋","認售","歐式","112年05月05日","112年12月04日","112年11月30日","112年12月04日","0.15","    400.00","","",
="06224P","台郡麥證26售01","0.00","","6269","台郡","99.00","＋","認售","歐式","111年12月22日","112年06月21日","112年06月19日","112年06月21日","0.33","    75.00","","",
="06224U","旺宏國票2B售01","1.11","","2337","旺宏","33.40","＋","認售","歐式","112年05月05日","112年11月06日","112年11月02日","112年11月06日","0.69","    29.00","","",
="06225P","緯穎麥證27售01","0.11","－","6669","緯穎","1,205.00","＋","認售","歐式","111年12月22日","112年07月21日","112年07月19日","112年07月21日","0.016","    875.00","","",
="06225U","聯發科國票2B售02","0.00","","2454","聯發科","738.00","＋","認售","歐式","112年05月05日","112年11月06日","112年11月02日","112年11月06日","0.10","    500.00","","",
="06226U","台表科國票2C售01","0.00","","6278","台表科","100.50","＋","認售","歐式","112年05月05日","112年12月04日","112年11月30日","112年12月04日","0.12","    80.00","","",
="06227P","南電麥證26售01","0.00","","8046","南電","302.50","－","認售","歐式","111年12月22日","112年06月21日","112年06月19日","112年06月21日","0.08","    200.00","","",
="06227U","中鴻元大2B售02","1.53","－","2014","中鴻","23.15","＋","認售","歐式","112年05月05日","112年11月06日","112年11月02日","112年11月06日","0.486","    22.94","","",
="06228P","臺股指麥證26售15","0.00","","IX0001","臺股指數","16,636.30","","認售","歐式","111年12月22日","112年06月21日","112年06月19日","112年06月21日","0.01","    11,111.00","","",
="06228U","聯電元大2B售12","0.00","","2303","聯電","51.20","＋","認售","歐式","112年05月05日","112年11月06日","112年11月02日","112年11月06日","0.547","    46.85","","",
="06229P","美指2X群益28售01","0.00","",="00683L","期元大美元指正2(原名：元大美元指數正2)","21.98","－","認售","歐式","111年12月22日","112年08月21日","112年08月17日","112年08月21日","1.00","    20.00","","",
="06229U","旺宏元大2B售02","0.00","","2337","旺宏","33.40","＋","認售","歐式","112年05月05日","112年11月06日","112年11月02日","112年11月06日","0.70","    29.35","","",
="06230U","瑞昱元大2B售03","1.47","－","2379","瑞昱","388.00","＋","認售","歐式","112年05月05日","112年11月06日","112年11月02日","112年11月06日","0.066","    325.00","","",
="06231P","大立光群益26售08","0.00","","3008","大立光","2,305.00","＋","認售","歐式","111年12月22日","112年06月21日","112年06月19日","112年06月21日","0.012","    1,732.87","","",
="06231U","聯發科元大2B售13","1.40","－","2454","聯發科","738.00","＋","認售","歐式","112年05月05日","112年11月06日","112年11月02日","112年11月06日","0.049","    584.00","","",
="06232P","力積電群益26售01","0.00","","6770","力積電","30.85","＋","認售","歐式","111年12月22日","112年06月21日","112年06月19日","112年06月21日","1.009","    25.77","","",
="06232U","飛宏元大2B售06","1.53","－","2457","飛宏","76.40","＋","認售","歐式","112年05月05日","112年11月06日","112年11月02日","112年11月06日","0.171","    67.70","","",
="06233P","臺股指群益26售05","0.00","","IX0001","臺股指數","16,636.30","","認售","歐式","111年12月22日","112年06月21日","112年06月19日","112年06月21日","0.005","    13,400.00","","",
="06233U","創意元大2B售14","0.79","－","3443","創意","1,515.00","＋","認售","歐式","112年05月05日","112年11月06日","112年11月02日","112年11月06日","0.018","    782.00","","",
="06234P","臺股指群益26售06","0.00","","IX0001","臺股指數","16,636.30","","認售","歐式","111年12月22日","112年06月21日","112年06月19日","112年06月21日","0.004","    14,400.00","","",
="06234U","晶睿元大2B售01","2.23","","3454","晶睿","182.50","＋","認售","歐式","112年05月05日","112年11月06日","112年11月02日","112年11月06日","0.048","    200.00","","",
="06235U","嘉澤元大2B售13","1.20","＋","3533","嘉澤","909.00","－","認售","歐式","112年05月05日","112年11月06日","112年11月02日","112年11月06日","0.014","    814.00","","",
="06236P","臺股指中信29售01","0.00","","IX0001","臺股指數","16,636.30","","認售","歐式","111年12月22日","112年09月21日","112年09月19日","112年09月21日","0.001","    13,000.00","","",
="06236U","愛普元大2B售14","1.26","－","6531","愛普*","328.50","＋","認售","歐式","112年05月05日","112年11月06日","112年11月02日","112年11月06日","0.04","    267.50","","",
="06237U","緯穎元大2B售19","1.50","－","6669","緯穎","1,205.00","＋","認售","歐式","112年05月05日","112年11月06日","112年11月02日","112年11月06日","0.021","    900.00","","",
="06238U","台積電統一2B售12","0.00","","2330","台積電","568.00","＋","認售","歐式","112年05月05日","112年11月06日","112年11月02日","112年11月06日","0.03","    458.88","","",
="06239P","臺股指中信29售02","0.00","","IX0001","臺股指數","16,636.30","","認售","歐式","111年12月22日","112年09月21日","112年09月19日","112年09月21日","0.002","    10,000.00","","",
="06239U","群臺2X群益33售01","0.00","",="00685L","群益臺灣加權正2","46.05","＋","認售","歐式","112年05月05日","113年03月04日","113年02月29日","113年03月04日","0.194","    36.00","","",
="06240U","士電群益2B售01","0.69","","1503","士電","143.50","＋","認售","歐式","112年05月05日","112年11月06日","112年11月02日","112年11月06日","0.085","    103.00","","",
="06241U","永冠群益31售01","1.64","＋","1589","永冠-KY","71.60","－","認售","歐式","112年05月05日","113年01月04日","113年01月02日","113年01月04日","0.15","    66.00","","",
="06242U","光罩群益2B售01","0.00","","2338","光罩","81.80","＋","認售","歐式","112年05月05日","112年11月06日","112年11月02日","112年11月06日","0.047","    80.00","","",
="06243U","玉山金群益2B售01","0.00","","2884","玉山金","25.80","＋","認售","歐式","112年05月05日","112年11月06日","112年11月02日","112年11月06日","1.00","    22.00","","",
="06244U","零壹群益2B售02","0.00","","3029","零壹","67.30","＋","認售","歐式","112年05月05日","112年11月06日","112年11月02日","112年11月06日","0.38","    46.80","","",
="06245U","臺股指群益32售06","0.00","","IX0001","臺股指數","16,636.30","","認售","歐式","112年05月05日","113年02月05日","113年02月01日","113年02月05日","0.0025","    14,300.00","","",
="06246U","臺股指群益32售07","1.15","－","IX0001","臺股指數","16,636.30","","認售","歐式","112年05月05日","113年02月05日","113年02月01日","113年02月05日","0.0015","    15,500.00","","",
="06247U","電子類群益2C售03","0.00","","IX0027","電子類","797.58","","認售","歐式","112年05月05日","112年12月04日","112年11月30日","112年12月04日","0.10","    590.00","","",
="06248U","電子類群益2C售04","0.68","－","IX0027","電子類","797.58","","認售","歐式","112年05月05日","112年12月04日","112年11月30日","112年12月04日","0.05","    666.00","","",
="06249U","玉山金中信2B售01","0.00","","2884","玉山金","25.80","＋","認售","歐式","112年05月08日","112年11月07日","112年11月03日","112年11月07日","1.00","    20.00","","",
="06250U","士電統一2C售02","0.00","","1503","士電","143.50","＋","認售","歐式","112年05月08日","112年12月07日","112年12月05日","112年12月07日","0.03","    102.20","","",
="06251U","裕隆凱基2C售04","0.86","－","2201","裕隆","82.80","＋","認售","歐式","112年05月08日","112年12月07日","112年12月05日","112年12月07日","0.15","    70.00","","",
="06252U","聯發科凱基31售03","0.97","－","2454","聯發科","738.00","＋","認售","歐式","112年05月08日","113年01月08日","113年01月04日","113年01月08日","0.04","    580.00","","",
="06253U","奇鋐凱基2C售05","0.74","－","3017","奇鋐","206.00","－","認售","歐式","112年05月08日","112年12月07日","112年12月05日","112年12月07日","0.07","    150.00","","",
="06254U","緯創凱基31售05","0.54","－","3231","緯創","68.00","＋","認售","歐式","112年05月08日","113年01月08日","113年01月04日","113年01月08日","0.25","    45.00","","",
="06255U","創意凱基2B售17","0.00","","3443","創意","1,515.00","＋","認售","歐式","112年05月08日","112年11月07日","112年11月03日","112年11月07日","0.011","    910.00","","",
="06256U","台泥麥證2B售01","1.74","－","1101","台泥","38.15","＋","認售","歐式","112年05月08日","112年11月07日","112年11月03日","112年11月07日","0.60","    36.00","","",
="06257U","鴻海麥證31售02","0.99","－","2317","鴻海","105.50","＋","認售","歐式","112年05月08日","113年01月08日","113年01月04日","113年01月08日","1.00","    75.00","","",
="06258U","國巨麥證2B售01","1.83","－","2327","國巨","508.00","＋","認售","歐式","112年05月08日","112年11月07日","112年11月03日","112年11月07日","0.05","    450.00","","",
="06259U","宏碁麥證2B售01","1.03","－","2353","宏碁","31.05","＋","認售","歐式","112年05月08日","112年11月07日","112年11月03日","112年11月07日","0.60","    25.00","","",
="06260U","玉山金麥證2B售01","0.00","","2884","玉山金","25.80","＋","認售","歐式","112年05月08日","112年11月07日","112年11月03日","112年11月07日","0.60","    24.00","","",
="06261U","樺漢麥證2B售01","0.43","－","6414","樺漢","281.00","＋","認售","歐式","112年05月08日","112年11月07日","112年11月03日","112年11月07日","0.027","    230.00","","",
="06262U","南電麥證2B售01","1.54","＋","8046","南電","302.50","－","認售","歐式","112年05月08日","112年11月07日","112年11月03日","112年11月07日","0.05","    260.00","","",
="06263U","台積電群益2B售05","0.00","","2330","台積電","568.00","＋","認售","歐式","112年05月08日","112年11月07日","112年11月03日","112年11月07日","0.10","    470.00","","",
="06264U","台積電群益2C售04","1.00","","2330","台積電","568.00","＋","認售","歐式","112年05月08日","112年12月07日","112年12月05日","112年12月07日","0.20","    400.00","","",
="06265U","台積電群益31售01","2.12","－","2330","台積電","568.00","＋","認售","歐式","112年05月08日","113年01月08日","113年01月04日","113年01月08日","0.50","    350.00","","",
="06266U","全訊群益2C售01","1.23","","5222","全訊","198.00","＋","認售","歐式","112年05月08日","112年12月07日","112年12月05日","112年12月07日","0.03","    195.00","","",
="06267U","虹堡群益31售01","1.15","－","5258","虹堡","91.00","＋","認售","歐式","112年05月08日","113年01月08日","113年01月04日","113年01月08日","0.20","    65.00","","",
="06268U","元日2X元大33售01","0.00","",="00706L","期元大S&P日圓正2(原名：元大S&P日圓正2)","8.72","－","認售","歐式","112年05月08日","113年03月07日","113年03月05日","113年03月07日","1.00","    8.50","","",
="06269U","華新元大2B售12","0.00","","1605","華新","46.60","＋","認售","歐式","112年05月08日","112年11月07日","112年11月03日","112年11月07日","0.361","    45.05","","",
="06270U","華新元大2B售13","0.00","","1605","華新","46.60","＋","認售","歐式","112年05月08日","112年11月07日","112年11月03日","112年11月07日","0.273","    49.35","","",
="06271U","聯電元大2B售13","0.00","","2303","聯電","51.20","＋","認售","歐式","112年05月08日","112年11月07日","112年11月03日","112年11月07日","1.00","    40.25","","",
="06272U","聯電元大2B售14","1.68","","2303","聯電","51.20","＋","認售","歐式","112年05月08日","112年11月07日","112年11月03日","112年11月07日","0.50","    47.60","","",
="06273U","鴻海元大2C售23","0.00","","2317","鴻海","105.50","＋","認售","歐式","112年05月08日","112年12月07日","112年12月05日","112年12月07日","0.088","    95.00","","",
="06274U","旺宏元大2B售03","0.00","","2337","旺宏","33.40","＋","認售","歐式","112年05月08日","112年11月07日","112年11月03日","112年11月07日","1.00","    24.65","","",
="06275U","聯發科元大2B售14","0.00","","2454","聯發科","738.00","＋","認售","歐式","112年05月08日","112年11月07日","112年11月03日","112年11月07日","0.04","    615.00","","",
="06276U","奇鋐元大2B售07","0.75","＋","3017","奇鋐","206.00","－","認售","歐式","112年05月08日","112年11月07日","112年11月03日","112年11月07日","0.051","    165.00","","",
="06277U","景碩元大2B售04","1.06","－","3189","景碩","116.00","＋","認售","歐式","112年05月08日","112年11月07日","112年11月03日","112年11月07日","0.171","    88.20","","",
="06278U","瑞鼎元大2B售03","0.00","","3592","瑞鼎","348.00","＋","認售","歐式","112年05月08日","112年11月07日","112年11月03日","112年11月07日","0.045","    281.44","","",
="06279U","瑞鼎元大2B售04","1.51","－","3592","瑞鼎","348.00","＋","認售","歐式","112年05月08日","112年11月07日","112年11月03日","112年11月07日","0.03","    318.96","","",
="06280U","瑞鼎元大2B售05","0.00","","3592","瑞鼎","348.00","＋","認售","歐式","112年05月08日","112年11月07日","112年11月03日","112年11月07日","0.025","    356.49","","",
="06281P","T50正2凱基26售01","0.04","－",="00631L","元大台灣50正2","129.10","＋","認售","歐式","111年06月08日","112年06月07日","112年06月05日","112年06月07日","0.15","    110.00","","",
="06281U","南電元大2B售17","1.49","＋","8046","南電","302.50","－","認售","歐式","112年05月08日","112年11月07日","112年11月03日","112年11月07日","0.09","    230.00","","",
="06282U","永冠國票2C售02","1.43","－","1589","永冠-KY","71.60","－","認售","歐式","112年05月08日","112年12月07日","112年12月05日","112年12月07日","0.10","    75.00","","",
="06283U","上銀國票2C售01","1.35","－","2049","上銀","235.50","＋","認售","歐式","112年05月08日","112年12月07日","112年12月05日","112年12月07日","0.08","    200.00","","",
="06284U","中華國票2C售01","0.00","","2204","中華","91.60","－","認售","歐式","112年05月08日","112年12月07日","112年12月05日","112年12月07日","0.20","    65.00","","",
="06285U","玉晶光國票31售03","0.00","","3406","玉晶光","400.00","＋","認售","歐式","112年05月08日","113年01月08日","113年01月04日","113年01月08日","0.052","    320.00","","",
="06286U","上品國票2C售02","0.00","","4770","上品","297.00","＋","認售","歐式","112年05月08日","112年12月07日","112年12月05日","112年12月07日","0.217","    145.00","","",
="062870","台積電第一28購03","0.08","","2330","台積電","568.00","＋","認購","美式","111年02月11日","111年02月11日","112年08月08日","112年08月10日","0.006","    686.16","","",
="06287U","力智國票2B售04","0.00","","6719","力智","303.00","＋","認售","歐式","112年05月08日","112年11月07日","112年11月03日","112年11月07日","0.045","    250.00","","",
="06288U","奇鋐康和2B售01","0.00","","3017","奇鋐","206.00","－","認售","歐式","112年05月09日","112年11月08日","112年11月06日","112年11月08日","0.10","    125.00","","",
="06289U","華城永豐2B售02","0.39","－","1519","華城","141.00","＋","認售","歐式","112年05月09日","112年11月08日","112年11月06日","112年11月08日","0.118","    81.16","","",
="06290U","華城凱基2B售03","0.38","－","1519","華城","141.00","＋","認售","歐式","112年05月09日","112年11月08日","112年11月06日","112年11月08日","0.08","    85.00","","",
="06291U","華新凱基2B售07","1.90","","1605","華新","46.60","＋","認售","歐式","112年05月09日","112年11月08日","112年11月06日","112年11月08日","0.45","    43.00","","",
="06292U","上銀凱基2B售02","1.22","－","2049","上銀","235.50","＋","認售","歐式","112年05月09日","112年11月08日","112年11月06日","112年11月08日","0.09","    200.00","","",
="06293U","毅嘉凱基2B售02","1.19","－","2402","毅嘉","28.70","＋","認售","歐式","112年05月09日","112年11月08日","112年11月06日","112年11月08日","0.50","    23.00","","",
="06294U","全新凱基2B售02","1.19","－","2455","全新","100.00","","認售","歐式","112年05月09日","112年11月08日","112年11月06日","112年11月08日","0.20","    80.00","","",
="06295U","聯詠凱基2C售02","0.00","","3034","聯詠","423.50","＋","認售","歐式","112年05月09日","112年12月08日","112年12月06日","112年12月08日","0.04","    400.00","","",
="06296U","晶睿凱基2B售03","1.18","＋","3454","晶睿","182.50","＋","認售","歐式","112年05月09日","112年11月08日","112年11月06日","112年11月08日","0.033","    190.00","","",
="06297U","瑞鼎凱基2B售03","0.00","","3592","瑞鼎","348.00","＋","認售","歐式","112年05月09日","112年11月08日","112年11月06日","112年11月08日","0.03","    350.00","","",
="06298U","瑞鼎凱基2C售01","0.00","","3592","瑞鼎","348.00","＋","認售","歐式","112年05月09日","112年12月08日","112年12月06日","112年12月08日","0.03","    320.00","","",
="06299U","全訊凱基2C售02","0.71","－","5222","全訊","198.00","＋","認售","歐式","112年05月09日","112年12月08日","112年12月06日","112年12月08日","0.016","    200.00","","",
="06300U","緯穎凱基2B售10","1.21","－","6669","緯穎","1,205.00","＋","認售","歐式","112年05月09日","112年11月08日","112年11月06日","112年11月08日","0.008","    1,130.00","","",
="06301U","洋基凱基2C售01","0.00","","6691","洋基工程","297.00","＋","認售","歐式","112年05月09日","112年12月08日","112年12月06日","112年12月08日","0.05","    240.00","","",
="063021","聯發科國票28購01","0.00","","2454","聯發科","738.00","＋","認購","美式","111年02月11日","111年02月11日","112年08月08日","112年08月10日","0.055","    2,728.62","","",
="06302U","奇鋐元富2B售02","1.20","－","3017","奇鋐","206.00","－","認售","歐式","112年05月09日","112年11月08日","112年11月06日","112年11月08日","0.065","    175.00","","",
="06303U","士電元大2B售05","0.93","－","1503","士電","143.50","＋","認售","歐式","112年05月09日","112年11月08日","112年11月06日","112年11月08日","0.06","    112.50","","",
="06304U","聯電元大2B售15","0.00","","2303","聯電","51.20","＋","認售","歐式","112年05月09日","112年11月08日","112年11月06日","112年11月08日","0.40","    44.60","","",
="06305U","鴻海元大2B售26","0.61","－","2317","鴻海","105.50","＋","認售","歐式","112年05月09日","112年11月08日","112年11月06日","112年11月08日","0.20","    85.00","","",
="06306U","鴻海元大2B售27","0.00","","2317","鴻海","105.50","＋","認售","歐式","112年05月09日","112年11月08日","112年11月06日","112年11月08日","0.20","    90.00","","",
="06307U","聯發科元大2B售15","0.54","－","2454","聯發科","738.00","＋","認售","歐式","112年05月09日","112年11月08日","112年11月06日","112年11月08日","1.00","    335.00","","",
="06308U","聯發科元大2B售16","0.00","","2454","聯發科","738.00","＋","認售","歐式","112年05月09日","112年11月08日","112年11月06日","112年11月08日","0.287","    425.00","","",
="06309U","聯發科元大2B售17","0.00","","2454","聯發科","738.00","＋","認售","歐式","112年05月09日","112年11月08日","112年11月06日","112年11月08日","0.032","    643.00","","",
="063108","華航第一28購02","0.00","","2610","華航","21.65","＋","認購","美式","111年02月14日","111年02月14日","112年08月10日","112年08月14日","0.114","    30.33","","",
="063109","萬海第一28購01","0.00","","2615","萬海","60.00","＋","認購","美式","111年02月14日","111年02月14日","112年08月10日","112年08月14日","0.01","    159.82","","",
="06310U","愛普元大2B售15","0.00","","6531","愛普*","328.50","＋","認售","歐式","112年05月09日","112年11月08日","112年11月06日","112年11月08日","0.049","    245.00","","",
="063110","國泰金第一28購01","0.00","","2882","國泰金","44.75","＋","認購","美式","111年02月14日","111年02月14日","112年08月10日","112年08月14日","0.042","    69.16","","",
="063111","新光金第一28購01","0.00","","2888","新光金","8.63","＋","認購","美式","111年02月14日","111年02月14日","112年08月10日","112年08月14日","0.199","    12.05","","",
="06311U","緯穎元大2B售20","0.57","＋","6669","緯穎","1,205.00","＋","認售","歐式","112年05月09日","112年11月08日","112年11月06日","112年11月08日","0.048","    600.00","","",
="06312U","南電元大2B售18","0.00","","8046","南電","302.50","－","認售","歐式","112年05月09日","112年11月08日","112年11月06日","112年11月08日","0.068","    242.50","","",
="06313U","臺股指元大2C售37","0.65","－","IX0001","臺股指數","16,636.30","","認售","歐式","112年05月09日","112年12月08日","112年12月06日","112年12月08日","0.004","    13,100.00","","",
="06314U","臺股指元大2C售38","0.00","","IX0001","臺股指數","16,636.30","","認售","歐式","112年05月09日","112年12月08日","112年12月06日","112年12月08日","0.002","    14,300.00","","",
="06315U","臺股指元大2C售39","0.00","","IX0001","臺股指數","16,636.30","","認售","歐式","112年05月09日","112年12月08日","112年12月06日","112年12月08日","0.002","    14,500.00","","",
="06316U","臺股指元大31售29","0.00","","IX0001","臺股指數","16,636.30","","認售","歐式","112年05月09日","113年01月08日","113年01月04日","113年01月08日","0.003","    13,900.00","","",
="06317U","臺股指元大31售30","0.00","","IX0001","臺股指數","16,636.30","","認售","歐式","112年05月09日","113年01月08日","113年01月04日","113年01月08日","0.002","    14,400.00","","",
="06318U","新光鋼國票2C售04","1.60","","2031","新光鋼","48.80","－","認售","歐式","112年05月09日","112年12月08日","112年12月06日","112年12月08日","0.80","    35.00","","",
="06319U","零壹國票2B售01","0.00","","3029","零壹","67.30","＋","認售","歐式","112年05月09日","112年11月08日","112年11月06日","112年11月08日","0.25","    50.00","","",
="06320U","緯穎國票2C售02","0.00","","6669","緯穎","1,205.00","＋","認售","歐式","112年05月09日","112年12月08日","112年12月06日","112年12月08日","0.005","    1,100.00","","",
="06321U","臺股指國票2C售08","0.00","","IX0001","臺股指數","16,636.30","","認售","歐式","112年05月09日","112年12月08日","112年12月06日","112年12月08日","0.005","    12,750.00","","",
="06322U","臺股指國票2C售09","0.00","","IX0001","臺股指數","16,636.30","","認售","歐式","112年05月09日","112年12月08日","112年12月06日","112年12月08日","0.01","    11,250.00","","",
="06323U","華城群益31售01","0.62","－","1519","華城","141.00","＋","認售","歐式","112年05月09日","113年01月08日","113年01月04日","113年01月08日","0.20","    70.00","","",
="06324U","全新群益2C售02","1.41","－","2455","全新","100.00","","認售","歐式","112年05月09日","112年12月08日","112年12月06日","112年12月08日","0.185","    77.77","","",
="06325U","聯詠群益2C售01","1.42","","3034","聯詠","423.50","＋","認售","歐式","112年05月09日","112年12月08日","112年12月06日","112年12月08日","0.20","    245.00","","",
="06326U","玉晶光群益31售01","0.00","","3406","玉晶光","400.00","＋","認售","歐式","112年05月09日","113年01月08日","113年01月04日","113年01月08日","0.133","    250.00","","",
="06327U","世芯群益31售01","0.00","","3661","世芯-KY","1,660.00","＋","認售","歐式","112年05月09日","113年01月08日","113年01月04日","113年01月08日","0.016","    900.00","","",
="06328U","奇鋐永豐2B售02","0.72","","3017","奇鋐","206.00","－","認售","歐式","112年05月10日","112年11月09日","112年11月07日","112年11月09日","0.059","    160.38","","",
="06329U","美債2X凱基2C售02","0.00","",="00688L","國泰20年美債正2","10.74","＋","認售","歐式","112年05月10日","112年12月11日","112年12月07日","112年12月11日","1.00","    11.00","","",
="06330U","士電凱基2B售03","0.79","－","1503","士電","143.50","＋","認售","歐式","112年05月10日","112年11月09日","112年11月07日","112年11月09日","0.085","    100.00","","",
="06331U","聯電凱基2B售10","1.03","","2303","聯電","51.20","＋","認售","歐式","112年05月10日","112年11月09日","112年11月07日","112年11月09日","0.50","    45.00","","",
="06332U","智邦凱基2B售01","0.63","－","2345","智邦","357.50","＋","認售","歐式","112年05月10日","112年11月09日","112年11月07日","112年11月09日","0.05","    250.00","","",
="06333U","順德凱基2B售02","0.79","－","2351","順德","123.00","＋","認售","歐式","112年05月10日","112年11月09日","112年11月07日","112年11月09日","0.15","    88.00","","",
="06334U","瑞昱凱基2B售02","1.62","－","2379","瑞昱","388.00","＋","認售","歐式","112年05月10日","112年11月09日","112年11月07日","112年11月09日","0.07","    330.00","","",
="06335U","國泰金凱基2B售01","0.00","","2882","國泰金","44.75","＋","認售","歐式","112年05月10日","112年11月09日","112年11月07日","112年11月09日","1.00","    33.00","","",
="06336U","聯詠凱基2B售05","0.00","","3034","聯詠","423.50","＋","認售","歐式","112年05月10日","112年11月09日","112年11月07日","112年11月09日","0.08","    350.00","","",
="06337U","欣興凱基2B售15","0.74","＋","3037","欣興","182.50","－","認售","歐式","112年05月10日","112年11月09日","112年11月07日","112年11月09日","0.07","    145.00","","",
="06338U","緯創凱基35售03","0.29","－","3231","緯創","68.00","＋","認售","歐式","112年05月10日","113年05月09日","113年05月07日","113年05月09日","1.00","    25.00","","",
="06339U","群創凱基2B售05","0.77","－","3481","群創","14.10","＋","認售","歐式","112年05月10日","112年11月09日","112年11月07日","112年11月09日","1.00","    12.00","","",
="06340U","貿聯凱基2B售03","0.00","","3665","貿聯-KY","270.50","＋","認售","歐式","112年05月10日","112年11月09日","112年11月07日","112年11月09日","0.06","    230.00","","",
="06341U","日月光凱基31售01","0.79","＋","3711","日月光投控","109.00","－","認售","歐式","112年05月10日","113年01月09日","113年01月05日","113年01月09日","0.12","    90.00","","",
="06342U","南電凱基2B售10","0.00","","8046","南電","302.50","－","認售","歐式","112年05月10日","112年11月09日","112年11月07日","112年11月09日","0.09","    220.00","","",
="06343U","世紀鋼凱基2B售03","0.66","－","9958","世紀鋼","109.50","＋","認售","歐式","112年05月10日","112年11月09日","112年11月07日","112年11月09日","0.10","    95.00","","",
="06344U","滬深2X元大2C售05","0.00","",="00637L","元大滬深300正2","13.77","－","認售","歐式","112年05月10日","112年12月11日","112年12月07日","112年12月11日","1.00","    13.00","","",
="06345U","士電元大2B售06","0.00","","1503","士電","143.50","＋","認售","歐式","112年05月10日","112年11月09日","112年11月07日","112年11月09日","0.128","    77.70","","",
="06346U","上銀元大2B售02","1.04","－","2049","上銀","235.50","＋","認售","歐式","112年05月10日","112年11月09日","112年11月07日","112年11月09日","0.172","    161.00","","",
="06347U","國巨元大2B售07","2.05","－","2327","國巨","508.00","＋","認售","歐式","112年05月10日","112年11月09日","112年11月07日","112年11月09日","0.08","    412.00","","",
="06348U","漢翔元大2B售09","1.14","－","2634","漢翔","55.80","＋","認售","歐式","112年05月10日","112年11月09日","112年11月07日","112年11月09日","0.21","    44.65","","",
="06349U","景碩元大2B售05","0.70","","3189","景碩","116.00","＋","認售","歐式","112年05月10日","112年11月09日","112年11月07日","112年11月09日","0.525","    65.10","","",
="06350U","緯創元大2B售15","0.52","－","3231","緯創","68.00","＋","認售","歐式","112年05月10日","112年11月09日","112年11月07日","112年11月09日","0.195","    49.55","","",
="06351U","GIS元大2B售02","0.00","","6456","GIS-KY","75.40","＋","認售","歐式","112年05月10日","112年11月09日","112年11月07日","112年11月09日","0.262","    58.93","","",
="06352U","滬深2X群益2C售02","0.00","",="00637L","元大滬深300正2","13.77","－","認售","歐式","112年05月10日","112年12月11日","112年12月07日","112年12月11日","1.00","    12.80","","",
="06353U","欣興群益2B售01","1.35","＋","3037","欣興","182.50","－","認售","歐式","112年05月10日","112年11月09日","112年11月07日","112年11月09日","0.11","    146.50","","",
="06354U","緯穎群益2B售04","0.60","","6669","緯穎","1,205.00","＋","認售","歐式","112年05月10日","112年11月09日","112年11月07日","112年11月09日","0.017","    750.00","","",
="06355U","臺股指群益2C售07","0.00","","IX0001","臺股指數","16,636.30","","認售","歐式","112年05月10日","112年12月11日","112年12月07日","112年12月11日","0.004","    12,700.00","","",
="063564","T50反1第一28購01","0.00","",="00632R","元大台灣50反1","4.94","－","認購","美式","111年02月16日","111年02月16日","112年08月11日","112年08月15日","0.72","    5.68","","",
="06356U","臺股指群益2C售08","0.00","","IX0001","臺股指數","16,636.30","","認售","歐式","112年05月10日","112年12月11日","112年12月07日","112年12月11日","0.002","    14,800.00","","",
="06357U","生達國票2B售02","1.48","","1720","生達","70.80","＋","認售","歐式","112年05月10日","112年11月09日","112年11月07日","112年11月09日","0.14","    65.00","","",
="06358U","聯電國票2B售03","0.00","","2303","聯電","51.20","＋","認售","歐式","112年05月10日","112年11月09日","112年11月07日","112年11月09日","0.35","    49.00","","",
="06359U","聯電國票2B售04","0.00","","2303","聯電","51.20","＋","認售","歐式","112年05月10日","112年11月09日","112年11月07日","112年11月09日","1.00","    40.00","","",
="06360U","聯電國票2C售01","1.12","－","2303","聯電","51.20","＋","認售","歐式","112年05月10日","112年12月11日","112年12月07日","112年12月11日","0.70","    42.50","","",
="06361U","聯電國票2C售02","1.11","－","2303","聯電","51.20","＋","認售","歐式","112年05月10日","112年12月11日","112年12月07日","112年12月11日","0.45","    46.00","","",
="06362U","聯電國票31售01","0.00","","2303","聯電","51.20","＋","認售","歐式","112年05月10日","113年01月09日","113年01月05日","113年01月09日","1.00","    35.00","","",
="06363U","宏碁國票2C售01","0.83","","2353","宏碁","31.05","＋","認售","歐式","112年05月10日","112年12月11日","112年12月07日","112年12月11日","0.80","    22.00","","",
="06364U","緯創國票2C售03","0.27","－","3231","緯創","68.00","＋","認售","歐式","112年05月10日","112年12月11日","112年12月07日","112年12月11日","0.20","    46.00","","",
="06365U","洋基國票2C售01","0.00","","6691","洋基工程","297.00","＋","認售","歐式","112年05月10日","112年12月11日","112年12月07日","112年12月11日","0.06","    220.00","","",
="06366U","明基材國票2C售01","0.00","","8215","明基材","35.30","＋","認售","歐式","112年05月10日","112年12月11日","112年12月07日","112年12月11日","0.40","    28.00","","",
="06367U","聯詠富邦31售01","0.64","－","3034","聯詠","423.50","＋","認售","歐式","112年05月10日","113年01月09日","113年01月05日","113年01月09日","0.045","    300.00","","",
="06368U","緯創富邦2B售02","0.08","－","3231","緯創","68.00","＋","認售","歐式","112年05月10日","112年11月09日","112年11月07日","112年11月09日","0.35","    35.00","","",
="06369U","國巨元富2B售02","0.00","","2327","國巨","508.00","＋","認售","歐式","112年05月10日","112年11月09日","112年11月07日","112年11月09日","0.10","    380.00","","",
="06370U","大立光元富2B售03","1.01","","3008","大立光","2,305.00","＋","認售","歐式","112年05月10日","112年11月09日","112年11月07日","112年11月09日","0.015","    1,800.00","","",
="06371U","緯創元富2B售02","0.37","","3231","緯創","68.00","＋","認售","歐式","112年05月10日","112年11月09日","112年11月07日","112年11月09日","0.20","    45.00","","",
="06372U","長榮統一31售05","0.84","－","2603","長榮","157.00","＋","認售","歐式","112年05月10日","113年01月09日","113年01月05日","113年01月09日","0.05","    146.66","","",
="06373U","南電統一31售01","0.00","","8046","南電","302.50","－","認售","歐式","112年05月10日","113年01月09日","113年01月05日","113年01月09日","0.02","    260.00","","",
="06374U","欣興永豐31售02","0.84","－","3037","欣興","182.50","－","認售","歐式","112年05月11日","113年01月10日","113年01月08日","113年01月10日","0.09","    135.36","","",
="06375U","晶華群益2C售04","0.00","","2707","晶華","288.00","＋","認售","歐式","112年05月11日","112年12月11日","112年12月07日","112年12月11日","0.12","    200.00","","",
="06376U","玉晶光群益2C售02","0.00","","3406","玉晶光","400.00","＋","認售","歐式","112年05月11日","112年12月11日","112年12月07日","112年12月11日","0.06","    300.00","","",
="06377U","創意群益2B售06","0.64","－","3443","創意","1,515.00","＋","認售","歐式","112年05月11日","112年11月10日","112年11月08日","112年11月10日","0.008","    1,038.00","","",
="06378U","虹堡群益2B售03","0.00","","5258","虹堡","91.00","＋","認售","歐式","112年05月11日","112年11月10日","112年11月08日","112年11月10日","0.15","    78.00","","",
="06379U","邁達特群益2B售04","0.66","－","6112","邁達特","71.70","＋","認售","歐式","112年05月11日","112年11月10日","112年11月08日","112年11月10日","0.25","    48.80","","",
="06380U","GIS群益2B售02","0.00","","6456","GIS-KY","75.40","＋","認售","歐式","112年05月11日","112年11月10日","112年11月08日","112年11月10日","0.367","    57.21","","",
="06381U","士電凱基2B售04","0.00","","1503","士電","143.50","＋","認售","歐式","112年05月11日","112年11月10日","112年11月08日","112年11月10日","0.06","    108.56","","",
="06382U","中華凱基2C售02","0.66","＋","2204","中華","91.60","－","認售","歐式","112年05月11日","112年12月11日","112年12月07日","112年12月11日","0.20","    65.00","","",
="06383U","華邦電凱基2B售05","0.71","","2344","華邦電","26.90","＋","認售","歐式","112年05月11日","112年11月10日","112年11月08日","112年11月10日","0.75","    21.00","","",
="06384U","宏碁凱基2C售01","0.00","","2353","宏碁","31.05","＋","認售","歐式","112年05月11日","112年12月11日","112年12月07日","112年12月11日","0.80","    22.00","","",
="06385U","長榮凱基2B售13","0.90","－","2603","長榮","157.00","＋","認售","歐式","112年05月11日","112年11月10日","112年11月08日","112年11月10日","0.15","    125.00","","",
="06386U","奇鋐凱基2B售05","0.74","","3017","奇鋐","206.00","－","認售","歐式","112年05月11日","112年11月10日","112年11月08日","112年11月10日","0.05","    165.00","","",
="06387U","玉晶光凱基2B售04","0.00","","3406","玉晶光","400.00","＋","認售","歐式","112年05月11日","112年11月10日","112年11月08日","112年11月10日","0.045","    350.00","","",
="06388U","創意凱基31售07","0.54","－","3443","創意","1,515.00","＋","認售","歐式","112年05月11日","113年01月10日","113年01月08日","113年01月10日","0.012","    840.00","","",
="06389U","瑞鼎凱基2B售04","0.00","","3592","瑞鼎","348.00","＋","認售","歐式","112年05月11日","112年11月10日","112年11月08日","112年11月10日","0.04","    280.00","","",
="06390U","緯穎凱基2C售05","0.86","","6669","緯穎","1,205.00","＋","認售","歐式","112年05月11日","112年12月11日","112年12月07日","112年12月11日","0.012","    900.00","","",
="06391U","臺股指凱基32售06","0.95","－","IX0001","臺股指數","16,636.30","","認售","歐式","112年05月11日","113年02月15日","113年02月02日","113年02月15日","0.0015","    15,400.00","","",
="06392U","臺股指凱基32售07","0.79","－","IX0001","臺股指數","16,636.30","","認售","歐式","112年05月11日","113年02月15日","113年02月02日","113年02月15日","0.0015","    15,100.00","","",
="06393U","臺股指凱基32售09","0.00","","IX0001","臺股指數","16,636.30","","認售","歐式","112年05月11日","113年02月15日","113年02月02日","113年02月15日","0.002","    14,300.00","","",
="06394U","SGBR2X元大31售01","0.00","",="00715L","期街口布蘭特正2","12.73","＋","認售","歐式","112年05月11日","113年01月10日","113年01月08日","113年01月10日","0.30","    10.00","","",
="06395U","士電元大2B售07","0.00","","1503","士電","143.50","＋","認售","歐式","112年05月11日","112年11月10日","112年11月08日","112年11月10日","0.346","    60.50","","",
="06396U","東元元大2B售02","1.09","－","1504","東元","51.80","＋","認售","歐式","112年05月11日","112年11月10日","112年11月08日","112年11月10日","0.373","    39.82","","",
="06397U","裕隆元大2B售06","0.78","","2201","裕隆","82.80","＋","認售","歐式","112年05月11日","112年11月10日","112年11月08日","112年11月10日","1.00","    46.70","","",
="06398U","中華元大2B售02","0.00","","2204","中華","91.60","－","認售","歐式","112年05月11日","112年11月10日","112年11月08日","112年11月10日","0.212","    67.96","","",
="06399U","中華元大2B售03","0.86","＋","2204","中華","91.60","－","認售","歐式","112年05月11日","112年11月10日","112年11月08日","112年11月10日","0.135","    75.95","","",
="06400U","台積電元大2B售27","0.00","","2330","台積電","568.00","＋","認售","歐式","112年05月11日","112年11月10日","112年11月08日","112年11月10日","0.438","    359.50","","",
="06401U","台積電元大2B售28","1.77","＋","2330","台積電","568.00","＋","認售","歐式","112年05月11日","112年11月10日","112年11月08日","112年11月10日","0.10","    456.00","","",
="06402U","台積電元大31售10","0.31","－","2330","台積電","568.00","＋","認售","歐式","112年05月11日","113年01月10日","113年01月08日","113年01月10日","1.00","    255.00","","",
="06403U","智邦元大2B售02","0.73","－","2345","智邦","357.50","＋","認售","歐式","112年05月11日","112年11月10日","112年11月08日","112年11月10日","0.252","    177.50","","",
="06404U","毅嘉元大2B售02","1.27","－","2402","毅嘉","28.70","＋","認售","歐式","112年05月11日","112年11月10日","112年11月08日","112年11月10日","0.50","    24.23","","",
="06405U","雲品元大2B售03","1.00","","2748","雲品","90.00","－","認售","歐式","112年05月11日","112年11月10日","112年11月08日","112年11月10日","0.124","    68.17","","",
="06406U","國泰金元大2B售01","0.00","","2882","國泰金","44.75","＋","認售","歐式","112年05月11日","112年11月10日","112年11月08日","112年11月10日","0.458","    42.80","","",
="06407U","神基元大2B售01","0.00","","3005","神基","69.40","＋","認售","歐式","112年05月11日","112年11月10日","112年11月08日","112年11月10日","0.159","    57.86","","",
="06408U","玉晶光元大2B售06","0.00","","3406","玉晶光","400.00","＋","認售","歐式","112年05月11日","112年11月10日","112年11月08日","112年11月10日","0.036","    371.00","","",
="06409U","瑞鼎元大2B售06","0.00","","3592","瑞鼎","348.00","＋","認售","歐式","112年05月11日","112年11月10日","112年11月08日","112年11月10日","0.133","    228.50","","",
="06410U","虹堡元大2B售02","1.08","－","5258","虹堡","91.00","＋","認售","歐式","112年05月11日","112年11月10日","112年11月08日","112年11月10日","0.158","    71.91","","",
="06411U","緯穎元大2B售21","1.80","－","6669","緯穎","1,205.00","＋","認售","歐式","112年05月11日","112年11月10日","112年11月08日","112年11月10日","0.011","    1,105.00","","",
="06412U","南電元大2B售19","1.79","＋","8046","南電","302.50","－","認售","歐式","112年05月11日","112年11月10日","112年11月08日","112年11月10日","0.045","    283.00","","",
="06413U","士電統一2B售02","0.00","","1503","士電","143.50","＋","認售","歐式","112年05月11日","112年11月10日","112年11月08日","112年11月10日","0.035","    100.00","","",
="06414U","創意統一2C售09","0.00","","3443","創意","1,515.00","＋","認售","歐式","112年05月11日","112年12月11日","112年12月07日","112年12月11日","0.005","    1,000.00","","",
="06415U","士電元富2B售02","0.81","－","1503","士電","143.50","＋","認售","歐式","112年05月11日","112年11月10日","112年11月08日","112年11月10日","0.10","    110.00","","",
="06416U","台積電元富2B售09","0.31","－","2330","台積電","568.00","＋","認售","歐式","112年05月11日","112年11月10日","112年11月08日","112年11月10日","0.05","    450.00","","",
="06417U","緯創元富2B售03","0.34","－","3231","緯創","68.00","＋","認售","歐式","112年05月11日","112年11月10日","112年11月08日","112年11月10日","0.15","    50.00","","",
="06418U","穎崴元富2B售01","0.00","","6515","穎崴","830.00","－","認售","歐式","112年05月11日","112年11月10日","112年11月08日","112年11月10日","0.019","    600.00","","",
="06419U","晶心科元富32售01","1.10","","6533","晶心科","511.00","＋","認售","歐式","112年05月11日","113年02月15日","113年02月02日","113年02月15日","0.024","    380.00","","",
="06420U","奇鋐麥證2B售02","0.42","－","3017","奇鋐","206.00","－","認售","歐式","112年05月11日","112年11月10日","112年11月08日","112年11月10日","0.05","    150.00","","",
="06421U","智原麥證2B售02","0.63","－","3035","智原","173.50","＋","認售","歐式","112年05月11日","112年11月10日","112年11月08日","112年11月10日","0.045","    140.00","","",
="06422U","道瓊銀國票31售01","2.17","－",="00738U","期元大道瓊白銀(原名：元大道瓊白銀)","22.79","＋","認售","歐式","112年05月11日","113年01月10日","113年01月08日","113年01月10日","0.66","    24.00","","",
="06423U","士電國票2B售04","0.77","－","1503","士電","143.50","＋","認售","歐式","112年05月11日","112年11月10日","112年11月08日","112年11月10日","0.06","    115.00","","",
="06424U","世芯國票2C售06","0.00","","3661","世芯-KY","1,660.00","＋","認售","歐式","112年05月11日","112年12月11日","112年12月07日","112年12月11日","0.025","    725.00","","",
="06425U","聯詠第一2B售02","0.00","","3034","聯詠","423.50","＋","認售","歐式","112年05月12日","112年11月13日","112年11月09日","112年11月13日","0.029","    365.18","","",
="06426U","士電永豐2C售02","0.54","－","1503","士電","143.50","＋","認售","歐式","112年05月12日","112年12月11日","112年12月07日","112年12月11日","0.063","    102.15","","",
="06427U","東元元富2B售02","2.04","－","1504","東元","51.80","＋","認售","歐式","112年05月12日","112年11月13日","112年11月09日","112年11月13日","0.30","    48.00","","",
="06428U","鴻海元富2B售04","0.68","－","2317","鴻海","105.50","＋","認售","歐式","112年05月12日","112年11月13日","112年11月09日","112年11月13日","0.10","    100.00","","",
="06429U","緯創元富2B售04","0.00","","3231","緯創","68.00","＋","認售","歐式","112年05月12日","112年11月13日","112年11月09日","112年11月13日","0.20","    43.00","","",
="06430U","玉晶光元富2B售01","0.00","","3406","玉晶光","400.00","＋","認售","歐式","112年05月12日","112年11月13日","112年11月09日","112年11月13日","0.045","    335.00","","",
="06431U","創意元富2B售03","0.00","","3443","創意","1,515.00","＋","認售","歐式","112年05月12日","112年11月13日","112年11月09日","112年11月13日","0.013","    900.00","","",
="06432U","力積電元富2B售02","0.00","","6770","力積電","30.85","＋","認售","歐式","112年05月12日","112年11月13日","112年11月09日","112年11月13日","1.00","    26.50","","",
="06433U","士電凱基2B售05","0.66","－","1503","士電","143.50","＋","認售","歐式","112年05月12日","112年11月13日","112年11月09日","112年11月13日","0.12","    88.00","","",
="06434U","東元凱基2B售04","0.00","","1504","東元","51.80","＋","認售","歐式","112年05月12日","112年11月13日","112年11月09日","112年11月13日","0.35","    40.00","","",
="06435U","裕隆凱基2B售10","0.00","","2201","裕隆","82.80","＋","認售","歐式","112年05月12日","112年11月13日","112年11月09日","112年11月13日","0.35","    57.00","","",
="06436U","飛宏凱基2B售05","0.86","－","2457","飛宏","76.40","＋","認售","歐式","112年05月12日","112年11月13日","112年11月09日","112年11月13日","0.10","    66.00","","",
="06437U","雲品凱基2B售02","0.79","","2748","雲品","90.00","－","認售","歐式","112年05月12日","112年11月13日","112年11月09日","112年11月13日","0.12","    66.00","","",
="06438U","神基凱基2B售02","0.72","－","3005","神基","69.40","＋","認售","歐式","112年05月12日","112年11月13日","112年11月09日","112年11月13日","0.25","    52.00","","",
="06439U","富采凱基2B售01","0.00","","3714","富采","49.90","＋","認售","歐式","112年05月12日","112年11月13日","112年11月09日","112年11月13日","0.35","    43.00","","",
="06440U","虹堡凱基31售02","0.76","－","5258","虹堡","91.00","＋","認售","歐式","112年05月12日","113年01月11日","113年01月09日","113年01月11日","0.15","    64.00","","",
="06441U","祥碩凱基2C售03","0.63","－","5269","祥碩","1,300.00","＋","認售","歐式","112年05月12日","112年12月11日","112年12月07日","112年12月11日","0.01","    900.00","","",
="06442U","緯穎凱基2B售12","0.00","","6669","緯穎","1,205.00","＋","認售","歐式","112年05月12日","112年11月13日","112年11月09日","112年11月13日","0.02","    750.00","","",
="06443U","力智凱基2B售05","1.05","－","6719","力智","303.00","＋","認售","歐式","112年05月12日","112年11月13日","112年11月09日","112年11月13日","0.032","    265.00","","",
="06444U","美時國票2B售04","1.03","－","1795","美時","330.50","＋","認售","歐式","112年05月12日","112年11月13日","112年11月09日","112年11月13日","0.03","    280.00","","",
="06445U","光罩國票2C售01","0.00","","2338","光罩","81.80","＋","認售","歐式","112年05月12日","112年12月11日","112年12月07日","112年12月11日","0.147","    65.00","","",
="06446U","瑞昱國票2B售02","0.00","","2379","瑞昱","388.00","＋","認售","歐式","112年05月12日","112年11月13日","112年11月09日","112年11月13日","0.10","    300.00","","",
="06447U","虹堡國票2B售02","0.00","","5258","虹堡","91.00","＋","認售","歐式","112年05月12日","112年11月13日","112年11月09日","112年11月13日","0.18","    70.00","","",
="06448U","邁達特國票2B售02","0.00","","6112","邁達特","71.70","＋","認售","歐式","112年05月12日","112年11月13日","112年11月09日","112年11月13日","0.18","    53.00","","",
="06449U","大立光富邦35售03","0.50","－","3008","大立光","2,305.00","＋","認售","歐式","112年05月12日","113年05月13日","113年05月09日","113年05月13日","0.003","    1,900.00","","",
="06450U","創意富邦33售03","0.34","－","3443","創意","1,515.00","＋","認售","歐式","112年05月12日","113年03月11日","113年03月07日","113年03月11日","0.002","    1,080.00","","",
="06451U","士電統一31售04","0.48","","1503","士電","143.50","＋","認售","歐式","112年05月12日","113年01月11日","113年01月09日","113年01月11日","0.04","    102.20","","",
="06452U","欣興統一32售03","0.58","＋","3037","欣興","182.50","－","認售","歐式","112年05月12日","113年02月15日","113年02月02日","113年02月15日","0.033","    150.00","","",
="06453U","亞力元大2B售02","0.00","","1514","亞力","51.60","＋","認售","歐式","112年05月12日","112年11月13日","112年11月09日","112年11月13日","0.184","    41.69","","",
="06454U","亞德客元大2B售03","0.84","－","1590","亞德客-KY","1,040.00","＋","認售","歐式","112年05月12日","112年11月13日","112年11月09日","112年11月13日","0.006","    959.50","","",
="06455U","大亞元大2B售02","1.10","－","1609","大亞","31.00","＋","認售","歐式","112年05月12日","112年11月13日","112年11月09日","112年11月13日","0.426","    25.44","","",
="06456U","聯電元大2B售16","0.00","","2303","聯電","51.20","＋","認售","歐式","112年05月12日","112年11月13日","112年11月09日","112年11月13日","1.00","    41.30","","",
="06457U","聯電元大2B售17","1.72","－","2303","聯電","51.20","＋","認售","歐式","112年05月12日","112年11月13日","112年11月09日","112年11月13日","0.459","    48.30","","",
="06458U","聯電元大2B售18","1.80","－","2303","聯電","51.20","＋","認售","歐式","112年05月12日","112年11月13日","112年11月09日","112年11月13日","0.386","    50.00","","",
="06459U","仁寶元大2B售01","0.98","－","2324","仁寶","28.15","＋","認售","歐式","112年05月12日","112年11月13日","112年11月09日","112年11月13日","0.631","    24.44","","",
="06460U","奇鋐元大2B售08","0.98","","3017","奇鋐","206.00","－","認售","歐式","112年05月12日","112年11月13日","112年11月09日","112年11月13日","0.081","    154.00","","",
="06461U","欣興元大2B售25","1.23","","3037","欣興","182.50","－","認售","歐式","112年05月12日","112年11月13日","112年11月09日","112年11月13日","0.117","    140.00","","",
="06462U","欣興元大2B售26","1.39","＋","3037","欣興","182.50","－","認售","歐式","112年05月12日","112年11月13日","112年11月09日","112年11月13日","0.079","    159.50","","",
="06463U","緯創元大2B售16","0.49","－","3231","緯創","68.00","＋","認售","歐式","112年05月12日","112年11月13日","112年11月09日","112年11月13日","0.232","    47.25","","",
="06464U","健策元大2B售06","0.55","－","3653","健策","616.00","＋","認售","歐式","112年05月12日","112年11月13日","112年11月09日","112年11月13日","0.244","    289.50","","",
="06465U","台耀元大2B售03","0.99","－","4746","台耀","84.00","＋","認售","歐式","112年05月12日","112年11月13日","112年11月09日","112年11月13日","0.083","    75.48","","",
="06466P","鴻海凱基26售01","0.00","","2317","鴻海","105.50","＋","認售","歐式","111年06月15日","112年06月14日","112年06月12日","112年06月14日","1.052","    57.06","","",
="06466U","台表科元大2B售01","0.90","","6278","台表科","100.50","＋","認售","歐式","112年05月12日","112年11月13日","112年11月09日","112年11月13日","0.057","    96.80","","",
="06467U","GIS元大2B售04","0.00","","6456","GIS-KY","75.40","＋","認售","歐式","112年05月12日","112年11月13日","112年11月09日","112年11月13日","0.491","    51.21","","",
="06468U","矽創元大2B售02","1.37","－","8016","矽創","225.50","＋","認售","歐式","112年05月12日","112年11月13日","112年11月09日","112年11月13日","0.051","    209.48","","",
="06469U","南電元大2B售20","1.78","","8046","南電","302.50","－","認售","歐式","112年05月12日","112年11月13日","112年11月09日","112年11月13日","0.055","    269.00","","",
="06470U","臺股指元大33售01","0.00","","IX0001","臺股指數","16,636.30","","認售","歐式","112年05月12日","113年03月11日","113年03月07日","113年03月11日","0.002","    12,800.00","","",
="06471U","士電群益2B售04","0.74","－","1503","士電","143.50","＋","認售","歐式","112年05月12日","112年11月13日","112年11月09日","112年11月13日","0.05","    118.00","","",
="06472U","世紀鋼群益2C售02","0.81","","9958","世紀鋼","109.50","＋","認售","歐式","112年05月12日","112年12月11日","112年12月07日","112年12月11日","0.15","    85.00","","",
="06473U","臺股指群益32售09","0.00","","IX0001","臺股指數","16,636.30","","認售","歐式","112年05月12日","113年02月15日","113年02月02日","113年02月15日","0.002","    14,300.00","","",
="06474U","臺股指群益32售10","0.00","","IX0001","臺股指數","16,636.30","","認售","歐式","112年05月12日","113年02月15日","113年02月02日","113年02月15日","0.002","    14,550.00","","",
="06475U","臺股指群益32售11","0.91","－","IX0001","臺股指數","16,636.30","","認售","歐式","112年05月12日","113年02月15日","113年02月02日","113年02月15日","0.0015","    15,000.00","","",
="06476U","台積電凱基2B售13","1.20","＋","2330","台積電","568.00","＋","認售","歐式","112年05月15日","112年11月14日","112年11月10日","112年11月14日","0.10","    470.00","","",
="06477U","台積電凱基2B售14","0.75","－","2330","台積電","568.00","＋","認售","歐式","112年05月15日","112年11月14日","112年11月10日","112年11月14日","0.15","    430.00","","",
="06478U","智邦凱基2C售01","0.82","－","2345","智邦","357.50","＋","認售","歐式","112年05月15日","112年12月14日","112年12月12日","112年12月14日","0.06","    235.00","","",
="06479U","聯發科凱基35售04","0.00","","2454","聯發科","738.00","＋","認售","歐式","112年05月15日","113年05月14日","113年05月10日","113年05月14日","0.07","    466.00","","",
="06480U","聯陽凱基2C售02","0.90","－","3014","聯陽","113.50","＋","認售","歐式","112年05月15日","112年12月14日","112年12月12日","112年12月14日","0.18","    70.00","","",
="06481U","欣興凱基32售02","1.34","＋","3037","欣興","182.50","－","認售","歐式","112年05月15日","113年02月15日","113年02月02日","113年02月15日","0.15","    125.00","","",
="06482U","世芯凱基2B售10","0.69","－","3661","世芯-KY","1,660.00","＋","認售","歐式","112年05月15日","112年11月14日","112年11月10日","112年11月14日","0.005","    1,300.00","","",
="06483U","東元群益2B售03","2.24","－","1504","東元","51.80","＋","認售","歐式","112年05月15日","112年11月14日","112年11月10日","112年11月14日","0.50","    43.00","","",
="06484U","生達群益2B售01","0.00","","1720","生達","70.80","＋","認售","歐式","112年05月15日","112年11月14日","112年11月10日","112年11月14日","0.16","    60.00","","",
="06485U","中華群益2B售02","0.00","","2204","中華","91.60","－","認售","歐式","112年05月15日","112年11月14日","112年11月10日","112年11月14日","0.30","    66.00","","",
="06486U","國巨群益2B售03","0.00","","2327","國巨","508.00","＋","認售","歐式","112年05月15日","112年11月14日","112年11月10日","112年11月14日","0.08","    450.00","","",
="06487P","華新元大26售01","0.00","","1605","華新","46.60","＋","認售","歐式","111年06月16日","112年06月15日","112年06月13日","112年06月15日","0.526","    20.25","","",
="06487U","宏碁群益2B售02","0.00","","2353","宏碁","31.05","＋","認售","歐式","112年05月15日","112年11月14日","112年11月10日","112年11月14日","0.666","    24.00","","",
="06488U","英業達群益2B售02","0.00","","2356","英業達","37.50","＋","認售","歐式","112年05月15日","112年11月14日","112年11月10日","112年11月14日","0.85","    28.50","","",
="06489U","南亞科群益2B售03","0.00","","2408","南亞科","71.20","－","認售","歐式","112年05月15日","112年11月14日","112年11月10日","112年11月14日","0.28","    55.00","","",
="06490U","萬海群益2B售03","0.00","","2615","萬海","60.00","＋","認售","歐式","112年05月15日","112年11月14日","112年11月10日","112年11月14日","0.30","    50.80","","",
="06491U","晶華群益2B售01","0.00","","2707","晶華","288.00","＋","認售","歐式","112年05月15日","112年11月14日","112年11月10日","112年11月14日","0.05","    238.00","","",
="06492U","大立光群益2B售04","0.00","","3008","大立光","2,305.00","＋","認售","歐式","112年05月15日","112年11月14日","112年11月10日","112年11月14日","0.01","    1,918.00","","",
="06493U","奇鋐群益2B售05","0.00","","3017","奇鋐","206.00","－","認售","歐式","112年05月15日","112年11月14日","112年11月10日","112年11月14日","0.13","    150.00","","",
="06494U","欣興群益2C售04","0.00","","3037","欣興","182.50","－","認售","歐式","112年05月15日","112年12月14日","112年12月12日","112年12月14日","0.17","    120.00","","",
="06495U","緯創群益2C售01","0.27","－","3231","緯創","68.00","＋","認售","歐式","112年05月15日","112年12月14日","112年12月12日","112年12月14日","0.30","    37.50","","",
="06496U","玉晶光群益2C售03","0.00","","3406","玉晶光","400.00","＋","認售","歐式","112年05月15日","112年12月14日","112年12月12日","112年12月14日","0.036","    320.00","","",
="06497U","創意群益31售01","0.00","","3443","創意","1,515.00","＋","認售","歐式","112年05月15日","113年01月15日","113年01月11日","113年01月15日","0.02","    628.00","","",
="06498U","瑞鼎群益31售01","0.00","","3592","瑞鼎","348.00","＋","認售","歐式","112年05月15日","113年01月15日","113年01月11日","113年01月15日","0.06","    300.00","","",
="06499U","健策群益2C售01","0.41","","3653","健策","616.00","＋","認售","歐式","112年05月15日","112年12月14日","112年12月12日","112年12月14日","0.03","    380.00","","",
="06500U","世芯群益2B售03","0.00","","3661","世芯-KY","1,660.00","＋","認售","歐式","112年05月15日","112年11月14日","112年11月10日","112年11月14日","0.005","    1,200.00","","",
="06501U","世芯群益2C售02","0.00","","3661","世芯-KY","1,660.00","＋","認售","歐式","112年05月15日","112年12月14日","112年12月12日","112年12月14日","0.007","    950.00","","",
="06502U","上品群益2B售03","0.00","","4770","上品","297.00","＋","認售","歐式","112年05月15日","112年11月14日","112年11月10日","112年11月14日","0.13","    200.00","","",
="06503U","GIS群益2B售03","0.00","","6456","GIS-KY","75.40","＋","認售","歐式","112年05月15日","112年11月14日","112年11月10日","112年11月14日","0.262","    57.21","","",
="06504U","愛普群益2B售08","1.93","－","6531","愛普*","328.50","＋","認售","歐式","112年05月15日","112年11月14日","112年11月10日","112年11月14日","0.118","    235.00","","",
="06505U","緯穎群益2B售05","0.80","－","6669","緯穎","1,205.00","＋","認售","歐式","112年05月15日","112年11月14日","112年11月10日","112年11月14日","0.016","    815.00","","",
="06506U","緯穎群益2C售01","0.00","","6669","緯穎","1,205.00","＋","認售","歐式","112年05月15日","112年12月14日","112年12月12日","112年12月14日","0.02","    700.00","","",
="06507U","南電群益2B售02","2.25","＋","8046","南電","302.50","－","認售","歐式","112年05月15日","112年11月14日","112年11月10日","112年11月14日","0.06","    280.00","","",
="06508U","元債2X元富32售02","0.00","",="00680L","元大美債20正2","10.96","＋","認售","歐式","112年05月15日","113年02月15日","113年02月02日","113年02月15日","1.00","    10.50","","",
="06509U","裕隆元富2B售03","0.00","","2201","裕隆","82.80","＋","認售","歐式","112年05月15日","112年11月14日","112年11月10日","112年11月14日","0.539","    55.00","","",
="06510U","仁寶麥證2B售01","0.00","","2324","仁寶","28.15","＋","認售","歐式","112年05月15日","112年11月14日","112年11月10日","112年11月14日","1.00","    20.00","","",
="06511U","士電元大2B售08","0.00","","1503","士電","143.50","＋","認售","歐式","112年05月15日","112年11月14日","112年11月10日","112年11月14日","0.068","    106.50","","",
="06512U","中興電元大2B售07","0.92","－","1513","中興電","113.50","＋","認售","歐式","112年05月15日","112年11月14日","112年11月10日","112年11月14日","0.274","    72.80","","",
="06513U","華新元大2B售14","0.00","","1605","華新","46.60","＋","認售","歐式","112年05月15日","112年11月14日","112年11月10日","112年11月14日","0.421","    42.15","","",
="06514U","台積電元大2B售29","0.93","－","2330","台積電","568.00","＋","認售","歐式","112年05月15日","112年11月14日","112年11月10日","112年11月14日","0.157","    401.00","","",
="06515U","台積電元大2B售30","0.00","","2330","台積電","568.00","＋","認售","歐式","112年05月15日","112年11月14日","112年11月10日","112年11月14日","0.073","    465.50","","",
="06516U","台積電元大2B售31","1.64","－","2330","台積電","568.00","＋","認售","歐式","112年05月15日","112年11月14日","112年11月10日","112年11月14日","0.071","    481.00","","",
="06517P","臺股指麥證26售04","0.00","","IX0001","臺股指數","16,636.30","","認售","歐式","111年06月17日","112年06月16日","112年06月14日","112年06月16日","0.001","    14,888.00","","",
="06517U","金像電元大2B售05","0.51","－","2368","金像電","121.50","","認售","歐式","112年05月15日","112年11月14日","112年11月10日","112年11月14日","0.156","    82.80","","",
="06518U","奇鋐元大2B售09","0.00","","3017","奇鋐","206.00","－","認售","歐式","112年05月15日","112年11月14日","112年11月10日","112年11月14日","0.089","    148.50","","",
="06519U","零壹元大2B售03","0.45","－","3029","零壹","67.30","＋","認售","歐式","112年05月15日","112年11月14日","112年11月10日","112年11月14日","0.09","    54.36","","",
="06520U","欣興元大2B售27","1.36","＋","3037","欣興","182.50","－","認售","歐式","112年05月15日","112年11月14日","112年11月10日","112年11月14日","0.091","    152.00","","",
="06521U","玉晶光元大2B售07","0.00","","3406","玉晶光","400.00","＋","認售","歐式","112年05月15日","112年11月14日","112年11月10日","112年11月14日","0.036","    380.00","","",
="06522U","創意元大2B售15","0.00","","3443","創意","1,515.00","＋","認售","歐式","112年05月15日","112年11月14日","112年11月10日","112年11月14日","0.009","    990.00","","",
="06523U","虹堡元大2B售03","0.00","","5258","虹堡","91.00","＋","認售","歐式","112年05月15日","112年11月14日","112年11月10日","112年11月14日","0.09","    75.00","","",
="06524U","晶心科元大2B售09","1.09","－","6533","晶心科","511.00","＋","認售","歐式","112年05月15日","112年11月14日","112年11月10日","112年11月14日","0.019","    430.00","","",
="06525U","緯穎元大2B售22","0.76","＋","6669","緯穎","1,205.00","＋","認售","歐式","112年05月15日","112年11月14日","112年11月10日","112年11月14日","0.023","    729.00","","",
="06526U","力智元大2B售04","1.83","","6719","力智","303.00","＋","認售","歐式","112年05月15日","112年11月14日","112年11月10日","112年11月14日","0.063","    251.39","","",
="06527U","南電元大2B售21","1.28","","8046","南電","302.50","－","認售","歐式","112年05月15日","112年11月14日","112年11月10日","112年11月14日","0.407","    170.50","","",
="06528U","南電元大2B售22","0.00","","8046","南電","302.50","－","認售","歐式","112年05月15日","112年11月14日","112年11月10日","112年11月14日","0.198","    198.50","","",
="06529U","上証2X國票31售01","1.19","＋",="00633L","富邦上証正2","35.01","－","認售","歐式","112年05月15日","113年01月15日","113年01月11日","113年01月15日","1.00","    24.00","","",
="06530U","長榮國票2C售03","0.00","","2603","長榮","157.00","＋","認售","歐式","112年05月15日","112年12月14日","112年12月12日","112年12月14日","0.16","    120.00","","",
="06531U","奇鋐國票2C售04","0.66","＋","3017","奇鋐","206.00","－","認售","歐式","112年05月15日","112年12月14日","112年12月12日","112年12月14日","0.05","    160.00","","",
="065320","台積電統一32購01","0.37","＋","2330","台積電","568.00","＋","認購","美式","111年02月25日","111年02月25日","113年02月22日","113年02月26日","0.01","    657.74","","",
="06532U","聯詠國票2C售02","0.00","","3034","聯詠","423.50","＋","認售","歐式","112年05月15日","112年12月14日","112年12月12日","112年12月14日","0.12","    325.00","","",
="06533U","聯詠國票31售01","1.62","","3034","聯詠","423.50","＋","認售","歐式","112年05月15日","113年01月15日","113年01月11日","113年01月15日","0.04","    400.00","","",
="06534U","瑞鼎國票2C售03","0.00","","3592","瑞鼎","348.00","＋","認售","歐式","112年05月15日","112年12月14日","112年12月12日","112年12月14日","0.118","    200.00","","",
="06535U","世芯國票2C售07","0.87","－","3661","世芯-KY","1,660.00","＋","認售","歐式","112年05月15日","112年12月14日","112年12月12日","112年12月14日","0.006","    1,250.00","","",
="06536U","虹堡國票2B售03","1.12","－","5258","虹堡","91.00","＋","認售","歐式","112年05月15日","112年11月14日","112年11月10日","112年11月14日","0.085","    85.00","","",
="06537U","瑞祺國票2B售02","0.00","","6416","瑞祺電通","102.00","＋","認售","歐式","112年05月15日","112年11月14日","112年11月10日","112年11月14日","0.10","    80.00","","",
="06538U","台灣50國泰31售01","0.58","－",="0050","元大台灣50","126.75","＋","認售","歐式","112年05月15日","113年01月15日","113年01月11日","113年01月15日","0.50","    105.00","","",
="06539U","創意國泰31售02","0.73","－","3443","創意","1,515.00","＋","認售","歐式","112年05月15日","113年01月15日","113年01月11日","113年01月15日","0.025","    700.00","","",
="06540U","臺股指國泰2B售05","0.00","","IX0001","臺股指數","16,636.30","","認售","歐式","112年05月15日","112年11月14日","112年11月10日","112年11月14日","0.005","    14,000.00","","",
="06541U","臺股指國泰2B售06","0.47","－","IX0001","臺股指數","16,636.30","","認售","歐式","112年05月15日","112年11月14日","112年11月10日","112年11月14日","0.005","    13,500.00","","",
="06542U","台積電富邦31售04","0.00","","2330","台積電","568.00","＋","認售","歐式","112年05月15日","113年01月15日","113年01月11日","113年01月15日","0.12","    400.00","","",
="06543U","緯穎康和2C售01","0.00","","6669","緯穎","1,205.00","＋","認售","歐式","112年05月15日","112年12月14日","112年12月12日","112年12月14日","0.02","    748.00","","",
="06544U","聯電凱基31售02","0.00","","2303","聯電","51.20","＋","認售","歐式","112年05月16日","113年01月15日","113年01月11日","113年01月15日","1.00","    35.00","","",
="06545U","台積電凱基2C售21","1.11","－","2330","台積電","568.00","＋","認售","歐式","112年05月16日","112年12月15日","112年12月13日","112年12月15日","0.10","    450.00","","",
="06546U","台積電凱基35售03","1.70","－","2330","台積電","568.00","＋","認售","歐式","112年05月16日","113年05月15日","113年05月13日","113年05月15日","0.10","    400.00","","",
="06547U","台光電凱基2B售03","0.58","－","2383","台光電","204.50","＋","認售","歐式","112年05月16日","112年11月15日","112年11月13日","112年11月15日","0.07","    150.00","","",
="06548U","聯發科凱基2B售15","0.00","","2454","聯發科","738.00","＋","認售","歐式","112年05月16日","112年11月15日","112年11月13日","112年11月15日","0.10","    520.00","","",
="06549U","華航凱基2B售01","0.00","","2610","華航","21.65","＋","認售","歐式","112年05月16日","112年11月15日","112年11月13日","112年11月15日","1.00","    16.00","","",
="06550U","欣興凱基33售01","0.89","＋","3037","欣興","182.50","－","認售","歐式","112年05月16日","113年03月15日","113年03月13日","113年03月15日","0.40","    80.00","","",
="06551U","緯創凱基2B售16","0.36","－","3231","緯創","68.00","＋","認售","歐式","112年05月16日","112年11月15日","112年11月13日","112年11月15日","0.20","    48.00","","",
="06552U","虹堡凱基2B售03","0.00","","5258","虹堡","91.00","＋","認售","歐式","112年05月16日","112年11月15日","112年11月13日","112年11月15日","0.10","    77.00","","",
="06553U","矽力凱基2B售04","0.00","","6415","矽力*-KY","394.50","＋","認售","歐式","112年05月16日","112年11月15日","112年11月13日","112年11月15日","0.017","    400.00","","",
="06554U","聯發科永豐31售03","0.00","","2454","聯發科","738.00","＋","認售","歐式","112年05月16日","113年01月15日","113年01月11日","113年01月15日","0.019","    599.00","","",
="06555U","緯穎永豐31售02","0.70","－","6669","緯穎","1,205.00","＋","認售","歐式","112年05月16日","113年01月15日","113年01月11日","113年01月15日","0.011","    850.00","","",
="06556U","聯詠元富2B售04","0.00","","3034","聯詠","423.50","＋","認售","歐式","112年05月16日","112年11月15日","112年11月13日","112年11月15日","0.04","    400.00","","",
="065571","榮運凱基32購01","0.00","","2607","榮運","27.35","＋","認購","美式","111年03月01日","111年03月01日","113年02月26日","113年02月29日","0.203","    98.65","","",
="06557U","欣興元富2B售01","1.33","＋","3037","欣興","182.50","－","認售","歐式","112年05月16日","112年11月15日","112年11月13日","112年11月15日","0.10","    150.00","","",
="06558U","創意元富2B售04","0.46","－","3443","創意","1,515.00","＋","認售","歐式","112年05月16日","112年11月15日","112年11月13日","112年11月15日","0.005","    1,100.00","","",
="06559U","聯電麥證2B售01","0.00","","2303","聯電","51.20","＋","認售","歐式","112年05月16日","112年11月15日","112年11月13日","112年11月15日","1.00","    35.00","","",
="06560U","滬深2X群益2B售02","0.00","",="00637L","元大滬深300正2","13.77","－","認售","歐式","112年05月16日","112年11月15日","112年11月13日","112年11月15日","1.00","    13.80","","",
="06561U","大亞群益2C售01","1.74","－","1609","大亞","31.00","＋","認售","歐式","112年05月16日","112年12月15日","112年12月13日","112年12月15日","0.393","    27.00","","",
="06562U","光罩群益2C售01","0.00","","2338","光罩","81.80","＋","認售","歐式","112年05月16日","112年12月15日","112年12月13日","112年12月15日","0.18","    60.00","","",
="06563U","威盛群益2B售03","0.00","","2388","威盛","83.10","＋","認售","歐式","112年05月16日","112年11月15日","112年11月13日","112年11月15日","0.455","    50.00","","",
="06564U","聯發科群益31售03","0.00","","2454","聯發科","738.00","＋","認售","歐式","112年05月16日","113年01月15日","113年01月11日","113年01月15日","0.40","    400.00","","",
="06565U","飛宏群益2C售02","1.33","","2457","飛宏","76.40","＋","認售","歐式","112年05月16日","112年12月15日","112年12月13日","112年12月15日","0.313","    50.00","","",
="06566U","創意群益31售02","0.00","","3443","創意","1,515.00","＋","認售","歐式","112年05月16日","113年01月15日","113年01月11日","113年01月15日","0.018","    645.00","","",
="06567U","愛普群益2C售03","0.00","","6531","愛普*","328.50","＋","認售","歐式","112年05月16日","112年12月15日","112年12月13日","112年12月15日","0.026","    270.00","","",
="06568U","臺股指群益2B售24","0.00","","IX0001","臺股指數","16,636.30","","認售","歐式","112年05月16日","112年11月15日","112年11月13日","112年11月15日","0.003","    14,900.00","","",
="06569U","臺股指群益2B售25","0.00","","IX0001","臺股指數","16,636.30","","認售","歐式","112年05月16日","112年11月15日","112年11月13日","112年11月15日","0.003","    15,200.00","","",
="06570U","臺股指群益2B售26","0.00","","IX0001","臺股指數","16,636.30","","認售","歐式","112年05月16日","112年11月15日","112年11月13日","112年11月15日","0.003","    15,450.00","","",
="065716","萬海第一27購01","0.00","","2615","萬海","60.00","＋","認購","美式","111年03月02日","111年03月02日","112年06月29日","112年07月03日","0.035","    159.57","","",
="065717","欣興第一27購01","0.00","","3037","欣興","182.50","－","認購","美式","111年03月02日","111年03月02日","112年06月29日","112年07月03日","0.026","    237.62","","",
="06571U","電子類群益2B售03","0.00","","IX0027","電子類","797.58","","認售","歐式","112年05月16日","112年11月15日","112年11月13日","112年11月15日","0.10","    640.00","","",
="06572P","台灣50凱基26售01","0.00","",="0050","元大台灣50","126.75","＋","認售","歐式","111年06月21日","112年06月20日","112年06月16日","112年06月20日","0.364","    84.72","","",
="06572U","金融類群益2B售04","0.00","","IX0039","金融類","1,620.43","","認售","歐式","112年05月16日","112年11月15日","112年11月13日","112年11月15日","0.025","    1,525.00","","",
="06573U","瑞昱國票2C售01","1.42","","2379","瑞昱","388.00","＋","認售","歐式","112年05月16日","112年12月15日","112年12月13日","112年12月15日","0.045","    350.00","","",
="06574U","飛宏國票2C售04","1.20","－","2457","飛宏","76.40","＋","認售","歐式","112年05月16日","112年12月15日","112年12月13日","112年12月15日","0.103","    70.00","","",
="06575U","華新科國票2C售02","0.00","","2492","華新科","101.00","＋","認售","歐式","112年05月16日","112年12月15日","112年12月13日","112年12月15日","0.20","    80.00","","",
="06576U","欣興國票2C售04","0.65","＋","3037","欣興","182.50","－","認售","歐式","112年05月16日","112年12月15日","112年12月13日","112年12月15日","0.06","    140.00","","",
="06577U","緯創國票32售01","0.12","－","3231","緯創","68.00","＋","認售","歐式","112年05月16日","113年02月15日","113年02月02日","113年02月15日","1.00","    24.00","","",
="06578U","世芯國票2B售10","0.69","－","3661","世芯-KY","1,660.00","＋","認售","歐式","112年05月16日","112年11月15日","112年11月13日","112年11月15日","0.008","    1,150.00","","",
="06579U","世芯國票31售05","0.73","－","3661","世芯-KY","1,660.00","＋","認售","歐式","112年05月16日","113年01月15日","113年01月11日","113年01月15日","0.012","    925.00","","",
="06580U","視陽國票2C售01","0.00","","6782","視陽","230.00","＋","認售","歐式","112年05月16日","112年12月15日","112年12月13日","112年12月15日","0.04","    180.00","","",
="06581U","世紀鋼國票31售01","0.47","","9958","世紀鋼","109.50","＋","認售","歐式","112年05月16日","113年01月15日","113年01月11日","113年01月15日","0.041","    100.00","","",
="06582U","聯電國泰31售03","0.91","－","2303","聯電","51.20","＋","認售","歐式","112年05月16日","113年01月15日","113年01月11日","113年01月15日","0.50","    42.59","","",
="06583U","台積電元大2B售32","1.17","－","2330","台積電","568.00","＋","認售","歐式","112年05月16日","112年11月15日","112年11月13日","112年11月15日","0.101","    439.00","","",
="06584U","台積電元大2B售33","1.48","－","2330","台積電","568.00","＋","認售","歐式","112年05月16日","112年11月15日","112年11月13日","112年11月15日","0.099","    451.50","","",
="06585U","台積電元大2B售34","0.00","","2330","台積電","568.00","＋","認售","歐式","112年05月16日","112年11月15日","112年11月13日","112年11月15日","0.095","    430.00","","",
="06586U","聯發科元大2B售18","0.00","","2454","聯發科","738.00","＋","認售","歐式","112年05月16日","112年11月15日","112年11月13日","112年11月15日","0.076","    543.00","","",
="06587U","聯發科元大2B售19","0.00","","2454","聯發科","738.00","＋","認售","歐式","112年05月16日","112年11月15日","112年11月13日","112年11月15日","0.056","    570.00","","",
="06588U","聯詠元大2B售01","0.00","","3034","聯詠","423.50","＋","認售","歐式","112年05月16日","112年11月15日","112年11月13日","112年11月15日","0.089","    345.00","","",
="06589U","欣興元大2B售28","0.92","＋","3037","欣興","182.50","－","認售","歐式","112年05月16日","112年11月15日","112年11月13日","112年11月15日","0.305","    110.00","","",
="06590U","緯創元大2B售17","0.50","－","3231","緯創","68.00","＋","認售","歐式","112年05月16日","112年11月15日","112年11月13日","112年11月15日","0.204","    48.40","","",
="06591U","創意元大2B售16","0.88","","3443","創意","1,515.00","＋","認售","歐式","112年05月16日","112年11月15日","112年11月13日","112年11月15日","0.012","    906.00","","",
="06592U","瑞鼎元大2B售07","0.00","","3592","瑞鼎","348.00","＋","認售","歐式","112年05月16日","112年11月15日","112年11月13日","112年11月15日","0.037","    300.00","","",
="06593U","日月光元大2B售01","0.52","","3711","日月光投控","109.00","－","認售","歐式","112年05月16日","112年11月15日","112年11月13日","112年11月15日","0.06","    100.00","","",
="06594U","晶心科元大2B售10","0.58","－","6533","晶心科","511.00","＋","認售","歐式","112年05月16日","112年11月15日","112年11月13日","112年11月15日","0.013","    400.00","","",
="06595U","南電元大2B售23","1.17","","8046","南電","302.50","－","認售","歐式","112年05月16日","112年11月15日","112年11月13日","112年11月15日","1.00","    141.00","","",
="06596U","世紀鋼元大2B售03","0.54","－","9958","世紀鋼","109.50","＋","認售","歐式","112年05月16日","112年11月15日","112年11月13日","112年11月15日","0.05","    100.00","","",
="06597U","臺股指元大2C售45","0.00","","IX0001","臺股指數","16,636.30","","認售","歐式","112年05月16日","112年12月15日","112年12月13日","112年12月15日","0.008","    11,800.00","","",
="06598U","臺股指元大2C售46","0.00","","IX0001","臺股指數","16,636.30","","認售","歐式","112年05月16日","112年12月15日","112年12月13日","112年12月15日","0.005","    13,000.00","","",
="06599U","臺股指元大2C售47","0.00","","IX0001","臺股指數","16,636.30","","認售","歐式","112年05月16日","112年12月15日","112年12月13日","112年12月15日","0.003","    14,000.00","","",
="06600U","臺股指元大2C售48","0.00","","IX0001","臺股指數","16,636.30","","認售","歐式","112年05月16日","112年12月15日","112年12月13日","112年12月15日","0.002","    14,500.00","","",
="06601U","臺股指元大2C售49","1.06","－","IX0001","臺股指數","16,636.30","","認售","歐式","112年05月16日","112年12月15日","112年12月13日","112年12月15日","0.002","    15,300.00","","",
="06602U","臺股指元大31售37","0.00","","IX0001","臺股指數","16,636.30","","認售","歐式","112年05月16日","113年01月15日","113年01月11日","113年01月15日","0.008","    11,000.00","","",
="06603U","臺股指元大31售38","0.00","","IX0001","臺股指數","16,636.30","","認售","歐式","112年05月16日","113年01月15日","113年01月11日","113年01月15日","0.005","    12,500.00","","",
="06604U","臺股指元大31售39","0.00","","IX0001","臺股指數","16,636.30","","認售","歐式","112年05月16日","113年01月15日","113年01月11日","113年01月15日","0.003","    13,200.00","","",
="06605U","臺股指元大31售40","0.00","","IX0001","臺股指數","16,636.30","","認售","歐式","112年05月16日","113年01月15日","113年01月11日","113年01月15日","0.002","    14,100.00","","",
="06606U","臺股指元大31售41","1.10","－","IX0001","臺股指數","16,636.30","","認售","歐式","112年05月16日","113年01月15日","113年01月11日","113年01月15日","0.002","    15,200.00","","",
="06607U","台積電第一2C售05","0.00","","2330","台積電","568.00","＋","認售","歐式","112年05月17日","112年12月18日","112年12月14日","112年12月18日","0.027","    475.24","","",
="06608U","精英中信2B售01","0.59","－","2331","精英","28.70","＋","認售","歐式","112年05月17日","112年11月16日","112年11月14日","112年11月16日","0.60","    20.00","","",
="06609U","臺股指永豐31售02","0.00","","IX0001","臺股指數","16,636.30","","認售","歐式","112年05月17日","113年01月16日","113年01月12日","113年01月16日","0.002","    15,400.00","","",
="06610U","聯電群益2B售04","0.00","","2303","聯電","51.20","＋","認售","歐式","112年05月17日","112年11月16日","112年11月14日","112年11月16日","1.00","    42.10","","",
="06611U","瑞昱群益2B售01","0.00","","2379","瑞昱","388.00","＋","認售","歐式","112年05月17日","112年11月16日","112年11月14日","112年11月16日","0.18","    271.00","","",
="06612U","南亞科群益2B售04","0.89","","2408","南亞科","71.20","－","認售","歐式","112年05月17日","112年11月16日","112年11月14日","112年11月16日","0.45","    52.00","","",
="06613U","視陽群益31售02","1.73","－","6782","視陽","230.00","＋","認售","歐式","112年05月17日","113年01月16日","113年01月12日","113年01月16日","0.045","    185.00","","",
="06614U","中砂凱基2B售02","0.64","","1560","中砂","114.50","－","認售","歐式","112年05月17日","112年11月16日","112年11月14日","112年11月16日","0.075","    100.00","","",
="06615U","鴻海凱基2B售14","0.62","－","2317","鴻海","105.50","＋","認售","歐式","112年05月17日","112年11月16日","112年11月14日","112年11月16日","0.30","    87.00","","",
="06616U","長榮凱基2B售16","0.73","－","2603","長榮","157.00","＋","認售","歐式","112年05月17日","112年11月16日","112年11月14日","112年11月16日","0.25","    110.00","","",
="06617U","陽明凱基2B售07","1.35","－","2609","陽明","62.00","＋","認售","歐式","112年05月17日","112年11月16日","112年11月14日","112年11月16日","0.30","    55.00","","",
="06618U","萬海凱基2B售02","1.30","－","2615","萬海","60.00","＋","認售","歐式","112年05月17日","112年11月16日","112年11月14日","112年11月16日","0.45","    48.00","","",
="06619U","漢翔凱基31售02","0.00","","2634","漢翔","55.80","＋","認售","歐式","112年05月17日","113年01月16日","113年01月12日","113年01月16日","0.31","    40.00","","",
="06620U","富邦金凱基2B售01","1.01","－","2881","富邦金","61.10","＋","認售","歐式","112年05月17日","112年11月16日","112年11月14日","112年11月16日","0.40","    55.00","","",
="06621U","台新金凱基2B售02","0.70","","2887","台新金","18.40","＋","認售","歐式","112年05月17日","112年11月16日","112年11月14日","112年11月16日","1.00","    16.00","","",
="06622U","欣興凱基2B售18","0.99","＋","3037","欣興","182.50","－","認售","歐式","112年05月17日","112年11月16日","112年11月14日","112年11月16日","0.07","    154.00","","",
="06623U","緯創凱基2B售17","0.00","","3231","緯創","68.00","＋","認售","歐式","112年05月17日","112年11月16日","112年11月14日","112年11月16日","0.40","    41.00","","",
="06624U","創意凱基33售03","0.45","","3443","創意","1,515.00","＋","認售","歐式","112年05月17日","113年03月18日","113年03月14日","113年03月18日","0.02","    600.00","","",
="06625U","威鋒電凱基2B售03","0.00","","6756","威鋒電子","223.00","＋","認售","歐式","112年05月17日","112年11月16日","112年11月14日","112年11月16日","0.05","    165.00","","",
="06626U","視陽凱基2C售03","0.00","","6782","視陽","230.00","＋","認售","歐式","112年05月17日","112年12月18日","112年12月14日","112年12月18日","0.025","    177.00","","",
="06627U","台勝科麥證2B售01","1.09","－","3532","台勝科","157.00","＋","認售","歐式","112年05月17日","112年11月16日","112年11月14日","112年11月16日","0.10","    120.00","","",
="06628U","美費半元大2B售01","0.45","",="00830","國泰費城半導體","31.65","＋","認售","歐式","112年05月17日","112年11月16日","112年11月14日","112年11月16日","0.50","    24.00","","",
="06629U","台積電元大2B售35","0.15","－","2330","台積電","568.00","＋","認售","歐式","112年05月17日","112年11月16日","112年11月14日","112年11月16日","1.00","    277.50","","",
="06630U","台積電元大2B售36","0.00","","2330","台積電","568.00","＋","認售","歐式","112年05月17日","112年11月16日","112年11月14日","112年11月16日","0.125","    422.00","","",
="06631U","台積電元大2B售37","1.44","－","2330","台積電","568.00","＋","認售","歐式","112年05月17日","112年11月16日","112年11月14日","112年11月16日","0.103","    446.00","","",
="06632U","智邦元大2B售03","1.11","－","2345","智邦","357.50","＋","認售","歐式","112年05月17日","112年11月16日","112年11月14日","112年11月16日","0.052","    271.00","","",
="06633U","宏碁元大2B售03","1.06","－","2353","宏碁","31.05","＋","認售","歐式","112年05月17日","112年11月16日","112年11月14日","112年11月16日","0.358","    28.24","","",
="06634U","聯發科元大2B售20","0.00","","2454","聯發科","738.00","＋","認售","歐式","112年05月17日","112年11月16日","112年11月14日","112年11月16日","0.095","    516.00","","",
="06635U","全新元大2B售02","0.00","","2455","全新","100.00","","認售","歐式","112年05月17日","112年11月16日","112年11月14日","112年11月16日","0.077","    85.00","","",
="06636U","奇鋐元大2B售10","0.92","","3017","奇鋐","206.00","－","認售","歐式","112年05月17日","112年11月16日","112年11月14日","112年11月16日","0.067","    159.50","","",
="06637U","聯詠元大2B售02","0.00","","3034","聯詠","423.50","＋","認售","歐式","112年05月17日","112年11月16日","112年11月14日","112年11月16日","0.232","    284.50","","",
="06638U","欣興元大2B售29","1.37","＋","3037","欣興","182.50","－","認售","歐式","112年05月17日","112年11月16日","112年11月14日","112年11月16日","0.084","    155.50","","",
="06639U","緯創元大2B售18","0.51","－","3231","緯創","68.00","＋","認售","歐式","112年05月17日","112年11月16日","112年11月14日","112年11月16日","0.255","    46.10","","",
="06640U","瑞鼎元大2B售08","0.00","","3592","瑞鼎","348.00","＋","認售","歐式","112年05月17日","112年11月16日","112年11月14日","112年11月16日","0.04","    255.00","","",
="06641U","穎崴元大2B售03","0.00","","6515","穎崴","830.00","－","認售","歐式","112年05月17日","112年11月16日","112年11月14日","112年11月16日","0.018","    475.00","","",
="06642U","緯穎元大2B售23","1.05","－","6669","緯穎","1,205.00","＋","認售","歐式","112年05月17日","112年11月16日","112年11月14日","112年11月16日","0.016","    856.00","","",
="06643U","緯穎元大2B售24","1.04","－","6669","緯穎","1,205.00","＋","認售","歐式","112年05月17日","112年11月16日","112年11月14日","112年11月16日","0.015","    878.00","","",
="06644U","緯穎元大2B售25","0.00","","6669","緯穎","1,205.00","＋","認售","歐式","112年05月17日","112年11月16日","112年11月14日","112年11月16日","0.011","    944.00","","",
="06645U","滬深2X國票2C售04","1.07","",="00637L","元大滬深300正2","13.77","－","認售","歐式","112年05月17日","112年12月18日","112年12月14日","112年12月18日","1.00","    12.00","","",
="06646U","台積電國票2C售06","0.00","","2330","台積電","568.00","＋","認售","歐式","112年05月17日","112年12月18日","112年12月14日","112年12月18日","0.08","    440.00","","",
="06647U","瑞昱國票31售01","0.00","","2379","瑞昱","388.00","＋","認售","歐式","112年05月17日","113年01月16日","113年01月12日","113年01月16日","0.20","    250.00","","",
="06648U","聯詠國票31售02","0.00","","3034","聯詠","423.50","＋","認售","歐式","112年05月17日","113年01月16日","113年01月12日","113年01月16日","0.40","    250.00","","",
="06649U","創意國票2C售02","1.60","－","3443","創意","1,515.00","＋","認售","歐式","112年05月17日","112年12月18日","112年12月14日","112年12月18日","0.073","    700.00","","",
="06650U","台勝科國票2C售01","0.00","","3532","台勝科","157.00","＋","認售","歐式","112年05月17日","112年12月18日","112年12月14日","112年12月18日","0.06","    130.00","","",
="06651U","臺股指國票32售01","0.00","","IX0001","臺股指數","16,636.30","","認售","歐式","112年05月17日","113年02月16日","113年02月05日","113年02月16日","0.006","    12,250.00","","",
="06652U","玉晶光國泰31售02","1.43","","3406","玉晶光","400.00","＋","認售","歐式","112年05月17日","113年01月16日","113年01月12日","113年01月16日","0.05","    330.00","","",
="06653U","創意國泰31售03","0.75","－","3443","創意","1,515.00","＋","認售","歐式","112年05月17日","113年01月16日","113年01月12日","113年01月16日","0.02","    780.00","","",
="06654U","聯電富邦31售02","0.53","－","2303","聯電","51.20","＋","認售","歐式","112年05月17日","113年01月16日","113年01月12日","113年01月16日","0.10","    50.00","","",
="06655U","緯創元富2B售06","0.43","－","3231","緯創","68.00","＋","認售","歐式","112年05月18日","112年11月17日","112年11月15日","112年11月17日","0.30","    45.00","","",
="06656U","臺股指元富31售05","0.00","","IX0001","臺股指數","16,636.30","","認售","歐式","112年05月18日","113年01月17日","113年01月15日","113年01月17日","0.001","    15,100.00","","",
="06657U","臺股指元富33售01","0.00","","IX0001","臺股指數","16,636.30","","認售","歐式","112年05月18日","113年03月18日","113年03月14日","113年03月18日","0.001","    14,700.00","","",
="06658U","臺股指元富33售02","0.89","－","IX0001","臺股指數","16,636.30","","認售","歐式","112年05月18日","113年03月18日","113年03月14日","113年03月18日","0.001","    15,300.00","","",
="06659U","東元麥證2B售02","1.05","－","1504","東元","51.80","＋","認售","歐式","112年05月18日","112年11月17日","112年11月15日","112年11月17日","0.30","    42.00","","",
="06660U","漢翔麥證2C售01","0.99","－","2634","漢翔","55.80","＋","認售","歐式","112年05月18日","112年12月18日","112年12月14日","112年12月18日","0.13","    50.00","","",
="06661U","矽力國票2C售03","1.22","","6415","矽力*-KY","394.50","＋","認售","歐式","112年05月18日","112年12月18日","112年12月14日","112年12月18日","0.08","    200.00","","",
="06662U","臺股指國票31售03","0.00","","IX0001","臺股指數","16,636.30","","認售","歐式","112年05月18日","113年01月17日","113年01月15日","113年01月17日","0.012","    11,750.00","","",
="06663U","國巨國泰31售02","1.46","－","2327","國巨","508.00","＋","認售","歐式","112年05月18日","113年01月17日","113年01月15日","113年01月17日","0.05","    405.00","","",
="06664U","聯電群益2C售02","0.00","","2303","聯電","51.20","＋","認售","歐式","112年05月18日","112年12月18日","112年12月14日","112年12月18日","0.85","    38.40","","",
="06665U","台光電群益2B售01","0.74","－","2383","台光電","204.50","＋","認售","歐式","112年05月18日","112年11月17日","112年11月15日","112年11月17日","0.08","    150.00","","",
="06666U","晶睿群益2B售01","0.00","","3454","晶睿","182.50","＋","認售","歐式","112年05月18日","112年11月17日","112年11月15日","112年11月17日","0.157","    140.00","","",
="06667U","天鈺群益2B售06","0.61","－","4961","天鈺","154.00","＋","認售","歐式","112年05月18日","112年11月17日","112年11月15日","112年11月17日","0.20","    88.95","","",
="06668U","晶碩群益2B售02","0.00","","6491","晶碩","366.50","＋","認售","歐式","112年05月18日","112年11月17日","112年11月15日","112年11月17日","0.08","    300.00","","",
="06669U","明基材群益2B售02","0.00","","8215","明基材","35.30","＋","認售","歐式","112年05月18日","112年11月17日","112年11月15日","112年11月17日","1.00","    26.00","","",
="06670U","臺股指群益31售06","1.38","－","IX0001","臺股指數","16,636.30","","認售","歐式","112年05月18日","113年01月17日","113年01月15日","113年01月17日","0.005","    13,800.00","","",
="06671U","臺股指群益31售07","0.00","","IX0001","臺股指數","16,636.30","","認售","歐式","112年05月18日","113年01月17日","113年01月15日","113年01月17日","0.003","    14,700.00","","",
="06672U","臺股指法興2B售05","0.00","","IX0001","臺股指數","16,636.30","","認售","歐式","112年05月18日","112年11月17日","112年11月15日","112年11月17日","0.01","    12,600.00","","",
="06673U","臺股指法興2B售06","0.00","","IX0001","臺股指數","16,636.30","","認售","歐式","112年05月18日","112年11月17日","112年11月15日","112年11月17日","0.008","    13,200.00","","",
="06674U","臺股指法興2B售07","1.05","－","IX0001","臺股指數","16,636.30","","認售","歐式","112年05月18日","112年11月17日","112年11月15日","112年11月17日","0.005","    14,000.00","","",
="06675U","臺股指法興2B售08","0.00","","IX0001","臺股指數","16,636.30","","認售","歐式","112年05月18日","112年11月17日","112年11月15日","112年11月17日","0.002","    15,300.00","","",
="06676U","臺股指法興2B售09","1.31","－","IX0001","臺股指數","16,636.30","","認售","歐式","112年05月18日","112年11月17日","112年11月15日","112年11月17日","0.001","    17,000.00","","",
="06677U","臺股指法興2B售10","0.00","","IX0001","臺股指數","16,636.30","","認售","歐式","112年05月18日","112年11月17日","112年11月15日","112年11月17日","0.001","    18,000.00","","",
="06678U","亞德客元大2B售05","0.00","","1590","亞德客-KY","1,040.00","＋","認售","歐式","112年05月18日","112年11月17日","112年11月15日","112年11月17日","0.01","    800.00","","",
="06679U","華新元大2B售15","0.00","","1605","華新","46.60","＋","認售","歐式","112年05月18日","112年11月17日","112年11月15日","112年11月17日","0.564","    39.05","","",
="06680U","聯電元大2B售19","0.67","","2303","聯電","51.20","＋","認售","歐式","112年05月18日","112年11月17日","112年11月15日","112年11月17日","0.70","    38.95","","",
="06681U","鴻海元大2B售28","0.00","","2317","鴻海","105.50","＋","認售","歐式","112年05月18日","112年11月17日","112年11月15日","112年11月17日","0.06","    105.00","","",
="06682U","鴻海元大2B售29","0.00","","2317","鴻海","105.50","＋","認售","歐式","112年05月18日","112年11月17日","112年11月15日","112年11月17日","0.05","    110.00","","",
="06683U","台積電元大2B售38","0.00","","2330","台積電","568.00","＋","認售","歐式","112年05月18日","112年11月17日","112年11月15日","112年11月17日","0.50","    349.00","","",
="06684U","台積電元大2B售39","1.69","－","2330","台積電","568.00","＋","認售","歐式","112年05月18日","112年11月17日","112年11月15日","112年11月17日","0.065","    488.50","","",
="06685U","台積電元大2C售21","0.25","－","2330","台積電","568.00","＋","認售","歐式","112年05月18日","112年12月18日","112年12月14日","112年12月18日","1.00","    265.00","","",
="06686U","光罩元大2B售03","0.00","","2338","光罩","81.80","＋","認售","歐式","112年05月18日","112年11月17日","112年11月15日","112年11月17日","0.042","    75.00","","",
="06687U","金像電元大2B售06","0.41","－","2368","金像電","121.50","","認售","歐式","112年05月18日","112年11月17日","112年11月15日","112年11月17日","0.06","    95.00","","",
="06688P","台積電中信26售02","0.01","","2330","台積電","568.00","＋","認售","歐式","111年06月23日","112年06月26日","112年06月20日","112年06月26日","0.015","    432.64","","",
="06688U","瑞昱元大2B售04","1.80","－","2379","瑞昱","388.00","＋","認售","歐式","112年05月18日","112年11月17日","112年11月15日","112年11月17日","0.041","    369.00","","",
="06689U","聯發科元大2B售21","1.61","－","2454","聯發科","738.00","＋","認售","歐式","112年05月18日","112年11月17日","112年11月15日","112年11月17日","0.051","    593.00","","",
="06690U","聯詠元大2B售03","0.00","","3034","聯詠","423.50","＋","認售","歐式","112年05月18日","112年11月17日","112年11月15日","112年11月17日","0.503","    243.50","","",
="06691U","聯詠元大2B售04","0.00","","3034","聯詠","423.50","＋","認售","歐式","112年05月18日","112年11月17日","112年11月15日","112年11月17日","0.077","    337.00","","",
="06692U","聯詠元大2B售05","0.00","","3034","聯詠","423.50","＋","認售","歐式","112年05月18日","112年11月17日","112年11月15日","112年11月17日","0.065","    353.00","","",
="06693U","欣興元大2B售30","0.00","","3037","欣興","182.50","－","認售","歐式","112年05月18日","112年11月17日","112年11月15日","112年11月17日","0.237","    118.50","","",
="06694U","穎崴元大2B售04","0.00","","6515","穎崴","830.00","－","認售","歐式","112年05月18日","112年11月17日","112年11月15日","112年11月17日","0.025","    525.00","","",
="06695U","台灣50凱基31售09","0.72","",="0050","元大台灣50","126.75","＋","認售","歐式","112年05月18日","113年01月17日","113年01月15日","113年01月17日","0.25","    115.00","","",
="06696U","台灣50凱基33售02","0.74","－",="0050","元大台灣50","126.75","＋","認售","歐式","112年05月18日","113年03月18日","113年03月14日","113年03月18日","0.40","    102.50","","",
="06697U","華新凱基31售01","0.00","","1605","華新","46.60","＋","認售","歐式","112年05月18日","113年01月17日","113年01月15日","113年01月17日","0.50","    35.00","","",
="06698U","大亞凱基2C售03","0.00","","1609","大亞","31.00","＋","認售","歐式","112年05月18日","112年12月18日","112年12月14日","112年12月18日","0.20","    27.00","","",
="06699U","英業達凱基2C售02","0.00","","2356","英業達","37.50","＋","認售","歐式","112年05月18日","112年12月18日","112年12月14日","112年12月18日","0.65","    24.00","","",
="06700U","聯發科凱基2B售16","0.92","","2454","聯發科","738.00","＋","認售","歐式","112年05月18日","112年11月17日","112年11月15日","112年11月17日","0.06","    550.00","","",
="06701U","長榮凱基2C售12","1.28","－","2603","長榮","157.00","＋","認售","歐式","112年05月18日","112年12月18日","112年12月14日","112年12月18日","0.065","    150.00","","",
="06702U","欣興凱基2B售19","0.57","","3037","欣興","182.50","－","認售","歐式","112年05月18日","112年11月17日","112年11月15日","112年11月17日","0.10","    130.00","","",
="06703U","緯創凱基2B售19","0.00","","3231","緯創","68.00","＋","認售","歐式","112年05月18日","112年11月17日","112年11月15日","112年11月17日","0.65","    37.00","","",
="06704U","臺股指凱基2C售32","0.00","","IX0001","臺股指數","16,636.30","","認售","歐式","112年05月18日","112年12月18日","112年12月14日","112年12月18日","0.001","    15,200.00","","",
="06705U","臺股指凱基31售20","0.00","","IX0001","臺股指數","16,636.30","","認售","歐式","112年05月18日","113年01月17日","113年01月15日","113年01月17日","0.002","    14,500.00","","",
="06706U","臺股指凱基33售02","0.65","－","IX0001","臺股指數","16,636.30","","認售","歐式","112年05月18日","113年03月18日","113年03月14日","113年03月18日","0.003","    12,850.00","","",
="06707U","聯發科第一2C售03","0.61","","2454","聯發科","738.00","＋","認售","歐式","112年05月19日","112年12月18日","112年12月14日","112年12月18日","0.016","    590.82","","",
="06708U","台灣50中信32售01","1.04","－",="0050","元大台灣50","126.75","＋","認售","歐式","112年05月19日","113年02月19日","113年02月15日","113年02月19日","0.08","    130.00","","",
="06709U","台灣50中信35售02","0.53","－",="0050","元大台灣50","126.75","＋","認售","歐式","112年05月19日","113年05月20日","113年05月16日","113年05月20日","0.80","    60.00","","",
="06710U","奇鋐中信2C售02","0.00","","3017","奇鋐","206.00","－","認售","歐式","112年05月19日","112年12月18日","112年12月14日","112年12月18日","0.05","    150.00","","",
="06711U","臺股指中信33售03","0.00","","IX0001","臺股指數","16,636.30","","認售","歐式","112年05月19日","113年03月18日","113年03月14日","113年03月18日","0.007","    8,000.00","","",
="06712U","三陽凱基2B售03","0.87","－","2206","三陽工業","74.20","＋","認售","歐式","112年05月19日","112年11月20日","112年11月16日","112年11月20日","0.15","    57.33","","",
="06713U","漢翔凱基31售03","0.00","","2634","漢翔","55.80","＋","認售","歐式","112年05月19日","113年01月18日","113年01月16日","113年01月18日","0.60","    32.00","","",
="06714U","聯詠凱基2B售06","0.00","","3034","聯詠","423.50","＋","認售","歐式","112年05月19日","112年11月20日","112年11月16日","112年11月20日","0.50","    240.00","","",
="06715U","智原凱基2B售07","0.73","－","3035","智原","173.50","＋","認售","歐式","112年05月19日","112年11月20日","112年11月16日","112年11月20日","0.07","    130.00","","",
="06716U","景碩凱基2B售03","0.77","","3189","景碩","116.00","＋","認售","歐式","112年05月19日","112年11月20日","112年11月16日","112年11月20日","0.12","    90.00","","",
="06717U","明基材凱基2B售01","0.85","","8215","明基材","35.30","＋","認售","歐式","112年05月19日","112年11月20日","112年11月16日","112年11月20日","0.45","    27.00","","",
="06718U","台積電元大2B售40","1.69","－","2330","台積電","568.00","＋","認售","歐式","112年05月19日","112年11月20日","112年11月16日","112年11月20日","0.068","    477.00","","",
="06719U","台積電元大2B售41","1.87","－","2330","台積電","568.00","＋","認售","歐式","112年05月19日","112年11月20日","112年11月16日","112年11月20日","0.063","    495.00","","",
="06720U","台積電元大2B售42","1.48","－","2330","台積電","568.00","＋","認售","歐式","112年05月19日","112年11月20日","112年11月16日","112年11月20日","0.054","    484.50","","",
="06721U","聯發科元大2B售22","1.88","－","2454","聯發科","738.00","＋","認售","歐式","112年05月19日","112年11月20日","112年11月16日","112年11月20日","0.033","    659.00","","",
="06722U","全新元大2B售03","0.56","－","2455","全新","100.00","","認售","歐式","112年05月19日","112年11月20日","112年11月16日","112年11月20日","0.098","    75.00","","",
="06723U","聯詠元大2B售06","0.00","","3034","聯詠","423.50","＋","認售","歐式","112年05月19日","112年11月20日","112年11月16日","112年11月20日","0.055","    368.50","","",
="06724U","聯詠元大2B售07","1.79","－","3034","聯詠","423.50","＋","認售","歐式","112年05月19日","112年11月20日","112年11月16日","112年11月20日","0.04","    400.00","","",
="06725U","智原元大2B售10","1.23","－","3035","智原","173.50","＋","認售","歐式","112年05月19日","112年11月20日","112年11月16日","112年11月20日","0.07","    145.00","","",
="06726U","欣興元大2B售31","1.12","＋","3037","欣興","182.50","－","認售","歐式","112年05月19日","112年11月20日","112年11月16日","112年11月20日","0.277","    114.00","","",
="06727U","緯創元大2B售19","0.00","","3231","緯創","68.00","＋","認售","歐式","112年05月19日","112年11月20日","112年11月16日","112年11月20日","0.557","    38.10","","",
="06728U","健策元大2B售07","0.00","","3653","健策","616.00","＋","認售","歐式","112年05月19日","112年11月20日","112年11月16日","112年11月20日","0.088","    350.50","","",
="06729U","矽力元大2B售04","0.00","","6415","矽力*-KY","394.50","＋","認售","歐式","112年05月19日","112年11月20日","112年11月16日","112年11月20日","0.023","    335.75","","",
="06730U","力智元大2B售05","0.00","","6719","力智","303.00","＋","認售","歐式","112年05月19日","112年11月20日","112年11月16日","112年11月20日","0.04","    283.50","","",
="06731U","南電元大2B售24","2.02","＋","8046","南電","302.50","－","認售","歐式","112年05月19日","112年11月20日","112年11月16日","112年11月20日","0.067","    262.00","","",
="06732U","富邦媒元大2B售02","0.00","","8454","富邦媒","703.00","＋","認售","歐式","112年05月19日","112年11月20日","112年11月16日","112年11月20日","0.032","    503.00","","",
="06733U","世紀鋼元大2B售04","0.51","","9958","世紀鋼","109.50","＋","認售","歐式","112年05月19日","112年11月20日","112年11月16日","112年11月20日","0.062","    94.30","","",
="06734U","台灣50群益2B售01","0.96","－",="0050","元大台灣50","126.75","＋","認售","歐式","112年05月19日","112年11月20日","112年11月16日","112年11月20日","0.50","    112.00","","",
="06735U","台灣50群益2C售04","0.00","",="0050","元大台灣50","126.75","＋","認售","歐式","112年05月19日","112年12月18日","112年12月14日","112年12月18日","0.30","    117.50","","",
="06736U","技嘉群益2C售02","0.57","－","2376","技嘉","186.00","＋","認售","歐式","112年05月19日","112年12月18日","112年12月14日","112年12月18日","0.15","    120.00","","",
="06737U","樺漢群益2C售02","0.00","","6414","樺漢","281.00","＋","認售","歐式","112年05月19日","112年12月18日","112年12月14日","112年12月18日","0.035","    230.00","","",
="06738U","洋基群益31售01","1.43","－","6691","洋基工程","297.00","＋","認售","歐式","112年05月19日","113年01月18日","113年01月16日","113年01月18日","0.06","    236.00","","",
="06739U","臺股指群益2C售14","0.00","","IX0001","臺股指數","16,636.30","","認售","歐式","112年05月19日","112年12月18日","112年12月14日","112年12月18日","0.0025","    14,400.00","","",
="06740U","臺股指群益33售06","0.00","","IX0001","臺股指數","16,636.30","","認售","歐式","112年05月19日","113年03月18日","113年03月14日","113年03月18日","0.0035","    12,888.00","","",
="06741U","敦泰元富2B售02","0.00","","3545","敦泰","83.70","＋","認售","歐式","112年05月19日","112年11月20日","112年11月16日","112年11月20日","0.17","    65.00","","",
="06742U","緯穎元富31售02","0.82","－","6669","緯穎","1,205.00","＋","認售","歐式","112年05月19日","113年01月18日","113年01月16日","113年01月18日","0.013","    800.00","","",
="06743U","大亞麥證2B售01","0.76","－","1609","大亞","31.00","＋","認售","歐式","112年05月19日","112年11月20日","112年11月16日","112年11月20日","0.174","    27.00","","",
="06744U","臺股指麥證2B售07","0.00","","IX0001","臺股指數","16,636.30","","認售","歐式","112年05月19日","112年11月20日","112年11月16日","112年11月20日","0.002","    15,700.00","","",
="06745U","臺股指麥證31售08","0.00","","IX0001","臺股指數","16,636.30","","認售","歐式","112年05月19日","113年01月18日","113年01月16日","113年01月18日","0.002","    15,300.00","","",
="06746U","FBNQ2X國票2B售01","1.30","",="00670L","富邦NASDAQ正2","78.90","＋","認售","歐式","112年05月19日","112年11月20日","112年11月16日","112年11月20日","0.20","    65.00","","",
="06747U","FBNQ2X國票2C售02","0.00","",="00670L","富邦NASDAQ正2","78.90","＋","認售","歐式","112年05月19日","112年12月18日","112年12月14日","112年12月18日","0.30","    57.00","","",
="06748U","美費半國票2B售02","0.99","－",="00830","國泰費城半導體","31.65","＋","認售","歐式","112年05月19日","112年11月20日","112年11月16日","112年11月20日","1.00","    26.00","","",
="06749U","技嘉國票2B售02","0.45","－","2376","技嘉","186.00","＋","認售","歐式","112年05月19日","112年11月20日","112年11月16日","112年11月20日","0.12","    120.00","","",
="06750U","緯創國票2C售04","0.15","－","3231","緯創","68.00","＋","認售","歐式","112年05月19日","112年12月18日","112年12月14日","112年12月18日","1.00","    34.00","","",
="06751U","臺股指國票2B售11","0.00","","IX0001","臺股指數","16,636.30","","認售","歐式","112年05月19日","112年11月20日","112年11月16日","112年11月20日","0.004","    13,750.00","","",
="06752U","技嘉中信2B售02","0.44","－","2376","技嘉","186.00","＋","認售","歐式","112年05月22日","112年11月21日","112年11月17日","112年11月21日","0.052","    138.00","","",
="06753U","貿聯中信2B售01","0.00","","3665","貿聯-KY","270.50","＋","認售","歐式","112年05月22日","112年11月21日","112年11月17日","112年11月21日","0.10","    200.00","","",
="06754U","臺股指中信33售05","0.00","","IX0001","臺股指數","16,636.30","","認售","歐式","112年05月22日","113年03月21日","113年03月19日","113年03月21日","0.012","    8,000.00","","",
="06755U","台灣50永豐2C售01","1.42","－",="0050","元大台灣50","126.75","＋","認售","歐式","112年05月22日","112年12月21日","112年12月19日","112年12月21日","0.35","    119.88","","",
="06756U","台積電永豐31售02","0.58","－","2330","台積電","568.00","＋","認售","歐式","112年05月22日","113年01月22日","113年01月18日","113年01月22日","0.075","    439.00","","",
="067574","友達第一26購01","0.00","","2409","友達","17.65","＋","認購","美式","111年03月14日","111年03月14日","112年06月09日","112年06月13日","0.337","    21.22","","",
="067575","群創第一26購01","0.00","","3481","群創","14.10","＋","認購","美式","111年03月14日","111年03月14日","112年06月09日","112年06月13日","0.458","    15.56","","",
="06757U","南電元富2B售05","2.09","","8046","南電","302.50","－","認售","歐式","112年05月22日","112年11月21日","112年11月17日","112年11月21日","0.07","    270.00","","",
="06758U","金像電麥證2B售01","0.44","","2368","金像電","121.50","","認售","歐式","112年05月22日","112年11月21日","112年11月17日","112年11月21日","0.123","    85.00","","",
="06759U","緯創麥證2B售01","0.30","－","3231","緯創","68.00","＋","認售","歐式","112年05月22日","112年11月21日","112年11月17日","112年11月21日","0.33","    46.88","","",
="06760U","創意麥證2C售02","1.79","－","3443","創意","1,515.00","＋","認售","歐式","112年05月22日","112年12月21日","112年12月19日","112年12月21日","0.011","    1,150.00","","",
="06761U","亞翔國票2B售02","0.00","","6139","亞翔","63.80","－","認售","歐式","112年05月22日","112年11月21日","112年11月17日","112年11月21日","0.23","    50.00","","",
="06762U","電子類國票2B售01","1.11","－","IX0027","電子類","797.58","","認售","歐式","112年05月22日","112年11月21日","112年11月17日","112年11月21日","0.05","    710.00","","",
="06763U","電子類國票2B售02","0.00","","IX0027","電子類","797.58","","認售","歐式","112年05月22日","112年11月21日","112年11月17日","112年11月21日","0.05","    690.00","","",
="06764U","電子類國票2B售03","0.00","","IX0027","電子類","797.58","","認售","歐式","112年05月22日","112年11月21日","112年11月17日","112年11月21日","0.07","    670.00","","",
="06765U","台積電富邦31售05","0.85","－","2330","台積電","568.00","＋","認售","歐式","112年05月22日","113年01月22日","113年01月18日","113年01月22日","0.06","    460.00","","",
="06766U","聯發科富邦33售02","0.00","","2454","聯發科","738.00","＋","認售","歐式","112年05月22日","113年03月21日","113年03月19日","113年03月21日","0.012","    600.00","","",
="06767U","群創富邦31售03","0.00","","3481","群創","14.10","＋","認售","歐式","112年05月22日","113年01月22日","113年01月18日","113年01月22日","0.40","    12.00","","",
="06768U","三陽元大2B售04","0.00","","2206","三陽工業","74.20","＋","認售","歐式","112年05月22日","112年11月21日","112年11月17日","112年11月21日","0.20","    58.91","","",
="06769U","三陽元大2B售05","1.47","－","2206","三陽工業","74.20","＋","認售","歐式","112年05月22日","112年11月21日","112年11月17日","112年11月21日","0.15","    65.84","","",
="06770U","聯電元大2B售20","0.00","","2303","聯電","51.20","＋","認售","歐式","112年05月22日","112年11月21日","112年11月17日","112年11月21日","0.25","    48.85","","",
="06771U","國巨元大2B售08","0.00","","2327","國巨","508.00","＋","認售","歐式","112年05月22日","112年11月21日","112年11月17日","112年11月21日","1.00","    246.50","","",
="06772U","國巨元大2B售09","1.88","－","2327","國巨","508.00","＋","認售","歐式","112年05月22日","112年11月21日","112年11月17日","112年11月21日","0.05","    444.00","","",
="06773U","英業達元大2B售03","0.80","－","2356","英業達","37.50","＋","認售","歐式","112年05月22日","112年11月21日","112年11月17日","112年11月21日","0.422","    29.45","","",
="06774U","瑞昱元大2B售05","0.00","","2379","瑞昱","388.00","＋","認售","歐式","112年05月22日","112年11月21日","112年11月17日","112年11月21日","0.065","    336.00","","",
="06775U","聯詠元大2B售08","0.00","","3034","聯詠","423.50","＋","認售","歐式","112年05月22日","112年11月21日","112年11月17日","112年11月21日","0.917","    230.00","","",
="06776U","聯詠元大2B售09","0.00","","3034","聯詠","423.50","＋","認售","歐式","112年05月22日","112年11月21日","112年11月17日","112年11月21日","0.141","    305.50","","",
="067771","台積電國票27購01","0.00","","2330","台積電","568.00","＋","認購","美式","111年03月14日","111年03月14日","112年07月11日","112年07月13日","0.309","    1,557.01","","",
="06777U","聯詠元大2B售10","0.00","","3034","聯詠","423.50","＋","認售","歐式","112年05月22日","112年11月21日","112年11月17日","112年11月21日","0.065","    357.00","","",
="06778U","智原元大2B售11","0.00","","3035","智原","173.50","＋","認售","歐式","112年05月22日","112年11月21日","112年11月17日","112年11月21日","0.08","    137.50","","",
="06779U","虹堡元大2B售04","0.00","","5258","虹堡","91.00","＋","認售","歐式","112年05月22日","112年11月21日","112年11月17日","112年11月21日","0.038","    90.00","","",
="06780P","臺股指國票26售01","0.00","","IX0001","臺股指數","16,636.30","","認售","歐式","111年06月27日","112年06月26日","112年06月20日","112年06月26日","0.01","    8,000.00","","",
="06780U","矽力元大2B售05","0.00","","6415","矽力*-KY","394.50","＋","認售","歐式","112年05月22日","112年11月21日","112年11月17日","112年11月21日","0.017","    378.50","","",
="06781U","力積電元大2B售02","0.00","","6770","力積電","30.85","＋","認售","歐式","112年05月22日","112年11月21日","112年11月17日","112年11月21日","0.973","    25.90","","",
="06782U","巨大元大2B售01","0.00","","9921","巨大","201.00","＋","認售","歐式","112年05月22日","112年11月21日","112年11月17日","112年11月21日","0.062","    186.44","","",
="06783U","美時群益2B售07","0.00","","1795","美時","330.50","＋","認售","歐式","112年05月22日","112年11月21日","112年11月17日","112年11月21日","0.03","    300.00","","",
="06784U","台積電群益2B售10","0.00","","2330","台積電","568.00","＋","認售","歐式","112年05月22日","112年11月21日","112年11月17日","112年11月21日","0.20","    425.00","","",
="06785U","台積電群益2B售11","0.00","","2330","台積電","568.00","＋","認售","歐式","112年05月22日","112年11月21日","112年11月17日","112年11月21日","0.10","    455.00","","",
="06786U","宏達電群益2C售02","0.00","","2498","宏達電","61.50","＋","認售","歐式","112年05月22日","112年12月21日","112年12月19日","112年12月21日","0.723","    48.00","","",
="06787U","奇鋐群益2B售07","1.21","＋","3017","奇鋐","206.00","－","認售","歐式","112年05月22日","112年11月21日","112年11月17日","112年11月21日","0.20","    125.00","","",
="067887","聯電統一33購01","0.28","－","2303","聯電","51.20","＋","認購","美式","111年03月15日","111年03月15日","113年03月12日","113年03月14日","0.064","    67.62","","",
="06788U","健策群益2B售04","0.60","－","3653","健策","616.00","＋","認售","歐式","112年05月22日","112年11月21日","112年11月17日","112年11月21日","0.04","    400.00","","",
="067890","台積電統一33購01","0.00","","2330","台積電","568.00","＋","認購","美式","111年03月15日","111年03月15日","113年03月12日","113年03月14日","0.009","    778.50","","",
="067893","聯發科統一33購01","0.08","＋","2454","聯發科","738.00","＋","認購","美式","111年03月15日","111年03月15日","113年03月12日","113年03月14日","0.004","    1,182.40","","",
="06789U","臺股指群益32售16","0.00","","IX0001","臺股指數","16,636.30","","認售","歐式","112年05月22日","113年02月21日","113年02月19日","113年02月21日","0.004","    14,100.00","","",
="06790U","臺股指群益32售17","1.89","－","IX0001","臺股指數","16,636.30","","認售","歐式","112年05月22日","113年02月21日","113年02月19日","113年02月21日","0.002","    15,900.00","","",
="06791U","電子類群益2C售05","1.71","－","IX0027","電子類","797.58","","認售","歐式","112年05月22日","112年12月21日","112年12月19日","112年12月21日","0.03","    760.00","","",
="06792U","台積電凱基2B售15","0.00","","2330","台積電","568.00","＋","認售","歐式","112年05月22日","112年11月21日","112年11月17日","112年11月21日","0.15","    420.00","","",
="06793U","台積電凱基31售12","1.21","－","2330","台積電","568.00","＋","認售","歐式","112年05月22日","113年01月22日","113年01月18日","113年01月22日","0.05","    500.00","","",
="06794U","瑞昱凱基2B售04","0.71","","2379","瑞昱","388.00","＋","認售","歐式","112年05月22日","112年11月21日","112年11月17日","112年11月21日","0.60","    210.00","","",
="06795U","長榮凱基2B售17","0.00","","2603","長榮","157.00","＋","認售","歐式","112年05月22日","112年11月21日","112年11月17日","112年11月21日","1.00","    90.00","","",
="06796U","聯詠凱基2C售05","0.00","","3034","聯詠","423.50","＋","認售","歐式","112年05月22日","112年12月21日","112年12月19日","112年12月21日","0.10","    325.00","","",
="06797U","欣興凱基2B售20","0.96","＋","3037","欣興","182.50","－","認售","歐式","112年05月22日","112年11月21日","112年11月17日","112年11月21日","0.37","    110.00","","",
="06798U","聯合再凱基2C售01","0.00","","3576","聯合再生","20.30","＋","認售","歐式","112年05月22日","112年12月21日","112年12月19日","112年12月21日","0.50","    17.50","","",
="06799P","長榮元大26售02","0.00","","2603","長榮","157.00","＋","認售","歐式","111年06月27日","112年06月26日","112年06月20日","112年06月26日","0.206","    106.18","","",
="06799U","健策凱基2B售03","0.00","","3653","健策","616.00","＋","認售","歐式","112年05月22日","112年11月21日","112年11月17日","112年11月21日","0.05","    370.00","","",
="06800U","中磊凱基2C售01","0.00","","5388","中磊","93.30","＋","認售","歐式","112年05月22日","112年12月21日","112年12月19日","112年12月21日","0.147","    75.00","","",
="06801U","樺漢凱基2C售01","0.76","","6414","樺漢","281.00","＋","認售","歐式","112年05月22日","112年12月21日","112年12月19日","112年12月21日","0.05","    220.00","","",
="06802U","矽力凱基2B售05","0.00","","6415","矽力*-KY","394.50","＋","認售","歐式","112年05月22日","112年11月21日","112年11月17日","112年11月21日","0.025","    300.00","","",
="06803U","南電凱基2B售12","0.00","","8046","南電","302.50","－","認售","歐式","112年05月22日","112年11月21日","112年11月17日","112年11月21日","0.055","    260.00","","",
="06804U","富邦媒凱基2B售01","0.00","","8454","富邦媒","703.00","＋","認售","歐式","112年05月22日","112年11月21日","112年11月17日","112年11月21日","0.015","    600.00","","",
="06805U","臺股指凱基31售27","0.00","","IX0001","臺股指數","16,636.30","","認售","歐式","112年05月22日","113年01月22日","113年01月18日","113年01月22日","0.007","    12,400.00","","",
="06806U","三陽中信2B售01","0.00","","2206","三陽工業","74.20","＋","認售","歐式","112年05月23日","112年11月22日","112年11月20日","112年11月22日","0.30","    45.00","","",
="06807U","臺股指中信2C售10","1.13","","IX0001","臺股指數","16,636.30","","認售","歐式","112年05月23日","112年12月22日","112年12月20日","112年12月22日","0.001","    16,000.00","","",
="06808U","長榮康和2B售04","0.00","","2603","長榮","157.00","＋","認售","歐式","112年05月23日","112年11月22日","112年11月20日","112年11月22日","0.08","    140.00","","",
="06809U","臺股指永豐32售01","0.00","","IX0001","臺股指數","16,636.30","","認售","歐式","112年05月23日","113年02月22日","113年02月20日","113年02月22日","0.004","    14,000.00","","",
="06810U","華城凱基2B售04","0.74","－","1519","華城","141.00","＋","認售","歐式","112年05月23日","112年11月22日","112年11月20日","112年11月22日","0.065","    100.00","","",
="06811U","中華凱基2B售03","0.85","－","2204","中華","91.60","－","認售","歐式","112年05月23日","112年11月22日","112年11月20日","112年11月22日","0.15","    75.00","","",
="06812U","光寶科凱基2B售02","0.99","","2301","光寶科","86.40","＋","認售","歐式","112年05月23日","112年11月22日","112年11月20日","112年11月22日","0.25","    70.00","","",
="06813U","國巨凱基2B售06","0.00","","2327","國巨","508.00","＋","認售","歐式","112年05月23日","112年11月22日","112年11月20日","112年11月22日","0.18","    340.00","","",
="06814U","台積電凱基2B售16","1.27","－","2330","台積電","568.00","＋","認售","歐式","112年05月23日","112年11月22日","112年11月20日","112年11月22日","0.10","    480.00","","",
="068158","長榮統一33購01","0.07","＋","2603","長榮","157.00","＋","認購","美式","111年03月16日","111年03月16日","113年03月13日","113年03月15日","0.016","    386.08","","",
="06815U","台積電凱基35售04","1.51","－","2330","台積電","568.00","＋","認售","歐式","112年05月23日","113年05月22日","113年05月20日","113年05月22日","1.00","    270.00","","",
="06816U","技嘉凱基2B售03","0.53","－","2376","技嘉","186.00","＋","認售","歐式","112年05月23日","112年11月22日","112年11月20日","112年11月22日","0.20","    120.00","","",
="06817U","碩天凱基2B售04","0.78","－","3617","碩天","191.00","－","認售","歐式","112年05月23日","112年11月22日","112年11月20日","112年11月22日","0.05","    149.81","","",
="068181","聯發科元富26購01","0.00","","2454","聯發科","738.00","＋","認購","美式","111年03月17日","111年03月17日","112年06月14日","112年06月16日","0.007","    1,080.53","","",
="06818U","三陽統一32售02","0.81","－","2206","三陽工業","74.20","＋","認售","歐式","112年05月23日","113年02月22日","113年02月20日","113年02月22日","0.07","    63.90","","",
="06819U","台積電統一35售04","0.65","－","2330","台積電","568.00","＋","認售","歐式","112年05月23日","113年05月22日","113年05月20日","113年05月22日","0.01","    540.00","","",
="06820U","技嘉統一2C售01","0.63","－","2376","技嘉","186.00","＋","認售","歐式","112年05月23日","112年12月22日","112年12月20日","112年12月22日","0.03","    154.70","","",
="06821U","欣興統一31售02","0.54","＋","3037","欣興","182.50","－","認售","歐式","112年05月23日","113年01月22日","113年01月18日","113年01月22日","0.025","    157.30","","",
="06822P","聯電元大26售01","0.00","","2303","聯電","51.20","＋","認售","歐式","111年06月28日","112年06月27日","112年06月21日","112年06月27日","0.724","    32.05","","",
="06822U","FBNQ2X群益2B售02","2.04","－",="00670L","富邦NASDAQ正2","78.90","＋","認售","歐式","112年05月23日","112年11月22日","112年11月20日","112年11月22日","0.40","    60.00","","",
="06823U","FBNQ2X群益2B售03","1.66","－",="00670L","富邦NASDAQ正2","78.90","＋","認售","歐式","112年05月23日","112年11月22日","112年11月20日","112年11月22日","0.20","    70.00","","",
="06824P","台積電元大26售05","0.00","","2330","台積電","568.00","＋","認售","歐式","111年06月28日","112年06月27日","112年06月21日","112年06月27日","0.059","    399.20","","",
="06824U","美時群益2B售09","0.00","","1795","美時","330.50","＋","認售","歐式","112年05月23日","112年11月22日","112年11月20日","112年11月22日","0.025","    330.00","","",
="06825U","技嘉群益2B售01","0.90","－","2376","技嘉","186.00","＋","認售","歐式","112年05月23日","112年11月22日","112年11月20日","112年11月22日","0.11","    140.00","","",
="06826P","聯發科元大26售01","0.02","","2454","聯發科","738.00","＋","認售","歐式","111年06月28日","112年06月27日","112年06月21日","112年06月27日","0.03","    525.00","","",
="06826U","威盛群益2B售05","0.00","","2388","威盛","83.10","＋","認售","歐式","112年05月23日","112年11月22日","112年11月20日","112年11月22日","0.372","    68.00","","",
="06827U","華城元大2B售05","1.05","－","1519","華城","141.00","＋","認售","歐式","112年05月23日","112年11月22日","112年11月20日","112年11月22日","0.279","    70.00","","",
="06828U","美時元大2B售14","1.25","－","1795","美時","330.50","＋","認售","歐式","112年05月23日","112年11月22日","112年11月20日","112年11月22日","0.025","    300.00","","",
="06829U","聯電元大2B售21","0.00","","2303","聯電","51.20","＋","認售","歐式","112年05月23日","112年11月22日","112年11月20日","112年11月22日","1.00","    37.50","","",
="06830P","創意元大26售01","0.00","","3443","創意","1,515.00","＋","認售","歐式","111年06月28日","112年06月27日","112年06月21日","112年06月27日","0.075","    250.00","","",
="06830U","台達電元大2B售08","1.22","","2308","台達電","315.50","－","認售","歐式","112年05月23日","112年11月22日","112年11月20日","112年11月22日","0.094","    264.50","","",
="06831U","國巨元大2B售10","0.00","","2327","國巨","508.00","＋","認售","歐式","112年05月23日","112年11月22日","112年11月20日","112年11月22日","0.126","    364.00","","",
="06832P","世芯元大26售01","0.00","","3661","世芯-KY","1,660.00","＋","認售","歐式","111年06月28日","112年06月27日","112年06月21日","112年06月27日","0.025","    395.19","","",
="06832U","國巨元大2B售11","0.00","","2327","國巨","508.00","＋","認售","歐式","112年05月23日","112年11月22日","112年11月20日","112年11月22日","0.108","    380.00","","",
="06833U","國巨元大2B售12","0.00","","2327","國巨","508.00","＋","認售","歐式","112年05月23日","112年11月22日","112年11月20日","112年11月22日","0.06","    428.00","","",
="06834U","旺宏元大2B售04","0.00","","2337","旺宏","33.40","＋","認售","歐式","112年05月23日","112年11月22日","112年11月20日","112年11月22日","0.658","    30.65","","",
="06835U","聯發科元大2B售23","1.60","－","2454","聯發科","738.00","＋","認售","歐式","112年05月23日","112年11月22日","112年11月20日","112年11月22日","0.156","    489.50","","",
="06836U","聯詠元大2B售11","0.00","","3034","聯詠","423.50","＋","認售","歐式","112年05月23日","112年11月22日","112年11月20日","112年11月22日","0.42","    257.00","","",
="06837U","聯詠元大2B售12","0.00","","3034","聯詠","423.50","＋","認售","歐式","112年05月23日","112年11月22日","112年11月20日","112年11月22日","0.052","    372.50","","",
="06838U","聯詠元大2B售13","0.00","","3034","聯詠","423.50","＋","認售","歐式","112年05月23日","112年11月22日","112年11月20日","112年11月22日","0.05","    380.50","","",
="06839U","景碩元大2B售06","0.00","","3189","景碩","116.00","＋","認售","歐式","112年05月23日","112年11月22日","112年11月20日","112年11月22日","0.08","    111.00","","",
="06840U","天鈺元大2B售04","0.00","","4961","天鈺","154.00","＋","認售","歐式","112年05月23日","112年11月22日","112年11月20日","112年11月22日","0.111","    122.00","","",
="06841U","亞翔元大2B售02","1.48","－","6139","亞翔","63.80","－","認售","歐式","112年05月23日","112年11月22日","112年11月20日","112年11月22日","0.208","    54.61","","",
="06842U","樺漢元大2B售04","1.62","－","6414","樺漢","281.00","＋","認售","歐式","112年05月23日","112年11月22日","112年11月20日","112年11月22日","0.045","    270.04","","",
="06843U","臺股指元大31售47","0.93","","IX0001","臺股指數","16,636.30","","認售","歐式","112年05月23日","113年01月22日","113年01月18日","113年01月22日","0.008","    12,000.00","","",
="06844U","臺股指元大31售48","0.00","","IX0001","臺股指數","16,636.30","","認售","歐式","112年05月23日","113年01月22日","113年01月18日","113年01月22日","0.006","    12,800.00","","",
="06845U","臺股指元大31售49","0.00","","IX0001","臺股指數","16,636.30","","認售","歐式","112年05月23日","113年01月22日","113年01月18日","113年01月22日","0.005","    13,400.00","","",
="06846U","臺股指元大31售50","0.00","","IX0001","臺股指數","16,636.30","","認售","歐式","112年05月23日","113年01月22日","113年01月18日","113年01月22日","0.004","    13,800.00","","",
="06847U","臺股指元大31售51","1.34","－","IX0001","臺股指數","16,636.30","","認售","歐式","112年05月23日","113年01月22日","113年01月18日","113年01月22日","0.002","    15,600.00","","",
="06848U","臺股指元大33售08","0.00","","IX0001","臺股指數","16,636.30","","認售","歐式","112年05月23日","113年03月22日","113年03月20日","113年03月22日","0.008","    11,700.00","","",
="06849U","臺股指元大33售09","0.00","","IX0001","臺股指數","16,636.30","","認售","歐式","112年05月23日","113年03月22日","113年03月20日","113年03月22日","0.006","    12,300.00","","",
="06850U","臺股指元大33售10","0.00","","IX0001","臺股指數","16,636.30","","認售","歐式","112年05月23日","113年03月22日","113年03月20日","113年03月22日","0.004","    13,200.00","","",
="06851U","臺股指元大33售11","0.99","－","IX0001","臺股指數","16,636.30","","認售","歐式","112年05月23日","113年03月22日","113年03月20日","113年03月22日","0.003","    13,600.00","","",
="06852U","臺股指元大33售12","1.22","","IX0001","臺股指數","16,636.30","","認售","歐式","112年05月23日","113年03月22日","113年03月20日","113年03月22日","0.002","    15,000.00","","",
="06853U","台積電元富45售02","1.18","－","2330","台積電","568.00","＋","認售","歐式","112年05月23日","114年05月22日","114年05月20日","114年05月22日","0.03","    400.00","","",
="06854U","全新元富2C售04","0.00","","2455","全新","100.00","","認售","歐式","112年05月23日","112年12月22日","112年12月20日","112年12月22日","0.114","    82.00","","",
="06855P","聯電凱基26售01","0.01","","2303","聯電","51.20","＋","認售","歐式","111年06月29日","112年06月28日","112年06月26日","112年06月28日","0.80","    30.00","","",
="06855U","緯創元富35售02","0.45","－","3231","緯創","68.00","＋","認售","歐式","112年05月23日","113年05月22日","113年05月20日","113年05月22日","0.20","    40.00","","",
="06856P","聯發科凱基26售04","0.00","","2454","聯發科","738.00","＋","認售","歐式","111年06月29日","112年06月28日","112年06月26日","112年06月28日","0.025","    600.00","","",
="06856U","碩天元富2B售01","0.91","－","3617","碩天","191.00","－","認售","歐式","112年05月23日","112年11月22日","112年11月20日","112年11月22日","0.07","    145.00","","",
="06857P","聯發科凱基29售03","0.39","－","2454","聯發科","738.00","＋","認售","歐式","111年06月29日","112年09月28日","112年09月26日","112年09月28日","0.035","    500.00","","",
="06857U","台灣50麥證31售03","0.87","－",="0050","元大台灣50","126.75","＋","認售","歐式","112年05月23日","113年01月22日","113年01月18日","113年01月22日","0.15","    122.00","","",
="06858U","南亞科麥證2B售01","0.00","","2408","南亞科","71.20","－","認售","歐式","112年05月23日","112年11月22日","112年11月20日","112年11月22日","0.18","    63.00","","",
="06859U","臺股指麥證2B售08","0.88","","IX0001","臺股指數","16,636.30","","認售","歐式","112年05月23日","112年11月22日","112年11月20日","112年11月22日","0.001","    16,200.00","","",
="06860U","國泰金中信2B售02","1.10","－","2882","國泰金","44.75","＋","認售","歐式","112年05月24日","112年11月23日","112年11月21日","112年11月23日","1.00","    35.00","","",
="06861U","健策中信2B售01","0.00","","3653","健策","616.00","＋","認售","歐式","112年05月24日","112年11月23日","112年11月21日","112年11月23日","0.016","    488.00","","",
="06862U","臺股指中信32售05","2.09","－","IX0001","臺股指數","16,636.30","","認售","歐式","112年05月24日","113年02月23日","113年02月21日","113年02月23日","0.001","    16,888.00","","",
="06863U","大亞永豐31售02","1.36","－","1609","大亞","31.00","＋","認售","歐式","112年05月24日","113年01月23日","113年01月19日","113年01月23日","0.27","    27.96","","",
="06864U","世芯永豐2C售04","1.08","","3661","世芯-KY","1,660.00","＋","認售","歐式","112年05月24日","112年12月25日","112年12月21日","112年12月25日","0.006","    1,319.63","","",
="06865U","中華統一2C售02","0.00","","2204","中華","91.60","－","認售","歐式","112年05月24日","112年12月25日","112年12月21日","112年12月25日","0.04","    82.70","","",
="06866U","碩天統一2C售01","0.00","","3617","碩天","191.00","－","認售","歐式","112年05月24日","112年12月25日","112年12月21日","112年12月25日","0.018","    175.60","","",
="06867U","亞德客凱基2C售04","1.14","－","1590","亞德客-KY","1,040.00","＋","認售","歐式","112年05月24日","112年12月25日","112年12月21日","112年12月25日","0.012","    840.00","","",
="06868U","台積電凱基2B售17","0.00","","2330","台積電","568.00","＋","認售","歐式","112年05月24日","112年11月23日","112年11月21日","112年11月23日","0.75","    350.00","","",
="06869U","技嘉凱基2B售05","0.66","＋","2376","技嘉","186.00","＋","認售","歐式","112年05月24日","112年11月23日","112年11月21日","112年11月23日","0.085","    140.00","","",
="06870U","長榮航凱基2B售07","0.00","","2618","長榮航","33.60","＋","認售","歐式","112年05月24日","112年11月23日","112年11月21日","112年11月23日","1.00","    25.00","","",
="06871U","緯創凱基2B售20","0.64","－","3231","緯創","68.00","＋","認售","歐式","112年05月24日","112年11月23日","112年11月21日","112年11月23日","0.20","    51.00","","",
="06872U","創意凱基2C售09","0.00","","3443","創意","1,515.00","＋","認售","歐式","112年05月24日","112年12月25日","112年12月21日","112年12月25日","0.006","    1,100.00","","",
="06873U","世芯凱基2B售11","0.55","－","3661","世芯-KY","1,660.00","＋","認售","歐式","112年05月24日","112年11月23日","112年11月21日","112年11月23日","0.005","    1,400.00","","",
="06874U","南電凱基2B售13","2.03","","8046","南電","302.50","－","認售","歐式","112年05月24日","112年11月23日","112年11月21日","112年11月23日","0.12","    230.00","","",
="06875U","臺股指凱基31售32","0.00","","IX0001","臺股指數","16,636.30","","認售","歐式","112年05月24日","113年01月23日","113年01月19日","113年01月23日","0.0088","    11,988.00","","",
="06876U","臺股指凱基31售33","0.00","","IX0001","臺股指數","16,636.30","","認售","歐式","112年05月24日","113年01月23日","113年01月19日","113年01月23日","0.0066","    12,788.00","","",
="06877U","臺股指凱基31售34","0.96","","IX0001","臺股指數","16,636.30","","認售","歐式","112年05月24日","113年01月23日","113年01月19日","113年01月23日","0.0055","    13,388.00","","",
="06878U","臺股指凱基31售35","0.00","","IX0001","臺股指數","16,636.30","","認售","歐式","112年05月24日","113年01月23日","113年01月19日","113年01月23日","0.0044","    13,788.00","","",
="06879U","臺股指凱基31售36","1.44","－","IX0001","臺股指數","16,636.30","","認售","歐式","112年05月24日","113年01月23日","113年01月19日","113年01月23日","0.0022","    15,588.00","","",
="06880U","臺股指凱基33售08","1.10","","IX0001","臺股指數","16,636.30","","認售","歐式","112年05月24日","113年03月25日","113年03月21日","113年03月25日","0.0088","    11,688.00","","",
="06881U","臺股指凱基33售09","0.00","","IX0001","臺股指數","16,636.30","","認售","歐式","112年05月24日","113年03月25日","113年03月21日","113年03月25日","0.0066","    12,288.00","","",
="06882U","臺股指凱基33售10","1.04","－","IX0001","臺股指數","16,636.30","","認售","歐式","112年05月24日","113年03月25日","113年03月21日","113年03月25日","0.0044","    13,188.00","","",
="06883U","臺股指凱基33售11","0.94","","IX0001","臺股指數","16,636.30","","認售","歐式","112年05月24日","113年03月25日","113年03月21日","113年03月25日","0.0033","    13,588.00","","",
="06884U","臺股指凱基33售12","1.21","－","IX0001","臺股指數","16,636.30","","認售","歐式","112年05月24日","113年03月25日","113年03月21日","113年03月25日","0.0022","    14,988.00","","",
="06885U","金像電元富32售01","0.63","＋","2368","金像電","121.50","","認售","歐式","112年05月24日","113年02月23日","113年02月21日","113年02月23日","0.07","    90.00","","",
="06886U","緯創元富35售03","0.00","","3231","緯創","68.00","＋","認售","歐式","112年05月24日","113年05月23日","113年05月21日","113年05月23日","0.15","    40.00","","",
="06887U","創意元富32售01","0.56","－","3443","創意","1,515.00","＋","認售","歐式","112年05月24日","113年02月23日","113年02月21日","113年02月23日","0.01","    850.00","","",
="06888U","世芯元富2B售05","1.23","－","3661","世芯-KY","1,660.00","＋","認售","歐式","112年05月24日","112年11月23日","112年11月21日","112年11月23日","0.005","    1,450.00","","",
="06889U","臺股指元富31售06","2.10","－","IX0001","臺股指數","16,636.30","","認售","歐式","112年05月24日","113年01月23日","113年01月19日","113年01月23日","0.002","    16,200.00","","",
="06890U","臺股指麥證36售01","2.64","－","IX0001","臺股指數","16,636.30","","認售","歐式","112年05月24日","113年06月24日","113年06月20日","113年06月24日","0.005","    12,500.00","","",
="06891U","光罩元大2B售04","0.00","","2338","光罩","81.80","＋","認售","歐式","112年05月24日","112年11月23日","112年11月21日","112年11月23日","0.152","    56.10","","",
="06892U","技嘉元大2B售04","0.90","－","2376","技嘉","186.00","＋","認售","歐式","112年05月24日","112年11月23日","112年11月21日","112年11月23日","0.055","    160.00","","",
="06893U","瑞昱元大2B售06","0.00","","2379","瑞昱","388.00","＋","認售","歐式","112年05月24日","112年11月23日","112年11月21日","112年11月23日","0.05","    358.00","","",
="06894U","大立光元大2B售07","1.41","－","3008","大立光","2,305.00","＋","認售","歐式","112年05月24日","112年11月23日","112年11月21日","112年11月23日","0.041","    1,565.00","","",
="06895U","聯詠元大2B售14","0.00","","3034","聯詠","423.50","＋","認售","歐式","112年05月24日","112年11月23日","112年11月21日","112年11月23日","0.218","    291.00","","",
="06896U","聯詠元大2B售15","0.00","","3034","聯詠","423.50","＋","認售","歐式","112年05月24日","112年11月23日","112年11月21日","112年11月23日","0.116","    321.50","","",
="06897U","智原元大2B售12","1.66","－","3035","智原","173.50","＋","認售","歐式","112年05月24日","112年11月23日","112年11月21日","112年11月23日","0.065","    161.00","","",
="06898U","欣興元大2B售32","1.68","＋","3037","欣興","182.50","－","認售","歐式","112年05月24日","112年11月23日","112年11月21日","112年11月23日","0.076","    167.00","","",
="06899U","玉晶光元大2B售08","1.84","－","3406","玉晶光","400.00","＋","認售","歐式","112年05月24日","112年11月23日","112年11月21日","112年11月23日","0.047","    361.50","","",
="06900U","矽力元大2B售06","0.00","","6415","矽力*-KY","394.50","＋","認售","歐式","112年05月24日","112年11月23日","112年11月21日","112年11月23日","0.018","    357.00","","",
="06901U","力智元大2B售06","0.00","","6719","力智","303.00","＋","認售","歐式","112年05月24日","112年11月23日","112年11月21日","112年11月23日","0.058","    201.00","","",
="06902U","美時國票2B售05","0.00","","1795","美時","330.50","＋","認售","歐式","112年05月24日","112年11月23日","112年11月21日","112年11月23日","0.02","    340.00","","",
="06903U","美時國票2C售04","1.51","－","1795","美時","330.50","＋","認售","歐式","112年05月24日","112年12月25日","112年12月21日","112年12月25日","0.025","    310.00","","",
="06904U","世芯國票2B售11","1.24","－","3661","世芯-KY","1,660.00","＋","認售","歐式","112年05月24日","112年11月23日","112年11月21日","112年11月23日","0.005","    1,500.00","","",
="06905U","邁達特國票2B售03","1.11","－","6112","邁達特","71.70","＋","認售","歐式","112年05月24日","112年11月23日","112年11月21日","112年11月23日","0.10","    65.00","","",
="06906U","富鼎國票2C售03","0.00","","8261","富鼎","106.50","＋","認售","歐式","112年05月24日","112年12月25日","112年12月21日","112年12月25日","0.205","    80.00","","",
="06907U","台灣50富邦31售02","0.00","",="0050","元大台灣50","126.75","＋","認售","歐式","112年05月24日","113年01月23日","113年01月19日","113年01月23日","0.50","    110.00","","",
="06908U","台積電富邦33售03","0.00","","2330","台積電","568.00","＋","認售","歐式","112年05月24日","113年03月25日","113年03月21日","113年03月25日","0.15","    400.00","","",
="06909U","台積電富邦33售04","0.00","","2330","台積電","568.00","＋","認售","歐式","112年05月24日","113年03月25日","113年03月21日","113年03月25日","0.07","    450.00","","",
="06910U","臺股指富邦2C售07","0.00","","IX0001","臺股指數","16,636.30","","認售","歐式","112年05月24日","112年12月25日","112年12月21日","112年12月25日","0.002","    15,000.00","","",
="06911U","臺股指富邦31售04","0.00","","IX0001","臺股指數","16,636.30","","認售","歐式","112年05月24日","113年01月23日","113年01月19日","113年01月23日","0.001","    15,500.00","","",
="06912U","臺股指富邦33售01","0.00","","IX0001","臺股指數","16,636.30","","認售","歐式","112年05月24日","113年03月25日","113年03月21日","113年03月25日","0.002","    14,500.00","","",
="06913U","美時群益2B售10","0.00","","1795","美時","330.50","＋","認售","歐式","112年05月24日","112年11月23日","112年11月21日","112年11月23日","0.10","    215.00","","",
="06914U","聯電群益2B售05","3.32","－","2303","聯電","51.20","＋","認售","歐式","112年05月24日","112年11月23日","112年11月21日","112年11月23日","1.00","    47.10","","",
="06915U","金像電群益2B售04","0.82","＋","2368","金像電","121.50","","認售","歐式","112年05月24日","112年11月23日","112年11月21日","112年11月23日","0.08","    100.50","","",
="06916U","技嘉群益2B售02","0.72","－","2376","技嘉","186.00","＋","認售","歐式","112年05月24日","112年11月23日","112年11月21日","112年11月23日","0.05","    160.00","","",
="06917P","台灣50凱基26售04","0.00","",="0050","元大台灣50","126.75","＋","認售","歐式","111年07月01日","112年06月30日","112年06月28日","112年06月30日","0.208","    103.98","","",
="06917U","萬海群益2B售04","0.00","","2615","萬海","60.00","＋","認售","歐式","112年05月24日","112年11月23日","112年11月21日","112年11月23日","1.00","    46.60","","",
="06918U","臺股指群益31售08","0.00","","IX0001","臺股指數","16,636.30","","認售","歐式","112年05月24日","113年01月23日","113年01月19日","113年01月23日","0.008","    12,300.00","","",
="06919U","電子類群益2B售04","0.00","","IX0027","電子類","797.58","","認售","歐式","112年05月24日","112年11月23日","112年11月21日","112年11月23日","0.04","    720.00","","",
="06920U","長榮航中信2B售01","0.85","","2618","長榮航","33.60","＋","認售","歐式","112年05月25日","112年11月24日","112年11月22日","112年11月24日","0.30","    30.00","","",
="06921U","台灣50凱基31售10","0.00","",="0050","元大台灣50","126.75","＋","認售","歐式","112年05月25日","113年01月24日","113年01月22日","113年01月24日","0.25","    120.00","","",
="06922U","台灣50凱基32售01","0.00","",="0050","元大台灣50","126.75","＋","認售","歐式","112年05月25日","113年02月26日","113年02月22日","113年02月26日","0.60","    102.00","","",
="06923U","香港2X凱基33售01","1.62","",="00650L","復華香港正2（原簡稱：FH香港正2）","11.60","＋","認售","歐式","112年05月25日","113年03月25日","113年03月21日","113年03月25日","0.724","    11.50","","",
="06924U","東元凱基2B售05","1.25","－","1504","東元","51.80","＋","認售","歐式","112年05月25日","112年11月24日","112年11月22日","112年11月24日","0.25","    45.00","","",
="06925U","國巨凱基2B售07","0.00","","2327","國巨","508.00","＋","認售","歐式","112年05月25日","112年11月24日","112年11月22日","112年11月24日","0.035","    450.00","","",
="06926U","台積電凱基2B售18","1.74","－","2330","台積電","568.00","＋","認售","歐式","112年05月25日","112年11月24日","112年11月22日","112年11月24日","0.11","    490.00","","",
="06927U","智邦凱基2B售02","0.59","－","2345","智邦","357.50","＋","認售","歐式","112年05月25日","112年11月24日","112年11月22日","112年11月24日","0.03","    270.00","","",
="06928U","晶華凱基2B售02","0.00","","2707","晶華","288.00","＋","認售","歐式","112年05月25日","112年11月24日","112年11月22日","112年11月24日","0.055","    230.00","","",
="06929U","國泰金凱基2B售04","0.00","","2882","國泰金","44.75","＋","認售","歐式","112年05月25日","112年11月24日","112年11月22日","112年11月24日","0.50","    42.00","","",
="06930U","樺漢凱基2B售03","1.36","－","6414","樺漢","281.00","＋","認售","歐式","112年05月25日","112年11月24日","112年11月22日","112年11月24日","0.05","    260.00","","",
="06931U","創意國票2C售03","0.00","","3443","創意","1,515.00","＋","認售","歐式","112年05月25日","112年12月25日","112年12月21日","112年12月25日","0.16","    650.00","","",
="06932U","碩天國票2C售03","0.00","","3617","碩天","191.00","－","認售","歐式","112年05月25日","112年12月25日","112年12月21日","112年12月25日","0.053","    140.00","","",
="06933U","乙盛國票2C售01","1.03","－","5243","乙盛-KY","83.70","＋","認售","歐式","112年05月25日","112年12月25日","112年12月21日","112年12月25日","0.122","    70.00","","",
="06934U","台積電國泰31售04","1.08","","2330","台積電","568.00","＋","認售","歐式","112年05月25日","113年01月24日","113年01月22日","113年01月24日","0.10","    450.00","","",
="06935U","台積電國泰31售05","1.41","－","2330","台積電","568.00","＋","認售","歐式","112年05月25日","113年01月24日","113年01月22日","113年01月24日","0.10","    465.00","","",
="06936U","台光電元富2B售01","1.86","－","2383","台光電","204.50","＋","認售","歐式","112年05月25日","112年11月24日","112年11月22日","112年11月24日","0.10","    175.00","","",
="06937U","宏達電元富32售01","0.00","","2498","宏達電","61.50","＋","認售","歐式","112年05月25日","113年02月26日","113年02月22日","113年02月26日","0.15","    50.00","","",
="06938U","緯創元富38售02","0.46","－","3231","緯創","68.00","＋","認售","歐式","112年05月25日","113年08月26日","113年08月22日","113年08月26日","0.10","    45.00","","",
="06939U","創意元富45售02","0.73","－","3443","創意","1,515.00","＋","認售","歐式","112年05月25日","114年05月26日","114年05月22日","114年05月26日","0.003","    1,000.00","","",
="06940U","群創元富32售02","0.72","－","3481","群創","14.10","＋","認售","歐式","112年05月25日","113年02月26日","113年02月22日","113年02月26日","1.00","    11.00","","",
="06941U","世芯元富32售02","1.55","","3661","世芯-KY","1,660.00","＋","認售","歐式","112年05月25日","113年02月26日","113年02月22日","113年02月26日","0.007","    1,300.00","","",
="06942U","台積電麥證2B售10","1.58","－","2330","台積電","568.00","＋","認售","歐式","112年05月25日","112年11月24日","112年11月22日","112年11月24日","0.05","    530.00","","",
="06943U","健策麥證2B售02","0.91","－","3653","健策","616.00","＋","認售","歐式","112年05月25日","112年11月24日","112年11月22日","112年11月24日","0.025","    500.00","","",
="06944U","臺股指麥證2B售09","1.76","","IX0001","臺股指數","16,636.30","","認售","歐式","112年05月25日","112年11月24日","112年11月22日","112年11月24日","0.002","    16,200.00","","",
="06945U","全新群益2B售01","0.63","－","2455","全新","100.00","","認售","歐式","112年05月25日","112年11月24日","112年11月22日","112年11月24日","0.172","    72.00","","",
="06946U","智原群益2B售02","0.00","","3035","智原","173.50","＋","認售","歐式","112年05月25日","112年11月24日","112年11月22日","112年11月24日","0.298","    131.50","","",
="06947U","緯創群益2B售05","1.70","－","3231","緯創","68.00","＋","認售","歐式","112年05月25日","112年11月24日","112年11月22日","112年11月24日","0.70","    45.00","","",
="06948U","創意群益31售03","0.00","","3443","創意","1,515.00","＋","認售","歐式","112年05月25日","113年01月24日","113年01月22日","113年01月24日","0.02","    730.00","","",
="06949U","樺漢群益2B售01","1.09","－","6414","樺漢","281.00","＋","認售","歐式","112年05月25日","112年11月24日","112年11月22日","112年11月24日","0.03","    275.00","","",
="06950U","穎崴群益2B售03","0.00","","6515","穎崴","830.00","－","認售","歐式","112年05月25日","112年11月24日","112年11月22日","112年11月24日","0.02","    600.00","","",
="06951U","力智群益2B售02","0.00","","6719","力智","303.00","＋","認售","歐式","112年05月25日","112年11月24日","112年11月22日","112年11月24日","0.06","    218.15","","",
="06952U","臺股指群益31售09","0.00","","IX0001","臺股指數","16,636.30","","認售","歐式","112年05月25日","113年01月24日","113年01月22日","113年01月24日","0.01","    11,968.00","","",
="06953U","臺股指群益31售10","1.09","－","IX0001","臺股指數","16,636.30","","認售","歐式","112年05月25日","113年01月24日","113年01月22日","113年01月24日","0.007","    12,768.00","","",
="069543","長榮第一29購01","0.00","","2603","長榮","157.00","＋","認購","美式","111年03月28日","111年03月28日","112年09月25日","112年09月27日","0.008","    276.68","","",
="06954U","臺股指群益31售11","0.00","","IX0001","臺股指數","16,636.30","","認售","歐式","112年05月25日","113年01月24日","113年01月22日","113年01月24日","0.006","    13,368.00","","",
="06955U","臺股指群益31售12","1.65","－","IX0001","臺股指數","16,636.30","","認售","歐式","112年05月25日","113年01月24日","113年01月22日","113年01月24日","0.0015","    16,168.00","","",
="06956U","東元統一31售03","0.00","","1504","東元","51.80","＋","認售","歐式","112年05月25日","113年01月24日","113年01月22日","113年01月24日","0.08","    49.60","","",
="06957U","台積電統一33售03","0.53","－","2330","台積電","568.00","＋","認售","歐式","112年05月25日","113年03月25日","113年03月21日","113年03月25日","0.01","    520.00","","",
="06958U","南亞科統一32售03","0.00","","2408","南亞科","71.20","－","認售","歐式","112年05月25日","113年02月26日","113年02月22日","113年02月26日","0.06","    68.88","","",
="06959U","大立光統一33售01","0.55","－","3008","大立光","2,305.00","＋","認售","歐式","112年05月25日","113年03月25日","113年03月21日","113年03月25日","0.002","    2,088.00","","",
="06960U","緯創統一31售02","0.61","－","3231","緯創","68.00","＋","認售","歐式","112年05月25日","113年01月24日","113年01月22日","113年01月24日","0.10","    52.20","","",
="06961U","東元元大2B售03","2.33","－","1504","東元","51.80","＋","認售","歐式","112年05月25日","112年11月24日","112年11月22日","112年11月24日","0.36","    47.15","","",
="06962U","聯電元大2B售22","0.78","","2303","聯電","51.20","＋","認售","歐式","112年05月25日","112年11月24日","112年11月22日","112年11月24日","0.40","    42.80","","",
="06963P","臺股指麥證26售06","0.00","","IX0001","臺股指數","16,636.30","","認售","歐式","111年07月04日","112年06月05日","112年06月01日","112年06月05日","0.001","    13,999.00","","",
="06963U","聯詠元大2B售16","0.00","","3034","聯詠","423.50","＋","認售","歐式","112年05月25日","112年11月24日","112年11月22日","112年11月24日","0.045","    388.50","","",
="06964U","揚明光元大2B售03","0.00","","3504","揚明光","81.70","＋","認售","歐式","112年05月25日","112年11月24日","112年11月22日","112年11月24日","0.123","    77.09","","",
="06965U","緯穎元大2B售26","0.00","","6669","緯穎","1,205.00","＋","認售","歐式","112年05月25日","112年11月24日","112年11月22日","112年11月24日","0.013","    800.00","","",
="06966U","力積電元大2B售03","0.00","","6770","力積電","30.85","＋","認售","歐式","112年05月25日","112年11月24日","112年11月22日","112年11月24日","0.655","    28.40","","",
="06967U","電子類元大2C售05","0.73","－","IX0027","電子類","797.58","","認售","歐式","112年05月25日","112年12月25日","112年12月21日","112年12月25日","0.04","    690.00","","",
="06968U","電子類元大31售02","0.00","","IX0027","電子類","797.58","","認售","歐式","112年05月25日","113年01月24日","113年01月22日","113年01月24日","0.06","    640.00","","",
="06969U","電子類元大31售03","0.00","","IX0027","電子類","797.58","","認售","歐式","112年05月25日","113年01月24日","113年01月22日","113年01月24日","0.05","    660.00","","",
="06970U","金像電永豐2C售02","1.09","－","2368","金像電","121.50","","認售","歐式","112年05月26日","112年12月25日","112年12月21日","112年12月25日","0.125","    99.45","","",
="06971U","中興電凱基2B售04","1.08","－","1513","中興電","113.50","＋","認售","歐式","112年05月26日","112年11月27日","112年11月23日","112年11月27日","0.10","    100.00","","",
="06972U","國巨凱基2B售08","0.00","","2327","國巨","508.00","＋","認售","歐式","112年05月26日","112年11月27日","112年11月23日","112年11月27日","0.80","    247.00","","",
="06973U","金像電凱基2B售05","0.00","","2368","金像電","121.50","","認售","歐式","112年05月26日","112年11月27日","112年11月23日","112年11月27日","0.085","    100.00","","",
="069744","聯發科元富33購01","0.00","","2454","聯發科","738.00","＋","認購","美式","111年03月29日","111年03月29日","113年03月26日","113年03月28日","0.004","    1,262.44","","",
="069745","長榮元富33購01","0.00","","2603","長榮","157.00","＋","認購","美式","111年03月29日","111年03月29日","113年03月26日","113年03月28日","0.022","    366.78","","",
="06974U","欣興凱基2C售05","0.80","","3037","欣興","182.50","－","認售","歐式","112年05月26日","112年12月25日","112年12月21日","112年12月25日","0.65","    90.00","","",
="069752","富邦金第一26購01","0.00","","2881","富邦金","61.10","＋","認購","美式","111年03月29日","111年03月29日","112年06月26日","112年06月28日","0.07","    70.61","","",
="069753","國泰金第一26購01","0.00","","2882","國泰金","44.75","＋","認購","美式","111年03月29日","111年03月29日","112年06月26日","112年06月28日","0.087","    60.92","","",
="069756","新光金第一2C購01","0.00","","2888","新光金","8.63","＋","認購","美式","111年03月29日","111年03月29日","112年12月26日","112年12月28日","0.227","    10.72","","",
="06975U","景碩凱基2B售04","0.00","","3189","景碩","116.00","＋","認售","歐式","112年05月26日","112年11月27日","112年11月23日","112年11月27日","0.50","    66.00","","",
="06976U","創意凱基2B售18","0.78","－","3443","創意","1,515.00","＋","認售","歐式","112年05月26日","112年11月27日","112年11月23日","112年11月27日","0.006","    1,200.00","","",
="06977U","世芯凱基35售01","1.61","","3661","世芯-KY","1,660.00","＋","認售","歐式","112年05月26日","113年05月27日","113年05月23日","113年05月27日","0.017","    888.00","","",
="06978U","台耀凱基2B售01","0.00","","4746","台耀","84.00","＋","認售","歐式","112年05月26日","112年11月27日","112年11月23日","112年11月27日","0.085","    75.00","","",
="06979U","康舒凱基2B售04","0.00","","6282","康舒","44.05","＋","認售","歐式","112年05月26日","112年11月27日","112年11月23日","112年11月27日","0.30","    38.00","","",
="06980U","啟碁凱基2B售04","0.00","","6285","啟碁","87.50","＋","認售","歐式","112年05月26日","112年11月27日","112年11月23日","112年11月27日","0.13","    76.00","","",
="069813","台積電元大33購01","0.34","＋","2330","台積電","568.00","＋","認購","美式","111年03月29日","111年03月29日","113年03月26日","113年03月28日","0.08","    1,222.45","","",
="06981U","緯穎凱基2C售07","0.00","","6669","緯穎","1,205.00","＋","認售","歐式","112年05月26日","112年12月25日","112年12月21日","112年12月25日","0.015","    800.00","","",
="069823","長榮元大26購01","0.00","","2603","長榮","157.00","＋","認購","美式","111年03月29日","111年03月29日","112年06月26日","112年06月28日","0.518","    2,413.02","","",
="06982U","晶睿國票31售01","0.00","","3454","晶睿","182.50","＋","認售","歐式","112年05月26日","113年01月25日","113年01月23日","113年01月25日","0.05","    172.50","","",
="06983U","伊雲谷國票2B售03","0.00","","6689","伊雲谷","162.50","＋","認售","歐式","112年05月26日","112年11月27日","112年11月23日","112年11月27日","0.04","    130.00","","",
="06984U","華航中信2B售01","0.00","","2610","華航","21.65","＋","認售","歐式","112年05月26日","112年11月27日","112年11月23日","112年11月27日","0.50","    18.00","","",
="06985U","創意國泰31售04","0.95","－","3443","創意","1,515.00","＋","認售","歐式","112年05月26日","113年01月25日","113年01月23日","113年01月25日","0.02","    850.00","","",
="06986U","裕隆富邦31售01","0.77","","2201","裕隆","82.80","＋","認售","歐式","112年05月26日","113年01月25日","113年01月23日","113年01月25日","0.05","    80.00","","",
="06987U","台積電富邦32售02","0.00","","2330","台積電","568.00","＋","認售","歐式","112年05月26日","113年02月26日","113年02月22日","113年02月26日","0.10","    420.00","","",
="06988U","華航統一2B售02","0.00","","2610","華航","21.65","＋","認售","歐式","112年05月26日","112年11月27日","112年11月23日","112年11月27日","0.30","    20.00","","",
="06989U","長榮航統一2B售05","0.48","－","2618","長榮航","33.60","＋","認售","歐式","112年05月26日","112年11月27日","112年11月23日","112年11月27日","0.20","    30.00","","",
="069906","聯發科凱基2B購01","0.00","","2454","聯發科","738.00","＋","認購","美式","111年03月30日","111年03月30日","112年11月27日","112年11月29日","0.055","    2,728.62","","",
="06990U","創意麥證2B售03","0.82","－","3443","創意","1,515.00","＋","認售","歐式","112年05月26日","112年11月27日","112年11月23日","112年11月27日","0.005","    1,234.00","","",
="06991U","世芯麥證2B售02","0.00","","3661","世芯-KY","1,660.00","＋","認售","歐式","112年05月26日","112年11月27日","112年11月23日","112年11月27日","0.045","    900.00","","",
="06992U","樺漢麥證2B售02","1.15","","6414","樺漢","281.00","＋","認售","歐式","112年05月26日","112年11月27日","112年11月23日","112年11月27日","0.037","    250.00","","",
="06993U","緯穎麥證2B售01","0.00","","6669","緯穎","1,205.00","＋","認售","歐式","112年05月26日","112年11月27日","112年11月23日","112年11月27日","0.01","    950.00","","",
="06994U","台積電群益2B售14","2.05","－","2330","台積電","568.00","＋","認售","歐式","112年05月26日","112年11月27日","112年11月23日","112年11月27日","0.06","    535.00","","",
="06995U","台積電群益2C售07","0.00","","2330","台積電","568.00","＋","認售","歐式","112年05月26日","112年12月25日","112年12月21日","112年12月25日","0.06","    500.00","","",
="06996U","長榮航群益2C售01","1.36","","2618","長榮航","33.60","＋","認售","歐式","112年05月26日","112年12月25日","112年12月21日","112年12月25日","0.60","    28.50","","",
="06997U","長榮航群益31售03","0.00","","2618","長榮航","33.60","＋","認售","歐式","112年05月26日","113年01月25日","113年01月23日","113年01月25日","1.00","    23.50","","",
="06998U","創意群益31售04","0.70","","3443","創意","1,515.00","＋","認售","歐式","112年05月26日","113年01月25日","113年01月23日","113年01月25日","0.02","    729.60","","",
="06999U","臺股指群益33售08","0.00","","IX0001","臺股指數","16,636.30","","認售","歐式","112年05月26日","113年03月25日","113年03月21日","113年03月25日","0.01","    11,000.00","","",
="07000U","臺股指群益33售09","0.00","","IX0001","臺股指數","16,636.30","","認售","歐式","112年05月26日","113年03月25日","113年03月21日","113年03月25日","0.01","    11,666.00","","",
="07001U","臺股指群益33售10","0.00","","IX0001","臺股指數","16,636.30","","認售","歐式","112年05月26日","113年03月25日","113年03月21日","113年03月25日","0.008","    12,250.00","","",
="07002U","臺股指群益33售11","0.00","","IX0001","臺股指數","16,636.30","","認售","歐式","112年05月26日","113年03月25日","113年03月21日","113年03月25日","0.0055","    13,168.00","","",
="070033","聯發科凱基26購01","0.00","","2454","聯發科","738.00","＋","認購","美式","111年03月31日","111年03月31日","112年06月28日","112年06月30日","0.132","    3,183.39","","",
="07003U","臺股指群益33售12","0.00","","IX0001","臺股指數","16,636.30","","認售","歐式","112年05月26日","113年03月25日","113年03月21日","113年03月25日","0.004","    13,666.00","","",
="07004U","臺股指群益33售13","1.18","－","IX0001","臺股指數","16,636.30","","認售","歐式","112年05月26日","113年03月25日","113年03月21日","113年03月25日","0.002","    14,888.00","","",
="07005U","台灣50元大2C售16","1.04","",="0050","元大台灣50","126.75","＋","認售","歐式","112年05月26日","112年12月25日","112年12月21日","112年12月25日","0.75","    105.00","","",
="07006U","台灣50元大2C售17","0.00","",="0050","元大台灣50","126.75","＋","認售","歐式","112年05月26日","112年12月25日","112年12月21日","112年12月25日","0.40","    115.00","","",
="07007U","台灣50元大2C售18","0.00","",="0050","元大台灣50","126.75","＋","認售","歐式","112年05月26日","112年12月25日","112年12月21日","112年12月25日","0.25","    121.00","","",
="07008U","台灣50元大31售12","1.19","",="0050","元大台灣50","126.75","＋","認售","歐式","112年05月26日","113年01月25日","113年01月23日","113年01月25日","0.50","    110.00","","",
="07009U","台灣50元大31售13","1.18","－",="0050","元大台灣50","126.75","＋","認售","歐式","112年05月26日","113年01月25日","113年01月23日","113年01月25日","0.30","    118.00","","",
="07010U","FBNQ2X元大2B售04","0.84","",="00670L","富邦NASDAQ正2","78.90","＋","認售","歐式","112年05月26日","112年11月27日","112年11月23日","112年11月27日","0.10","    70.00","","",
="07011U","FBNQ2X元大2B售05","0.00","",="00670L","富邦NASDAQ正2","78.90","＋","認售","歐式","112年05月26日","112年11月27日","112年11月23日","112年11月27日","0.10","    65.00","","",
="07012U","亞德客元大2B售08","0.00","","1590","亞德客-KY","1,040.00","＋","認售","歐式","112年05月26日","112年11月27日","112年11月23日","112年11月27日","0.008","    880.00","","",
="07013U","大亞元大2B售03","0.00","","1609","大亞","31.00","＋","認售","歐式","112年05月26日","112年11月27日","112年11月23日","112年11月27日","0.269","    31.70","","",
="07014U","國巨元大2B售13","0.00","","2327","國巨","508.00","＋","認售","歐式","112年05月26日","112年11月27日","112年11月23日","112年11月27日","0.044","    460.00","","",
="07015U","聯詠元大2B售17","0.00","","3034","聯詠","423.50","＋","認售","歐式","112年05月26日","112年11月27日","112年11月23日","112年11月27日","0.154","    309.50","","",
="07016U","緯創元大2B售20","1.10","－","3231","緯創","68.00","＋","認售","歐式","112年05月26日","112年11月27日","112年11月23日","112年11月27日","0.182","    55.00","","",
="07017U","健策元大2B售08","1.77","＋","3653","健策","616.00","＋","認售","歐式","112年05月26日","112年11月27日","112年11月23日","112年11月27日","0.024","    549.00","","",
="07018U","世芯元大2B售13","1.11","－","3661","世芯-KY","1,660.00","＋","認售","歐式","112年05月26日","112年11月27日","112年11月23日","112年11月27日","0.004","    1,500.00","","",
="07019U","天鈺元大2B售05","0.00","","4961","天鈺","154.00","＋","認售","歐式","112年05月26日","112年11月27日","112年11月23日","112年11月27日","0.085","    135.00","","",
="07020U","中鋼中信2B售01","1.37","＋","2002","中鋼","29.05","－","認售","歐式","112年05月29日","112年11月28日","112年11月24日","112年11月28日","1.00","    25.00","","",
="07021U","緯創中信2C售02","0.69","－","3231","緯創","68.00","＋","認售","歐式","112年05月29日","112年12月28日","112年12月26日","112年12月28日","0.50","    40.00","","",
="07022U","創意中信31售02","0.73","－","3443","創意","1,515.00","＋","認售","歐式","112年05月29日","113年01月29日","113年01月25日","113年01月29日","0.006","    1,000.00","","",
="07023U","世芯中信31售01","0.70","－","3661","世芯-KY","1,660.00","＋","認售","歐式","112年05月29日","113年01月29日","113年01月25日","113年01月29日","0.008","    1,000.00","","",
="07024U","臺股指中信32售07","0.00","","IX0001","臺股指數","16,636.30","","認售","歐式","112年05月29日","113年02月29日","113年02月26日","113年02月29日","0.006","    8,888.00","","",
="07025U","台積電永豐2B售03","1.89","－","2330","台積電","568.00","＋","認售","歐式","112年05月29日","112年11月28日","112年11月24日","112年11月28日","0.05","    554.50","","",
="07026U","台灣50元富2B售05","0.00","",="0050","元大台灣50","126.75","＋","認售","歐式","112年05月29日","112年11月28日","112年11月24日","112年11月28日","1.00","    116.00","","",
="07027U","滬深2X元富2B售03","0.00","",="00637L","元大滬深300正2","13.77","－","認售","歐式","112年05月29日","112年11月28日","112年11月24日","112年11月28日","1.00","    13.00","","",
="07028U","緯創元富2B售08","0.00","","3231","緯創","68.00","＋","認售","歐式","112年05月29日","112年11月28日","112年11月24日","112年11月28日","0.30","    43.00","","",
="07029U","世芯元富2B售06","0.00","","3661","世芯-KY","1,660.00","＋","認售","歐式","112年05月29日","112年11月28日","112年11月24日","112年11月28日","0.037","    777.00","","",
="07030U","康舒元富32售02","0.00","","6282","康舒","44.05","＋","認售","歐式","112年05月29日","113年02月29日","113年02月26日","113年02月29日","0.15","    38.00","","",
="07031U","台灣50凱基31售11","0.00","",="0050","元大台灣50","126.75","＋","認售","歐式","112年05月29日","113年01月29日","113年01月25日","113年01月29日","0.25","    116.00","","",
="07032U","台灣50凱基31售12","0.00","",="0050","元大台灣50","126.75","＋","認售","歐式","112年05月29日","113年01月29日","113年01月25日","113年01月29日","0.40","    111.00","","",
="07033U","FBNQ2X凱基2C售02","0.99","－",="00670L","富邦NASDAQ正2","78.90","＋","認售","歐式","112年05月29日","112年12月28日","112年12月26日","112年12月28日","0.15","    65.00","","",
="07034U","三陽凱基2B售05","0.00","","2206","三陽工業","74.20","＋","認售","歐式","112年05月29日","112年11月28日","112年11月24日","112年11月28日","0.15","    65.00","","",
="07035U","聯電凱基2C售02","0.00","","2303","聯電","51.20","＋","認售","歐式","112年05月29日","112年12月28日","112年12月26日","112年12月28日","0.40","    46.00","","",
="07036U","南亞科凱基2B售05","0.00","","2408","南亞科","71.20","－","認售","歐式","112年05月29日","112年11月28日","112年11月24日","112年11月28日","0.30","    67.00","","",
="07037U","友達凱基2B售04","0.00","","2409","友達","17.65","＋","認售","歐式","112年05月29日","112年11月28日","112年11月24日","112年11月28日","0.70","    17.00","","",
="07038U","華新科凱基2C售02","0.00","","2492","華新科","101.00","＋","認售","歐式","112年05月29日","112年12月28日","112年12月26日","112年12月28日","0.20","    77.00","","",
="07039U","長榮凱基2C售13","0.00","","2603","長榮","157.00","＋","認售","歐式","112年05月29日","112年12月28日","112年12月26日","112年12月28日","0.22","    115.00","","",
="07040U","萬海凱基2B售03","0.00","","2615","萬海","60.00","＋","認售","歐式","112年05月29日","112年11月28日","112年11月24日","112年11月28日","0.20","    58.00","","",
="07041U","大立光凱基2B售08","0.00","","3008","大立光","2,305.00","＋","認售","歐式","112年05月29日","112年11月28日","112年11月24日","112年11月28日","0.012","    1,920.00","","",
="07042U","緯創凱基2B售22","0.71","－","3231","緯創","68.00","＋","認售","歐式","112年05月29日","112年11月28日","112年11月24日","112年11月28日","0.18","    54.00","","",
="07043U","緯創凱基2B售23","0.00","","3231","緯創","68.00","＋","認售","歐式","112年05月29日","112年11月28日","112年11月24日","112年11月28日","0.40","    44.00","","",
="07044U","元黃金國票33售01","0.00","",="00635U","期元大S&P黃金(原名：元大S&P黃金)","24.50","－","認售","歐式","112年05月29日","113年03月28日","113年03月26日","113年03月28日","0.284","    25.00","","",
="07045U","台積電國票2B售07","0.00","","2330","台積電","568.00","＋","認售","歐式","112年05月29日","112年11月28日","112年11月24日","112年11月28日","0.05","    515.00","","",
="070461","台積電第一33購01","0.00","","2330","台積電","568.00","＋","認購","美式","111年04月07日","111年04月07日","113年03月04日","113年03月06日","0.025","    875.75","","",
="070462","長榮第一29購02","0.00","","2603","長榮","157.00","＋","認購","美式","111年04月07日","111年04月07日","112年09月04日","112年09月06日","0.013","    390.92","","",
="07046U","金像電國票2C售01","1.33","＋","2368","金像電","121.50","","認售","歐式","112年05月29日","112年12月28日","112年12月26日","112年12月28日","1.00","    60.00","","",
="07047U","建準國票2C售04","0.54","－","2421","建準","89.00","＋","認售","歐式","112年05月29日","112年12月28日","112年12月26日","112年12月28日","0.072","    68.00","","",
="07048U","長榮航國票2B售02","0.00","","2618","長榮航","33.60","＋","認售","歐式","112年05月29日","112年11月28日","112年11月24日","112年11月28日","0.70","    27.50","","",
="07049U","漢翔國票2C售04","0.00","","2634","漢翔","55.80","＋","認售","歐式","112年05月29日","112年12月28日","112年12月26日","112年12月28日","0.252","    48.00","","",
="070500","力特統一26購01","0.00","","3051","力特","18.05","＋","認購","美式","111年04月07日","111年04月07日","112年06月02日","112年06月06日","0.09","    26.66","","",
="07050U","雲品國票2B售02","0.00","","2748","雲品","90.00","－","認售","歐式","112年05月29日","112年11月28日","112年11月24日","112年11月28日","0.10","    85.00","","",
="07051U","神基國票2C售04","0.00","","3005","神基","69.40","＋","認售","歐式","112年05月29日","112年12月28日","112年12月26日","112年12月28日","1.00","    40.00","","",
="07052U","創意國票2C售05","0.00","","3443","創意","1,515.00","＋","認售","歐式","112年05月29日","112年12月28日","112年12月26日","112年12月28日","0.06","    800.00","","",
="07053U","世芯國票2C售09","1.22","－","3661","世芯-KY","1,660.00","＋","認售","歐式","112年05月29日","112年12月28日","112年12月26日","112年12月28日","0.004","    1,550.00","","",
="07054U","台灣50國泰31售03","0.00","",="0050","元大台灣50","126.75","＋","認售","歐式","112年05月29日","113年01月29日","113年01月25日","113年01月29日","0.40","    110.00","","",
="07055U","臺股指國泰2B售07","0.00","","IX0001","臺股指數","16,636.30","","認售","歐式","112年05月29日","112年11月28日","112年11月24日","112年11月28日","0.003","    15,100.00","","",
="07056U","臺股指國泰2B售08","0.00","","IX0001","臺股指數","16,636.30","","認售","歐式","112年05月29日","112年11月28日","112年11月24日","112年11月28日","0.002","    15,300.00","","",
="07057U","臺股指國泰2B售09","0.00","","IX0001","臺股指數","16,636.30","","認售","歐式","112年05月29日","112年11月28日","112年11月24日","112年11月28日","0.002","    14,900.00","","",
="07058U","SGBR2X群益31售01","0.00","",="00715L","期街口布蘭特正2","12.73","＋","認售","歐式","112年05月29日","113年01月29日","113年01月25日","113年01月29日","1.00","    8.88","","",
="07059U","裕隆群益2B售06","0.00","","2201","裕隆","82.80","＋","認售","歐式","112年05月29日","112年11月28日","112年11月24日","112年11月28日","0.20","    80.00","","",
="07060U","威盛群益2C售02","0.00","","2388","威盛","83.10","＋","認售","歐式","112年05月29日","112年12月28日","112年12月26日","112年12月28日","0.88","    40.00","","",
="07061U","聯發科群益2B售14","0.00","","2454","聯發科","738.00","＋","認售","歐式","112年05月29日","112年11月28日","112年11月24日","112年11月28日","0.10","    615.00","","",
="07062U","聯發科群益2B售15","2.36","－","2454","聯發科","738.00","＋","認售","歐式","112年05月29日","112年11月28日","112年11月24日","112年11月28日","0.05","    650.00","","",
="07063U","聯發科群益2B售16","0.00","","2454","聯發科","738.00","＋","認售","歐式","112年05月29日","112年11月28日","112年11月24日","112年11月28日","0.03","    700.00","","",
="07064U","聯發科群益2B售17","0.00","","2454","聯發科","738.00","＋","認售","歐式","112年05月29日","112年11月28日","112年11月24日","112年11月28日","0.03","    730.00","","",
="07065U","創意群益2B售09","0.00","","3443","創意","1,515.00","＋","認售","歐式","112年05月29日","112年11月28日","112年11月24日","112年11月28日","0.013","    1,141.70","","",
="07066U","國巨元大2B售14","0.00","","2327","國巨","508.00","＋","認售","歐式","112年05月29日","112年11月28日","112年11月24日","112年11月28日","0.053","    436.00","","",
="07067U","緯創元大2B售22","0.00","","3231","緯創","68.00","＋","認售","歐式","112年05月29日","112年11月28日","112年11月24日","112年11月28日","0.258","    50.90","","",
="07068U","緯創元大2B售23","0.00","","3231","緯創","68.00","＋","認售","歐式","112年05月29日","112年11月28日","112年11月24日","112年11月28日","0.218","    52.30","","",
="07069U","世芯元大2B售14","1.36","－","3661","世芯-KY","1,660.00","＋","認售","歐式","112年05月29日","112年11月28日","112年11月24日","112年11月28日","0.006","    1,400.00","","",
="070895","高股息第一26購01","0.21","",="0056","元大高股息","30.65","＋","認購","美式","111年04月11日","111年04月11日","112年06月08日","112年06月12日","0.49","    31.87","","",
="070896","台肥第一26購01","0.00","","1722","台肥","59.90","＋","認購","美式","111年04月11日","111年04月11日","112年06月08日","112年06月12日","0.057","    81.69","","",
="070897","聯發科第一26購01","0.00","","2454","聯發科","738.00","＋","認購","美式","111年04月11日","111年04月11日","112年06月08日","112年06月12日","0.005","    806.99","","",
="071107","中石化第一26購01","0.00","","1314","中石化","9.72","－","認購","美式","111年04月12日","111年04月12日","112年06月08日","112年06月12日","0.296","    12.93","","",
="071387","台積電統一34購01","0.39","","2330","台積電","568.00","＋","認購","美式","111年04月13日","111年04月13日","113年04月10日","113年04月12日","0.012","    684.57","","",
="071389","聯發科統一34購01","0.80","","2454","聯發科","738.00","＋","認購","美式","111年04月13日","111年04月13日","113年04月10日","113年04月12日","0.009","    1,010.50","","",
="071393","長榮統一34購01","0.00","","2603","長榮","157.00","＋","認購","美式","111年04月13日","111年04月13日","113年04月10日","113年04月12日","0.013","    362.91","","",
="071395","萬海統一34購01","0.04","","2615","萬海","60.00","＋","認購","美式","111年04月13日","111年04月13日","113年04月10日","113年04月12日","0.025","    177.57","","",
="071772","T50反1國票27購01","0.01","",="00632R","元大台灣50反1","4.94","－","認購","美式","111年04月15日","111年04月15日","112年07月12日","112年07月14日","1.00","    5.80","","",
="071889","華新第一26購01","0.00","","1605","華新","46.60","＋","認購","美式","111年04月18日","111年04月18日","112年06月15日","112年06月19日","0.189","    41.53","","",
="071890","南電第一26購01","0.00","","8046","南電","302.50","－","認購","美式","111年04月18日","111年04月18日","112年06月15日","112年06月19日","0.012","    482.15","","",
="07198P","臺股指中信26售01","0.00","","IX0001","臺股指數","16,636.30","","認售","歐式","111年07月12日","112年06月12日","112年06月08日","112年06月12日","0.002","    10,000.00","","",
="072053","聯發科第一29購01","0.34","","2454","聯發科","738.00","＋","認購","美式","111年04月19日","111年04月19日","112年09月14日","112年09月18日","0.004","    870.78","","",
="072054","華航第一26購01","0.00","","2610","華航","21.65","＋","認購","美式","111年04月19日","111年04月19日","112年06月15日","112年06月19日","0.145","    30.86","","",
="072055","聯詠第一29購01","0.00","","3034","聯詠","423.50","＋","認購","美式","111年04月19日","111年04月19日","112年09月14日","112年09月18日","0.013","    350.41","","",
="07206P","台積電凱基27售05","0.01","","2330","台積電","568.00","＋","認售","歐式","111年07月12日","112年07月11日","112年07月07日","112年07月11日","0.458","    245.82","","",
="072253","大立光統一34購01","1.02","＋","3008","大立光","2,305.00","＋","認購","美式","111年04月20日","111年04月20日","113年04月17日","113年04月19日","0.002","    2,254.65","","",
="07239P","大立光凱基27售05","0.00","","3008","大立光","2,305.00","＋","認售","歐式","111年07月13日","112年07月12日","112年07月10日","112年07月12日","0.013","    1,442.21","","",
="07252P","臺股指凱基26售05","0.00","","IX0001","臺股指數","16,636.30","","認售","歐式","111年07月14日","112年06月13日","112年06月09日","112年06月13日","0.004","    11,000.00","","",
="07253P","臺股指凱基26售06","0.00","","IX0001","臺股指數","16,636.30","","認售","歐式","111年07月14日","112年06月13日","112年06月09日","112年06月13日","0.002","    13,588.00","","",
="07259P","台積電麥證26售03","0.00","","2330","台積電","568.00","＋","認售","歐式","111年07月14日","112年06月13日","112年06月09日","112年06月13日","0.04","    383.48","","",
="07266P","陽明麥證27售01","0.00","","2609","陽明","62.00","＋","認售","歐式","111年07月15日","112年07月14日","112年07月12日","112年07月14日","0.08","    65.00","","",
="072738","裕民第一26購01","0.00","","2606","裕民","49.75","＋","認購","美式","111年04月25日","111年04月25日","112年06月20日","112年06月26日","0.054","    74.32","","",
="072739","慧洋第一26購01","0.00","","2637","慧洋-KY","60.30","＋","認購","美式","111年04月25日","111年04月25日","112年06月20日","112年06月26日","0.034","    98.05","","",
="072740","貿聯第一26購01","0.00","","3665","貿聯-KY","270.50","＋","認購","美式","111年04月25日","111年04月25日","112年06月20日","112年06月26日","0.016","    347.80","","",
="072938","台積電凱基27購02","0.00","","2330","台積電","568.00","＋","認購","美式","111年04月26日","111年04月26日","112年07月21日","112年07月25日","0.035","    568.19","","",
="072939","台積電凱基2A購01","0.00","","2330","台積電","568.00","＋","認購","美式","111年04月26日","111年04月26日","112年10月23日","112年10月25日","0.05","    705.10","","",
="07351P","聯電凱基27售02","0.00","","2303","聯電","51.20","＋","認售","歐式","111年07月19日","112年07月18日","112年07月14日","112年07月18日","1.00","    20.00","","",
="073638","台積電統一2B購02","0.00","","2330","台積電","568.00","＋","認購","美式","111年05月03日","111年05月03日","112年10月31日","112年11月02日","0.015","    569.75","","",
="07363P","長榮凱基29售01","0.91","","2603","長榮","157.00","＋","認售","歐式","111年07月19日","112年09月18日","112年09月14日","112年09月18日","0.151","    106.46","","",
="073669","聯發科元大35購01","0.70","＋","2454","聯發科","738.00","＋","認購","美式","111年05月03日","111年05月03日","113年04月29日","113年05月02日","0.011","    1,100.54","","",
="073694","台達電第一28購01","0.00","","2308","台達電","315.50","－","認購","美式","111年05月04日","111年05月04日","112年08月01日","112年08月03日","0.02","    252.53","","",
="07373P","臺股指凱基26售12","0.00","","IX0001","臺股指數","16,636.30","","認售","歐式","111年07月19日","112年06月19日","112年06月15日","112年06月19日","0.004","    11,588.00","","",
="07374P","臺股指凱基26售13","0.00","","IX0001","臺股指數","16,636.30","","認售","歐式","111年07月19日","112年06月19日","112年06月15日","112年06月19日","0.003","    12,288.00","","",
="073753","台積電凱基31購03","1.66","＋","2330","台積電","568.00","＋","認購","美式","111年05月04日","111年05月04日","112年12月29日","113年01月03日","0.05","    684.57","","",
="073850","三福化第一28購01","0.00","","4755","三福化","131.00","＋","認購","美式","111年05月05日","111年05月05日","112年08月02日","112年08月04日","0.017","    197.71","","",
="073959","萬海統一26購01","0.00","","2615","萬海","60.00","＋","認購","美式","111年05月05日","111年05月05日","112年06月01日","112年06月05日","0.051","    119.98","","",
="074072","台積電凱基28購01","0.00","","2330","台積電","568.00","＋","認購","美式","111年05月06日","111年05月06日","112年08月03日","112年08月07日","0.05","    640.55","","",
="074107","長榮統一26購01","0.00","","2603","長榮","157.00","＋","認購","美式","111年05月06日","111年05月06日","112年06月01日","112年06月05日","0.029","    321.72","","",
="074183","台積電第一28購04","0.42","＋","2330","台積電","568.00","＋","認購","美式","111年05月09日","111年05月09日","112年08月04日","112年08月08日","0.012","    580.76","","",
="074184","台積電第一2B購03","0.00","","2330","台積電","568.00","＋","認購","美式","111年05月09日","111年05月09日","112年11月06日","112年11月08日","0.013","    654.01","","",
="074185","台積電第一35購01","0.76","＋","2330","台積電","568.00","＋","認購","美式","111年05月09日","111年05月09日","113年05月06日","113年05月08日","0.019","    783.34","","",
="074193","台積電統一2B購03","0.00","","2330","台積電","568.00","＋","認購","美式","111年05月09日","111年05月09日","112年11月06日","112年11月08日","0.02","    575.53","","",
="074216","台積電凱基2B購01","0.96","＋","2330","台積電","568.00","＋","認購","美式","111年05月09日","111年05月09日","112年11月06日","112年11月08日","0.05","    651.96","","",
="074219","聯發科凱基35購01","1.75","＋","2454","聯發科","738.00","＋","認購","美式","111年05月09日","111年05月09日","113年05月06日","113年05月08日","0.027","    1,062.34","","",
="074222","長榮凱基35購01","0.34","＋","2603","長榮","157.00","＋","認購","美式","111年05月09日","111年05月09日","113年05月06日","113年05月08日","0.031","    345.30","","",
="074223","長榮凱基35購02","0.50","＋","2603","長榮","157.00","＋","認購","美式","111年05月09日","111年05月09日","113年05月06日","113年05月08日","0.031","    326.00","","",
="07432P","友達群益27售01","0.00","","2409","友達","17.65","＋","認售","歐式","111年07月21日","112年07月20日","112年07月18日","112年07月20日","0.926","    12.74","","",
="074349","聯發科凱基35購02","1.75","＋","2454","聯發科","738.00","＋","認購","美式","111年05月10日","111年05月10日","113年05月07日","113年05月09日","0.022","    971.39","","",
="07439P","聯電元大26售04","0.00","","2303","聯電","51.20","＋","認售","歐式","111年07月21日","112年06月20日","112年06月16日","112年06月20日","1.00","    20.00","","",
="074413","台積電統一35購01","1.44","＋","2330","台積電","568.00","＋","認購","美式","111年05月10日","111年05月10日","113年05月07日","113年05月09日","0.015","    586.77","","",
="074473","長榮元富35購01","0.29","","2603","長榮","157.00","＋","認購","美式","111年05月10日","111年05月10日","113年05月07日","113年05月09日","0.026","    337.83","","",
="074568","聯發科統一35購01","0.91","＋","2454","聯發科","738.00","＋","認購","美式","111年05月11日","111年05月11日","113年05月08日","113年05月10日","0.008","    908.63","","",
="074605","鴻海統一35購01","0.46","＋","2317","鴻海","105.50","＋","認購","美式","111年05月12日","111年05月12日","113年05月09日","113年05月13日","0.053","    142.64","","",
="074905","長榮統一35購01","0.11","＋","2603","長榮","157.00","＋","認購","美式","111年05月16日","111年05月16日","113年05月13日","113年05月15日","0.026","    386.08","","",
="074968","新光金元大28購01","0.00","","2888","新光金","8.63","＋","認購","美式","111年05月16日","111年05月16日","112年08月11日","112年08月15日","1.045","    12.15","","",
="075057","長榮航統一35購01","0.68","＋","2618","長榮航","33.60","＋","認購","美式","111年05月17日","111年05月17日","113年05月14日","113年05月16日","0.102","    44.13","","",
="07522P","台灣50第一2B售02","0.38","－",="0050","元大台灣50","126.75","＋","認售","歐式","111年07月25日","112年11月24日","112年11月22日","112年11月24日","0.058","    106.89","","",
="075586","欣興第一35購01","0.50","","3037","欣興","182.50","－","認購","美式","111年05月23日","111年05月23日","113年05月20日","113年05月22日","0.012","    304.84","","",
="075587","景碩第一2B購01","0.00","","3189","景碩","116.00","＋","認購","美式","111年05月23日","111年05月23日","112年11月20日","112年11月22日","0.016","    209.26","","",
="075703","T50反1第一28購02","0.00","",="00632R","元大台灣50反1","4.94","－","認購","美式","111年05月24日","111年05月24日","112年08月21日","112年08月23日","1.00","    6.20","","",
="075704","鴻海第一2B購01","0.00","","2317","鴻海","105.50","＋","認購","美式","111年05月24日","111年05月24日","112年11月21日","112年11月23日","0.027","    110.40","","",
="075705","台積電第一33購02","0.00","","2330","台積電","568.00","＋","認購","美式","111年05月24日","111年05月24日","113年03月21日","113年03月25日","0.012","    651.84","","",
="076093","長榮航元富26購01","0.00","","2618","長榮航","33.60","＋","認購","美式","111年05月27日","111年05月27日","112年06月20日","112年06月26日","0.082","    35.80","","",
="076366","鴻海統一25購04","0.00","","2317","鴻海","105.50","＋","認購","美式","111年06月01日","111年06月01日","112年05月29日","112年05月31日","0.093","    118.87","","",
="07642P","台灣50凱基26售05","0.00","",="0050","元大台灣50","126.75","＋","認售","歐式","111年07月28日","112年06月27日","112年06月21日","112年06月27日","0.511","    88.02","","",
="076535","臺股指麥證26購01","0.00","","IX0001","臺股指數","16,636.30","","認購","歐式","111年06月02日","112年06月01日","112年05月30日","112年06月01日","0.013","    21,368.00","","",
="07655P","富邦金元大27售01","0.00","","2881","富邦金","61.10","＋","認售","歐式","111年07月28日","112年07月27日","112年07月25日","112年07月27日","1.116","    31.36","","",
="076664","FB越南凱基26購01","0.00","",="00885","富邦越南","11.45","＋","認購","美式","111年06月07日","111年06月07日","112年06月02日","112年06月06日","1.00","    18.00","","",
="076701","三福化元富26購01","0.00","","4755","三福化","131.00","＋","認購","美式","111年06月07日","111年06月07日","112年06月02日","112年06月06日","0.02","    270.44","","",
="076703","新唐元富26購01","0.00","","4919","新唐","130.50","＋","認購","美式","111年06月07日","111年06月07日","112年06月02日","112年06月06日","0.104","    220.38","","",
="076705","南電元富26購01","0.00","","8046","南電","302.50","－","認購","美式","111年06月07日","111年06月07日","112年06月02日","112年06月06日","0.052","    395.84","","",
="076731","T50反1元大27購01","0.00","",="00632R","元大台灣50反1","4.94","－","認購","美式","111年06月07日","111年06月07日","112年07月04日","112年07月06日","1.00","    5.35","","",
="076732","T50反1元大28購01","0.00","",="00632R","元大台灣50反1","4.94","－","認購","美式","111年06月07日","111年06月07日","112年08月03日","112年08月07日","1.00","    5.45","","",
="076734","滬深2X元大26購01","0.00","",="00637L","元大滬深300正2","13.77","－","認購","美式","111年06月07日","111年06月07日","112年06月02日","112年06月06日","1.00","    24.00","","",
="076736","臺指反元大26購01","0.00","",="00664R","國泰臺灣加權反1","5.58","－","認購","美式","111年06月07日","111年06月07日","112年06月02日","112年06月06日","1.00","    6.15","","",
="076748","智原元大26購01","0.00","","3035","智原","173.50","＋","認購","美式","111年06月07日","111年06月07日","112年06月02日","112年06月06日","0.026","    335.40","","",
="076758","鈺齊富邦26購01","0.00","","9802","鈺齊-KY","124.00","－","認購","美式","111年06月07日","111年06月07日","112年06月02日","112年06月06日","0.057","    195.26","","",
="076760","鴻海統一26購01","0.00","","2317","鴻海","105.50","＋","認購","美式","111年06月07日","111年06月07日","112年06月02日","112年06月06日","0.074","    123.62","","",
="076761","鴻海統一26購02","0.00","","2317","鴻海","105.50","＋","認購","美式","111年06月07日","111年06月07日","112年06月02日","112年06月06日","0.053","    112.21","","",
="076762","鴻海統一26購03","0.00","","2317","鴻海","105.50","＋","認購","美式","111年06月07日","111年06月07日","112年06月02日","112年06月06日","0.063","    132.07","","",
="076777","智原統一26購01","0.00","","3035","智原","173.50","＋","認購","美式","111年06月07日","111年06月07日","112年06月02日","112年06月06日","0.016","    231.33","","",
="076809","長榮航第一26購01","0.00","","2618","長榮航","33.60","＋","認購","美式","111年06月08日","111年06月08日","112年06月05日","112年06月07日","0.074","    37.22","","",
="076870","台積電元大26購02","0.00","","2330","台積電","568.00","＋","認購","美式","111年06月08日","111年06月08日","112年06月05日","112年06月07日","0.104","    792.13","","",
="076940","T50正2凱基26購02","0.00","",="00631L","元大台灣50正2","129.10","＋","認購","美式","111年06月09日","111年06月09日","112年06月06日","112年06月08日","0.25","    160.00","","",
="076943","元金2X凱基26購01","0.15","",="00708L","期元大S&P黃金正2(原名：元大S&P黃金正2)","26.72","－","認購","美式","111年06月09日","111年06月09日","112年06月06日","112年06月08日","0.40","    28.00","","",
="07696P","長榮元富27售04","1.55","","2603","長榮","157.00","＋","認售","歐式","111年07月29日","112年07月28日","112年07月26日","112年07月28日","0.099","    150.43","","",
="076977","鴻海元大26購01","0.00","","2317","鴻海","105.50","＋","認購","美式","111年06月09日","111年06月09日","112年06月06日","112年06月08日","0.421","    161.66","","",
="076983","大立光元大26購01","0.00","","3008","大立光","2,305.00","＋","認購","美式","111年06月09日","111年06月09日","112年06月06日","112年06月08日","0.02","    2,595.97","","",
="076992","三福化元大26購01","0.00","","4755","三福化","131.00","＋","認購","美式","111年06月09日","111年06月09日","112年06月06日","112年06月08日","0.036","    280.10","","",
="077018","台積電富邦26購01","0.00","","2330","台積電","568.00","＋","認購","美式","111年06月09日","111年06月09日","112年06月06日","112年06月08日","0.038","    586.77","","",
="077049","大立光統一26購01","1.55","＋","3008","大立光","2,305.00","＋","認購","美式","111年06月10日","111年06月10日","112年06月07日","112年06月09日","0.006","    2,053.51","","",
="077056","S&P反1元大26購01","0.00","",="00648R","元大S&P500反1","6.93","－","認購","美式","111年06月10日","111年06月10日","112年06月07日","112年06月09日","1.00","    7.70","","",
="077063","台積電元大26購03","0.00","","2330","台積電","568.00","＋","認購","美式","111年06月10日","111年06月10日","112年06月07日","112年06月09日","0.104","    777.46","","",
="077144","鴻海康和2C購01","0.40","＋","2317","鴻海","105.50","＋","認購","美式","111年06月13日","111年06月13日","112年12月08日","112年12月12日","0.158","    156.91","","",
="077155","力積電第一26購01","0.00","","6770","力積電","30.85","＋","認購","美式","111年06月13日","111年06月13日","112年06月08日","112年06月12日","0.106","    61.91","","",
="077196","大立光元富26購01","0.00","","3008","大立光","2,305.00","＋","認購","美式","111年06月13日","111年06月13日","112年06月08日","112年06月12日","0.01","    1,778.72","","",
="077213","T50反1凱基26購01","0.00","",="00632R","元大台灣50反1","4.94","－","認購","美式","111年06月13日","111年06月13日","112年06月08日","112年06月12日","1.00","    5.40","","",
="077288","台勝科第一26購01","0.00","","3532","台勝科","157.00","＋","認購","美式","111年06月14日","111年06月14日","112年06月09日","112年06月13日","0.012","    271.32","","",
="07729P","電子類凱基25售01","0.00","","IX0027","電子類","797.58","","認售","歐式","111年08月01日","112年05月31日","112年05月29日","112年05月31日","0.035","    660.00","","",
="07737P","華航元大27售03","0.94","－","2610","華航","21.65","＋","認售","歐式","111年08月01日","112年07月31日","112年07月27日","112年07月31日","1.00","    18.50","","",
="07741P","上緯控元大25售01","0.00","","3708","上緯投控","96.50","－","認售","歐式","111年08月01日","112年05月31日","112年05月29日","112年05月31日","0.05","    85.00","","",
="07742P","三福化元大25售01","0.00","","4755","三福化","131.00","＋","認售","歐式","111年08月01日","112年05月31日","112年05月29日","112年05月31日","0.04","    110.00","","",
="077444","欣興元大26購01","0.00","","3037","欣興","182.50","－","認購","美式","111年06月15日","111年06月15日","112年06月12日","112年06月14日","0.018","    215.13","","",
="077454","大立光元富26購02","2.37","","3008","大立光","2,305.00","＋","認購","美式","111年06月15日","111年06月15日","112年06月12日","112年06月14日","0.01","    2,115.24","","",
="077514","智原統一26購02","0.00","","3035","智原","173.50","＋","認購","美式","111年06月16日","111年06月16日","112年06月13日","112年06月15日","0.026","    299.75","","",
="077515","智原統一26購03","0.33","","3035","智原","173.50","＋","認購","美式","111年06月16日","111年06月16日","112年06月13日","112年06月15日","0.026","    173.77","","",
="077516","智原統一26購04","0.00","","3035","智原","173.50","＋","認購","美式","111年06月16日","111年06月16日","112年06月13日","112年06月15日","0.026","    331.36","","",
="07751P","臺股指中信26售02","0.00","","IX0001","臺股指數","16,636.30","","認售","歐式","111年08月02日","112年06月01日","112年05月30日","112年06月01日","0.001","    13,000.00","","",
="077520","聯發科第一29購02","0.00","","2454","聯發科","738.00","＋","認購","美式","111年06月16日","111年06月16日","112年09月13日","112年09月15日","0.002","    882.44","","",
="077608","聯發科元富31購02","0.37","＋","2454","聯發科","738.00","＋","認購","美式","111年06月17日","111年06月17日","113年01月12日","113年01月16日","0.005","    864.06","","",
="077627","滬深2X凱基26購01","0.00","",="00637L","元大滬深300正2","13.77","－","認購","美式","111年06月17日","111年06月17日","112年06月14日","112年06月16日","1.00","    24.00","","",
="077628","元油反凱基26購01","0.00","",="00673R","期元大S&P原油反1(原名：元大S&P原油反1)","9.03","－","認購","美式","111年06月17日","111年06月17日","112年06月14日","112年06月16日","1.00","    7.50","","",
="077629","元油反凱基26購02","0.00","",="00673R","期元大S&P原油反1(原名：元大S&P原油反1)","9.03","－","認購","美式","111年06月17日","111年06月17日","112年06月14日","112年06月16日","1.00","    10.00","","",
="077678","臺股指麥證26購03","0.00","","IX0001","臺股指數","16,636.30","","認購","歐式","111年06月17日","112年06月16日","112年06月14日","112年06月16日","0.008","    18,000.00","","",
="077727","T50反1第一2A購01","0.00","",="00632R","元大台灣50反1","4.94","－","認購","美式","111年06月20日","111年06月20日","112年10月17日","112年10月19日","0.77","    6.04","","",
="077728","欣興第一26購01","0.00","","3037","欣興","182.50","－","認購","美式","111年06月20日","111年06月20日","112年06月15日","112年06月19日","0.014","    170.19","","",
="077731","臺指反凱基26購01","0.00","",="00664R","國泰臺灣加權反1","5.58","－","認購","美式","111年06月20日","111年06月20日","112年06月15日","112年06月19日","1.00","    6.40","","",
="077732","臺指反凱基26購02","0.00","",="00664R","國泰臺灣加權反1","5.58","－","認購","美式","111年06月20日","111年06月20日","112年06月15日","112年06月19日","1.00","    6.60","","",
="077733","臺指反凱基26購03","0.16","－",="00664R","國泰臺灣加權反1","5.58","－","認購","美式","111年06月20日","111年06月20日","112年06月15日","112年06月19日","1.00","    5.50","","",
="077741","陽明凱基26購01","0.00","","2609","陽明","62.00","＋","認購","美式","111年06月20日","111年06月20日","112年06月15日","112年06月19日","0.126","    119.48","","",
="077742","陽明凱基26購02","0.00","","2609","陽明","62.00","＋","認購","美式","111年06月20日","111年06月20日","112年06月15日","112年06月19日","0.188","    143.38","","",
="077839","台灣50凱基26購02","0.00","",="0050","元大台灣50","126.75","＋","認購","美式","111年06月21日","111年06月21日","112年06月16日","112年06月20日","1.039","    152.12","","",
="077840","台灣50凱基26購03","0.00","",="0050","元大台灣50","126.75","＋","認購","美式","111年06月21日","111年06月21日","112年06月16日","112年06月20日","1.039","    165.59","","",
="077878","長榮統一26購02","0.00","","2603","長榮","157.00","＋","認購","美式","111年06月21日","111年06月21日","112年06月16日","112年06月20日","0.026","    221.99","","",
="077922","台積電富邦26購02","0.00","","2330","台積電","568.00","＋","認購","美式","111年06月21日","111年06月21日","112年06月16日","112年06月20日","0.05","    589.96","","",
="077923","台積電富邦26購03","0.00","","2330","台積電","568.00","＋","認購","美式","111年06月21日","111年06月21日","112年06月16日","112年06月20日","0.08","    688.29","","",
="077975","台積電統一26購02","0.00","","2330","台積電","568.00","＋","認購","美式","111年06月22日","111年06月22日","112年06月19日","112年06月21日","0.016","    589.96","","",
="077976","台積電統一26購03","1.45","＋","2330","台積電","568.00","＋","認購","美式","111年06月22日","111年06月22日","112年06月19日","112年06月21日","0.018","    491.63","","",
="077979","長榮統一26購03","0.00","","2603","長榮","157.00","＋","認購","美式","111年06月22日","111年06月22日","112年06月19日","112年06月21日","0.018","    205.91","","",
="077980","長榮統一26購04","0.03","＋","2603","長榮","157.00","＋","認購","美式","111年06月22日","111年06月22日","112年06月19日","112年06月21日","0.018","    171.56","","",
="077981","長榮統一26購05","0.00","","2603","長榮","157.00","＋","認購","美式","111年06月22日","111年06月22日","112年06月19日","112年06月21日","0.021","    231.64","","",
="077982","陽明統一26購01","0.00","","2609","陽明","62.00","＋","認購","美式","111年06月22日","111年06月22日","112年06月19日","112年06月21日","0.046","    88.50","","",
="077983","欣興統一26購01","0.65","－","3037","欣興","182.50","－","認購","美式","111年06月22日","111年06月22日","112年06月19日","112年06月21日","0.029","    164.28","","",
="078054","T50反1群益26購01","0.00","",="00632R","元大台灣50反1","4.94","－","認購","美式","111年06月22日","111年06月22日","112年06月19日","112年06月21日","1.00","    5.75","","",
="078055","T50反1群益28購01","0.00","",="00632R","元大台灣50反1","4.94","－","認購","美式","111年06月22日","111年06月22日","112年08月17日","112年08月21日","1.00","    6.00","","",
="078056","臺指反群益26購01","0.00","",="00664R","國泰臺灣加權反1","5.58","－","認購","美式","111年06月22日","111年06月22日","112年06月19日","112年06月21日","1.00","    6.70","","",
="078086","台積電中信26購01","1.33","＋","2330","台積電","568.00","＋","認購","歐式","111年06月23日","112年06月26日","112年06月20日","112年06月26日","0.01","    432.64","","",
="078092","台積電康和2C購01","0.66","－","2330","台積電","568.00","＋","認購","美式","111年06月23日","111年06月23日","112年12月20日","112年12月22日","0.05","    678.45","","",
="078124","聯電群益26購01","0.00","","2303","聯電","51.20","＋","認購","美式","111年06月23日","111年06月23日","112年06月20日","112年06月26日","1.065","    63.86","","",
="078147","台積電統一26購04","0.00","","2330","台積電","568.00","＋","認購","美式","111年06月23日","111年06月23日","112年06月20日","112年06月26日","0.02","    589.96","","",
="078148","台積電統一26購05","1.23","＋","2330","台積電","568.00","＋","認購","美式","111年06月23日","111年06月23日","112年06月20日","112年06月26日","0.015","    491.63","","",
="078211","台積電富邦26購04","0.00","","2330","台積電","568.00","＋","認購","美式","111年06月23日","111年06月23日","112年06月20日","112年06月26日","0.035","    540.79","","",
="078230","滬深2X凱基26購02","0.01","",="00637L","元大滬深300正2","13.77","－","認購","美式","111年06月24日","111年06月24日","112年06月20日","112年06月26日","1.00","    26.50","","",
="078258","長榮統一26購06","0.00","","2603","長榮","157.00","＋","認購","美式","111年06月24日","111年06月24日","112年06月20日","112年06月26日","0.017","    214.05","","",
="078259","長榮統一26購07","0.01","－","2603","長榮","157.00","＋","認購","美式","111年06月24日","111年06月24日","112年06月20日","112年06月26日","0.021","    193.04","","",
="078260","陽明統一26購02","0.00","","2609","陽明","62.00","＋","認購","美式","111年06月24日","111年06月24日","112年06月20日","112年06月26日","0.041","    86.73","","",
="078262","萬海統一26購02","0.00","","2615","萬海","60.00","＋","認購","美式","111年06月24日","111年06月24日","112年06月20日","112年06月26日","0.043","    79.99","","",
="078264","T50反1兆豐26購01","0.00","",="00632R","元大台灣50反1","4.94","－","認購","美式","111年06月24日","111年06月24日","112年06月20日","112年06月26日","1.00","    6.60","","",
="078318","台積電元大26購04","1.00","＋","2330","台積電","568.00","＋","認購","美式","111年06月24日","111年06月24日","112年06月20日","112年06月26日","0.07","    589.96","","",
="078387","陽明統一26購03","0.00","","2609","陽明","62.00","＋","認購","美式","111年06月27日","111年06月27日","112年06月20日","112年06月26日","0.048","    70.80","","",
="078403","景碩第一29購01","0.00","","3189","景碩","116.00","＋","認購","美式","111年06月27日","111年06月27日","112年09月22日","112年09月26日","0.014","    143.07","","",
="078414","長榮航凱基26購01","0.00","","2618","長榮航","33.60","＋","認購","美式","111年06月27日","111年06月27日","112年06月20日","112年06月26日","0.306","    34.33","","",
="078415","欣興凱基29購01","1.68","－","3037","欣興","182.50","－","認購","美式","111年06月27日","111年06月27日","112年09月22日","112年09月26日","0.072","    203.39","","",
="078416","欣興凱基29購02","1.11","－","3037","欣興","182.50","－","認購","美式","111年06月27日","111年06月27日","112年09月22日","112年09月26日","0.061","    222.95","","",
="078439","旺宏元大26購01","0.00","","2337","旺宏","33.40","＋","認購","美式","111年06月27日","111年06月27日","112年06月20日","112年06月26日","1.065","    50.21","","",
="078459","南電元大26購01","0.00","","8046","南電","302.50","－","認購","美式","111年06月27日","111年06月27日","112年06月20日","112年06月26日","0.031","    328.26","","",
="07848P","中興電凱基26售01","0.00","","1513","中興電","113.50","＋","認售","歐式","111年08月04日","112年06月05日","112年06月01日","112年06月05日","0.332","    35.00","","",
="078509","長榮元富26購01","0.00","","2603","長榮","157.00","＋","認購","美式","111年06月28日","111年06月28日","112年06月21日","112年06月27日","0.026","    193.04","","",
="078511","台積電麥證28購01","0.00","","2330","台積電","568.00","＋","認購","歐式","111年06月28日","112年08月28日","112年08月24日","112年08月28日","0.02","    589.96","","",
="078512","長榮麥證27購01","0.00","","2603","長榮","157.00","＋","認購","歐式","111年06月28日","112年07月27日","112年07月25日","112年07月27日","0.01","    241.29","","",
="078513","臺股指麥證28購01","0.00","","IX0001","臺股指數","16,636.30","","認購","歐式","111年06月28日","112年08月28日","112年08月24日","112年08月28日","0.001","    15,000.00","","",
="078520","陽明統一26購04","0.00","","2609","陽明","62.00","＋","認購","美式","111年06月28日","111年06月28日","112年06月21日","112年06月27日","0.063","    79.65","","",
="078521","萬海統一26購03","0.00","","2615","萬海","60.00","＋","認購","美式","111年06月28日","111年06月28日","112年06月21日","112年06月27日","0.044","    87.09","","",
="078526","T50反1群益28購02","0.00","",="00632R","元大台灣50反1","4.94","－","認購","美式","111年06月28日","111年06月28日","112年08月24日","112年08月28日","1.00","    6.20","","",
="078527","臺指反群益26購02","0.00","",="00664R","國泰臺灣加權反1","5.58","－","認購","美式","111年06月28日","111年06月28日","112年06月21日","112年06月27日","1.00","    6.90","","",
="078600","欣興凱基26購01","0.50","－","3037","欣興","182.50","－","認購","美式","111年06月28日","111年06月28日","112年06月21日","112年06月27日","0.051","    183.84","","",
="078601","欣興凱基26購02","0.00","","3037","欣興","182.50","－","認購","美式","111年06月28日","111年06月28日","112年06月21日","112年06月27日","0.051","    164.28","","",
="078670","威盛統一26購01","0.00","","2388","威盛","83.10","＋","認購","美式","111年06月29日","111年06月29日","112年06月26日","112年06月28日","0.07","    68.70","","",
="078671","威盛統一26購02","0.87","＋","2388","威盛","83.10","＋","認購","美式","111年06月29日","111年06月29日","112年06月26日","112年06月28日","0.07","    74.55","","",
="078672","聯發科統一26購01","0.85","＋","2454","聯發科","738.00","＋","認購","美式","111年06月29日","111年06月29日","112年06月26日","112年06月28日","0.01","    680.00","","",
="078673","聯發科統一36購01","0.90","＋","2454","聯發科","738.00","＋","認購","美式","111年06月29日","111年06月29日","113年06月26日","113年06月28日","0.006","    800.00","","",
="078682","立積統一26購01","0.35","＋","4968","立積","170.00","＋","認購","美式","111年06月29日","111年06月29日","112年06月26日","112年06月28日","0.021","    164.13","","",
="078688","聯電凱基26購02","1.38","","2303","聯電","51.20","＋","認購","美式","111年06月29日","111年06月29日","112年06月26日","112年06月28日","0.45","    50.00","","",
="07868P","台積電麥證27售05","0.01","","2330","台積電","568.00","＋","認售","歐式","111年08月05日","112年07月04日","112年06月30日","112年07月04日","0.03","    344.14","","",
="078693","聯發科凱基26購02","0.00","","2454","聯發科","738.00","＋","認購","美式","111年06月29日","111年06月29日","112年06月26日","112年06月28日","0.03","    800.00","","",
="078694","聯發科凱基26購03","0.00","","2454","聯發科","738.00","＋","認購","美式","111年06月29日","111年06月29日","112年06月26日","112年06月28日","0.03","    1,000.00","","",
="078695","聯發科凱基29購01","2.36","＋","2454","聯發科","738.00","＋","認購","美式","111年06月29日","111年06月29日","112年09月26日","112年09月28日","0.02","    700.00","","",
="078696","聯發科凱基29購02","0.00","","2454","聯發科","738.00","＋","認購","美式","111年06月29日","111年06月29日","112年09月26日","112年09月28日","0.03","    900.00","","",
="078713","臺股指凱基26購01","0.27","","IX0001","臺股指數","16,636.30","","認購","歐式","111年06月29日","112年06月28日","112年06月26日","112年06月28日","0.005","    17,888.00","","",
="078714","臺股指凱基26購02","0.00","","IX0001","臺股指數","16,636.30","","認購","歐式","111年06月29日","112年06月28日","112年06月26日","112年06月28日","0.008","    18,888.00","","",
="078715","臺股指凱基26購03","0.01","","IX0001","臺股指數","16,636.30","","認購","歐式","111年06月29日","112年06月28日","112年06月26日","112年06月28日","0.03","    21,888.00","","",
="078717","聯發科元富26購02","0.00","","2454","聯發科","738.00","＋","認購","美式","111年06月29日","111年06月29日","112年06月26日","112年06月28日","0.007","    750.00","","",
="078727","T50反1元大26購01","0.00","",="00632R","元大台灣50反1","4.94","－","認購","美式","111年06月29日","111年06月29日","112年06月26日","112年06月28日","1.00","    5.85","","",
="07872P","聯詠凱基26售01","0.00","","3034","聯詠","423.50","＋","認售","歐式","111年08月05日","112年06月05日","112年06月01日","112年06月05日","0.13","    170.00","","",
="078735","聯電元大26購02","0.00","","2303","聯電","51.20","＋","認購","美式","111年06月29日","111年06月29日","112年06月26日","112年06月28日","0.40","    46.50","","",
="078737","鴻海元大26購02","0.00","","2317","鴻海","105.50","＋","認購","美式","111年06月29日","111年06月29日","112年06月26日","112年06月28日","0.256","    133.61","","",
="078740","台積電元大26購06","0.00","","2330","台積電","568.00","＋","認購","美式","111年06月29日","111年06月29日","112年06月26日","112年06月28日","0.04","    537.85","","",
="078744","聯發科元大26購02","0.94","＋","2454","聯發科","738.00","＋","認購","美式","111年06月29日","111年06月29日","112年06月26日","112年06月28日","0.021","    760.00","","",
="078752","欣興元大26購02","0.64","＋","3037","欣興","182.50","－","認購","美式","111年06月29日","111年06月29日","112年06月26日","112年06月28日","0.063","    205.35","","",
="078758","世芯元大26購02","0.00","","3661","世芯-KY","1,660.00","＋","認購","美式","111年06月29日","111年06月29日","112年06月26日","112年06月28日","0.012","    765.68","","",
="078770","富鼎元大26購01","0.00","","8261","富鼎","106.50","＋","認購","美式","111年06月29日","111年06月29日","112年06月26日","112年06月28日","0.08","    175.00","","",
="078776","臺指反富邦26購01","0.00","",="00664R","國泰臺灣加權反1","5.58","－","認購","美式","111年06月29日","111年06月29日","112年06月26日","112年06月28日","1.00","    6.75","","",
="078835","威盛凱基26購01","0.00","","2388","威盛","83.10","＋","認購","美式","111年06月30日","111年06月30日","112年06月27日","112年06月29日","0.12","    80.00","","",
="078836","威盛凱基26購02","0.00","","2388","威盛","83.10","＋","認購","美式","111年06月30日","111年06月30日","112年06月27日","112年06月29日","0.10","    70.00","","",
="078837","威盛凱基26購03","0.00","","2388","威盛","83.10","＋","認購","美式","111年06月30日","111年06月30日","112年06月27日","112年06月29日","0.08","    60.00","","",
="078844","陽明凱基26購03","0.00","","2609","陽明","62.00","＋","認購","美式","111年06月30日","111年06月30日","112年06月27日","112年06月29日","0.15","    125.00","","",
="078845","陽明凱基26購04","0.00","","2609","陽明","62.00","＋","認購","美式","111年06月30日","111年06月30日","112年06月27日","112年06月29日","0.08","    115.00","","",
="078846","陽明凱基26購05","0.00","","2609","陽明","62.00","＋","認購","美式","111年06月30日","111年06月30日","112年06月27日","112年06月29日","0.10","    105.00","","",
="078847","陽明凱基26購06","0.00","","2609","陽明","62.00","＋","認購","美式","111年06月30日","111年06月30日","112年06月27日","112年06月29日","0.065","    95.00","","",
="078852","欣興凱基2A購01","1.19","－","3037","欣興","182.50","－","認購","美式","111年06月30日","111年06月30日","112年09月27日","112年10月02日","0.087","    242.51","","",
="078868","鴻海統一26購04","0.15","","2317","鴻海","105.50","＋","認購","美式","111年06月30日","111年06月30日","112年06月27日","112年06月29日","0.047","    105.55","","",
="078869","台積電統一37購01","1.40","＋","2330","台積電","568.00","＋","認購","美式","111年06月30日","111年06月30日","113年06月27日","113年07月01日","0.01","    511.29","","",
="078874","陽明統一26購05","0.00","","2609","陽明","62.00","＋","認購","美式","111年06月30日","111年06月30日","112年06月27日","112年06月29日","0.066","    101.11","","",
="078887","聯電元大26購03","1.45","＋","2303","聯電","51.20","＋","認購","美式","111年06月30日","111年06月30日","112年06月27日","112年06月29日","0.40","    50.20","","",
="078891","台積電元大26購07","1.46","－","2330","台積電","568.00","＋","認購","美式","111年06月30日","111年06月30日","112年06月27日","112年06月29日","0.053","    564.39","","",
="078894","聯發科元大26購03","0.00","","2454","聯發科","738.00","＋","認購","美式","111年06月30日","111年06月30日","112年06月27日","112年06月29日","0.02","    816.00","","",
="078897","陽明元大26購01","0.00","","2609","陽明","62.00","＋","認購","美式","111年06月30日","111年06月30日","112年06月27日","112年06月29日","0.127","    93.90","","",
="078922","陽明麥證26購01","0.00","","2609","陽明","62.00","＋","認購","歐式","111年07月01日","112年06月30日","112年06月28日","112年06月30日","0.03","    125.00","","",
="078940","鴻海統一37購01","0.51","","2317","鴻海","105.50","＋","認購","美式","111年07月01日","111年07月01日","113年06月27日","113年07月01日","0.037","    123.62","","",
="078943","萬海統一26購04","0.00","","2615","萬海","60.00","＋","認購","美式","111年07月01日","111年07月01日","112年06月28日","112年06月30日","0.063","    105.10","","",
="078965","台灣50凱基31購01","1.07","＋",="0050","元大台灣50","126.75","＋","認購","美式","111年07月01日","111年07月01日","112年12月28日","113年01月02日","1.039","    161.74","","",
="078969","鴻海凱基25購01","0.00","","2317","鴻海","105.50","＋","認購","美式","111年07月01日","111年07月01日","112年05月29日","112年05月31日","0.174","    116.97","","",
="078973","台積電凱基26購01","0.00","","2330","台積電","568.00","＋","認購","美式","111年07月01日","111年07月01日","112年06月28日","112年06月30日","0.085","    599.79","","",
="07898P","揚明光元大26售01","0.00","","3504","揚明光","81.70","＋","認售","歐式","111年08月05日","112年06月05日","112年06月01日","112年06月05日","0.071","    70.00","","",
="078996","華新元大26購02","1.30","＋","1605","華新","46.60","＋","認購","美式","111年07月01日","111年07月01日","112年06月28日","112年06月30日","0.251","    44.30","","",
="078999","台積電元大25購08","0.00","","2330","台積電","568.00","＋","認購","美式","111年07月01日","111年07月01日","112年05月29日","112年05月31日","0.049","    539.81","","",
="079005","威盛元大25購01","0.00","","2388","威盛","83.10","＋","認購","美式","111年07月01日","111年07月01日","112年05月29日","112年05月31日","0.185","    80.00","","",
="079007","聯發科元大26購04","0.00","","2454","聯發科","738.00","＋","認購","美式","111年07月01日","111年07月01日","112年06月28日","112年06月30日","0.03","    732.00","","",
="079011","華航元大26購01","0.00","","2610","華航","21.65","＋","認購","美式","111年07月01日","111年07月01日","112年06月28日","112年06月30日","0.467","    26.52","","",
="079016","聯詠元大26購01","0.00","","3034","聯詠","423.50","＋","認購","美式","111年07月01日","111年07月01日","112年06月28日","112年06月30日","0.057","    290.02","","",
="079028","台積電富邦25購09","0.00","","2330","台積電","568.00","＋","認購","美式","111年07月01日","111年07月01日","112年05月29日","112年05月31日","0.03","    521.12","","",
="079036","長榮中信27購01","0.00","","2603","長榮","157.00","＋","認購","歐式","111年07月04日","112年07月03日","112年06月29日","112年07月03日","0.035","    296.24","","",
="079041","台積電第一2B購04","0.91","","2330","台積電","568.00","＋","認購","美式","111年07月04日","111年07月04日","112年11月01日","112年11月03日","0.008","    479.81","","",
="079094","T50正2凱基27購01","0.00","",="00631L","元大台灣50正2","129.10","＋","認購","美式","111年07月04日","111年07月04日","112年06月29日","112年07月03日","0.25","    140.00","","",
="079133","長榮麥證28購01","0.00","","2603","長榮","157.00","＋","認購","歐式","111年07月04日","112年08月03日","112年08月01日","112年08月03日","0.009","    231.44","","",
="079135","臺股指麥證26購05","0.00","","IX0001","臺股指數","16,636.30","","認購","歐式","111年07月04日","112年06月05日","112年06月01日","112年06月05日","0.001","    16,000.00","","",
="079140","美時元大27購01","0.00","","1795","美時","330.50","＋","認購","美式","111年07月04日","111年07月04日","112年06月29日","112年07月03日","0.061","    206.96","","",
="079144","聯電元大27購01","0.00","","2303","聯電","51.20","＋","認購","美式","111年07月04日","111年07月04日","112年06月29日","112年07月03日","0.439","    45.55","","",
="079147","台積電元大26購08","1.04","＋","2330","台積電","568.00","＋","認購","美式","111年07月04日","111年07月04日","112年06月01日","112年06月05日","0.03","    538.82","","",
="079150","聯發科元大26購05","0.00","","2454","聯發科","738.00","＋","認購","美式","111年07月04日","111年07月04日","112年06月01日","112年06月05日","0.023","    750.00","","",
="079151","聯發科元大27購01","1.92","＋","2454","聯發科","738.00","＋","認購","美式","111年07月04日","111年07月04日","112年06月29日","112年07月03日","0.03","    725.00","","",
="079153","長榮元大26購03","0.00","","2603","長榮","157.00","＋","認購","美式","111年07月04日","111年07月04日","112年06月01日","112年06月05日","0.044","    254.58","","",
="079154","長榮元大27購01","0.00","","2603","長榮","157.00","＋","認購","美式","111年07月04日","111年07月04日","112年06月29日","112年07月03日","0.042","    243.01","","",
="079157","陽明元大27購01","0.00","","2609","陽明","62.00","＋","認購","美式","111年07月04日","111年07月04日","112年06月29日","112年07月03日","0.115","    106.00","","",
="079160","萬海元大26購01","0.00","","2615","萬海","60.00","＋","認購","美式","111年07月04日","111年07月04日","112年06月01日","112年06月05日","0.104","    127.98","","",
="079169","南電元大26購02","0.00","","8046","南電","302.50","－","認購","美式","111年07月04日","111年07月04日","112年06月01日","112年06月05日","0.037","    350.00","","",
="079174","台達電富邦27購01","2.34","＋","2308","台達電","315.50","－","認購","美式","111年07月04日","111年07月04日","112年06月29日","112年07月03日","0.025","    230.00","","",
="079261","T50反1凱基27購01","0.00","",="00632R","元大台灣50反1","4.94","－","認購","美式","111年07月05日","111年07月05日","112年06月30日","112年07月04日","1.00","    6.60","","",
="079293","長榮元富27購01","0.00","","2603","長榮","157.00","＋","認購","美式","111年07月05日","111年07月05日","112年06月30日","112年07月04日","0.048","    277.72","","",
="079322","T50反1元大26購02","0.00","",="00632R","元大台灣50反1","4.94","－","認購","美式","111年07月05日","111年07月05日","112年06月01日","112年06月05日","1.00","    5.95","","",
="079323","T50反1元大26購03","0.00","",="00632R","元大台灣50反1","4.94","－","認購","美式","111年07月05日","111年07月05日","112年06月01日","112年06月05日","1.00","    5.90","","",
="079324","T50反1元大27購02","0.00","",="00632R","元大台灣50反1","4.94","－","認購","美式","111年07月05日","111年07月05日","112年06月30日","112年07月04日","1.00","    6.00","","",
="079326","臺指反元大26購02","0.00","",="00664R","國泰臺灣加權反1","5.58","－","認購","美式","111年07月05日","111年07月05日","112年06月01日","112年06月05日","1.00","    6.80","","",
="079328","華新元大27購01","1.21","＋","1605","華新","46.60","＋","認購","美式","111年07月05日","111年07月05日","112年06月30日","112年07月04日","0.259","    45.50","","",
="079332","美時元大26購01","0.00","","1795","美時","330.50","＋","認購","美式","111年07月05日","111年07月05日","112年06月01日","112年06月05日","0.061","    197.11","","",
="079333","美時元大27購02","0.00","","1795","美時","330.50","＋","認購","美式","111年07月05日","111年07月05日","112年06月30日","112年07月04日","0.056","    216.82","","",
="079343","聯發科元大26購06","0.00","","2454","聯發科","738.00","＋","認購","美式","111年07月05日","111年07月05日","112年06月01日","112年06月05日","0.023","    720.00","","",
="079345","長榮元大26購04","0.00","","2603","長榮","157.00","＋","認購","美式","111年07月05日","111年07月05日","112年06月01日","112年06月05日","0.041","    221.02","","",
="079346","長榮元大27購02","0.00","","2603","長榮","157.00","＋","認購","美式","111年07月05日","111年07月05日","112年06月30日","112年07月04日","0.031","    231.44","","",
="079349","陽明元大27購02","0.00","","2609","陽明","62.00","＋","認購","美式","111年07月05日","111年07月05日","112年06月30日","112年07月04日","0.104","    87.50","","",
="079359","南電元大26購03","0.01","","8046","南電","302.50","－","認購","美式","111年07月05日","111年07月05日","112年06月01日","112年06月05日","0.037","    375.00","","",
="079362","T50反1富邦27購01","0.00","",="00632R","元大台灣50反1","4.94","－","認購","美式","111年07月05日","111年07月05日","112年06月30日","112年07月04日","1.00","    6.25","","",
="079365","台積電富邦26購06","2.38","＋","2330","台積電","568.00","＋","認購","美式","111年07月05日","111年07月05日","112年06月01日","112年06月05日","0.03","    491.63","","",
="07936P","宏達電凱基26售01","0.00","","2498","宏達電","61.50","＋","認售","歐式","111年08月08日","112年06月07日","112年06月05日","112年06月07日","0.15","    40.00","","",
="079464","臺股指凱基26購04","0.00","","IX0001","臺股指數","16,636.30","","認購","歐式","111年07月06日","112年06月05日","112年06月01日","112年06月05日","0.02","    19,888.00","","",
="079470","聯電統一37購01","1.52","＋","2303","聯電","51.20","＋","認購","美式","111年07月06日","111年07月06日","113年07月03日","113年07月05日","0.10","    45.00","","",
="079526","臺股指麥證26購07","0.00","","IX0001","臺股指數","16,636.30","","認購","歐式","111年07月06日","112年06月05日","112年06月01日","112年06月05日","0.001","    13,666.00","","",
="079536","台積電元大27購01","3.20","＋","2330","台積電","568.00","＋","認購","美式","111年07月06日","111年07月06日","112年07月03日","112年07月05日","0.053","    515.23","","",
="079544","長榮元大26購05","0.00","","2603","長榮","157.00","＋","認購","美式","111年07月06日","111年07月06日","112年06月01日","112年06月05日","0.034","    224.03","","",
="079545","長榮元大27購03","0.00","","2603","長榮","157.00","＋","認購","美式","111年07月06日","111年07月06日","112年07月03日","112年07月05日","0.031","    237.22","","",
="079554","國光生元大26購01","0.00","","4142","國光生","37.80","＋","認購","美式","111年07月06日","111年07月06日","112年06月01日","112年06月05日","0.20","    54.60","","",
="079568","南電元大26購04","0.00","","8046","南電","302.50","－","認購","美式","111年07月06日","111年07月06日","112年06月01日","112年06月05日","0.034","    285.00","","",
="079646","S&P反1凱基27購01","0.00","",="00648R","元大S&P500反1","6.93","－","認購","美式","111年07月07日","111年07月07日","112年07月04日","112年07月06日","1.00","    8.80","","",
="079647","臺指反凱基27購01","0.00","",="00664R","國泰臺灣加權反1","5.58","－","認購","美式","111年07月07日","111年07月07日","112年07月04日","112年07月06日","1.00","    7.50","","",
="079648","臺指反凱基27購02","0.00","",="00664R","國泰臺灣加權反1","5.58","－","認購","美式","111年07月07日","111年07月07日","112年07月04日","112年07月06日","1.00","    7.20","","",
="079649","元油反凱基27購01","0.00","",="00673R","期元大S&P原油反1(原名：元大S&P原油反1)","9.03","－","認購","美式","111年07月07日","111年07月07日","112年07月04日","112年07月06日","1.00","    8.50","","",
="079656","台積電凱基27購03","4.55","＋","2330","台積電","568.00","＋","認購","美式","111年07月07日","111年07月07日","112年07月04日","112年07月06日","0.05","    481.79","","",
="079657","台積電凱基27購04","0.00","","2330","台積電","568.00","＋","認購","美式","111年07月07日","111年07月07日","112年07月04日","112年07月06日","0.085","    580.12","","",
="079676","T50反1群益29購01","0.01","－",="00632R","元大台灣50反1","4.94","－","認購","美式","111年07月07日","111年07月07日","112年09月04日","112年09月06日","1.00","    6.40","","",
="079695","台積電統一27購01","0.00","","2330","台積電","568.00","＋","認購","美式","111年07月07日","111年07月07日","112年07月04日","112年07月06日","0.02","    442.47","","",
="079696","長榮統一27購01","0.00","","2603","長榮","157.00","＋","認購","美式","111年07月07日","111年07月07日","112年07月04日","112年07月06日","0.022","    179.99","","",
="079710","台灣50麥證26購01","1.70","＋",="0050","元大台灣50","126.75","＋","認購","歐式","111年07月07日","112年06月06日","112年06月02日","112年06月06日","0.083","    106.86","","",
="079713","台積電麥證26購02","0.00","","2330","台積電","568.00","＋","認購","歐式","111年07月07日","112年06月06日","112年06月02日","112年06月06日","0.025","    422.80","","",
="079714","台積電麥證27購01","0.00","","2330","台積電","568.00","＋","認購","歐式","111年07月07日","112年07月06日","112年07月04日","112年07月06日","0.03","    491.63","","",
="079717","旺宏富邦26購01","0.00","","2337","旺宏","33.40","＋","認購","美式","111年07月07日","111年07月07日","112年06月02日","112年06月06日","0.192","    28.16","","",
="079749","台積電元大27購02","0.00","","2330","台積電","568.00","＋","認購","美式","111年07月07日","111年07月07日","112年07月04日","112年07月06日","0.045","    457.22","","",
="079752","智邦元大26購01","0.00","","2345","智邦","357.50","＋","認購","美式","111年07月07日","111年07月07日","112年06月02日","112年06月06日","0.067","    292.89","","",
="079760","長榮元大27購04","0.00","","2603","長榮","157.00","＋","認購","美式","111年07月07日","111年07月07日","112年07月04日","112年07月06日","0.033","    228.43","","",
="079764","華航元大26購02","0.09","＋","2610","華航","21.65","＋","認購","美式","111年07月07日","111年07月07日","112年06月02日","112年06月06日","0.584","    24.11","","",
="07976P","力積電元大27售01","0.00","","6770","力積電","30.85","＋","認售","歐式","111年08月09日","112年07月10日","112年07月06日","112年07月10日","1.03","    16.55","","",
="079773","欣興元大26購03","0.00","","3037","欣興","182.50","－","認購","美式","111年07月07日","111年07月07日","112年06月02日","112年06月06日","0.058","    161.35","","",
="079774","欣興元大27購01","0.00","","3037","欣興","182.50","－","認購","美式","111年07月07日","111年07月07日","112年07月04日","112年07月06日","0.064","    185.79","","",
="079855","台灣50凱基27購01","0.00","",="0050","元大台灣50","126.75","＋","認購","美式","111年07月08日","111年07月08日","112年07月05日","112年07月07日","0.623","    134.79","","",
="079871","聯發科凱基27購01","1.48","＋","2454","聯發科","738.00","＋","認購","美式","111年07月08日","111年07月08日","112年07月05日","112年07月07日","0.03","    730.00","","",
="079872","聯發科凱基27購02","1.14","＋","2454","聯發科","738.00","＋","認購","美式","111年07月08日","111年07月08日","112年07月05日","112年07月07日","0.035","    760.00","","",
="079881","臺股指凱基27購01","0.00","","IX0001","臺股指數","16,636.30","","認購","歐式","111年07月08日","112年07月07日","112年07月05日","112年07月07日","0.007","    18,000.00","","",
="079898","微星元大26購01","0.00","","2377","微星","168.00","－","認購","美式","111年07月08日","111年07月08日","112年06月05日","112年06月07日","0.095","    110.12","","",
="079915","大立光元大26購02","2.71","","3008","大立光","2,305.00","＋","認購","美式","111年07月08日","111年07月08日","112年06月05日","112年06月07日","0.01","    2,023.90","","",
="079917","欣興元大26購04","0.00","","3037","欣興","182.50","－","認購","美式","111年07月08日","111年07月08日","112年06月05日","112年06月07日","0.066","    193.13","","",
="079932","長榮元富27購02","0.00","","2603","長榮","157.00","＋","認購","美式","111年07月08日","111年07月08日","112年07月05日","112年07月07日","0.056","    243.01","","",
="079988","聯發科第一2C購01","1.08","＋","2454","聯發科","738.00","＋","認購","美式","111年07月11日","111年07月11日","112年12月07日","112年12月11日","0.004","    574.75","","",
="079989","長榮第一2C購02","0.00","","2603","長榮","157.00","＋","認購","美式","111年07月11日","111年07月11日","112年12月07日","112年12月11日","0.012","    188.64","","",
="080001","臺股指麥證27購01","0.00","","IX0001","臺股指數","16,636.30","","認購","歐式","111年07月11日","112年07月10日","112年07月06日","112年07月10日","0.015","    19,388.00","","",
="080090","長榮元大26購06","0.00","","2603","長榮","157.00","＋","認購","美式","111年07月11日","111年07月11日","112年06月08日","112年06月12日","0.043","    234.91","","",
="080096","長榮航元大26購01","0.00","","2618","長榮航","33.60","＋","認購","美式","111年07月11日","111年07月11日","112年06月08日","112年06月12日","0.185","    40.75","","",
="080099","大立光元大26購03","0.00","","3008","大立光","2,305.00","＋","認購","美式","111年07月11日","111年07月11日","112年06月08日","112年06月12日","0.011","    2,211.39","","",
="080102","欣興元大26購05","0.00","","3037","欣興","182.50","－","認購","美式","111年07月11日","111年07月11日","112年06月08日","112年06月12日","0.063","    188.24","","",
="080106","世芯元大26購03","0.00","","3661","世芯-KY","1,660.00","＋","認購","美式","111年07月11日","111年07月11日","112年06月08日","112年06月12日","0.014","    805.20","","",
="080116","華孚元大26購01","0.00","","6235","華孚","123.50","＋","認購","美式","111年07月11日","111年07月11日","112年06月08日","112年06月12日","0.156","    48.28","","",
="080117","華孚元大27購01","0.00","","6235","華孚","123.50","＋","認購","美式","111年07月11日","111年07月11日","112年07月06日","112年07月10日","0.156","    53.11","","",
="080118","華孚元大27購02","11.00","","6235","華孚","123.50","＋","認購","美式","111年07月11日","111年07月11日","112年07月06日","112年07月10日","0.156","    55.43","","",
="080151","長榮法興27購01","0.00","","2603","長榮","157.00","＋","認購","歐式","111年07月12日","112年07月11日","112年07月07日","112年07月11日","0.035","    196.72","","",
="080167","元石油凱基27購01","0.00","",="00642U","期元大S&P石油(原名：元大S&P石油)","15.46","＋","認購","美式","111年07月12日","111年07月12日","112年07月07日","112年07月11日","0.40","    23.00","","",
="080170","聯電凱基27購01","0.00","","2303","聯電","51.20","＋","認購","美式","111年07月12日","111年07月12日","112年07月07日","112年07月11日","1.00","    52.00","","",
="080172","鴻海凱基27購01","0.00","","2317","鴻海","105.50","＋","認購","美式","111年07月12日","111年07月12日","112年07月07日","112年07月11日","0.22","    130.00","","",
="080176","台積電凱基28購02","3.40","＋","2330","台積電","568.00","＋","認購","美式","111年07月12日","111年07月12日","112年08月09日","112年08月11日","0.07","    540.79","","",
="080178","長榮凱基27購01","0.00","","2603","長榮","157.00","＋","認購","美式","111年07月12日","111年07月12日","112年07月07日","112年07月11日","0.056","    282.35","","",
="080179","長榮凱基27購02","0.00","","2603","長榮","157.00","＋","認購","美式","111年07月12日","111年07月12日","112年07月07日","112年07月11日","0.048","    259.21","","",
="080180","長榮凱基27購03","0.00","","2603","長榮","157.00","＋","認購","美式","111年07月12日","111年07月12日","112年07月07日","112年07月11日","0.043","    236.06","","",
="080181","華航凱基27購01","0.00","","2610","華航","21.65","＋","認購","美式","111年07月12日","111年07月12日","112年07月07日","112年07月11日","0.70","    33.00","","",
="080182","華航凱基27購02","0.00","","2610","華航","21.65","＋","認購","美式","111年07月12日","111年07月12日","112年07月07日","112年07月11日","0.55","    27.00","","",
="080184","萬海凱基27購01","0.00","","2615","萬海","60.00","＋","認購","美式","111年07月12日","111年07月12日","112年07月07日","112年07月11日","0.125","    131.98","","",
="080185","長榮航凱基27購01","0.10","","2618","長榮航","33.60","＋","認購","美式","111年07月12日","111年07月12日","112年07月07日","112年07月11日","0.51","    44.13","","",
="080187","慧洋凱基27購01","0.00","","2637","慧洋-KY","60.30","＋","認購","美式","111年07月12日","111年07月12日","112年07月07日","112年07月11日","0.202","    75.84","","",
="080188","大立光凱基27購01","1.10","＋","3008","大立光","2,305.00","＋","認購","美式","111年07月12日","111年07月12日","112年07月07日","112年07月11日","0.015","    2,451.75","","",
="080190","聯詠凱基27購01","0.00","","3034","聯詠","423.50","＋","認購","美式","111年07月12日","111年07月12日","112年07月07日","112年07月11日","0.072","    273.44","","",
="080191","聯詠凱基27購02","0.00","","3034","聯詠","423.50","＋","認購","美式","111年07月12日","111年07月12日","112年07月07日","112年07月11日","0.084","    298.30","","",
="080192","景碩凱基27購01","0.00","","3189","景碩","116.00","＋","認購","美式","111年07月12日","111年07月12日","112年07月07日","112年07月11日","0.088","    179.41","","",
="080194","世芯凱基27購01","0.00","","3661","世芯-KY","1,660.00","＋","認購","美式","111年07月12日","111年07月12日","112年07月07日","112年07月11日","0.018","    877.32","","",
="080195","世芯凱基27購02","0.00","","3661","世芯-KY","1,660.00","＋","認購","美式","111年07月12日","111年07月12日","112年07月07日","112年07月11日","0.015","    767.65","","",
="080198","日月光凱基27購01","0.00","","3711","日月光投控","109.00","－","認購","美式","111年07月12日","111年07月12日","112年07月07日","112年07月11日","0.30","    90.00","","",
="080204","華孚凱基26購01","0.00","","6235","華孚","123.50","＋","認購","美式","111年07月12日","111年07月12日","112年06月08日","112年06月12日","0.197","    48.28","","",
="080205","華孚凱基27購01","16.00","","6235","華孚","123.50","＋","認購","美式","111年07月12日","111年07月12日","112年07月07日","112年07月11日","0.207","    46.35","","",
="080206","華孚凱基29購01","0.00","","6235","華孚","123.50","＋","認購","美式","111年07月12日","111年07月12日","112年09月07日","112年09月11日","0.227","    55.04","","",
="080218","鴻海麥證27購01","0.00","","2317","鴻海","105.50","＋","認購","歐式","111年07月12日","112年07月11日","112年07月07日","112年07月11日","0.08","    120.00","","",
="080243","長榮元大26購07","0.00","","2603","長榮","157.00","＋","認購","美式","111年07月12日","111年07月12日","112年06月08日","112年06月12日","0.045","    252.26","","",
="080247","長榮航元大26購02","0.00","","2618","長榮航","33.60","＋","認購","美式","111年07月12日","111年07月12日","112年06月08日","112年06月12日","0.219","    37.42","","",
="080248","長榮航元大27購01","0.00","","2618","長榮航","33.60","＋","認購","美式","111年07月12日","111年07月12日","112年07月07日","112年07月11日","0.211","    35.94","","",
="080251","大立光元大27購01","0.00","","3008","大立光","2,305.00","＋","認購","美式","111年07月12日","111年07月12日","112年07月07日","112年07月11日","0.01","    2,115.24","","",
="080253","聯詠元大26購02","0.00","","3034","聯詠","423.50","＋","認購","美式","111年07月12日","111年07月12日","112年06月08日","112年06月12日","0.08","    310.73","","",
="080260","世芯元大26購04","0.00","","3661","世芯-KY","1,660.00","＋","認購","美式","111年07月12日","111年07月12日","112年06月08日","112年06月12日","0.015","    778.52","","",
="080297","長榮元富27購03","0.00","","2603","長榮","157.00","＋","認購","美式","111年07月13日","111年07月13日","112年07月10日","112年07月12日","0.038","    254.58","","",
="080301","臺股指麥證2A購01","1.47","＋","IX0001","臺股指數","16,636.30","","認購","歐式","111年07月13日","112年10月12日","112年10月06日","112年10月12日","0.001","    16,000.00","","",
="080319","台積電元大27購03","0.00","","2330","台積電","568.00","＋","認購","美式","111年07月13日","111年07月13日","112年07月10日","112年07月12日","0.066","    629.29","","",
="08031P","臺股指中信26售03","0.00","","IX0001","臺股指數","16,636.30","","認售","歐式","111年08月11日","112年06月12日","112年06月08日","112年06月12日","0.001","    14,888.00","","",
="080323","聯發科元大27購02","0.00","","2454","聯發科","738.00","＋","認購","美式","111年07月13日","111年07月13日","112年07月10日","112年07月12日","0.025","    970.00","","",
="080326","長榮元大26購08","0.00","","2603","長榮","157.00","＋","認購","美式","111年07月13日","111年07月13日","112年06月08日","112年06月12日","0.037","    255.74","","",
="080327","長榮元大27購05","0.00","","2603","長榮","157.00","＋","認購","美式","111年07月13日","111年07月13日","112年07月10日","112年07月12日","0.035","    259.21","","",
="080332","長榮航元大27購02","0.00","","2618","長榮航","33.60","＋","認購","美式","111年07月13日","111年07月13日","112年07月10日","112年07月12日","0.343","    41.19","","",
="080386","國巨凱基27購01","0.87","","2327","國巨","508.00","＋","認購","美式","111年07月13日","111年07月13日","112年07月10日","112年07月12日","0.04","    561.07","","",
="080392","智邦凱基27購01","2.40","＋","2345","智邦","357.50","＋","認購","美式","111年07月13日","111年07月13日","112年07月10日","112年07月12日","0.056","    331.94","","",
="080397","華新科凱基27購01","0.55","＋","2492","華新科","101.00","＋","認購","美式","111年07月13日","111年07月13日","112年07月10日","112年07月12日","0.158","    114.24","","",
="080402","富邦金凱基27購01","0.00","","2881","富邦金","61.10","＋","認購","美式","111年07月13日","111年07月13日","112年07月10日","112年07月12日","0.892","    71.69","","",
="080406","大立光凱基27購02","0.00","","3008","大立光","2,305.00","＋","認購","美式","111年07月13日","111年07月13日","112年07月10日","112年07月12日","0.007","    1,986.40","","",
="080407","大立光凱基27購03","1.63","＋","3008","大立光","2,305.00","＋","認購","美式","111年07月13日","111年07月13日","112年07月10日","112年07月12日","0.01","    2,274.84","","",
="080408","大立光凱基27購04","0.63","","3008","大立光","2,305.00","＋","認購","美式","111年07月13日","111年07月13日","112年07月10日","112年07月12日","0.013","    2,563.28","","",
="080410","欣興凱基29購03","1.26","－","3037","欣興","182.50","－","認購","美式","111年07月13日","111年07月13日","112年09月08日","112年09月12日","0.072","    215.13","","",
="080412","景碩凱基26購01","0.00","","3189","景碩","116.00","＋","認購","美式","111年07月13日","111年07月13日","112年06月08日","112年06月12日","0.072","    169.71","","",
="080413","景碩凱基27購02","0.00","","3189","景碩","116.00","＋","認購","美式","111年07月13日","111年07月13日","112年07月10日","112年07月12日","0.103","    189.11","","",
="080417","南電凱基27購01","0.00","","8046","南電","302.50","－","認購","美式","111年07月13日","111年07月13日","112年07月10日","112年07月12日","0.045","    370.00","","",
="080463","元金2X凱基27購01","0.88","－",="00708L","期元大S&P黃金正2(原名：元大S&P黃金正2)","26.72","－","認購","美式","111年07月14日","111年07月14日","112年07月11日","112年07月13日","0.35","    25.00","","",
="080492","臺股指凱基26購07","0.00","","IX0001","臺股指數","16,636.30","","認購","歐式","111年07月14日","112年06月13日","112年06月09日","112年06月13日","0.003","    15,200.00","","",
="080493","臺股指凱基26購08","0.00","","IX0001","臺股指數","16,636.30","","認購","歐式","111年07月14日","112年06月13日","112年06月09日","112年06月13日","0.02","    19,188.00","","",
="080494","臺股指凱基26購09","0.00","","IX0001","臺股指數","16,636.30","","認購","歐式","111年07月14日","112年06月13日","112年06月09日","112年06月13日","0.03","    20,000.00","","",
="080495","臺股指凱基26購10","0.00","","IX0001","臺股指數","16,636.30","","認購","歐式","111年07月14日","112年06月13日","112年06月09日","112年06月13日","0.005","    15,888.00","","",
="080496","臺股指凱基26購11","0.00","","IX0001","臺股指數","16,636.30","","認購","歐式","111年07月14日","112年06月13日","112年06月09日","112年06月13日","0.006","    16,588.00","","",
="080515","台灣50麥證26購02","0.00","",="0050","元大台灣50","126.75","＋","認購","歐式","111年07月14日","112年06月13日","112年06月09日","112年06月13日","0.135","    108.79","","",
="080517","台積電麥證27購02","0.00","","2330","台積電","568.00","＋","認購","歐式","111年07月14日","112年07月13日","112年07月11日","112年07月13日","0.02","    467.05","","",
="080530","鴻海元大27購01","0.44","＋","2317","鴻海","105.50","＋","認購","美式","111年07月14日","111年07月14日","112年07月11日","112年07月13日","0.166","    115.00","","",
="080539","聯發科元大27購03","1.46","＋","2454","聯發科","738.00","＋","認購","美式","111年07月14日","111年07月14日","112年07月11日","112年07月13日","0.021","    729.00","","",
="080542","長榮元大27購06","0.00","","2603","長榮","157.00","＋","認購","美式","111年07月14日","111年07月14日","112年07月11日","112年07月13日","0.04","    277.72","","",
="080548","長榮航元大27購03","0.44","＋","2618","長榮航","33.60","＋","認購","美式","111年07月14日","111年07月14日","112年07月11日","112年07月13日","0.333","    39.62","","",
="080551","大立光元大27購02","1.08","","3008","大立光","2,305.00","＋","認購","美式","111年07月14日","111年07月14日","112年07月11日","112年07月13日","0.01","    2,499.83","","",
="080555","欣興元大27購02","0.00","","3037","欣興","182.50","－","認購","美式","111年07月14日","111年07月14日","112年07月11日","112年07月13日","0.047","    210.24","","",
="080587","長榮麥證26購01","0.00","","2603","長榮","157.00","＋","認購","歐式","111年07月15日","112年06月14日","112年06月12日","112年06月14日","0.043","    203.66","","",
="080637","電子類凱基26購01","0.00","","IX0027","電子類","797.58","","認購","歐式","111年07月15日","112年06月14日","112年06月12日","112年06月14日","0.12","    778.00","","",
="080639","金融類凱基26購01","0.00","","IX0039","金融類","1,620.43","","認購","歐式","111年07月15日","112年06月14日","112年06月12日","112年06月14日","0.035","    1,680.00","","",
="080657","長榮元大27購07","0.00","","2603","長榮","157.00","＋","認購","美式","111年07月15日","111年07月15日","112年07月12日","112年07月14日","0.038","    241.85","","",
="080672","揚明光元大27購01","0.14","","3504","揚明光","81.70","＋","認購","美式","111年07月15日","111年07月15日","112年07月12日","112年07月14日","0.069","    120.00","","",
="080810","長榮航中信27購01","1.64","＋","2618","長榮航","33.60","＋","認購","歐式","111年07月19日","112年07月18日","112年07月14日","112年07月18日","0.102","    17.65","","",
="08081P","SGBR2X凱基26售02","0.00","",="00715L","期街口布蘭特正2","12.73","＋","認售","歐式","111年08月12日","112年06月12日","112年06月08日","112年06月12日","0.50","    16.00","","",
="08082P","SGBR2X凱基28售03","0.00","",="00715L","期街口布蘭特正2","12.73","＋","認售","歐式","111年08月12日","112年08月11日","112年08月09日","112年08月11日","0.80","    12.00","","",
="080869","元油反第一2B購01","0.00","",="00673R","期元大S&P原油反1(原名：元大S&P原油反1)","9.03","－","認購","美式","111年07月19日","111年07月19日","112年11月16日","112年11月20日","0.24","    8.78","","",
="080977","上緯控統一26購01","0.00","","3708","上緯投控","96.50","－","認購","美式","111年07月20日","111年07月20日","112年06月15日","112年06月19日","0.03","    160.66","","",
="081007","台積電第一36購01","0.97","＋","2330","台積電","568.00","＋","認購","美式","111年07月20日","111年07月20日","113年06月17日","113年06月19日","0.006","    508.48","","",
="081008","長榮航第一2B購01","0.61","","2618","長榮航","33.60","＋","認購","美式","111年07月20日","111年07月20日","112年11月16日","112年11月20日","0.066","    33.32","","",
="081009","長榮航第一33購01","0.86","＋","2618","長榮航","33.60","＋","認購","美式","111年07月20日","111年07月20日","113年03月15日","113年03月19日","0.071","    33.32","","",
="081032","矽力凱基27購01","0.00","","6415","矽力*-KY","394.50","＋","認購","美式","111年07月20日","111年07月20日","112年07月17日","112年07月19日","0.02","    842.54","","",
="081033","矽力凱基27購02","0.00","","6415","矽力*-KY","394.50","＋","認購","美式","111年07月20日","111年07月20日","112年07月17日","112年07月19日","0.015","    644.29","","",
="081050","台積電元大27購04","0.00","","2330","台積電","568.00","＋","認購","美式","111年07月20日","111年07月20日","112年07月17日","112年07月19日","0.07","    717.79","","",
="081063","長榮航元大27購04","0.00","","2618","長榮航","33.60","＋","認購","美式","111年07月20日","111年07月20日","112年07月17日","112年07月19日","0.343","    40.31","","",
="081098","台積電麥證27購03","0.00","","2330","台積電","568.00","＋","認購","歐式","111年07月20日","112年07月19日","112年07月17日","112年07月19日","0.05","    511.29","","",
="081118","台積電麥證27購04","0.00","","2330","台積電","568.00","＋","認購","歐式","111年07月21日","112年07月20日","112年07月18日","112年07月20日","0.01","    491.52","","",
="081183","台積電元大27購05","1.22","＋","2330","台積電","568.00","＋","認購","美式","111年07月21日","111年07月21日","112年07月18日","112年07月20日","0.037","    583.08","","",
="081192","長榮元大27購08","0.00","","2603","長榮","157.00","＋","認購","美式","111年07月21日","111年07月21日","112年07月18日","112年07月20日","0.037","    271.94","","",
="081212","元油反凱基27購02","0.16","－",="00673R","期元大S&P原油反1(原名：元大S&P原油反1)","9.03","－","認購","美式","111年07月21日","111年07月21日","112年07月18日","112年07月20日","1.00","    11.50","","",
="081224","威盛凱基29購01","1.98","＋","2388","威盛","83.10","＋","認購","美式","111年07月21日","111年07月21日","112年09月18日","112年09月20日","0.12","    73.00","","",
="081225","威盛凱基29購02","0.00","","2388","威盛","83.10","＋","認購","美式","111年07月21日","111年07月21日","112年09月18日","112年09月20日","0.11","    63.00","","",
="081249","鴻海兆豐29購01","0.00","","2317","鴻海","105.50","＋","認購","美式","111年07月22日","111年07月22日","112年09月19日","112年09月21日","0.06","    115.00","","",
="081411","台灣50第一2B購01","0.00","",="0050","元大台灣50","126.75","＋","認購","美式","111年07月25日","111年07月25日","112年11月22日","112年11月24日","0.041","    118.14","","",
="081412","聯發科第一2B購01","0.59","＋","2454","聯發科","738.00","＋","認購","美式","111年07月25日","111年07月25日","112年11月22日","112年11月24日","0.003","    738.10","","",
="081413","萬海第一2B購01","0.00","","2615","萬海","60.00","＋","認購","美式","111年07月25日","111年07月25日","112年11月22日","112年11月24日","0.014","    108.68","","",
="081472","台積電元大26購09","0.00","","2330","台積電","568.00","＋","認購","美式","111年07月25日","111年07月25日","112年06月20日","112年06月26日","0.051","    688.29","","",
="081475","聯發科元大26購07","0.66","","2454","聯發科","738.00","＋","認購","美式","111年07月25日","111年07月25日","112年06月20日","112年06月26日","0.021","    773.00","","",
="081517","智原富邦26購01","0.00","","3035","智原","173.50","＋","認購","美式","111年07月25日","111年07月25日","112年06月20日","112年06月26日","0.022","    160.00","","",
="081571","台灣50凱基27購02","0.16","＋",="0050","元大台灣50","126.75","＋","認購","美式","111年07月26日","111年07月26日","112年07月21日","112年07月25日","1.023","    148.65","","",
="081572","滬深2X凱基27購01","0.00","",="00637L","元大滬深300正2","13.77","－","認購","美式","111年07月26日","111年07月26日","112年07月21日","112年07月25日","0.80","    21.00","","",
="081578","威盛凱基27購01","0.00","","2388","威盛","83.10","＋","認購","美式","111年07月26日","111年07月26日","112年07月21日","112年07月25日","0.09","    90.00","","",
="081615","中砂元大26購01","0.00","","1560","中砂","114.50","－","認購","美式","111年07月26日","111年07月26日","112年06月20日","112年06月26日","0.03","    170.00","","",
="081618","聯電元大26購05","0.00","","2303","聯電","51.20","＋","認購","美式","111年07月26日","111年07月26日","112年06月20日","112年06月26日","0.461","    62.30","","",
="081624","台積電元大26購10","0.14","","2330","台積電","568.00","＋","認購","美式","111年07月26日","111年07月26日","112年06月20日","112年06月26日","0.051","    671.57","","",
="081628","聯發科元大26購08","0.00","","2454","聯發科","738.00","＋","認購","美式","111年07月26日","111年07月26日","112年06月20日","112年06月26日","0.023","    890.00","","",
="081629","聯發科元大27購04","0.00","","2454","聯發科","738.00","＋","認購","美式","111年07月26日","111年07月26日","112年07月21日","112年07月25日","0.021","    876.00","","",
="081637","長榮航元大26購03","0.00","","2618","長榮航","33.60","＋","認購","美式","111年07月26日","111年07月26日","112年06月20日","112年06月26日","0.306","    42.76","","",
="081639","大立光元大27購03","1.93","","3008","大立光","2,305.00","＋","認購","美式","111年07月26日","111年07月26日","112年07月21日","112年07月25日","0.007","    2,172.93","","",
="081683","長榮第一28購02","0.00","","2603","長榮","157.00","＋","認購","美式","111年07月27日","111年07月27日","112年08月24日","112年08月28日","0.011","    239.81","","",
="081684","欣興第一29購01","0.41","","3037","欣興","182.50","－","認購","美式","111年07月27日","111年07月27日","112年09月22日","112年09月26日","0.012","    194.70","","",
="081722","聯電元富27購01","2.46","＋","2303","聯電","51.20","＋","認購","美式","111年07月27日","111年07月27日","112年07月24日","112年07月26日","0.40","    47.00","","",
="081739","滬深2X元大27購01","0.00","",="00637L","元大滬深300正2","13.77","－","認購","美式","111年07月27日","111年07月27日","112年07月24日","112年07月26日","0.60","    21.50","","",
="081742","元油反元大27購01","0.00","",="00673R","期元大S&P原油反1(原名：元大S&P原油反1)","9.03","－","認購","美式","111年07月27日","111年07月27日","112年07月24日","112年07月26日","1.00","    10.00","","",
="081749","台積電元大26購11","0.00","","2330","台積電","568.00","＋","認購","美式","111年07月27日","111年07月27日","112年06月20日","112年06月26日","0.045","    595.86","","",
="081753","聯發科元大26購09","0.00","","2454","聯發科","738.00","＋","認購","美式","111年07月27日","111年07月27日","112年06月20日","112年06月26日","0.034","    1,050.00","","",
="081754","聯發科元大27購05","0.00","","2454","聯發科","738.00","＋","認購","美式","111年07月27日","111年07月27日","112年07月24日","112年07月26日","0.015","    1,030.00","","",
="081761","長榮航元大26購04","0.00","","2618","長榮航","33.60","＋","認購","美式","111年07月27日","111年07月27日","112年06月20日","112年06月26日","0.163","    43.50","","",
="081779","台積電第一26購01","0.00","","2330","台積電","568.00","＋","認購","美式","111年07月28日","111年07月28日","112年06月21日","112年06月27日","0.01","    500.96","","",
="081782","富邦金第一28購01","0.00","","2881","富邦金","61.10","＋","認購","美式","111年07月28日","111年07月28日","112年08月24日","112年08月28日","0.078","    55.70","","",
="081811","台灣50麥證26購03","0.00","",="0050","元大台灣50","126.75","＋","認購","歐式","111年07月28日","112年06月27日","112年06月21日","112年06月27日","0.061","    115.40","","",
="081848","聯發科元大27購06","0.07","＋","2454","聯發科","738.00","＋","認購","美式","111年07月28日","111年07月28日","112年07月25日","112年07月27日","0.009","    1,000.00","","",
="081858","欣興元大27購03","0.11","－","3037","欣興","182.50","－","認購","美式","111年07月28日","111年07月28日","112年07月25日","112年07月27日","0.023","    255.50","","",
="081871","華新第一26購02","0.00","","1605","華新","46.60","＋","認購","美式","111年07月29日","111年07月29日","112年06月26日","112年06月28日","0.095","    34.91","","",
="081889","T50反1凱基27購02","0.00","",="00632R","元大台灣50反1","4.94","－","認購","美式","111年07月29日","111年07月29日","112年07月26日","112年07月28日","1.00","    5.90","","",
="081903","威盛凱基27購02","0.00","","2388","威盛","83.10","＋","認購","美式","111年07月29日","111年07月29日","112年07月26日","112年07月28日","0.08","    105.00","","",
="081920","中砂元大27購01","0.00","","1560","中砂","114.50","－","認購","美式","111年07月29日","111年07月29日","112年07月26日","112年07月28日","0.025","    210.00","","",
="081924","台積電元大27購06","0.00","","2330","台積電","568.00","＋","認購","美式","111年07月29日","111年07月29日","112年07月26日","112年07月28日","0.012","    571.27","","",
="081928","威盛元大27購01","0.43","","2388","威盛","83.10","＋","認購","美式","111年07月29日","111年07月29日","112年07月26日","112年07月28日","0.07","    105.00","","",
="081934","華航元大27購01","0.06","","2610","華航","21.65","＋","認購","美式","111年07月29日","111年07月29日","112年07月26日","112年07月28日","0.214","    28.65","","",
="081937","創意元大27購01","0.00","","3443","創意","1,515.00","＋","認購","美式","111年07月29日","111年07月29日","112年07月26日","112年07月28日","0.018","    765.00","","",
="081953","聯電元富27購02","2.22","＋","2303","聯電","51.20","＋","認購","美式","111年07月29日","111年07月29日","112年07月26日","112年07月28日","0.35","    46.00","","",
="081980","元油反第一25購02","0.00","",="00673R","期元大S&P原油反1(原名：元大S&P原油反1)","9.03","－","認購","美式","111年08月01日","111年08月01日","112年05月29日","112年05月31日","0.25","    7.84","","",
="081981","元油反第一26購01","0.00","",="00673R","期元大S&P原油反1(原名：元大S&P原油反1)","9.03","－","認購","美式","111年08月01日","111年08月01日","112年06月28日","112年06月30日","0.25","    8.25","","",
="081982","元油反凱基27購03","0.55","－",="00673R","期元大S&P原油反1(原名：元大S&P原油反1)","9.03","－","認購","美式","111年08月01日","111年08月01日","112年07月27日","112年07月31日","1.00","    9.80","","",
="081983","華新凱基25購02","1.94","","1605","華新","46.60","＋","認購","美式","111年08月01日","111年08月01日","112年05月29日","112年05月31日","0.37","    41.00","","",
="082002","電子類凱基25購02","0.00","","IX0027","電子類","797.58","","認購","歐式","111年08月01日","112年05月31日","112年05月29日","112年05月31日","0.12","    800.00","","",
="082003","金融類凱基25購01","0.00","","IX0039","金融類","1,620.43","","認購","歐式","111年08月01日","112年05月31日","112年05月29日","112年05月31日","0.045","    1,750.00","","",
="082017","道瓊反元大25購01","0.00","",="00669R","國泰美國道瓊反1","8.06","－","認購","美式","111年08月01日","111年08月01日","112年05月29日","112年05月31日","1.00","    9.30","","",
="082024","金像電元大27購01","1.81","－","2368","金像電","121.50","","認購","美式","111年08月01日","111年08月01日","112年07月27日","112年07月31日","0.127","    121.29","","",
="082032","長榮元大26購09","0.00","","2603","長榮","157.00","＋","認購","美式","111年08月01日","111年08月01日","112年06月28日","112年06月30日","0.015","    276.57","","",
="082033","華航元大26購03","0.00","","2610","華航","21.65","＋","認購","美式","111年08月01日","111年08月01日","112年06月28日","112年06月30日","0.564","    26.15","","",
="082034","華航元大27購02","0.39","","2610","華航","21.65","＋","認購","美式","111年08月01日","111年08月01日","112年07月27日","112年07月31日","0.507","    25.45","","",
="082058","欣興第一26購02","0.00","","3037","欣興","182.50","－","認購","美式","111年08月02日","111年08月02日","112年05月30日","112年06月01日","0.011","    162.00","","",
="082059","欣興第一2B購02","0.00","","3037","欣興","182.50","－","認購","美式","111年08月02日","111年08月02日","112年10月30日","112年11月01日","0.009","    170.10","","",
="082061","元油反群益26購01","0.00","",="00673R","期元大S&P原油反1(原名：元大S&P原油反1)","9.03","－","認購","美式","111年08月02日","111年08月02日","112年05月30日","112年06月01日","1.00","    8.20","","",
="082064","T50反1元大29購01","0.00","",="00632R","元大台灣50反1","4.94","－","認購","美式","111年08月02日","111年08月02日","112年08月30日","112年09月01日","1.00","    6.00","","",
="082065","T50反1元大2A購01","0.04","－",="00632R","元大台灣50反1","4.94","－","認購","美式","111年08月02日","111年08月02日","112年09月27日","112年10月02日","1.00","    6.10","","",
="082069","台積電元大27購07","0.00","","2330","台積電","568.00","＋","認購","美式","111年08月02日","111年08月02日","112年06月29日","112年07月03日","0.024","    693.20","","",
="082072","聯發科元大27購07","0.00","","2454","聯發科","738.00","＋","認購","美式","111年08月02日","111年08月02日","112年06月29日","112年07月03日","0.015","    1,015.00","","",
="082075","長榮元大27購09","0.00","","2603","長榮","157.00","＋","認購","美式","111年08月02日","111年08月02日","112年06月29日","112年07月03日","0.014","    264.99","","",
="082087","新唐元大28購01","0.00","","4919","新唐","130.50","＋","認購","美式","111年08月02日","111年08月02日","112年07月28日","112年08月01日","0.078","    149.47","","",
="08208P","SGBR2X群益26售01","0.00","",="00715L","期街口布蘭特正2","12.73","＋","認售","歐式","111年08月16日","112年06月15日","112年06月13日","112年06月15日","0.217","    17.80","","",
="082125","臺股指麥證26購08","0.00","","IX0001","臺股指數","16,636.30","","認購","歐式","111年08月02日","112年06月01日","112年05月30日","112年06月01日","0.014","    20,288.00","","",
="082144","S&P反1群益26購01","0.00","",="00648R","元大S&P500反1","6.93","－","認購","美式","111年08月03日","111年08月03日","112年05月31日","112年06月02日","1.00","    6.80","","",
="082153","聯電第一28購02","0.00","","2303","聯電","51.20","＋","認購","美式","111年08月03日","111年08月03日","112年07月31日","112年08月02日","0.055","    40.15","","",
="082154","聯電第一2B購02","0.00","","2303","聯電","51.20","＋","認購","美式","111年08月03日","111年08月03日","112年10月31日","112年11月02日","0.054","    42.16","","",
="082174","臺股指凱基26購14","0.00","","IX0001","臺股指數","16,636.30","","認購","歐式","111年08月03日","112年06月02日","112年05月31日","112年06月02日","0.025","    19,588.00","","",
="082195","力積電元大28購01","0.00","","6770","力積電","30.85","＋","認購","美式","111年08月03日","111年08月03日","112年07月31日","112年08月02日","0.483","    42.95","","",
="082217","潤泰新中信26購01","0.00","","9945","潤泰新","35.00","＋","認購","歐式","111年08月04日","112年06月05日","112年06月01日","112年06月05日","0.154","    44.49","","",
="082225","元金2X元大26購01","0.00","",="00708L","期元大S&P黃金正2(原名：元大S&P黃金正2)","26.72","－","認購","美式","111年08月04日","111年08月04日","112年06月01日","112年06月05日","0.50","    27.50","","",
="082226","聯電元大28購01","4.04","＋","2303","聯電","51.20","＋","認購","美式","111年08月04日","111年08月04日","112年08月01日","112年08月03日","0.892","    52.20","","",
="082228","台積電元大27購08","2.81","＋","2330","台積電","568.00","＋","認購","美式","111年08月04日","111年08月04日","112年06月29日","112年07月03日","0.177","    619.46","","",
="082229","台積電元大28購01","0.43","","2330","台積電","568.00","＋","認購","美式","111年08月04日","111年08月04日","112年08月01日","112年08月03日","0.02","    641.08","","",
="082230","金像電元大27購02","2.64","－","2368","金像電","121.50","","認購","美式","111年08月04日","111年08月04日","112年06月29日","112年07月03日","0.083","    88.56","","",
="082233","聯發科元大27購08","0.00","","2454","聯發科","738.00","＋","認購","美式","111年08月04日","111年08月04日","112年06月29日","112年07月03日","0.013","    1,040.00","","",
="082239","萬海元大27購01","0.00","","2615","萬海","60.00","＋","認購","美式","111年08月04日","111年08月04日","112年06月29日","112年07月03日","0.036","    157.00","","",
="082241","欣興元大28購01","0.00","","3037","欣興","182.50","－","認購","美式","111年08月04日","111年08月04日","112年08月01日","112年08月03日","0.13","    172.50","","",
="082242","景碩元大27購01","0.00","","3189","景碩","116.00","＋","認購","美式","111年08月04日","111年08月04日","112年06月29日","112年07月03日","0.064","    165.00","","",
="082243","景碩元大28購01","0.00","","3189","景碩","116.00","＋","認購","美式","111年08月04日","111年08月04日","112年08月01日","112年08月03日","0.065","    174.50","","",
="082250","南電元大28購01","0.00","","8046","南電","302.50","－","認購","美式","111年08月04日","111年08月04日","112年08月01日","112年08月03日","0.056","    267.50","","",
="082287","道瓊反凱基27購01","0.00","",="00669R","國泰美國道瓊反1","8.06","－","認購","美式","111年08月04日","111年08月04日","112年06月29日","112年07月03日","0.94","    8.50","","",
="082303","大立光凱基28購01","0.00","","3008","大立光","2,305.00","＋","認購","美式","111年08月04日","111年08月04日","112年08月01日","112年08月03日","0.015","    2,980.56","","",
="082319","大立光元富28購01","0.00","","3008","大立光","2,305.00","＋","認購","美式","111年08月04日","111年08月04日","112年08月01日","112年08月03日","0.01","    2,499.83","","",
="082343","臺股指麥證26購09","0.00","","IX0001","臺股指數","16,636.30","","認購","歐式","111年08月05日","112年06月05日","112年06月01日","112年06月05日","0.012","    18,888.00","","",
="082344","臺股指麥證27購02","0.00","","IX0001","臺股指數","16,636.30","","認購","歐式","111年08月05日","112年07月04日","112年06月30日","112年07月04日","0.002","    14,600.00","","",
="082348","宏達電統一28購01","0.15","＋","2498","宏達電","61.50","＋","認購","美式","111年08月05日","111年08月05日","112年08月02日","112年08月04日","0.059","    77.77","","",
="082353","台積電中信26購03","0.17","－","2330","台積電","568.00","＋","認購","歐式","111年08月05日","112年06月05日","112年06月01日","112年06月05日","0.03","    578.15","","",
="082354","台積電中信28購01","0.69","","2330","台積電","568.00","＋","認購","歐式","111年08月05日","112年08月04日","112年08月02日","112年08月04日","0.04","    607.65","","",
="082364","元石油凱基28購01","0.00","",="00642U","期元大S&P石油(原名：元大S&P石油)","15.46","＋","認購","美式","111年08月05日","111年08月05日","112年08月02日","112年08月04日","0.50","    21.00","","",
="082366","中鴻凱基26購01","0.00","","2014","中鴻","23.15","＋","認購","美式","111年08月05日","111年08月05日","112年06月01日","112年06月05日","1.00","    40.00","","",
="082370","宏達電凱基2B購01","0.00","","2498","宏達電","61.50","＋","認購","美式","111年08月05日","111年08月05日","112年11月02日","112年11月06日","0.075","    70.00","","",
="082371","宏達電凱基34購01","1.00","","2498","宏達電","61.50","＋","認購","美式","111年08月05日","111年08月05日","113年04月02日","113年04月08日","0.075","    80.00","","",
="082372","宏達電凱基38購01","1.06","＋","2498","宏達電","61.50","＋","認購","美式","111年08月05日","111年08月05日","113年08月01日","113年08月05日","0.075","    95.00","","",
="082415","台積電元大27購09","0.00","","2330","台積電","568.00","＋","認購","美式","111年08月05日","111年08月05日","112年06月30日","112年07月04日","0.129","    534.89","","",
="082416","台積電元大28購02","3.15","＋","2330","台積電","568.00","＋","認購","美式","111年08月05日","111年08月05日","112年08月02日","112年08月04日","0.056","    534.89","","",
="082418","聯發科元大28購01","3.62","＋","2454","聯發科","738.00","＋","認購","美式","111年08月05日","111年08月05日","112年08月02日","112年08月04日","0.07","    803.00","","",
="082420","宏達電元大26購01","0.00","","2498","宏達電","61.50","＋","認購","美式","111年08月05日","111年08月05日","112年06月01日","112年06月05日","0.10","    65.00","","",
="082421","宏達電元大28購01","0.00","","2498","宏達電","61.50","＋","認購","美式","111年08月05日","111年08月05日","112年08月02日","112年08月04日","0.10","    90.00","","",
="082422","宏達電元大28購02","0.00","","2498","宏達電","61.50","＋","認購","美式","111年08月05日","111年08月05日","112年08月02日","112年08月04日","0.08","    85.00","","",
="082424","長榮元大28購01","0.00","","2603","長榮","157.00","＋","認購","美式","111年08月05日","111年08月05日","112年08月02日","112年08月04日","0.013","    261.52","","",
="082430","萬海元大27購02","0.00","","2615","萬海","60.00","＋","認購","美式","111年08月05日","111年08月05日","112年06月30日","112年07月04日","0.038","    155.00","","",
="082434","大立光元大27購04","0.00","","3008","大立光","2,305.00","＋","認購","美式","111年08月05日","111年08月05日","112年06月30日","112年07月04日","0.006","    2,884.41","","",
="082435","欣興元大27購04","4.41","－","3037","欣興","182.50","－","認購","美式","111年08月05日","111年08月05日","112年06月30日","112年07月04日","0.144","    165.00","","",
="082436","欣興元大28購02","0.59","－","3037","欣興","182.50","－","認購","美式","111年08月05日","111年08月05日","112年08月02日","112年08月04日","0.019","    167.50","","",
="082439","景碩元大27購02","0.00","","3189","景碩","116.00","＋","認購","美式","111年08月05日","111年08月05日","112年06月30日","112年07月04日","0.066","    157.00","","",
="082447","元晶元大28購01","0.22","＋","6443","元晶","36.20","＋","認購","美式","111年08月05日","111年08月05日","112年08月02日","112年08月04日","0.122","    43.50","","",
="082450","南電元大28購02","3.51","","8046","南電","302.50","－","認購","美式","111年08月05日","111年08月05日","112年08月02日","112年08月04日","0.059","    262.50","","",
="082460","友達中信26購01","1.05","＋","2409","友達","17.65","＋","認購","歐式","111年08月08日","112年06月07日","112年06月05日","112年06月07日","0.741","    16.41","","",
="082470","T50反1兆豐2A購01","0.01","",="00632R","元大台灣50反1","4.94","－","認購","美式","111年08月08日","111年08月08日","112年10月05日","112年10月11日","1.00","    7.00","","",
="082491","台積電元大27購10","0.00","","2330","台積電","568.00","＋","認購","美式","111年08月08日","111年08月08日","112年07月05日","112年07月07日","0.022","    632.24","","",
="082492","聯發科元大28購02","1.26","＋","2454","聯發科","738.00","＋","認購","美式","111年08月08日","111年08月08日","112年08月03日","112年08月07日","0.123","    1,010.00","","",
="082495","長榮元大28購02","0.00","","2603","長榮","157.00","＋","認購","美式","111年08月08日","111年08月08日","112年08月03日","112年08月07日","0.013","    239.54","","",
="082496","大立光元大27購05","0.00","","3008","大立光","2,305.00","＋","認購","美式","111年08月08日","111年08月08日","112年07月05日","112年07月07日","0.023","    2,788.27","","",
="082498","欣興元大27購05","0.00","","3037","欣興","182.50","－","認購","美式","111年08月08日","111年08月08日","112年07月05日","112年07月07日","0.156","    162.50","","",
="082499","揚明光元大27購02","0.00","","3504","揚明光","81.70","＋","認購","美式","111年08月08日","111年08月08日","112年07月05日","112年07月07日","0.072","    112.50","","",
="082502","乙盛元大26購01","0.00","","5243","乙盛-KY","83.70","＋","認購","美式","111年08月08日","111年08月08日","112年06月05日","112年06月07日","0.132","    97.97","","",
="082514","長榮元富28購01","0.00","","2603","長榮","157.00","＋","認購","美式","111年08月08日","111年08月08日","112年08月03日","112年08月07日","0.038","    229.12","","",
="082523","日月光富邦26購01","0.00","","3711","日月光投控","109.00","－","認購","美式","111年08月08日","111年08月08日","112年06月05日","112年06月07日","0.13","    103.00","","",
="082526","中興電凱基26購02","9.20","","1513","中興電","113.50","＋","認購","美式","111年08月08日","111年08月08日","112年06月05日","112年06月07日","0.266","    80.00","","",
="082536","宏達電凱基26購02","0.00","","2498","宏達電","61.50","＋","認購","美式","111年08月08日","111年08月08日","112年06月05日","112年06月07日","0.15","    93.00","","",
="082579","滬深2X元大28購01","0.19","－",="00637L","元大滬深300正2","13.77","－","認購","美式","111年08月09日","111年08月09日","112年08月04日","112年08月08日","0.50","    17.00","","",
="082582","大成鋼元大28購01","0.00","","2027","大成鋼","45.25","＋","認購","美式","111年08月09日","111年08月09日","112年08月04日","112年08月08日","0.526","    42.15","","",
="082583","聯電元大28購02","0.00","","2303","聯電","51.20","＋","認購","美式","111年08月09日","111年08月09日","112年08月04日","112年08月08日","0.691","    45.30","","",
="082585","台積電元大27購11","0.00","","2330","台積電","568.00","＋","認購","美式","111年08月09日","111年08月09日","112年07月06日","112年07月10日","0.028","    655.83","","",
="082589","宏達電元大27購01","0.00","","2498","宏達電","61.50","＋","認購","美式","111年08月09日","111年08月09日","112年07月06日","112年07月10日","0.10","    70.00","","",
="082591","長榮元大27購10","0.00","","2603","長榮","157.00","＋","認購","美式","111年08月09日","111年08月09日","112年07月06日","112年07月10日","0.108","    238.38","","",
="082592","長榮元大28購03","0.00","","2603","長榮","157.00","＋","認購","美式","111年08月09日","111年08月09日","112年08月04日","112年08月08日","0.019","    286.98","","",
="082596","欣興元大27購06","0.00","","3037","欣興","182.50","－","認購","美式","111年08月09日","111年08月09日","112年07月06日","112年07月10日","0.154","    154.00","","",
="082598","振樺電元大26購01","0.00","","8114","振樺電","108.00","","認購","美式","111年08月09日","111年08月09日","112年06月06日","112年06月08日","0.042","    240.00","","",
="082615","大立光凱基28購02","0.00","","3008","大立光","2,305.00","＋","認購","美式","111年08月09日","111年08月09日","112年08月04日","112年08月08日","0.023","    2,836.34","","",
="082623","南電凱基28購01","2.03","－","8046","南電","302.50","－","認購","美式","111年08月09日","111年08月09日","112年08月04日","112年08月08日","0.065","    310.00","","",
="082677","FB台半元大26購01","0.00","",="00892","富邦台灣半導體","12.41","＋","認購","美式","111年08月10日","111年08月10日","112年06月07日","112年06月09日","1.033","    11.61","","",
="082686","中磊元大28購01","0.64","＋","5388","中磊","93.30","＋","認購","美式","111年08月10日","111年08月10日","112年08月07日","112年08月09日","0.134","    109.51","","",
="082698","長榮國泰27購01","0.00","","2603","長榮","157.00","＋","認購","美式","111年08月10日","111年08月10日","112年07月06日","112年07月10日","0.043","    249.95","","",
="082699","長榮國泰27購02","0.00","","2603","長榮","157.00","＋","認購","美式","111年08月10日","111年08月10日","112年07月06日","112年07月10日","0.065","    277.72","","",
="082711","聯電凱基28購01","0.57","＋","2303","聯電","51.20","＋","認購","美式","111年08月10日","111年08月10日","112年08月07日","112年08月09日","1.00","    62.00","","",
="082755","台積電麥證28購02","0.51","＋","2330","台積電","568.00","＋","認購","歐式","111年08月11日","112年08月10日","112年08月08日","112年08月10日","0.01","    540.79","","",
="082763","台積電元大28購03","0.00","","2330","台積電","568.00","＋","認購","美式","111年08月11日","111年08月11日","112年08月08日","112年08月10日","0.297","    705.98","","",
="082765","長榮元大27購11","0.00","","2603","長榮","157.00","＋","認購","美式","111年08月11日","111年08月11日","112年07月06日","112年07月10日","0.169","    283.51","","",
="082766","長榮元大28購04","0.00","","2603","長榮","157.00","＋","認購","美式","111年08月11日","111年08月11日","112年08月08日","112年08月10日","0.015","    292.77","","",
="082771","大立光元大26購04","0.00","","3008","大立光","2,305.00","＋","認購","美式","111年08月11日","111年08月11日","112年06月08日","112年06月12日","0.016","    2,855.57","","",
="082772","大立光元大27購06","0.08","","3008","大立光","2,305.00","＋","認購","美式","111年08月11日","111年08月11日","112年07月06日","112年07月10日","0.005","    2,913.26","","",
="082779","樺漢元大26購01","0.00","","6414","樺漢","281.00","＋","認購","美式","111年08月11日","111年08月11日","112年06月08日","112年06月12日","0.08","    345.00","","",
="082809","SGBR2X統一26購01","0.00","",="00715L","期街口布蘭特正2","12.73","＋","認購","美式","111年08月11日","111年08月11日","112年06月08日","112年06月12日","0.168","    18.88","","",
="082843","寶齡統一28購01","1.00","－","1760","寶齡富錦","148.50","","認購","美式","111年08月12日","111年08月12日","112年08月09日","112年08月11日","0.029","    136.66","","",
="082848","寶齡國泰26購01","0.00","","1760","寶齡富錦","148.50","","認購","美式","111年08月12日","111年08月12日","112年06月08日","112年06月12日","0.08","    135.00","","",
="082852","滬深2X凱基28購01","0.08","－",="00637L","元大滬深300正2","13.77","－","認購","美式","111年08月12日","111年08月12日","112年08月09日","112年08月11日","1.00","    19.50","","",
="082855","SGBR2X凱基26購01","0.00","",="00715L","期街口布蘭特正2","12.73","＋","認購","美式","111年08月12日","111年08月12日","112年06月08日","112年06月12日","0.50","    23.00","","",
="082856","SGBR2X凱基28購01","0.00","",="00715L","期街口布蘭特正2","12.73","＋","認購","美式","111年08月12日","111年08月12日","112年08月09日","112年08月11日","0.70","    25.00","","",
="082857","SGBR2X凱基28購02","0.16","＋",="00715L","期街口布蘭特正2","12.73","＋","認購","美式","111年08月12日","111年08月12日","112年08月09日","112年08月11日","0.70","    27.00","","",
="082862","台積電凱基26購02","0.00","","2330","台積電","568.00","＋","認購","美式","111年08月12日","111年08月12日","112年06月08日","112年06月12日","0.123","    648.95","","",
="082863","台積電凱基27購06","0.28","","2330","台積電","568.00","＋","認購","美式","111年08月12日","111年08月12日","112年07月07日","112年07月11日","0.133","    678.45","","",
="082864","台積電凱基28購03","0.00","","2330","台積電","568.00","＋","認購","美式","111年08月12日","111年08月12日","112年08月09日","112年08月11日","0.153","    717.79","","",
="082866","可成凱基26購01","0.00","","2474","可成","189.00","＋","認購","美式","111年08月12日","111年08月12日","112年06月08日","112年06月12日","0.424","    245.33","","",
="082874","道瓊反元大28購01","0.19","－",="00669R","國泰美國道瓊反1","8.06","－","認購","美式","111年08月12日","111年08月12日","112年08月09日","112年08月11日","1.00","    8.80","","",
="082879","台積電元大28購04","5.30","","2330","台積電","568.00","＋","認購","美式","111年08月12日","111年08月12日","112年08月09日","112年08月11日","0.127","    563.41","","",
="082881","聯發科元大28購03","1.83","＋","2454","聯發科","738.00","＋","認購","美式","111年08月12日","111年08月12日","112年08月09日","112年08月11日","0.105","    963.00","","",
="082882","長榮元大28購05","0.09","","2603","長榮","157.00","＋","認購","美式","111年08月12日","111年08月12日","112年08月09日","112年08月11日","0.17","    307.81","","",
="082885","大立光元大27購07","0.00","","3008","大立光","2,305.00","＋","認購","美式","111年08月12日","111年08月12日","112年07月07日","112年07月11日","0.003","    2,567.13","","",
="082940","智原統一26購05","1.06","","3035","智原","173.50","＋","認購","美式","111年08月15日","111年08月15日","112年06月12日","112年06月14日","0.027","    136.66","","",
="082947","中興電元大28購01","3.69","","1513","中興電","113.50","＋","認購","美式","111年08月15日","111年08月15日","112年08月10日","112年08月14日","0.141","    90.00","","",
="082949","寶齡元大26購01","0.00","","1760","寶齡富錦","148.50","","認購","美式","111年08月15日","111年08月15日","112年06月12日","112年06月14日","0.03","    115.00","","",
="082950","寶齡元大28購01","0.86","－","1760","寶齡富錦","148.50","","認購","美式","111年08月15日","111年08月15日","112年08月10日","112年08月14日","0.03","    135.00","","",
="082956","長榮元大26購10","0.00","","2603","長榮","157.00","＋","認購","美式","111年08月15日","111年08月15日","112年06月12日","112年06月14日","0.017","    314.75","","",
="082958","開發金元大27購01","0.00","","2883","開發金","12.80","－","認購","美式","111年08月15日","111年08月15日","112年07月12日","112年07月14日","1.00","    17.70","","",
="082959","大立光元大28購01","1.33","","3008","大立光","2,305.00","＋","認購","美式","111年08月15日","111年08月15日","112年08月10日","112年08月14日","0.036","    3,014.21","","",
="082964","智原元大27購01","0.52","","3035","智原","173.50","＋","認購","美式","111年08月15日","111年08月15日","112年07月12日","112年07月14日","0.047","    207.00","","",
="082967","嘉澤元大27購01","1.80","－","3533","嘉澤","909.00","－","認購","美式","111年08月15日","111年08月15日","112年07月12日","112年07月14日","0.038","    994.14","","",
="082987","大立光富邦26購01","0.00","","3008","大立光","2,305.00","＋","認購","美式","111年08月15日","111年08月15日","112年06月12日","112年06月14日","0.015","    2,980.56","","",
="083019","SGBR2X凱基27購01","0.00","",="00715L","期街口布蘭特正2","12.73","＋","認購","美式","111年08月16日","111年08月16日","112年07月13日","112年07月17日","0.50","    24.00","","",
="083024","華通凱基26購01","0.00","","2313","華通","44.30","＋","認購","美式","111年08月16日","111年08月16日","112年06月13日","112年06月15日","0.516","    70.63","","",
="083036","世芯凱基26購01","0.00","","3661","世芯-KY","1,660.00","＋","認購","美式","111年08月16日","111年08月16日","112年06月13日","112年06月15日","0.025","    987.97","","",
="083053","長榮元富28購02","0.00","","2603","長榮","157.00","＋","認購","美式","111年08月16日","111年08月16日","112年08月11日","112年08月15日","0.16","    347.15","","",
="083054","長榮元富28購03","0.00","","2603","長榮","157.00","＋","認購","美式","111年08月16日","111年08月16日","112年08月11日","112年08月15日","0.186","    305.50","","",
="083059","S&P反1元大28購01","0.16","－",="00648R","元大S&P500反1","6.93","－","認購","美式","111年08月16日","111年08月16日","112年08月11日","112年08月15日","1.00","    7.60","","",
="083061","台積電元大26購12","0.00","","2330","台積電","568.00","＋","認購","美式","111年08月16日","111年08月16日","112年06月13日","112年06月15日","0.33","    667.64","","",
="083065","可成元大27購01","0.00","","2474","可成","189.00","＋","認購","美式","111年08月16日","111年08月16日","112年07月13日","112年07月17日","0.207","    245.33","","",
="083067","鉅祥元大27購01","0.00","","2476","鉅祥","50.40","＋","認購","美式","111年08月16日","111年08月16日","112年07月13日","112年07月17日","0.15","    70.00","","",
="083068","長榮元大26購11","0.00","","2603","長榮","157.00","＋","認購","美式","111年08月16日","111年08月16日","112年06月13日","112年06月15日","0.153","    311.28","","",
="083070","大立光元大26購05","0.00","","3008","大立光","2,305.00","＋","認購","美式","111年08月16日","111年08月16日","112年06月13日","112年06月15日","0.021","    2,394.06","","",
="083071","大立光元大28購02","0.50","","3008","大立光","2,305.00","＋","認購","美式","111年08月16日","111年08月16日","112年08月11日","112年08月15日","0.003","    2,418.10","","",
="083075","智原元大26購02","0.00","","3035","智原","173.50","＋","認購","美式","111年08月16日","111年08月16日","112年06月13日","112年06月15日","0.047","    184.00","","",
="083076","智原元大27購02","0.23","＋","3035","智原","173.50","＋","認購","美式","111年08月16日","111年08月16日","112年07月13日","112年07月17日","0.027","    218.00","","",
="083113","智原統一26購06","0.00","","3035","智原","173.50","＋","認購","美式","111年08月16日","111年08月16日","112年06月13日","112年06月15日","0.03","    188.00","","",
="083154","聯電第一33購01","0.96","＋","2303","聯電","51.20","＋","認購","美式","111年08月17日","111年08月17日","113年03月14日","113年03月18日","0.051","    44.47","","",
="083155","陽明第一28購01","0.00","","2609","陽明","62.00","＋","認購","美式","111年08月17日","111年08月17日","112年08月14日","112年08月16日","0.024","    95.66","","",
="083156","富邦金第一2B購01","0.54","＋","2881","富邦金","61.10","＋","認購","美式","111年08月17日","111年08月17日","112年11月14日","112年11月16日","0.059","    60.00","","",
="083157","欣興第一2B購03","0.77","－","3037","欣興","182.50","－","認購","美式","111年08月17日","111年08月17日","112年11月14日","112年11月16日","0.014","    165.90","","",
="083158","南電第一2B購02","0.00","","8046","南電","302.50","－","認購","美式","111年08月17日","111年08月17日","112年11月14日","112年11月16日","0.007","    274.58","","",
="083160","台積電凱基26購03","1.79","－","2330","台積電","568.00","＋","認購","美式","111年08月17日","111年08月17日","112年06月14日","112年06月16日","0.065","    545.71","","",
="083195","智原統一26購07","0.00","","3035","智原","173.50","＋","認購","美式","111年08月17日","111年08月17日","112年06月14日","112年06月16日","0.03","    200.00","","",
="083198","立積統一26購02","0.00","","4968","立積","170.00","＋","認購","美式","111年08月17日","111年08月17日","112年06月14日","112年06月16日","0.028","    160.00","","",
="083227","T50反1元大28購03","0.00","",="00632R","元大台灣50反1","4.94","－","認購","美式","111年08月17日","111年08月17日","112年08月14日","112年08月16日","1.00","    5.60","","",
="083228","寶齡元大27購01","0.00","","1760","寶齡富錦","148.50","","認購","美式","111年08月17日","111年08月17日","112年07月13日","112年07月17日","0.04","    125.00","","",
="083232","聯電元大27購02","1.83","＋","2303","聯電","51.20","＋","認購","美式","111年08月17日","111年08月17日","112年07月13日","112年07月17日","1.00","    58.20","","",
="083233","台積電元大26購13","0.00","","2330","台積電","568.00","＋","認購","美式","111年08月17日","111年08月17日","112年06月14日","112年06月16日","0.338","    675.50","","",
="083237","聯發科元大26購10","0.00","","2454","聯發科","738.00","＋","認購","美式","111年08月17日","111年08月17日","112年06月14日","112年06月16日","0.12","    899.00","","",
="083239","長榮航元大27購05","0.00","","2618","長榮航","33.60","＋","認購","美式","111年08月17日","111年08月17日","112年07月13日","112年07月17日","0.728","    31.90","","",
="083241","大立光元大26購06","0.00","","3008","大立光","2,305.00","＋","認購","美式","111年08月17日","111年08月17日","112年06月14日","112年06月16日","0.022","    2,345.99","","",
="083242","大立光元大28購03","0.60","＋","3008","大立光","2,305.00","＋","認購","美式","111年08月17日","111年08月17日","112年08月14日","112年08月16日","0.003","    2,370.03","","",
="083243","欣興元大27購07","3.55","","3037","欣興","182.50","－","認購","美式","111年08月17日","111年08月17日","112年07月13日","112年07月17日","0.165","    179.50","","",
="083251","東哥元大27購01","0.00","","8478","東哥遊艇","520.00","＋","認購","美式","111年08月17日","111年08月17日","112年07月13日","112年07月17日","0.048","    321.00","","",
="083263","台積電元大26購14","0.00","","2330","台積電","568.00","＋","認購","美式","111年08月18日","111年08月18日","112年06月15日","112年06月19日","0.293","    658.79","","",
="083268","長榮元大27購12","0.00","","2603","長榮","157.00","＋","認購","美式","111年08月18日","111年08月18日","112年07月13日","112年07月17日","0.016","    284.67","","",
="083273","新唐元大27購01","0.00","","4919","新唐","130.50","＋","認購","美式","111年08月18日","111年08月18日","112年07月13日","112年07月17日","0.066","    133.50","","",
="083277","愛普元大28購01","0.00","","6531","愛普*","328.50","＋","認購","美式","111年08月18日","111年08月18日","112年08月15日","112年08月17日","0.033","    206.50","","",
="083278","威鋒電元大28購01","0.55","","6756","威鋒電子","223.00","＋","認購","美式","111年08月18日","111年08月18日","112年08月15日","112年08月17日","0.029","    251.71","","",
="083279","矽創元大28購01","0.00","","8016","矽創","225.50","＋","認購","美式","111年08月18日","111年08月18日","112年08月15日","112年08月17日","0.072","    238.00","","",
="083371","鴻海中信26購01","0.00","","2317","鴻海","105.50","＋","認購","歐式","111年08月19日","112年06月19日","112年06月15日","112年06月19日","0.50","    158.00","","",
="08337P","台積電凱基26售04","0.00","","2330","台積電","568.00","＋","認售","歐式","111年08月22日","112年06月21日","112年06月19日","112年06月21日","0.203","    344.14","","",
="083401","南電第一28購01","0.38","－","8046","南電","302.50","－","認購","美式","111年08月19日","111年08月19日","112年08月16日","112年08月18日","0.007","    299.16","","",
="083413","群創凱基26購01","0.00","","3481","群創","14.10","＋","認購","美式","111年08月19日","111年08月19日","112年06月15日","112年06月19日","0.995","    17.08","","",
="083428","寶齡元大26購02","0.00","","1760","寶齡富錦","148.50","","認購","美式","111年08月19日","111年08月19日","112年06月15日","112年06月19日","0.021","    145.00","","",
="083431","台積電元大26購15","0.00","","2330","台積電","568.00","＋","認購","美式","111年08月19日","111年08月19日","112年06月15日","112年06月19日","0.244","    653.87","","",
="083435","聯發科元大26購11","0.00","","2454","聯發科","738.00","＋","認購","美式","111年08月19日","111年08月19日","112年06月15日","112年06月19日","0.085","    862.00","","",
="083437","長榮元大26購12","0.00","","2603","長榮","157.00","＋","認購","美式","111年08月19日","111年08月19日","112年06月15日","112年06月19日","0.267","    317.07","","",
="083440","奇鋐元大27購01","4.75","＋","3017","奇鋐","206.00","－","認購","美式","111年08月19日","111年08月19日","112年07月14日","112年07月18日","0.105","    166.64","","",
="083441","欣興元大26購06","0.00","","3037","欣興","182.50","－","認購","美式","111年08月19日","111年08月19日","112年06月15日","112年06月19日","0.244","    221.00","","",
="083442","群創元大28購01","0.00","","3481","群創","14.10","＋","認購","美式","111年08月19日","111年08月19日","112年08月16日","112年08月18日","0.995","    16.42","","",
="083446","台表科元大28購01","0.00","","6278","台表科","100.50","＋","認購","美式","111年08月19日","111年08月19日","112年08月16日","112年08月18日","0.093","    116.50","","",
="083447","元晶元大27購01","0.20","","6443","元晶","36.20","＋","認購","美式","111年08月19日","111年08月19日","112年07月14日","112年07月18日","0.231","    44.90","","",
="083448","力積電元大26購01","0.00","","6770","力積電","30.85","＋","認購","美式","111年08月19日","111年08月19日","112年06月15日","112年06月19日","0.37","    37.61","","",
="083449","力積電元大27購02","0.00","","6770","力積電","30.85","＋","認購","美式","111年08月19日","111年08月19日","112年07月14日","112年07月18日","0.40","    40.04","","",
="083484","旺宏中信26購01","0.00","","2337","旺宏","33.40","＋","認購","歐式","111年08月22日","112年06月21日","112年06月19日","112年06月21日","0.60","    38.20","","",
="083492","敦泰群益28購01","0.49","","3545","敦泰","83.70","＋","認購","美式","111年08月22日","111年08月22日","112年08月17日","112年08月21日","0.072","    93.00","","",
="083500","台灣50第一28購03","0.00","",="0050","元大台灣50","126.75","＋","認購","美式","111年08月22日","111年08月22日","112年08月17日","112年08月21日","0.053","    125.44","","",
="083502","允強凱基26購01","0.00","","2034","允強","28.65","－","認購","美式","111年08月22日","111年08月22日","112年06月19日","112年06月21日","0.427","    45.00","","",
="083519","台積電元大26購16","0.00","","2330","台積電","568.00","＋","認購","美式","111年08月22日","111年08月22日","112年06月19日","112年06月21日","0.343","    703.03","","",
="083522","聯發科元大26購12","0.00","","2454","聯發科","738.00","＋","認購","美式","111年08月22日","111年08月22日","112年06月19日","112年06月21日","0.088","    848.00","","",
="083523","長榮元大26購13","0.00","","2603","長榮","157.00","＋","認購","美式","111年08月22日","111年08月22日","112年06月19日","112年06月21日","0.194","    269.62","","",
="083524","長榮航元大26購05","0.00","","2618","長榮航","33.60","＋","認購","美式","111年08月22日","111年08月22日","112年06月19日","112年06月21日","0.898","    33.25","","",
="083526","欣興元大26購07","1.14","－","3037","欣興","182.50","－","認購","美式","111年08月22日","111年08月22日","112年06月19日","112年06月21日","0.255","    219.50","","",
="083540","T50反1兆豐28購01","0.00","",="00632R","元大台灣50反1","4.94","－","認購","美式","111年08月22日","111年08月22日","112年08月17日","112年08月21日","1.00","    5.99","","",
="083564","臺股指富邦26購01","0.39","＋","IX0001","臺股指數","16,636.30","","認購","歐式","111年08月22日","112年06月21日","112年06月19日","112年06月21日","0.001","    16,500.00","","",
="083592","鴻海統一28購01","0.00","","2317","鴻海","105.50","＋","認購","美式","111年08月23日","111年08月23日","112年08月18日","112年08月22日","0.045","    118.00","","",
="083601","道瓊反群益26購01","0.40","",="00669R","國泰美國道瓊反1","8.06","－","認購","美式","111年08月23日","111年08月23日","112年06月20日","112年06月26日","1.00","    7.77","","",
="083607","聯發科群益28購01","0.34","＋","2454","聯發科","738.00","＋","認購","美式","111年08月23日","111年08月23日","112年08月18日","112年08月22日","0.025","    900.00","","",
="083613","S&P反1元大26購02","0.00","",="00648R","元大S&P500反1","6.93","－","認購","美式","111年08月23日","111年08月23日","112年06月20日","112年06月26日","0.60","    6.50","","",
="083620","台積電元大26購17","2.55","＋","2330","台積電","568.00","＋","認購","美式","111年08月23日","111年08月23日","112年06月20日","112年06月26日","0.187","    606.68","","",
="083643","聯電康和26購01","0.11","","2303","聯電","51.20","＋","認購","美式","111年08月23日","111年08月23日","112年06月20日","112年06月26日","1.00","    60.88","","",
="083676","滬深2X國票26購01","0.00","",="00637L","元大滬深300正2","13.77","－","認購","美式","111年08月23日","111年08月23日","112年06月20日","112年06月26日","1.00","    25.00","","",
="083697","長榮元富27購05","0.00","","2603","長榮","157.00","＋","認購","美式","111年08月23日","111年08月23日","112年07月20日","112年07月24日","0.16","    282.35","","",
="083713","華新第一28購01","0.00","","1605","華新","46.60","＋","認購","美式","111年08月24日","111年08月24日","112年08月21日","112年08月23日","0.055","    40.34","","",
="083729","嘉晶統一26購01","0.00","","3016","嘉晶","65.10","＋","認購","美式","111年08月24日","111年08月24日","112年06月20日","112年06月26日","0.03","    111.11","","",
="083762","大成鋼元大26購01","0.00","","2027","大成鋼","45.25","＋","認購","美式","111年08月24日","111年08月24日","112年06月20日","112年06月26日","0.461","    51.60","","",
="083763","聯電元大26購06","0.00","","2303","聯電","51.20","＋","認購","美式","111年08月24日","111年08月24日","112年06月20日","112年06月26日","1.00","    59.20","","",
="083765","台積電元大26購18","0.00","","2330","台積電","568.00","＋","認購","美式","111年08月24日","111年08月24日","112年06月20日","112年06月26日","0.04","    696.14","","",
="08376P","聯發科群益29售01","0.08","－","2454","聯發科","738.00","＋","認售","歐式","111年08月23日","112年09月22日","112年09月20日","112年09月22日","0.08","    400.00","","",
="083774","長榮元大26購14","0.00","","2603","長榮","157.00","＋","認購","美式","111年08月24日","111年08月24日","112年06月20日","112年06月26日","0.026","    315.91","","",
="083776","欣興元大28購03","0.42","","3037","欣興","182.50","－","認購","美式","111年08月24日","111年08月24日","112年08月21日","112年08月23日","0.024","    211.50","","",
="083783","力積電元大28購02","0.00","","6770","力積電","30.85","＋","認購","美式","111年08月24日","111年08月24日","112年08月21日","112年08月23日","0.485","    47.56","","",
="083800","大立光富邦28購01","0.31","","3008","大立光","2,305.00","＋","認購","美式","111年08月24日","111年08月24日","112年08月21日","112年08月23日","0.008","    2,842.38","","",
="083803","南電富邦26購01","0.00","","8046","南電","302.50","－","認購","美式","111年08月24日","111年08月24日","112年06月20日","112年06月26日","0.03","    405.00","","",
="083839","聯電群益26購02","0.00","","2303","聯電","51.20","＋","認購","美式","111年08月25日","111年08月25日","112年06月20日","112年06月26日","1.00","    60.00","","",
="083844","友達群益26購01","0.00","","2409","友達","17.65","＋","認購","美式","111年08月25日","111年08月25日","112年06月20日","112年06月26日","0.926","    23.76","","",
="083849","揚明光群益26購01","0.00","","3504","揚明光","81.70","＋","認購","美式","111年08月25日","111年08月25日","112年06月20日","112年06月26日","0.10","    138.00","","",
="08384P","台積電凱基26售05","0.00","","2330","台積電","568.00","＋","認售","歐式","111年08月23日","112年06月26日","112年06月20日","112年06月26日","0.123","    383.48","","",
="083859","愛普元富28購01","0.00","","6531","愛普*","328.50","＋","認購","美式","111年08月25日","111年08月25日","112年08月22日","112年08月24日","0.059","    270.00","","",
="08385P","台積電凱基26售06","0.00","","2330","台積電","568.00","＋","認售","歐式","111年08月23日","112年06月26日","112年06月20日","112年06月26日","0.762","    294.97","","",
="083860","新唐第一28購01","0.00","","4919","新唐","130.50","＋","認購","美式","111年08月25日","111年08月25日","112年08月22日","112年08月24日","0.015","    133.38","","",
="083865","上証2X凱基26購01","0.00","",="00633L","富邦上証正2","35.01","－","認購","美式","111年08月25日","111年08月25日","112年06月20日","112年06月26日","0.60","    58.00","","",
="083868","鴻海凱基26購02","0.00","","2317","鴻海","105.50","＋","認購","美式","111年08月25日","111年08月25日","112年06月20日","112年06月26日","0.50","    150.00","","",
="083873","八方凱基26購01","0.00","","2753","八方雲集","167.00","","認購","美式","111年08月25日","111年08月25日","112年06月20日","112年06月26日","0.101","    247.06","","",
="083890","聯電元大26購07","0.00","","2303","聯電","51.20","＋","認購","美式","111年08月25日","111年08月25日","112年06月20日","112年06月26日","0.50","    55.20","","",
="083896","聯發科元大26購13","0.00","","2454","聯發科","738.00","＋","認購","美式","111年08月25日","111年08月25日","112年06月20日","112年06月26日","0.03","    926.00","","",
="083900","大立光元大28購04","0.82","＋","3008","大立光","2,305.00","＋","認購","美式","111年08月25日","111年08月25日","112年08月22日","112年08月24日","0.007","    2,665.95","","",
="083902","欣興元大28購04","0.59","","3037","欣興","182.50","－","認購","美式","111年08月25日","111年08月25日","112年08月22日","112年08月24日","0.05","    230.00","","",
="083909","微星富邦26購01","2.70","＋","2377","微星","168.00","－","認購","美式","111年08月25日","111年08月25日","112年06月20日","112年06月26日","0.06","    125.00","","",
="083926","欣興第一38購01","0.74","","3037","欣興","182.50","－","認購","美式","111年08月26日","111年08月26日","113年08月22日","113年08月26日","0.009","    166.86","","",
="083927","南電第一33購01","0.53","－","8046","南電","302.50","－","認購","美式","111年08月26日","111年08月26日","113年03月21日","113年03月25日","0.005","    295.92","","",
="083973","聯電元大26購08","0.00","","2303","聯電","51.20","＋","認購","美式","111年08月26日","111年08月26日","112年06月20日","112年06月26日","0.668","    56.00","","",
="083981","大立光元大26購07","0.00","","3008","大立光","2,305.00","＋","認購","美式","111年08月26日","111年08月26日","112年06月20日","112年06月26日","0.007","    1,960.26","","",
="083983","欣興元大26購08","0.00","","3037","欣興","182.50","－","認購","美式","111年08月26日","111年08月26日","112年06月20日","112年06月26日","0.055","    175.00","","",
="083993","南電元大26購05","0.00","","8046","南電","302.50","－","認購","美式","111年08月26日","111年08月26日","112年06月20日","112年06月26日","0.053","    408.00","","",
="083995","S&P反1國票28購01","0.12","",="00648R","元大S&P500反1","6.93","－","認購","美式","111年08月26日","111年08月26日","112年08月23日","112年08月25日","1.00","    8.00","","",
="083996","道瓊反國票28購01","0.00","",="00669R","國泰美國道瓊反1","8.06","－","認購","美式","111年08月26日","111年08月26日","112年08月23日","112年08月25日","1.00","    9.50","","",
="084003","義隆富邦26購01","0.00","","2458","義隆","104.00","＋","認購","美式","111年08月26日","111年08月26日","112年06月20日","112年06月26日","0.052","    93.13","","",
="084004","新光金富邦26購01","0.00","","2888","新光金","8.63","＋","認購","美式","111年08月26日","111年08月26日","112年06月20日","112年06月26日","0.80","    9.40","","",
="084015","大立光富邦26購02","0.00","","3008","大立光","2,305.00","＋","認購","美式","111年08月29日","111年08月29日","112年06月26日","112年06月28日","0.002","    1,666.22","","",
="084016","鴻海兆豐26購01","0.00","","2317","鴻海","105.50","＋","認購","美式","111年08月29日","111年08月29日","112年06月26日","112年06月28日","0.12","    125.00","","",
="084066","中石化凱基26購01","0.00","","1314","中石化","9.72","－","認購","美式","111年08月29日","111年08月29日","112年06月26日","112年06月28日","1.00","    15.00","","",
="084068","華新凱基26購01","0.00","","1605","華新","46.60","＋","認購","美式","111年08月29日","111年08月29日","112年06月26日","112年06月28日","0.40","    58.00","","",
="084095","創意第一2A購01","0.00","","3443","創意","1,515.00","＋","認購","美式","111年08月30日","111年08月30日","112年09月27日","112年10月02日","0.003","    628.09","","",
="084096","力積電第一28購01","0.19","","6770","力積電","30.85","＋","認購","美式","111年08月30日","111年08月30日","112年08月25日","112年08月29日","0.092","    35.65","","",
="084099","聯發科凱基28購01","1.34","＋","2454","聯發科","738.00","＋","認購","美式","111年08月30日","111年08月30日","112年08月25日","112年08月29日","0.05","    850.00","","",
="084106","南電凱基28購02","0.70","＋","8046","南電","302.50","－","認購","美式","111年08月30日","111年08月30日","112年08月25日","112年08月29日","0.06","    400.00","","",
="084107","南電凱基28購03","0.00","","8046","南電","302.50","－","認購","美式","111年08月30日","111年08月30日","112年08月25日","112年08月29日","0.05","    340.00","","",
="084120","台積電統一28購01","0.00","","2330","台積電","568.00","＋","認購","美式","111年08月30日","111年08月30日","112年08月25日","112年08月29日","0.035","    491.63","","",
="084126","玉晶光統一26購01","0.59","","3406","玉晶光","400.00","＋","認購","美式","111年08月30日","111年08月30日","112年06月27日","112年06月29日","0.012","    366.66","","",
="084199","中興電元大27購01","3.70","＋","1513","中興電","113.50","＋","認購","美式","111年08月31日","111年08月31日","112年07月27日","112年07月31日","0.165","    95.00","","",
="084203","群創元大27購01","0.26","","3481","群創","14.10","＋","認購","美式","111年08月31日","111年08月31日","112年07月27日","112年07月31日","0.995","    17.93","","",
="084212","華新第一2A購01","0.00","","1605","華新","46.60","＋","認購","美式","111年08月31日","111年08月31日","112年10月26日","112年10月30日","0.055","    41.68","","",
="084215","臺股指麥證27購03","0.01","","IX0001","臺股指數","16,636.30","","認購","歐式","111年08月31日","112年07月31日","112年07月27日","112年07月31日","0.013","    22,000.00","","",
="084248","正文富邦26購01","0.23","","4906","正文","31.40","＋","認購","美式","111年08月31日","111年08月31日","112年06月28日","112年06月30日","0.20","    33.00","","",
="084262","大立光永豐28購01","1.77","＋","3008","大立光","2,305.00","＋","認購","美式","111年09月01日","111年09月01日","112年08月29日","112年08月31日","0.009","    2,303.30","","",
="084264","T50反1凱基28購01","0.19","－",="00632R","元大台灣50反1","4.94","－","認購","美式","111年09月01日","111年09月01日","112年08月29日","112年08月31日","1.00","    5.00","","",
="084265","T50反1凱基28購02","0.11","－",="00632R","元大台灣50反1","4.94","－","認購","美式","111年09月01日","111年09月01日","112年08月29日","112年08月31日","1.00","    5.20","","",
="084266","T50反1凱基28購03","0.00","",="00632R","元大台灣50反1","4.94","－","認購","美式","111年09月01日","111年09月01日","112年08月29日","112年08月31日","1.00","    5.60","","",
="084273","貿聯凱基26購01","0.00","","3665","貿聯-KY","270.50","＋","認購","美式","111年09月01日","111年09月01日","112年06月28日","112年06月30日","0.042","    478.12","","",
="084276","同欣電凱基25購01","0.00","","6271","同欣電","179.50","＋","認購","美式","111年09月01日","111年09月01日","112年05月29日","112年05月31日","0.09","    287.40","","",
="084290","聯發科國泰26購01","0.00","","2454","聯發科","738.00","＋","認購","美式","111年09月01日","111年09月01日","112年06月28日","112年06月30日","0.02","    715.00","","",
="084291","聯發科國泰26購02","0.58","＋","2454","聯發科","738.00","＋","認購","美式","111年09月01日","111年09月01日","112年06月28日","112年06月30日","0.02","    755.00","","",
="084306","A50正2元富25購01","0.00","",="00655L","國泰中國A50正2","24.65","－","認購","美式","111年09月01日","111年09月01日","112年05月29日","112年05月31日","0.30","    33.00","","",
="084310","道瓊反元大26購01","0.00","",="00669R","國泰美國道瓊反1","8.06","－","認購","美式","111年09月01日","111年09月01日","112年06月28日","112年06月30日","1.00","    8.90","","",
="084314","聯電元大27購03","0.00","","2303","聯電","51.20","＋","認購","美式","111年09月01日","111年09月01日","112年07月27日","112年07月31日","0.29","    40.35","","",
="084318","聯發科元大27購09","0.62","＋","2454","聯發科","738.00","＋","認購","美式","111年09月01日","111年09月01日","112年07月27日","112年07月31日","0.006","    670.00","","",
="084321","群創元大27購02","0.00","","3481","群創","14.10","＋","認購","美式","111年09月01日","111年09月01日","112年07月27日","112年07月31日","0.528","    12.15","","",
="084336","臺股指元大25購35","0.00","","IX0001","臺股指數","16,636.30","","認購","歐式","111年09月01日","112年05月31日","112年05月29日","112年05月31日","0.005","    17,300.00","","",
="084338","臺股指元大25購37","1.40","","IX0001","臺股指數","16,636.30","","認購","歐式","111年09月01日","112年05月31日","112年05月29日","112年05月31日","0.003","    16,200.00","","",
="084340","臺股指元大25購39","0.00","","IX0001","臺股指數","16,636.30","","認購","歐式","111年09月01日","112年05月31日","112年05月29日","112年05月31日","0.001","    15,000.00","","",
="084350","聯發科康和27購01","0.00","","2454","聯發科","738.00","＋","認購","美式","111年09月02日","111年09月02日","112年06月29日","112年07月03日","0.045","    845.00","","",
="084365","台積電統一29購01","0.00","","2330","台積電","568.00","＋","認購","美式","111年09月02日","111年09月02日","112年08月30日","112年09月01日","0.04","    516.21","","",
="084367","友達統一26購01","0.00","","2409","友達","17.65","＋","認購","美式","111年09月02日","111年09月02日","112年05月30日","112年06月01日","0.463","    21.27","","",
="084381","景碩元大27購03","0.00","","3189","景碩","116.00","＋","認購","美式","111年09月02日","111年09月02日","112年06月29日","112年07月03日","0.10","    171.50","","",
="084383","世芯元大29購01","5.00","＋","3661","世芯-KY","1,660.00","＋","認購","美式","111年09月02日","111年09月02日","112年08月30日","112年09月01日","0.01","    1,279.42","","",
="084388","啟碁元大29購01","0.52","","6285","啟碁","87.50","＋","認購","美式","111年09月02日","111年09月02日","112年08月30日","112年09月01日","0.217","    112.50","","",
="084412","聯電凱基28購02","0.00","","2303","聯電","51.20","＋","認購","美式","111年09月02日","111年09月02日","112年07月28日","112年08月01日","0.30","    40.50","","",
="084437","美時富邦27購01","0.00","","1795","美時","330.50","＋","認購","美式","111年09月02日","111年09月02日","112年06月29日","112年07月03日","0.033","    200.00","","",
="084460","智邦第一26購01","0.00","","2345","智邦","357.50","＋","認購","美式","111年09月05日","111年09月05日","112年06月01日","112年06月05日","0.011","    306.18","","",
="084461","長榮航第一28購01","0.34","","2618","長榮航","33.60","＋","認購","美式","111年09月05日","111年09月05日","112年08月02日","112年08月04日","0.085","    35.44","","",
="084464","台積電凱基28購04","3.45","＋","2330","台積電","568.00","＋","認購","美式","111年09月05日","111年09月05日","112年08月02日","112年08月04日","0.05","    514.24","","",
="084467","智易凱基26購01","0.00","","3596","智易","115.00","＋","認購","美式","111年09月05日","111年09月05日","112年06月01日","112年06月05日","0.20","    170.00","","",
="084487","元日2X元富29購01","0.00","",="00706L","期元大S&P日圓正2(原名：元大S&P日圓正2)","8.72","－","認購","美式","111年09月05日","111年09月05日","112年08月31日","112年09月04日","0.90","    11.50","","",
="084493","T50反1元大28購04","0.00","",="00632R","元大台灣50反1","4.94","－","認購","美式","111年09月05日","111年09月05日","112年08月02日","112年08月04日","1.00","    5.70","","",
="084494","滬深2X元大26購02","0.00","",="00637L","元大滬深300正2","13.77","－","認購","美式","111年09月05日","111年09月05日","112年06月01日","112年06月05日","1.00","    18.80","","",
="084495","滬深2X元大27購02","0.00","",="00637L","元大滬深300正2","13.77","－","認購","美式","111年09月05日","111年09月05日","112年06月30日","112年07月04日","0.80","    19.00","","",
="084496","元油反元大26購01","0.00","",="00673R","期元大S&P原油反1(原名：元大S&P原油反1)","9.03","－","認購","美式","111年09月05日","111年09月05日","112年06月01日","112年06月05日","1.00","    8.70","","",
="084497","元油反元大27購02","0.74","－",="00673R","期元大S&P原油反1(原名：元大S&P原油反1)","9.03","－","認購","美式","111年09月05日","111年09月05日","112年06月30日","112年07月04日","1.00","    8.90","","",
="084499","華新元大29購01","0.00","","1605","華新","46.60","＋","認購","美式","111年09月05日","111年09月05日","112年08月31日","112年09月04日","0.21","    39.60","","",
="084500","華通元大29購01","0.00","","2313","華通","44.30","＋","認購","美式","111年09月05日","111年09月05日","112年08月31日","112年09月04日","0.605","    74.12","","",
="084503","聯發科元大26購14","1.01","","2454","聯發科","738.00","＋","認購","美式","111年09月05日","111年09月05日","112年06月01日","112年06月05日","0.023","    718.00","","",
="084505","玉晶光元大29購01","0.16","","3406","玉晶光","400.00","＋","認購","美式","111年09月05日","111年09月05日","112年08月31日","112年09月04日","0.03","    640.00","","",
="084506","群創元大26購01","0.00","","3481","群創","14.10","＋","認購","美式","111年09月05日","111年09月05日","112年06月01日","112年06月05日","0.855","    14.36","","",
="084507","群創元大27購03","0.00","","3481","群創","14.10","＋","認購","美式","111年09月05日","111年09月05日","112年06月30日","112年07月04日","0.995","    17.48","","",
="084510","新唐元大29購01","1.14","＋","4919","新唐","130.50","＋","認購","美式","111年09月05日","111年09月05日","112年08月31日","112年09月04日","0.065","    137.00","","",
="084514","美時富邦27購02","0.00","","1795","美時","330.50","＋","認購","美式","111年09月05日","111年09月05日","112年06月30日","112年07月04日","0.033","    230.00","","",
="084526","友達凱基29購01","0.00","","2409","友達","17.65","＋","認購","美式","111年09月06日","111年09月06日","112年09月01日","112年09月05日","0.926","    27.00","","",
="084529","群創凱基29購01","0.36","","3481","群創","14.10","＋","認購","美式","111年09月06日","111年09月06日","112年09月01日","112年09月05日","0.995","    18.08","","",
="084534","威鋒電凱基27購01","0.01","","6756","威鋒電子","223.00","＋","認購","美式","111年09月06日","111年09月06日","112年07月03日","112年07月05日","0.067","    348.90","","",
="084535","東陽第一26購01","0.01","","1319","東陽","49.90","＋","認購","美式","111年09月06日","111年09月06日","112年06月01日","112年06月05日","0.048","    59.08","","",
="084536","啟碁第一26購01","0.00","","6285","啟碁","87.50","＋","認購","美式","111年09月06日","111年09月06日","112年06月01日","112年06月05日","0.044","    90.50","","",
="084584","聯發科元大26購15","0.00","","2454","聯發科","738.00","＋","認購","美式","111年09月06日","111年09月06日","112年06月01日","112年06月05日","0.024","    713.00","","",
="084590","玉晶光元大29購02","0.00","","3406","玉晶光","400.00","＋","認購","美式","111年09月06日","111年09月06日","112年09月01日","112年09月05日","0.028","    613.00","","",
="084602","聯發科統一29購01","0.65","＋","2454","聯發科","738.00","＋","認購","美式","111年09月06日","111年09月06日","112年09月01日","112年09月05日","0.01","    747.00","","",
="084610","長榮航統一29購01","0.34","＋","2618","長榮航","33.60","＋","認購","美式","111年09月06日","111年09月06日","112年09月01日","112年09月05日","0.15","    38.00","","",
="084613","欣興統一27購01","0.00","","3037","欣興","182.50","－","認購","美式","111年09月06日","111年09月06日","112年07月03日","112年07月05日","0.03","    140.00","","",
="084614","景碩統一26購01","0.00","","3189","景碩","116.00","＋","認購","美式","111年09月06日","111年09月06日","112年06月01日","112年06月05日","0.03","    111.11","","",
="084620","台積電兆豐26購01","1.69","＋","2330","台積電","568.00","＋","認購","美式","111年09月06日","111年09月06日","112年06月01日","112年06月05日","0.033","    519.16","","",
="084624","欣興富邦26購01","0.00","","3037","欣興","182.50","－","認購","美式","111年09月06日","111年09月06日","112年06月01日","112年06月05日","0.025","    140.00","","",
="084627","華航麥證26購01","0.01","","2610","華航","21.65","＋","認購","歐式","111年09月07日","112年06月06日","112年06月02日","112年06月06日","0.33","    30.00","","",
="084630","臺股指麥證27購04","0.00","","IX0001","臺股指數","16,636.30","","認購","歐式","111年09月07日","112年07月06日","112年07月04日","112年07月06日","0.003","    14,400.00","","",
="084641","力智元大29購01","1.18","＋","6719","力智","303.00","＋","認購","美式","111年09月07日","111年09月07日","112年09月04日","112年09月06日","0.019","    286.00","","",
="084644","元日2X群益27購01","0.00","",="00706L","期元大S&P日圓正2(原名：元大S&P日圓正2)","8.72","－","認購","美式","111年09月07日","111年09月07日","112年07月04日","112年07月06日","1.00","    10.88","","",
="084653","玉晶光第一2B購02","0.00","","3406","玉晶光","400.00","＋","認購","美式","111年09月07日","111年09月07日","112年11月02日","112年11月06日","0.005","    487.08","","",
="084655","華新凱基29購01","0.00","","1605","華新","46.60","＋","認購","美式","111年09月07日","111年09月07日","112年09月04日","112年09月06日","0.25","    40.00","","",
="084661","景碩凱基27購03","0.00","","3189","景碩","116.00","＋","認購","美式","111年09月07日","111年09月07日","112年07月04日","112年07月06日","0.085","    120.00","","",
="084662","南電凱基29購01","0.00","","8046","南電","302.50","－","認購","美式","111年09月07日","111年09月07日","112年09月04日","112年09月06日","0.04","    260.00","","",
="084674","台積電統一29購02","0.00","","2330","台積電","568.00","＋","認購","美式","111年09月07日","111年09月07日","112年09月04日","112年09月06日","0.03","    643.79","","",
="084676","陽明統一26購06","0.00","","2609","陽明","62.00","＋","認購","美式","111年09月07日","111年09月07日","112年06月02日","112年06月06日","0.088","    72.00","","",
="084678","萬海統一29購01","0.00","","2615","萬海","60.00","＋","認購","美式","111年09月07日","111年09月07日","112年09月04日","112年09月06日","0.07","    84.00","","",
="084691","鴻海兆豐27購01","0.03","","2317","鴻海","105.50","＋","認購","美式","111年09月07日","111年09月07日","112年07月04日","112年07月06日","0.10","    120.00","","",
="084720","鴻海中信27購01","0.87","＋","2317","鴻海","105.50","＋","認購","歐式","111年09月08日","112年07月07日","112年07月05日","112年07月07日","0.05","    88.00","","",
="084722","聯詠中信26購01","0.00","","3034","聯詠","423.50","＋","認購","歐式","111年09月08日","112年06月07日","112年06月05日","112年06月07日","0.06","    272.00","","",
="084723","欣興中信27購01","2.47","－","3037","欣興","182.50","－","認購","歐式","111年09月08日","112年07月07日","112年07月05日","112年07月07日","0.09","    158.00","","",
="084742","陽明統一29購01","0.20","＋","2609","陽明","62.00","＋","認購","美式","111年09月08日","111年09月08日","112年09月05日","112年09月07日","0.10","    74.34","","",
="084743","萬海統一29購02","0.00","","2615","萬海","60.00","＋","認購","美式","111年09月08日","111年09月08日","112年09月05日","112年09月07日","0.10","    80.01","","",
="084744","美食統一26購01","0.00","","2723","美食-KY","152.50","－","認購","美式","111年09月08日","111年09月08日","112年06月05日","112年06月07日","0.035","    112.56","","",
="084753","友達群益27購02","0.00","","2409","友達","17.65","＋","認購","美式","111年09月08日","111年09月08日","112年07月05日","112年07月07日","0.926","    24.84","","",
="084773","欣興第一2C購01","0.00","","3037","欣興","182.50","－","認購","美式","111年09月08日","111年09月08日","112年12月05日","112年12月07日","0.015","    149.04","","",
="084774","景碩第一2B購02","0.51","＋","3189","景碩","116.00","＋","認購","美式","111年09月08日","111年09月08日","112年11月03日","112年11月07日","0.017","    117.08","","",
="084775","南電第一2C購01","0.00","","8046","南電","302.50","－","認購","美式","111年09月08日","111年09月08日","112年12月05日","112年12月07日","0.009","    264.83","","",
="084780","台積電凱基27購07","0.00","","2330","台積電","568.00","＋","認購","美式","111年09月08日","111年09月08日","112年07月05日","112年07月07日","0.406","    698.11","","",
="084781","台積電凱基27購08","0.00","","2330","台積電","568.00","＋","認購","美式","111年09月08日","111年09月08日","112年07月05日","112年07月07日","0.253","    658.79","","",
="084795","元金2X元大28購01","0.68","－",="00708L","期元大S&P黃金正2(原名：元大S&P黃金正2)","26.72","－","認購","美式","111年09月08日","111年09月08日","112年08月03日","112年08月07日","0.50","    28.00","","",
="084799","華新元大28購01","1.51","＋","1605","華新","46.60","＋","認購","美式","111年09月08日","111年09月08日","112年08月03日","112年08月07日","0.322","    48.45","","",
="084801","聯電元大26購09","0.00","","2303","聯電","51.20","＋","認購","美式","111年09月08日","111年09月08日","112年06月05日","112年06月07日","0.361","    41.75","","",
="084802","台積電元大26購19","0.00","","2330","台積電","568.00","＋","認購","美式","111年09月08日","111年09月08日","112年06月05日","112年06月07日","0.058","    523.09","","",
="084804","長榮航元大29購01","1.26","＋","2618","長榮航","33.60","＋","認購","美式","111年09月08日","111年09月08日","112年09月05日","112年09月07日","0.287","    32.70","","",
="084806","大立光元大26購08","2.46","","3008","大立光","2,305.00","＋","認購","美式","111年09月08日","111年09月08日","112年06月05日","112年06月07日","0.006","    1,906.35","","",
="084807","欣興元大26購09","2.37","－","3037","欣興","182.50","－","認購","美式","111年09月08日","111年09月08日","112年06月05日","112年06月07日","0.063","    144.00","","",
="084808","玉晶光元大28購01","0.51","＋","3406","玉晶光","400.00","＋","認購","美式","111年09月08日","111年09月08日","112年08月03日","112年08月07日","0.019","    446.00","","",
="084819","啟碁元大27購01","0.00","","6285","啟碁","87.50","＋","認購","美式","111年09月08日","111年09月08日","112年07月05日","112年07月07日","0.286","    109.00","","",
="084821","力積電元大26購02","0.45","","6770","力積電","30.85","＋","認購","美式","111年09月08日","111年09月08日","112年06月05日","112年06月07日","0.365","    30.63","","",
="084822","南電元大28購03","1.06","－","8046","南電","302.50","－","認購","美式","111年09月08日","111年09月08日","112年08月03日","112年08月07日","0.047","    340.50","","",
="084827","友達元富26購01","0.00","","2409","友達","17.65","＋","認購","美式","111年09月08日","111年09月08日","112年06月05日","112年06月07日","0.324","    19.98","","",
="084834","T50反1群益2A購01","0.00","",="00632R","元大台灣50反1","4.94","－","認購","美式","111年09月12日","111年09月12日","112年10月05日","112年10月11日","1.00","    6.10","","",
="084842","長榮航凱基29購01","0.92","＋","2618","長榮航","33.60","＋","認購","美式","111年09月12日","111年09月12日","112年09月07日","112年09月11日","0.40","    38.00","","",
="084845","啟碁凱基27購01","0.09","","6285","啟碁","87.50","＋","認購","美式","111年09月12日","111年09月12日","112年07月07日","112年07月11日","0.40","    115.00","","",
="084846","樺漢凱基27購01","0.00","","6414","樺漢","281.00","＋","認購","美式","111年09月12日","111年09月12日","112年07月07日","112年07月11日","0.08","    260.00","","",
="084872","創意富邦26購01","0.00","","3443","創意","1,515.00","＋","認購","美式","111年09月12日","111年09月12日","112年06月08日","112年06月12日","0.009","    560.00","","",
="084873","嘉聯益富邦26購01","0.00","","6153","嘉聯益","23.15","＋","認購","美式","111年09月12日","111年09月12日","112年06月08日","112年06月12日","0.40","    34.00","","",
="084880","元石油元大27購01","0.05","",="00642U","期元大S&P石油(原名：元大S&P石油)","15.46","＋","認購","美式","111年09月12日","111年09月12日","112年07月07日","112年07月11日","0.50","    21.50","","",
="084881","香港2X元大27購01","0.05","",="00650L","FH香港正2","11.60","＋","認購","美式","111年09月12日","111年09月12日","112年07月07日","112年07月11日","0.60","    15.50","","",
="084883","華新元大28購02","1.69","＋","1605","華新","46.60","＋","認購","美式","111年09月12日","111年09月12日","112年08月09日","112年08月11日","0.389","    49.70","","",
="084884","鴻海元大29購01","0.13","＋","2317","鴻海","105.50","＋","認購","美式","111年09月12日","111年09月12日","112年09月07日","112年09月11日","0.08","    129.00","","",
="084885","台積電元大28購05","3.70","","2330","台積電","568.00","＋","認購","美式","111年09月12日","111年09月12日","112年08月09日","112年08月11日","0.04","    495.56","","",
="084888","長榮航元大29購02","1.18","＋","2618","長榮航","33.60","＋","認購","美式","111年09月12日","111年09月12日","112年09月07日","112年09月11日","0.309","    34.10","","",
="084889","大立光元大26購09","0.00","","3008","大立光","2,305.00","＋","認購","美式","111年09月12日","111年09月12日","112年06月08日","112年06月12日","0.009","    2,087.68","","",
="084891","智易元大29購01","0.00","","3596","智易","115.00","＋","認購","美式","111年09月12日","111年09月12日","112年09月07日","112年09月11日","0.077","    128.50","","",
="084895","南電元大29購01","0.61","－","8046","南電","302.50","－","認購","美式","111年09月12日","111年09月12日","112年09月07日","112年09月11日","0.013","    302.50","","",
="084900","台積電兆豐26購02","0.43","","2330","台積電","568.00","＋","認購","美式","111年09月12日","111年09月12日","112年06月08日","112年06月12日","0.04","    578.15","","",
="084922","台積電元大28購06","0.00","","2330","台積電","568.00","＋","認購","美式","111年09月13日","111年09月13日","112年08月10日","112年08月14日","0.049","    505.41","","",
="084932","鈺齊元大29購01","0.00","","9802","鈺齊-KY","124.00","－","認購","美式","111年09月13日","111年09月13日","112年09月08日","112年09月12日","0.108","    273.37","","",
="084934","鴻海統一29購01","0.00","","2317","鴻海","105.50","＋","認購","美式","111年09月13日","111年09月13日","112年09月08日","112年09月12日","0.045","    108.00","","",
="084935","鴻海統一29購02","0.36","＋","2317","鴻海","105.50","＋","認購","美式","111年09月13日","111年09月13日","112年09月08日","112年09月12日","0.038","    100.00","","",
="084948","友達第一26購02","0.00","","2409","友達","17.65","＋","認購","美式","111年09月13日","111年09月13日","112年06月08日","112年06月12日","0.148","    19.73","","",
="084949","智易第一2B購01","0.40","","3596","智易","115.00","＋","認購","美式","111年09月13日","111年09月13日","112年11月09日","112年11月13日","0.019","    118.13","","",
="084950","元石油凱基27購02","0.13","",="00642U","期元大S&P石油(原名：元大S&P石油)","15.46","＋","認購","美式","111年09月13日","111年09月13日","112年07月10日","112年07月12日","0.50","    19.00","","",
="084955","玉晶光凱基29購01","0.14","＋","3406","玉晶光","400.00","＋","認購","美式","111年09月13日","111年09月13日","112年09月08日","112年09月12日","0.032","    670.00","","",
="084956","智易凱基29購01","0.52","","3596","智易","115.00","＋","認購","美式","111年09月13日","111年09月13日","112年09月08日","112年09月12日","0.09","    140.00","","",
="084965","新唐元富26購02","0.00","","4919","新唐","130.50","＋","認購","美式","111年09月13日","111年09月13日","112年06月08日","112年06月12日","0.14","    140.00","","",
="085004","創意中信27購01","0.00","","3443","創意","1,515.00","＋","認購","歐式","111年09月14日","112年07月13日","112年07月11日","112年07月13日","0.014","    628.88","","",
="08500P","長榮航群益26售01","0.00","","2618","長榮航","33.60","＋","認售","歐式","111年08月29日","112年06月28日","112年06月26日","112年06月28日","0.80","    18.00","","",
="085016","大立光元富29購01","2.65","＋","3008","大立光","2,305.00","＋","認購","美式","111年09月14日","111年09月14日","112年09月11日","112年09月13日","0.01","    2,254.30","","",
="085034","台積電群益2C購01","0.00","","2330","台積電","568.00","＋","認購","美式","111年09月14日","111年09月14日","112年12月11日","112年12月13日","0.06","    619.46","","",
="085042","聯電元大29購01","2.96","＋","2303","聯電","51.20","＋","認購","美式","111年09月14日","111年09月14日","112年09月11日","112年09月13日","0.507","    50.80","","",
="085043","台積電元大28購07","0.00","","2330","台積電","568.00","＋","認購","美式","111年09月14日","111年09月14日","112年08月10日","112年08月14日","0.067","    529.97","","",
="085045","聯發科元大29購01","0.92","＋","2454","聯發科","738.00","＋","認購","美式","111年09月14日","111年09月14日","112年09月11日","112年09月13日","0.007","    660.00","","",
="085048","智原元大26購03","0.00","","3035","智原","173.50","＋","認購","美式","111年09月14日","111年09月14日","112年06月09日","112年06月13日","0.053","    240.50","","",
="085049","智原元大29購01","0.00","","3035","智原","173.50","＋","認購","美式","111年09月14日","111年09月14日","112年09月11日","112年09月13日","0.039","    246.00","","",
="085054","新唐元大27購02","1.05","","4919","新唐","130.50","＋","認購","美式","111年09月14日","111年09月14日","112年07月11日","112年07月13日","0.065","    123.50","","",
="085056","中磊元大28購02","0.15","＋","5388","中磊","93.30","＋","認購","美式","111年09月14日","111年09月14日","112年08月10日","112年08月14日","0.134","    133.32","","",
="085058","啟碁元大28購01","0.60","","6285","啟碁","87.50","＋","認購","美式","111年09月14日","111年09月14日","112年08月10日","112年08月14日","0.218","    102.50","","",
="085060","南電元大26購06","0.00","","8046","南電","302.50","－","認購","美式","111年09月14日","111年09月14日","112年06月09日","112年06月13日","0.029","    257.50","","",
="085064","SGBR2X國票26購01","0.00","",="00715L","期街口布蘭特正2","12.73","＋","認購","美式","111年09月14日","111年09月14日","112年06月09日","112年06月13日","0.50","    19.50","","",
="085090","智原統一27購01","0.00","","3035","智原","173.50","＋","認購","美式","111年09月14日","111年09月14日","112年07月11日","112年07月13日","0.025","    228.00","","",
="085091","智原統一29購01","0.15","＋","3035","智原","173.50","＋","認購","美式","111年09月14日","111年09月14日","112年09月11日","112年09月13日","0.027","    260.66","","",
="085092","創意統一27購01","0.00","","3443","創意","1,515.00","＋","認購","美式","111年09月14日","111年09月14日","112年07月11日","112年07月13日","0.01","    550.00","","",
="085097","鴻海富邦27購01","0.00","","2317","鴻海","105.50","＋","認購","美式","111年09月14日","111年09月14日","112年07月11日","112年07月13日","0.40","    150.00","","",
="085101","智原富邦27購01","0.09","","3035","智原","173.50","＋","認購","美式","111年09月14日","111年09月14日","112年07月11日","112年07月13日","0.035","    240.00","","",
="085105","道瓊2X中信26購01","0.00","",="00852L","國泰美國道瓊正2","18.51","＋","認購","歐式","111年09月15日","112年06月14日","112年06月12日","112年06月14日","0.22","    18.88","","",
="085106","華新中信27購01","0.00","","1605","華新","46.60","＋","認購","歐式","111年09月15日","112年07月14日","112年07月12日","112年07月14日","0.20","    47.20","","",
="085130","中興電元大27購02","0.00","","1513","中興電","113.50","＋","認購","美式","111年09月15日","111年09月15日","112年07月12日","112年07月14日","0.161","    77.40","","",
="085133","台積電元大29購01","0.60","－","2330","台積電","568.00","＋","認購","美式","111年09月15日","111年09月15日","112年09月12日","112年09月14日","0.05","    714.82","","",
="085137","智易元大28購01","0.28","－","3596","智易","115.00","＋","認購","美式","111年09月15日","111年09月15日","112年08月10日","112年08月14日","0.067","    141.50","","",
="085146","陽明統一27購01","0.00","","2609","陽明","62.00","＋","認購","美式","111年09月15日","111年09月15日","112年07月12日","112年07月14日","0.08","    66.66","","",
="085147","萬海統一26購05","0.00","","2615","萬海","60.00","＋","認購","美式","111年09月15日","111年09月15日","112年06月12日","112年06月14日","0.08","    70.77","","",
="085149","長榮航統一26購01","0.00","","2618","長榮航","33.60","＋","認購","美式","111年09月15日","111年09月15日","112年06月12日","112年06月14日","0.168","    34.88","","",
="085152","創意統一27購02","6.75","","3443","創意","1,515.00","＋","認購","美式","111年09月15日","111年09月15日","112年07月12日","112年07月14日","0.01","    880.88","","",
="085156","元石油凱基29購01","0.71","＋",="00642U","期元大S&P石油(原名：元大S&P石油)","15.46","＋","認購","美式","111年09月15日","111年09月15日","112年09月12日","112年09月14日","0.60","    17.00","","",
="085157","SGBR2X凱基28購04","0.00","",="00715L","期街口布蘭特正2","12.73","＋","認購","美式","111年09月15日","111年09月15日","112年08月10日","112年08月14日","0.50","    16.00","","",
="085158","SGBR2X凱基29購01","1.18","＋",="00715L","期街口布蘭特正2","12.73","＋","認購","美式","111年09月15日","111年09月15日","112年09月12日","112年09月14日","0.50","    14.00","","",
="085159","金寶凱基27購01","0.00","","2312","金寶","13.50","＋","認購","美式","111年09月15日","111年09月15日","112年07月12日","112年07月14日","1.00","    20.00","","",
="085167","華擎凱基27購01","1.69","＋","3515","華擎","154.00","＋","認購","美式","111年09月15日","111年09月15日","112年07月12日","112年07月14日","0.10","    150.00","","",
="085176","A50正2富邦26購01","0.00","",="00655L","國泰中國A50正2","24.65","－","認購","美式","111年09月15日","111年09月15日","112年06月12日","112年06月14日","0.50","    35.00","","",
="085178","T50反1中信27購01","0.06","－",="00632R","元大台灣50反1","4.94","－","認購","歐式","111年09月16日","112年07月17日","112年07月13日","112年07月17日","1.00","    5.20","","",
="08517P","台積電第一2A售01","0.00","","2330","台積電","568.00","＋","認售","歐式","111年08月30日","112年10月02日","112年09月27日","112年10月02日","0.009","    474.52","","",
="085180","臺股指中信26購04","0.00","","IX0001","臺股指數","16,636.30","","認購","歐式","111年09月16日","112年06月15日","112年06月13日","112年06月15日","0.001","    15,168.00","","",
="085182","聯詠第一29購02","0.00","","3034","聯詠","423.50","＋","認購","美式","111年09月16日","111年09月16日","112年09月13日","112年09月15日","0.012","    281.41","","",
="085183","創意第一29購01","0.00","","3443","創意","1,515.00","＋","認購","美式","111年09月16日","111年09月16日","112年09月13日","112年09月15日","0.004","    645.28","","",
="085184","元油反凱基28購01","0.78","－",="00673R","期元大S&P原油反1(原名：元大S&P原油反1)","9.03","－","認購","美式","111年09月16日","111年09月16日","112年08月11日","112年08月15日","1.00","    9.40","","",
="085186","聚陽凱基29購01","1.06","＋","1477","聚陽","219.00","＋","認購","美式","111年09月16日","111年09月16日","112年09月13日","112年09月15日","0.128","    281.53","","",
="085188","華新凱基27購01","0.82","＋","1605","華新","46.60","＋","認購","美式","111年09月16日","111年09月16日","112年07月13日","112年07月17日","0.50","    53.00","","",
="085204","長榮航國票26購01","0.00","","2618","長榮航","33.60","＋","認購","美式","111年09月16日","111年09月16日","112年06月13日","112年06月15日","1.00","    50.00","","",
="085248","京鼎統一26購01","0.00","","3413","京鼎","193.00","＋","認購","美式","111年09月16日","111年09月16日","112年06月13日","112年06月15日","0.022","    326.66","","",
="085261","台積電元大29購02","0.00","","2330","台積電","568.00","＋","認購","美式","111年09月16日","111年09月16日","112年09月13日","112年09月15日","0.187","    726.63","","",
="085262","友達元大28購01","0.00","","2409","友達","17.65","＋","認購","美式","111年09月16日","111年09月16日","112年08月11日","112年08月15日","0.867","    27.11","","",
="085263","友達元大29購01","0.00","","2409","友達","17.65","＋","認購","美式","111年09月16日","111年09月16日","112年09月13日","112年09月15日","0.872","    28.08","","",
="085274","A50正2富邦26購02","0.00","",="00655L","國泰中國A50正2","24.65","－","認購","美式","111年09月16日","111年09月16日","112年06月13日","112年06月15日","0.50","    40.00","","",
="085276","鴻海富邦27購02","0.00","","2317","鴻海","105.50","＋","認購","美式","111年09月16日","111年09月16日","112年07月13日","112年07月17日","0.20","    130.00","","",
="085297","臺股指麥證29購01","0.00","","IX0001","臺股指數","16,636.30","","認購","歐式","111年09月19日","112年09月18日","112年09月14日","112年09月18日","0.003","    14,500.00","","",
="085298","長榮航第一29購01","0.58","","2618","長榮航","33.60","＋","認購","美式","111年09月19日","111年09月19日","112年09月14日","112年09月18日","0.103","    36.13","","",
="085305","創意統一26購01","0.00","","3443","創意","1,515.00","＋","認購","美式","111年09月19日","111年09月19日","112年06月15日","112年06月19日","0.008","    666.66","","",
="085309","世芯統一27購01","1.54","＋","3661","世芯-KY","1,660.00","＋","認購","美式","111年09月19日","111年09月19日","112年07月14日","112年07月18日","0.003","    1,097.75","","",
="085310","世芯統一27購02","1.20","＋","3661","世芯-KY","1,660.00","＋","認購","美式","111年09月19日","111年09月19日","112年07月14日","112年07月18日","0.003","    1,350.22","","",
="085312","帆宣統一26購01","0.00","","6196","帆宣","131.50","","認購","美式","111年09月19日","111年09月19日","112年06月15日","112年06月19日","0.03","    140.00","","",
="085313","愛普統一26購01","0.00","","6531","愛普*","328.50","＋","認購","美式","111年09月19日","111年09月19日","112年06月15日","112年06月19日","0.025","    168.88","","",
="085341","華擎元大28購01","1.46","＋","3515","華擎","154.00","＋","認購","美式","111年09月19日","111年09月19日","112年08月16日","112年08月18日","0.056","    143.00","","",
="085342","世芯元大29購02","3.85","","3661","世芯-KY","1,660.00","＋","認購","美式","111年09月19日","111年09月19日","112年09月14日","112年09月18日","0.009","    1,383.16","","",
="085343","緯穎元大28購01","3.66","","6669","緯穎","1,205.00","＋","認購","美式","111年09月19日","111年09月19日","112年08月16日","112年08月18日","0.011","    927.00","","",
="085344","力積電元大27購03","0.00","","6770","力積電","30.85","＋","認購","美式","111年09月19日","111年09月19日","112年07月14日","112年07月18日","0.286","    31.72","","",
="085345","力積電元大28購03","0.00","","6770","力積電","30.85","＋","認購","美式","111年09月19日","111年09月19日","112年08月16日","112年08月18日","0.289","    34.25","","",
="085364","聯發科元富29購01","2.61","＋","2454","聯發科","738.00","＋","認購","美式","111年09月19日","111年09月19日","112年09月14日","112年09月18日","0.028","    700.00","","",
="085368","世芯元富29購01","5.00","＋","3661","世芯-KY","1,660.00","＋","認購","美式","111年09月19日","111年09月19日","112年09月14日","112年09月18日","0.013","    1,383.16","","",
="085371","可成富邦26購01","0.00","","2474","可成","189.00","＋","認購","美式","111年09月19日","111年09月19日","112年06月15日","112年06月19日","0.25","    255.00","","",
="085388","台積電中信29購01","1.94","＋","2330","台積電","568.00","＋","認購","歐式","111年09月20日","112年09月19日","112年09月15日","112年09月19日","0.01","    375.80","","",
="085389","台積電中信29購02","2.12","＋","2330","台積電","568.00","＋","認購","歐式","111年09月20日","112年09月19日","112年09月15日","112年09月19日","0.01","    356.01","","",
="085399","台積電兆豐26購03","0.00","","2330","台積電","568.00","＋","認購","美式","111年09月20日","111年09月20日","112年06月15日","112年06月19日","0.033","    500.39","","",
="085411","矽創統一26購01","0.71","","8016","矽創","225.50","＋","認購","美式","111年09月20日","111年09月20日","112年06月15日","112年06月19日","0.028","    208.00","","",
="085422","聯電第一28購03","0.00","","2303","聯電","51.20","＋","認購","美式","111年09月20日","111年09月20日","112年08月17日","112年08月21日","0.093","    42.42","","",
="085423","聯發科第一29購03","0.00","","2454","聯發科","738.00","＋","認購","美式","111年09月20日","111年09月20日","112年09月15日","112年09月19日","0.005","    646.80","","",
="085424","欣興第一32購01","1.14","＋","3037","欣興","182.50","－","認購","美式","111年09月20日","111年09月20日","113年02月15日","113年02月19日","0.016","    139.65","","",
="085436","力積電凱基29購01","0.54","＋","6770","力積電","30.85","＋","認購","美式","111年09月20日","111年09月20日","112年09月15日","112年09月19日","0.504","    36.68","","",
="085440","美時元大29購01","6.40","","1795","美時","330.50","＋","認購","美式","111年09月20日","111年09月20日","112年09月15日","112年09月19日","0.065","    250.00","","",
="085441","台積電元大39購01","3.62","＋","2330","台積電","568.00","＋","認購","美式","111年09月20日","111年09月20日","113年09月16日","113年09月19日","0.04","    692.24","","",
="085451","元日2X國票26購01","0.00","",="00706L","期元大S&P日圓正2(原名：元大S&P日圓正2)","8.72","－","認購","美式","111年09月20日","111年09月20日","112年06月15日","112年06月19日","1.00","    9.50","","",
="085469","台積電第一39購01","1.34","","2330","台積電","568.00","＋","認購","美式","111年09月21日","111年09月21日","113年09月18日","113年09月20日","0.008","    471.44","","",
="085474","台積電統一38購01","0.00","","2330","台積電","568.00","＋","認購","美式","111年09月21日","111年09月21日","113年08月16日","113年08月20日","0.012","    534.02","","",
="085477","凌陽統一26購01","0.00","","2401","凌陽","24.90","＋","認購","美式","111年09月21日","111年09月21日","112年06月16日","112年06月20日","0.20","    35.00","","",
="085482","世芯統一27購03","2.40","","3661","世芯-KY","1,660.00","＋","認購","美式","111年09月21日","111年09月21日","112年07月18日","112年07月20日","0.004","    1,068.88","","",
="085494","臺股指群益29購01","0.00","","IX0001","臺股指數","16,636.30","","認購","歐式","111年09月21日","112年09月20日","112年09月18日","112年09月20日","0.01","    17,000.00","","",
="085495","臺股指群益29購02","0.00","","IX0001","臺股指數","16,636.30","","認購","歐式","111年09月21日","112年09月20日","112年09月18日","112年09月20日","0.03","    20,000.00","","",
="085498","聚陽元大28購01","0.86","","1477","聚陽","219.00","＋","認購","美式","111年09月21日","111年09月21日","112年08月17日","112年08月21日","0.054","    240.71","","",
="085499","華新元大29購02","3.49","＋","1605","華新","46.60","＋","認購","美式","111年09月21日","111年09月21日","112年09月18日","112年09月20日","0.484","    46.05","","",
="085500","台積電元大29購03","0.00","","2330","台積電","568.00","＋","認購","美式","111年09月21日","111年09月21日","112年09月18日","112年09月20日","0.168","    524.13","","",
="085501","聯發科元大29購02","0.00","","2454","聯發科","738.00","＋","認購","美式","111年09月21日","111年09月21日","112年09月18日","112年09月20日","0.064","    609.00","","",
="085504","大立光元大29購01","0.00","","3008","大立光","2,305.00","＋","認購","美式","111年09月21日","111年09月21日","112年09月18日","112年09月20日","0.016","    1,876.95","","",
="085507","世芯元大27購01","4.73","＋","3661","世芯-KY","1,660.00","＋","認購","美式","111年09月21日","111年09月21日","112年07月18日","112年07月20日","0.01","    1,200.00","","",
="085508","世芯元大28購01","4.75","＋","3661","世芯-KY","1,660.00","＋","認購","美式","111年09月21日","111年09月21日","112年08月17日","112年08月21日","0.011","    1,355.00","","",
="085513","滬深2X凱基26購03","0.00","",="00637L","元大滬深300正2","13.77","－","認購","美式","111年09月21日","111年09月21日","112年06月16日","112年06月20日","0.80","    18.00","","",
="085524","新光金凱基26購01","0.00","","2888","新光金","8.63","＋","認購","美式","111年09月21日","111年09月21日","112年06月16日","112年06月20日","1.00","    9.00","","",
="085539","聯發科元富29購02","0.00","","2454","聯發科","738.00","＋","認購","美式","111年09月21日","111年09月21日","112年09月18日","112年09月20日","0.022","    620.00","","",
="085544","世芯元富26購01","0.00","","3661","世芯-KY","1,660.00","＋","認購","美式","111年09月21日","111年09月21日","112年06月16日","112年06月20日","0.011","    1,200.00","","",
="085553","台灣50第一39購01","0.00","",="0050","元大台灣50","126.75","＋","認購","美式","111年09月22日","111年09月22日","113年09月19日","113年09月23日","0.123","    131.50","","",
="085554","台積電第一39購02","0.00","","2330","台積電","568.00","＋","認購","美式","111年09月22日","111年09月22日","113年09月19日","113年09月23日","0.018","    535.72","","",
="085566","台積電麥證28購03","4.02","＋","2330","台積電","568.00","＋","認購","歐式","111年09月22日","112年08月21日","112年08月17日","112年08月21日","0.354","    658.63","","",
="085567","玉晶光麥證26購01","0.00","","3406","玉晶光","400.00","＋","認購","歐式","111年09月22日","112年06月21日","112年06月19日","112年06月21日","0.029","    550.00","","",
="08557P","臺股指麥證26售10","0.05","－","IX0001","臺股指數","16,636.30","","認售","歐式","111年08月31日","112年06月30日","112年06月28日","112年06月30日","0.002","    14,388.00","","",
="085586","南電富邦28購01","0.81","－","8046","南電","302.50","－","認購","美式","111年09月22日","111年09月22日","112年08月17日","112年08月21日","0.04","    320.00","","",
="085590","道瓊2X元大26購01","0.00","",="00852L","國泰美國道瓊正2","18.51","＋","認購","美式","111年09月22日","111年09月22日","112年06月19日","112年06月21日","0.40","    19.50","","",
="085615","世芯凱基27購03","5.90","＋","3661","世芯-KY","1,660.00","＋","認購","美式","111年09月22日","111年09月22日","112年07月19日","112年07月21日","0.015","    1,300.00","","",
="085619","臺股指凱基26購16","0.00","","IX0001","臺股指數","16,636.30","","認購","歐式","111年09月22日","112年06月21日","112年06月19日","112年06月21日","0.003","    14,600.00","","",
="085620","臺股指凱基26購17","5.15","","IX0001","臺股指數","16,636.30","","認購","歐式","111年09月22日","112年06月21日","112年06月19日","112年06月21日","0.003","    14,900.00","","",
="085621","臺股指凱基26購18","0.00","","IX0001","臺股指數","16,636.30","","認購","歐式","111年09月22日","112年06月21日","112年06月19日","112年06月21日","0.012","    17,000.00","","",
="085626","金像電統一26購01","0.00","","2368","金像電","121.50","","認購","美式","111年09月22日","111年09月22日","112年06月19日","112年06月21日","0.03","    112.68","","",
="085631","長榮統一26購08","0.00","","2603","長榮","157.00","＋","認購","美式","111年09月22日","111年09月22日","112年06月19日","112年06月21日","0.023","    140.00","","",
="085632","長榮統一26購09","0.00","","2603","長榮","157.00","＋","認購","美式","111年09月22日","111年09月22日","112年06月19日","112年06月21日","0.05","    189.28","","",
="085633","陽明統一27購02","0.65","","2609","陽明","62.00","＋","認購","美式","111年09月22日","111年09月22日","112年07月19日","112年07月21日","0.08","    56.66","","",
="085637","振樺電統一26購01","0.00","","8114","振樺電","108.00","","認購","美式","111年09月22日","111年09月22日","112年06月19日","112年06月21日","0.03","    200.00","","",
="085639","台積電元富26購01","0.00","","2330","台積電","568.00","＋","認購","美式","111年09月22日","111年09月22日","112年06月19日","112年06月21日","0.04","    642.80","","",
="085640","台積電元富26購02","0.00","","2330","台積電","568.00","＋","認購","美式","111年09月22日","111年09月22日","112年06月19日","112年06月21日","0.102","    593.36","","",
="085644","長榮元富26購02","0.00","","2603","長榮","157.00","＋","認購","美式","111年09月22日","111年09月22日","112年06月19日","112年06月21日","0.037","    215.00","","",
="085684","長榮國泰27購03","0.00","","2603","長榮","157.00","＋","認購","美式","111年09月23日","111年09月23日","112年07月20日","112年07月24日","0.05","    190.00","","",
="085692","中興電統一26購01","0.00","","1513","中興電","113.50","＋","認購","美式","111年09月23日","111年09月23日","112年06月20日","112年06月26日","0.088","    88.88","","",
="085696","長榮統一26購10","0.14","","2603","長榮","157.00","＋","認購","美式","111年09月23日","111年09月23日","112年06月20日","112年06月26日","0.033","    168.00","","",
="085697","長榮統一27購02","0.35","＋","2603","長榮","157.00","＋","認購","美式","111年09月23日","111年09月23日","112年07月20日","112年07月24日","0.028","    151.68","","",
="085698","長榮統一27購03","0.00","","2603","長榮","157.00","＋","認購","美式","111年09月23日","111年09月23日","112年07月20日","112年07月24日","0.033","    208.00","","",
="085699","長榮統一29購01","0.32","＋","2603","長榮","157.00","＋","認購","美式","111年09月23日","111年09月23日","112年09月20日","112年09月22日","0.03","    161.68","","",
="085700","陽明統一27購03","0.31","","2609","陽明","62.00","＋","認購","美式","111年09月23日","111年09月23日","112年07月20日","112年07月24日","0.08","    61.68","","",
="085701","華航統一27購01","0.00","","2610","華航","21.65","＋","認購","美式","111年09月23日","111年09月23日","112年07月20日","112年07月24日","0.30","    28.88","","",
="085703","萬海統一27購01","0.00","","2615","萬海","60.00","＋","認購","美式","111年09月23日","111年09月23日","112年07月20日","112年07月24日","0.066","    66.66","","",
="085709","台積電凱基35購01","4.97","＋","2330","台積電","568.00","＋","認購","美式","111年09月23日","111年09月23日","113年05月20日","113年05月22日","0.05","    543.91","","",
="085710","台積電凱基35購02","5.25","－","2330","台積電","568.00","＋","認購","美式","111年09月23日","111年09月23日","113年05月20日","113年05月22日","0.08","    642.80","","",
="085712","聯發科凱基26購05","5.10","＋","2454","聯發科","738.00","＋","認購","美式","111年09月23日","111年09月23日","112年06月20日","112年06月26日","0.06","    680.00","","",
="085717","華航凱基27購03","0.24","＋","2610","華航","21.65","＋","認購","美式","111年09月23日","111年09月23日","112年07月20日","112年07月24日","0.60","    25.00","","",
="085718","萬海凱基27購02","0.00","","2615","萬海","60.00","＋","認購","美式","111年09月23日","111年09月23日","112年07月20日","112年07月24日","0.32","    110.00","","",
="085735","長榮元大28購06","0.59","＋","2603","長榮","157.00","＋","認購","美式","111年09月23日","111年09月23日","112年08月18日","112年08月22日","0.043","    177.50","","",
="085747","長榮第一26購02","0.00","","2603","長榮","157.00","＋","認購","美式","111年09月23日","111年09月23日","112年06月20日","112年06月26日","0.024","    182.85","","",
="085748","陽明第一29購01","0.00","","2609","陽明","62.00","＋","認購","美式","111年09月23日","111年09月23日","112年09月20日","112年09月22日","0.05","    72.61","","",
="085749","萬海第一28購02","0.00","","2615","萬海","60.00","＋","認購","美式","111年09月23日","111年09月23日","112年08月18日","112年08月22日","0.048","    79.61","","",
="085750","南電第一29購01","0.00","","8046","南電","302.50","－","認購","美式","111年09月23日","111年09月23日","112年09月20日","112年09月22日","0.013","    231.53","","",
="085754","長榮富邦27購01","0.00","","2603","長榮","157.00","＋","認購","美式","111年09月23日","111年09月23日","112年07月20日","112年07月24日","0.055","    210.00","","",
="085757","大立光富邦26購03","1.38","","3008","大立光","2,305.00","＋","認購","美式","111年09月23日","111年09月23日","112年06月20日","112年06月26日","0.003","    1,862.25","","",
="085780","華新第一29購01","0.00","","1605","華新","46.60","＋","認購","美式","111年09月26日","111年09月26日","112年09月21日","112年09月25日","0.081","    47.88","","",
="085781","華航第一2B購01","0.48","","2610","華航","21.65","＋","認購","美式","111年09月26日","111年09月26日","112年11月23日","112年11月27日","0.13","    23.84","","",
="085806","華新統一29購01","0.00","","1605","華新","46.60","＋","認購","美式","111年09月26日","111年09月26日","112年09月21日","112年09月25日","0.12","    61.68","","",
="08580P","中砂國票25售01","0.00","","1560","中砂","114.50","－","認售","歐式","111年09月01日","112年05月31日","112年05月29日","112年05月31日","0.278","    80.00","","",
="085812","T50反1元大27購03","0.00","",="00632R","元大台灣50反1","4.94","－","認購","美式","111年09月26日","111年09月26日","112年07月21日","112年07月25日","1.00","    5.80","","",
="085813","滬深2X元大27購03","0.00","",="00637L","元大滬深300正2","13.77","－","認購","美式","111年09月26日","111年09月26日","112年07月21日","112年07月25日","0.60","    19.50","","",
="085817","金像電元大28購01","1.61","＋","2368","金像電","121.50","","認購","美式","111年09月26日","111年09月26日","112年08月23日","112年08月25日","0.124","    130.39","","",
="085826","智原元大28購01","0.95","＋","3035","智原","173.50","＋","認購","美式","111年09月26日","111年09月26日","112年08月23日","112年08月25日","0.05","    201.00","","",
="085835","中興電凱基27購01","0.00","","1513","中興電","113.50","＋","認購","美式","111年09月26日","111年09月26日","112年07月21日","112年07月25日","0.35","    90.00","","",
="085836","華新凱基28購01","0.88","＋","1605","華新","46.60","＋","認購","美式","111年09月26日","111年09月26日","112年08月23日","112年08月25日","0.80","    60.00","","",
="085841","宏達電凱基26購03","0.00","","2498","宏達電","61.50","＋","認購","美式","111年09月26日","111年09月26日","112年06月20日","112年06月26日","0.144","    75.00","","",
="085847","揚明光凱基27購01","0.00","","3504","揚明光","81.70","＋","認購","美式","111年09月26日","111年09月26日","112年07月21日","112年07月25日","0.08","    150.00","","",
="085848","中磊凱基27購01","0.00","","5388","中磊","93.30","＋","認購","美式","111年09月26日","111年09月26日","112年07月21日","112年07月25日","0.158","    104.75","","",
="085852","臺股指凱基29購01","0.00","","IX0001","臺股指數","16,636.30","","認購","歐式","111年09月26日","112年09月25日","112年09月21日","112年09月25日","0.003","    14,500.00","","",
="085853","臺股指凱基29購02","1.02","＋","IX0001","臺股指數","16,636.30","","認購","歐式","111年09月26日","112年09月25日","112年09月21日","112年09月25日","0.08","    20,888.00","","",
="085857","智易元富26購01","0.00","","3596","智易","115.00","＋","認購","美式","111年09月26日","111年09月26日","112年06月20日","112年06月26日","0.15","    150.00","","",
="085861","愛普元富26購01","0.00","","6531","愛普*","328.50","＋","認購","美式","111年09月26日","111年09月26日","112年06月20日","112年06月26日","0.073","    200.00","","",
="085866","陽明第一2A購01","0.00","","2609","陽明","62.00","＋","認購","美式","111年09月27日","111年09月27日","112年10月24日","112年10月26日","0.048","    66.50","","",
="085879","長榮中信26購01","0.00","","2603","長榮","157.00","＋","認購","歐式","111年09月27日","112年06月26日","112年06月20日","112年06月26日","0.12","    233.50","","",
="085889","聯發科統一27購01","0.00","","2454","聯發科","738.00","＋","認購","美式","111年09月27日","111年09月27日","112年07月24日","112年07月26日","0.012","    665.00","","",
="085890","聯發科統一29購02","1.92","","2454","聯發科","738.00","＋","認購","美式","111年09月27日","111年09月27日","112年09月22日","112年09月26日","0.01","    588.88","","",
="085891","長榮統一29購02","0.35","","2603","長榮","157.00","＋","認購","美式","111年09月27日","111年09月27日","112年09月22日","112年09月26日","0.033","    173.16","","",
="085902","南電統一29購01","0.00","","8046","南電","302.50","－","認購","美式","111年09月27日","111年09月27日","112年09月22日","112年09月26日","0.02","    216.88","","",
="085922","正文永豐26購01","0.12","","4906","正文","31.40","＋","認購","美式","111年09月27日","111年09月27日","112年06月20日","112年06月26日","0.187","    33.74","","",
="085924","東鹼元富26購01","0.00","","1708","東鹼","36.40","＋","認購","美式","111年09月27日","111年09月27日","112年06月20日","112年06月26日","0.135","    61.00","","",
="085926","長榮元富26購04","0.00","","2603","長榮","157.00","＋","認購","美式","111年09月27日","111年09月27日","112年06月20日","112年06月26日","0.059","    160.00","","",
="085929","華航元富26購01","0.00","","2610","華航","21.65","＋","認購","美式","111年09月27日","111年09月27日","112年06月20日","112年06月26日","0.50","    33.00","","",
="085930","元晶元富29購01","0.15","","6443","元晶","36.20","＋","認購","美式","111年09月27日","111年09月27日","112年09月22日","112年09月26日","0.17","    55.00","","",
="085933","中興電凱基28購01","0.00","","1513","中興電","113.50","＋","認購","美式","111年09月27日","111年09月27日","112年08月24日","112年08月28日","0.20","    75.00","","",
="085937","金像電凱基29購01","1.52","＋","2368","金像電","121.50","","認購","美式","111年09月27日","111年09月27日","112年09月22日","112年09月26日","0.155","    135.22","","",
="085939","長榮凱基29購02","0.74","＋","2603","長榮","157.00","＋","認購","美式","111年09月27日","111年09月27日","112年09月22日","112年09月26日","0.08","    170.00","","",
="085941","大立光凱基29購01","3.97","＋","3008","大立光","2,305.00","＋","認購","美式","111年09月27日","111年09月27日","112年09月22日","112年09月26日","0.01","    2,058.27","","",
="085943","智原凱基29購01","1.13","＋","3035","智原","173.50","＋","認購","美式","111年09月27日","111年09月27日","112年09月22日","112年09月26日","0.08","    220.00","","",
="085945","世芯凱基29購01","0.00","","3661","世芯-KY","1,660.00","＋","認購","美式","111年09月27日","111年09月27日","112年09月22日","112年09月26日","0.008","    1,400.00","","",
="085946","中磊凱基29購01","0.27","","5388","中磊","93.30","＋","認購","美式","111年09月27日","111年09月27日","112年09月22日","112年09月26日","0.105","    128.56","","",
="085947","啟碁凱基29購01","1.05","","6285","啟碁","87.50","＋","認購","美式","111年09月27日","111年09月27日","112年09月22日","112年09月26日","0.207","    107.00","","",
="085948","緯穎凱基29購01","4.50","＋","6669","緯穎","1,205.00","＋","認購","美式","111年09月27日","111年09月27日","112年09月22日","112年09月26日","0.015","    950.00","","",
="085950","威鋒電凱基29購01","0.74","","6756","威鋒電子","223.00","＋","認購","美式","111年09月27日","111年09月27日","112年09月22日","112年09月26日","0.04","    261.40","","",
="085951","力積電凱基29購02","0.00","","6770","力積電","30.85","＋","認購","美式","111年09月27日","111年09月27日","112年09月22日","112年09月26日","1.009","    44.61","","",
="085953","臺股指凱基29購05","0.00","","IX0001","臺股指數","16,636.30","","認購","歐式","111年09月27日","112年09月26日","112年09月22日","112年09月26日","0.003","    14,000.00","","",
="085954","臺股指凱基29購06","0.00","","IX0001","臺股指數","16,636.30","","認購","歐式","111年09月27日","112年09月26日","112年09月22日","112年09月26日","0.012","    17,200.00","","",
="085956","鴻海麥證26購01","0.01","","2317","鴻海","105.50","＋","認購","歐式","111年09月27日","112年06月26日","112年06月20日","112年06月26日","0.50","    138.00","","",
="085959","T50反1元大26購04","0.00","",="00632R","元大台灣50反1","4.94","－","認購","美式","111年09月27日","111年09月27日","112年06月20日","112年06月26日","1.00","    6.00","","",
="085970","萬海元大26購02","0.00","","2615","萬海","60.00","＋","認購","美式","111年09月27日","111年09月27日","112年06月20日","112年06月26日","0.10","    85.00","","",
="08597P","臺股指元大25售42","0.00","","IX0001","臺股指數","16,636.30","","認售","歐式","111年09月01日","112年05月31日","112年05月29日","112年05月31日","0.002","    14,100.00","","",
="08599P","臺股指元大25售44","0.00","","IX0001","臺股指數","16,636.30","","認售","歐式","111年09月01日","112年05月31日","112年05月29日","112年05月31日","0.002","    12,700.00","","",
="086028","金像電統一27購01","0.33","－","2368","金像電","121.50","","認購","美式","111年09月28日","111年09月28日","112年07月25日","112年07月27日","0.031","    144.88","","",
="086029","金像電統一27購02","0.47","","2368","金像電","121.50","","認購","美式","111年09月28日","111年09月28日","112年07月25日","112年07月27日","0.03","    124.48","","",
="086030","技嘉統一27購01","0.00","","2376","技嘉","186.00","＋","認購","美式","111年09月28日","111年09月28日","112年07月25日","112年07月27日","0.055","    108.88","","",
="086031","飛宏統一26購01","2.50","","2457","飛宏","76.40","＋","認購","美式","111年09月28日","111年09月28日","112年06月21日","112年06月27日","0.12","    56.66","","",
="086033","長榮統一26購11","0.45","＋","2603","長榮","157.00","＋","認購","美式","111年09月28日","111年09月28日","112年06月21日","112年06月27日","0.05","    154.50","","",
="086034","長榮統一26購12","0.00","","2603","長榮","157.00","＋","認購","美式","111年09月28日","111年09月28日","112年06月21日","112年06月27日","0.035","    163.00","","",
="086035","長榮統一28購01","0.00","","2603","長榮","157.00","＋","認購","美式","111年09月28日","111年09月28日","112年08月24日","112年08月28日","0.04","    165.90","","",
="086036","長榮統一29購03","1.19","＋","2603","長榮","157.00","＋","認購","美式","111年09月28日","111年09月28日","112年09月25日","112年09月27日","0.023","    111.11","","",
="086038","陽明統一26購07","0.00","","2609","陽明","62.00","＋","認購","美式","111年09月28日","111年09月28日","112年06月21日","112年06月27日","0.08","    70.00","","",
="086039","陽明統一29購02","1.17","－","2609","陽明","62.00","＋","認購","美式","111年09月28日","111年09月28日","112年09月25日","112年09月27日","0.076","    50.00","","",
="086044","欣興統一29購01","0.00","","3037","欣興","182.50","－","認購","美式","111年09月28日","111年09月28日","112年09月25日","112年09月27日","0.03","    111.68","","",
="086045","景碩統一29購01","0.00","","3189","景碩","116.00","＋","認購","美式","111年09月28日","111年09月28日","112年09月25日","112年09月27日","0.03","    88.88","","",
="086046","健策統一26購01","0.80","","3653","健策","616.00","＋","認購","美式","111年09月28日","111年09月28日","112年06月21日","112年06月27日","0.007","    528.88","","",
="086080","陽明元大26購02","0.00","","2609","陽明","62.00","＋","認購","美式","111年09月28日","111年09月28日","112年06月21日","112年06月27日","0.20","    72.60","","",
="086082","萬海元大26購03","0.00","","2615","萬海","60.00","＋","認購","美式","111年09月28日","111年09月28日","112年06月21日","112年06月27日","0.136","    77.50","","",
="086094","香港2X凱基27購01","0.22","－",="00650L","FH香港正2","11.60","＋","認購","美式","111年09月28日","111年09月28日","112年07月25日","112年07月27日","1.00","    14.50","","",
="086095","台聚凱基27購01","0.00","","1304","台聚","22.85","＋","認購","美式","111年09月28日","111年09月28日","112年07月25日","112年07月27日","1.00","    27.00","","",
="086096","亞德客凱基27購01","3.05","＋","1590","亞德客-KY","1,040.00","＋","認購","美式","111年09月28日","111年09月28日","112年07月25日","112年07月27日","0.022","    1,000.00","","",
="086097","台肥凱基27購01","0.58","＋","1722","台肥","59.90","＋","認購","美式","111年09月28日","111年09月28日","112年07月25日","112年07月27日","0.25","    70.00","","",
="086098","中鋼構凱基27購01","0.00","","2013","中鋼構","57.70","＋","認購","美式","111年09月28日","111年09月28日","112年07月25日","112年07月27日","0.30","    65.00","","",
="08609P","台灣50中信26售01","0.00","",="0050","元大台灣50","126.75","＋","認售","歐式","111年09月02日","112年06月01日","112年05月30日","112年06月01日","0.397","    86.92","","",
="086100","鴻準凱基27購01","0.59","＋","2354","鴻準","54.20","＋","認購","美式","111年09月28日","111年09月28日","112年07月25日","112年07月27日","1.00","    65.00","","",
="086101","金像電凱基26購01","0.38","－","2368","金像電","121.50","","認購","美式","111年09月28日","111年09月28日","112年06月21日","112年06月27日","0.186","    144.88","","",
="086111","台灣50富邦26購01","0.00","",="0050","元大台灣50","126.75","＋","認購","美式","111年09月28日","111年09月28日","112年06月21日","112年06月27日","0.205","    107.58","","",
="086113","長榮富邦27購02","0.53","","2603","長榮","157.00","＋","認購","美式","111年09月28日","111年09月28日","112年07月25日","112年07月27日","0.02","    135.00","","",
="086114","欣興富邦26購02","1.80","－","3037","欣興","182.50","－","認購","美式","111年09月28日","111年09月28日","112年06月21日","112年06月27日","0.06","    160.00","","",
="086115","欣興富邦27購01","0.00","","3037","欣興","182.50","－","認購","美式","111年09月28日","111年09月28日","112年07月25日","112年07月27日","0.025","    120.00","","",
="086116","玉晶光富邦26購01","0.00","","3406","玉晶光","400.00","＋","認購","美式","111年09月28日","111年09月28日","112年06月21日","112年06月27日","0.01","    460.00","","",
="086118","南電富邦26購02","0.00","","8046","南電","302.50","－","認購","美式","111年09月28日","111年09月28日","112年06月21日","112年06月27日","0.016","    190.00","","",
="086119","台積電第一29購01","0.00","","2330","台積電","568.00","＋","認購","美式","111年09月29日","111年09月29日","112年09月26日","112年09月28日","0.013","    459.22","","",
="086120","金像電第一29購01","0.00","","2368","金像電","121.50","","認購","美式","111年09月29日","111年09月29日","112年09月26日","112年09月28日","0.031","    98.37","","",
="086121","長榮第一28購03","0.64","","2603","長榮","157.00","＋","認購","美式","111年09月29日","111年09月29日","112年08月24日","112年08月28日","0.022","    148.41","","",
="086134","晶心科國票26購01","0.98","＋","6533","晶心科","511.00","＋","認購","美式","111年09月29日","111年09月29日","112年06月26日","112年06月28日","0.017","    480.00","","",
="086145","T50反1群益27購01","0.00","",="00632R","元大台灣50反1","4.94","－","認購","美式","111年09月29日","111年09月29日","112年07月26日","112年07月28日","1.00","    6.50","","",
="086155","中興電統一27購01","0.00","","1513","中興電","113.50","＋","認購","美式","111年09月29日","111年09月29日","112年07月26日","112年07月28日","0.09","    88.88","","",
="086156","中砂統一26購01","0.00","","1560","中砂","114.50","－","認購","美式","111年09月29日","111年09月29日","112年06月26日","112年06月28日","0.03","    136.66","","",
="086157","長榮統一26購13","0.00","","2603","長榮","157.00","＋","認購","美式","111年09月29日","111年09月29日","112年06月26日","112年06月28日","0.035","    145.00","","",
="086158","長榮統一29購04","0.00","","2603","長榮","157.00","＋","認購","美式","111年09月29日","111年09月29日","112年09月26日","112年09月28日","0.035","    160.05","","",
="086159","陽明統一26購08","0.00","","2609","陽明","62.00","＋","認購","美式","111年09月29日","111年09月29日","112年06月26日","112年06月28日","0.088","    60.00","","",
="086160","萬海統一26購06","0.00","","2615","萬海","60.00","＋","認購","美式","111年09月29日","111年09月29日","112年06月26日","112年06月28日","0.088","    70.00","","",
="086161","欣興統一26購02","0.00","","3037","欣興","182.50","－","認購","美式","111年09月29日","111年09月29日","112年06月26日","112年06月28日","0.032","    120.00","","",
="086162","欣興統一29購02","0.00","","3037","欣興","182.50","－","認購","美式","111年09月29日","111年09月29日","112年09月26日","112年09月28日","0.04","    129.80","","",
="086163","景碩統一29購02","1.22","＋","3189","景碩","116.00","＋","認購","美式","111年09月29日","111年09月29日","112年09月26日","112年09月28日","0.05","    101.86","","",
="086164","健策統一26購02","1.36","＋","3653","健策","616.00","＋","認購","美式","111年09月29日","111年09月29日","112年06月26日","112年06月28日","0.007","    426.08","","",
="086176","欣興元富26購01","0.00","","3037","欣興","182.50","－","認購","美式","111年09月29日","111年09月29日","112年06月26日","112年06月28日","0.05","    125.00","","",
="086177","世芯元富26購02","0.00","","3661","世芯-KY","1,660.00","＋","認購","美式","111年09月29日","111年09月29日","112年06月26日","112年06月28日","0.009","    1,000.00","","",
="08617P","鉅祥群益26售01","0.00","","2476","鉅祥","50.40","＋","認售","歐式","111年09月02日","112年06月01日","112年05月30日","112年06月01日","0.15","    50.00","","",
="086184","臺股指麥證29購02","0.00","","IX0001","臺股指數","16,636.30","","認購","歐式","111年09月29日","112年09月28日","112年09月26日","112年09月28日","0.003","    13,888.00","","",
="086187","台灣50凱基27購03","6.40","",="0050","元大台灣50","126.75","＋","認購","美式","111年09月29日","111年09月29日","112年07月26日","112年07月28日","0.716","    120.29","","",
="086188","元油反凱基28購02","0.41","－",="00673R","期元大S&P原油反1(原名：元大S&P原油反1)","9.03","－","認購","美式","111年09月29日","111年09月29日","112年08月24日","112年08月28日","1.00","    11.00","","",
="086208","T50反1元大26購05","0.00","",="00632R","元大台灣50反1","4.94","－","認購","美式","111年09月29日","111年09月29日","112年06月26日","112年06月28日","1.00","    6.10","","",
="086210","SGBR2X元大26購01","0.00","",="00715L","期街口布蘭特正2","12.73","＋","認購","美式","111年09月29日","111年09月29日","112年06月26日","112年06月28日","0.25","    16.50","","",
="086240","欣興第一26購03","0.00","","3037","欣興","182.50","－","認購","美式","111年09月30日","111年09月30日","112年06月27日","112年06月29日","0.03","    129.68","","",
="086241","南電第一26購02","0.00","","8046","南電","302.50","－","認購","美式","111年09月30日","111年09月30日","112年06月27日","112年06月29日","0.018","    210.00","","",
="086283","聯強凱基27購01","1.85","－","2347","聯強","64.40","－","認購","美式","111年09月30日","111年09月30日","112年07月27日","112年07月31日","1.00","    70.00","","",
="086287","國產凱基27購01","0.54","","2504","國產","28.90","＋","認購","美式","111年09月30日","111年09月30日","112年07月27日","112年07月31日","1.00","    36.00","","",
="08628P","臺股指凱基26售15","0.00","","IX0001","臺股指數","16,636.30","","認售","歐式","111年09月02日","112年06月01日","112年05月30日","112年06月01日","0.003","    13,200.00","","",
="086290","長榮航凱基28購01","1.34","＋","2618","長榮航","33.60","＋","認購","美式","111年09月30日","111年09月30日","112年08月25日","112年08月29日","0.40","    34.00","","",
="086295","文曄凱基27購01","0.60","＋","3036","文曄","66.60","","認購","美式","111年09月30日","111年09月30日","112年07月27日","112年07月31日","0.50","    85.00","","",
="086301","聯電統一2A購01","3.57","＋","2303","聯電","51.20","＋","認購","美式","111年09月30日","111年09月30日","112年09月27日","112年10月02日","0.20","    35.00","","",
="086303","台積電統一2A購01","0.00","","2330","台積電","568.00","＋","認購","美式","111年09月30日","111年09月30日","112年09月27日","112年10月02日","0.018","    395.57","","",
="086305","聯發科統一2A購01","3.01","＋","2454","聯發科","738.00","＋","認購","美式","111年09月30日","111年09月30日","112年09月27日","112年10月02日","0.015","    555.55","","",
="086308","長榮統一27購04","0.52","＋","2603","長榮","157.00","＋","認購","美式","111年09月30日","111年09月30日","112年07月27日","112年07月31日","0.05","    156.57","","",
="086309","長榮統一2A購01","0.00","","2603","長榮","157.00","＋","認購","美式","111年09月30日","111年09月30日","112年09月27日","112年10月02日","0.08","    168.85","","",
="086310","陽明統一27購04","0.46","＋","2609","陽明","62.00","＋","認購","美式","111年09月30日","111年09月30日","112年07月27日","112年07月31日","0.15","    65.08","","",
="086311","萬海統一27購02","0.17","","2615","萬海","60.00","＋","認購","美式","111年09月30日","111年09月30日","112年07月27日","112年07月31日","0.12","    72.42","","",
="086312","欣興統一27購02","0.00","","3037","欣興","182.50","－","認購","美式","111年09月30日","111年09月30日","112年07月27日","112年07月31日","0.026","    101.11","","",
="086314","元晶統一26購01","0.10","","6443","元晶","36.20","＋","認購","美式","111年09月30日","111年09月30日","112年06月27日","112年06月29日","0.13","    40.55","","",
="086318","台積電元富26購03","1.45","＋","2330","台積電","568.00","＋","認購","美式","111年09月30日","111年09月30日","112年06月27日","112年06月29日","0.02","    494.46","","",
="086319","台積電元富26購04","0.00","","2330","台積電","568.00","＋","認購","美式","111年09月30日","111年09月30日","112年06月27日","112年06月29日","0.05","    642.80","","",
="086320","台積電元富26購05","0.00","","2330","台積電","568.00","＋","認購","美式","111年09月30日","111年09月30日","112年06月27日","112年06月29日","0.03","    543.91","","",
="086351","惠特元大26購01","0.00","","6706","惠特","82.70","＋","認購","美式","111年09月30日","111年09月30日","112年06月27日","112年06月29日","0.12","    120.00","","",
="086357","台積電麥證2A購01","4.75","＋","2330","台積電","568.00","＋","認購","歐式","111年09月30日","112年10月02日","112年09月27日","112年10月02日","0.08","    548.85","","",
="086362","台積電富邦26購07","2.32","＋","2330","台積電","568.00","＋","認購","美式","111年09月30日","111年09月30日","112年06月27日","112年06月29日","0.03","    494.46","","",
="086363","旺宏富邦27購01","0.59","＋","2337","旺宏","33.40","＋","認購","美式","111年09月30日","111年09月30日","112年07月27日","112年07月31日","0.30","    33.30","","",
="086365","國泰金富邦26購01","1.23","＋","2882","國泰金","44.75","＋","認購","美式","111年09月30日","111年09月30日","112年06月27日","112年06月29日","0.284","    41.35","","",
="086369","聯強永豐26購01","0.00","","2347","聯強","64.40","－","認購","美式","111年10月03日","111年10月03日","112年05月31日","112年06月02日","0.26","    60.72","","",
="086370","長榮永豐26購01","0.00","","2603","長榮","157.00","＋","認購","美式","111年10月03日","111年10月03日","112年05月31日","112年06月02日","0.038","    144.00","","",
="086376","乙盛永豐26購01","0.00","","5243","乙盛-KY","83.70","＋","認購","美式","111年10月03日","111年10月03日","112年05月31日","112年06月02日","0.16","    61.82","","",
="086377","松翰永豐26購01","0.00","","5471","松翰","51.10","＋","認購","美式","111年10月03日","111年10月03日","112年05月31日","112年06月02日","0.135","    52.08","","",
="086378","精成科永豐26購01","0.00","","6191","精成科","39.75","＋","認購","美式","111年10月03日","111年10月03日","112年05月31日","112年06月02日","0.315","    27.32","","",
="086381","達方永豐26購01","0.00","","8163","達方","47.10","＋","認購","美式","111年10月03日","111年10月03日","112年05月31日","112年06月02日","0.245","    42.73","","",
="086384","台灣50國票26購01","0.00","",="0050","元大台灣50","126.75","＋","認購","美式","111年10月03日","111年10月03日","112年05月31日","112年06月02日","0.46","    110.02","","",
="086386","T50反1國票26購01","0.00","",="00632R","元大台灣50反1","4.94","－","認購","美式","111年10月03日","111年10月03日","112年05月31日","112年06月02日","1.00","    6.20","","",
="086387","T50反1國票27購02","0.01","",="00632R","元大台灣50反1","4.94","－","認購","美式","111年10月03日","111年10月03日","112年06月29日","112年07月03日","1.00","    6.30","","",
="086388","T50反1國票28購01","0.00","",="00632R","元大台灣50反1","4.94","－","認購","美式","111年10月03日","111年10月03日","112年07月31日","112年08月02日","1.00","    6.40","","",
="086389","T50反1國票29購01","0.00","",="00632R","元大台灣50反1","4.94","－","認購","美式","111年10月03日","111年10月03日","112年08月31日","112年09月04日","1.00","    6.50","","",
="086390","T50反1國票2A購01","0.00","",="00632R","元大台灣50反1","4.94","－","認購","美式","111年10月03日","111年10月03日","112年09月27日","112年10月02日","1.00","    6.70","","",
="086410","上緯控群益26購01","0.01","","3708","上緯投控","96.50","－","認購","美式","111年10月03日","111年10月03日","112年05月31日","112年06月02日","0.054","    108.00","","",
="086422","玉晶光中信26購01","0.00","","3406","玉晶光","400.00","＋","認購","歐式","111年10月03日","112年06月02日","112年05月31日","112年06月02日","0.018","    352.00","","",
="086424","高股息國泰26購01","0.00","",="0056","元大高股息","30.65","＋","認購","美式","111年10月03日","111年10月03日","112年05月31日","112年06月02日","1.088","    25.63","","",
="086429","台積電統一28購02","4.23","＋","2330","台積電","568.00","＋","認購","美式","111年10月03日","111年10月03日","112年07月31日","112年08月02日","0.038","    464.80","","",
="086430","宏達電統一26購01","0.00","","2498","宏達電","61.50","＋","認購","美式","111年10月03日","111年10月03日","112年05月31日","112年06月02日","0.125","    53.88","","",
="086431","長榮統一2A購02","0.84","＋","2603","長榮","157.00","＋","認購","美式","111年10月03日","111年10月03日","112年09月27日","112年10月02日","0.03","    135.00","","",
="086432","大立光統一27購01","0.00","","3008","大立光","2,305.00","＋","認購","美式","111年10月03日","111年10月03日","112年06月29日","112年07月03日","0.004","    1,935.76","","",
="086433","鴻海兆豐27購02","0.24","","2317","鴻海","105.50","＋","認購","美式","111年10月03日","111年10月03日","112年06月29日","112年07月03日","0.08","    105.00","","",
="086434","台積電兆豐27購01","3.91","＋","2330","台積電","568.00","＋","認購","美式","111年10月03日","111年10月03日","112年06月29日","112年07月03日","0.035","    457.87","","",
="086436","晶豪科兆豐26購01","0.00","","3006","晶豪科","88.20","＋","認購","美式","111年10月03日","111年10月03日","112年05月31日","112年06月02日","0.11","    62.80","","",
="086437","元日2X元富27購01","0.00","",="00706L","期元大S&P日圓正2(原名：元大S&P日圓正2)","8.72","－","認購","美式","111年10月03日","111年10月03日","112年06月29日","112年07月03日","0.89","    8.50","","",
="086449","新光金麥證26購01","0.00","","2888","新光金","8.63","＋","認購","歐式","111年10月03日","112年06月02日","112年05月31日","112年06月02日","1.00","    8.28","","",
="08644P","聯電群益26售03","0.00","","2303","聯電","51.20","＋","認售","歐式","111年09月05日","112年06月05日","112年06月01日","112年06月05日","1.00","    30.00","","",
="086451","道瓊2X凱基28購01","0.00","",="00852L","國泰美國道瓊正2","18.51","＋","認購","美式","111年10月03日","111年10月03日","112年07月31日","112年08月02日","0.20","    16.00","","",
="086452","國喬凱基26購01","0.36","","1312","國喬","19.00","＋","認購","美式","111年10月03日","111年10月03日","112年05月31日","112年06月02日","1.00","    19.00","","",
="086453","台化凱基28購01","0.34","","1326","台化","69.40","＋","認購","美式","111年10月03日","111年10月03日","112年07月31日","112年08月02日","0.50","    85.00","","",
="086454","華榮凱基28購01","7.35","－","1608","華榮","23.20","－","認購","美式","111年10月03日","111年10月03日","112年07月31日","112年08月02日","1.00","    16.00","","",
="086455","台肥凱基26購01","0.00","","1722","台肥","59.90","＋","認購","美式","111年10月03日","111年10月03日","112年05月31日","112年06月02日","0.30","    80.00","","",
="086456","第一銅凱基26購01","0.00","","2009","第一銅","32.10","＋","認購","美式","111年10月03日","111年10月03日","112年05月31日","112年06月02日","0.50","    30.00","","",
="086457","南帝凱基26購01","0.00","","2108","南帝","38.05","－","認購","美式","111年10月03日","111年10月03日","112年05月31日","112年06月02日","0.42","    47.61","","",
="086459","金寶凱基26購01","0.00","","2312","金寶","13.50","＋","認購","美式","111年10月03日","111年10月03日","112年05月31日","112年06月02日","1.00","    17.00","","",
="086462","台積電凱基27購09","0.00","","2330","台積電","568.00","＋","認購","美式","111年10月03日","111年10月03日","112年06月29日","112年07月03日","0.252","    613.13","","",
="086463","台積電凱基28購05","0.00","","2330","台積電","568.00","＋","認購","美式","111年10月03日","111年10月03日","112年07月31日","112年08月02日","0.07","    464.80","","",
="086464","台積電凱基3A購01","0.00","","2330","台積電","568.00","＋","認購","美式","111年10月03日","111年10月03日","113年09月30日","113年10月02日","0.06","    642.80","","",
="086466","中工凱基28購01","1.52","－","2515","中工","10.25","＋","認購","美式","111年10月03日","111年10月03日","112年07月31日","112年08月02日","1.00","    9.00","","",
="086467","皇翔凱基26購01","0.00","","2545","皇翔","46.30","＋","認購","美式","111年10月03日","111年10月03日","112年05月31日","112年06月02日","0.50","    50.00","","",
="086474","建漢凱基28購01","0.33","＋","3062","建漢","22.45","＋","認購","美式","111年10月03日","111年10月03日","112年07月31日","112年08月02日","0.50","    30.00","","",
="086475","世芯凱基26購02","0.00","","3661","世芯-KY","1,660.00","＋","認購","美式","111年10月03日","111年10月03日","112年05月31日","112年06月02日","0.02","    1,100.00","","",
="086477","正文凱基28購01","1.86","＋","4906","正文","31.40","＋","認購","美式","111年10月03日","111年10月03日","112年07月31日","112年08月02日","0.41","    28.00","","",
="086478","同欣電凱基26購01","0.00","","6271","同欣電","179.50","＋","認購","美式","111年10月03日","111年10月03日","112年05月31日","112年06月02日","0.109","    221.08","","",
="08647P","友達群益26售02","0.00","","2409","友達","17.65","＋","認售","歐式","111年09月05日","112年06月05日","112年06月01日","112年06月05日","0.926","    13.50","","",
="086480","緯穎凱基26購01","0.00","","6669","緯穎","1,205.00","＋","認購","美式","111年10月03日","111年10月03日","112年05月31日","112年06月02日","0.015","    800.00","","",
="086481","惠特凱基28購01","0.00","","6706","惠特","82.70","＋","認購","美式","111年10月03日","111年10月03日","112年07月31日","112年08月02日","0.127","    120.00","","",
="086486","臺股指凱基26購24","0.00","","IX0001","臺股指數","16,636.30","","認購","歐式","111年10月03日","112年06月02日","112年05月31日","112年06月02日","0.002","    13,000.00","","",
="086487","臺股指凱基2A購01","3.23","＋","IX0001","臺股指數","16,636.30","","認購","歐式","111年10月03日","112年10月02日","112年09月27日","112年10月02日","0.03","    18,500.00","","",
="086488","臺股指凱基2A購02","3.73","＋","IX0001","臺股指數","16,636.30","","認購","歐式","111年10月03日","112年10月02日","112年09月27日","112年10月02日","0.05","    19,500.00","","",
="086489","臺股指凱基2A購03","0.00","","IX0001","臺股指數","16,636.30","","認購","歐式","111年10月03日","112年10月02日","112年09月27日","112年10月02日","0.018","    17,500.00","","",
="086524","臺股指元大26購09","0.00","","IX0001","臺股指數","16,636.30","","認購","歐式","111年10月03日","112年06月02日","112年05月31日","112年06月02日","0.001","    13,800.00","","",
="086525","臺股指元大26購10","0.00","","IX0001","臺股指數","16,636.30","","認購","歐式","111年10月03日","112年06月02日","112年05月31日","112年06月02日","0.001","    13,600.00","","",
="086526","聯電富邦26購01","0.00","","2303","聯電","51.20","＋","認購","美式","111年10月03日","111年10月03日","112年05月31日","112年06月02日","0.20","    37.50","","",
="086527","鴻海富邦26購01","0.00","","2317","鴻海","105.50","＋","認購","美式","111年10月03日","111年10月03日","112年05月31日","112年06月02日","0.15","    110.00","","",
="086529","陽明富邦27購01","0.27","＋","2609","陽明","62.00","＋","認購","美式","111年10月03日","111年10月03日","112年06月29日","112年07月03日","0.08","    65.00","","",
="086532","台聚永豐26購01","0.00","","1304","台聚","22.85","＋","認購","美式","111年10月04日","111年10月04日","112年06月01日","112年06月05日","0.37","    23.17","","",
="086535","台肥永豐26購01","0.11","","1722","台肥","59.90","＋","認購","美式","111年10月04日","111年10月04日","112年06月01日","112年06月05日","0.19","    62.67","","",
="086536","中碳永豐26購01","0.00","","1723","中碳","113.00","","認購","美式","111年10月04日","111年10月04日","112年06月01日","112年06月05日","0.045","    117.70","","",
="086537","寶齡永豐26購01","0.00","","1760","寶齡富錦","148.50","","認購","美式","111年10月04日","111年10月04日","112年06月01日","112年06月05日","0.045","    170.00","","",
="086542","大立光永豐26購01","0.00","","3008","大立光","2,305.00","＋","認購","美式","111年10月04日","111年10月04日","112年06月01日","112年06月05日","0.005","    1,764.23","","",
="086547","元晶永豐26購01","0.00","","6443","元晶","36.20","＋","認購","美式","111年10月04日","111年10月04日","112年06月01日","112年06月05日","0.18","    39.90","","",
="086549","T50反1兆豐2C購01","0.01","",="00632R","元大台灣50反1","4.94","－","認購","美式","111年10月04日","111年10月04日","112年11月30日","112年12月04日","1.00","    6.80","","",
="086550","世紀鋼兆豐26購01","0.00","","9958","世紀鋼","109.50","＋","認購","美式","111年10月04日","111年10月04日","112年06月01日","112年06月05日","0.12","    65.80","","",
="086553","T50反1群益28購03","0.00","",="00632R","元大台灣50反1","4.94","－","認購","美式","111年10月04日","111年10月04日","112年08月01日","112年08月03日","1.00","    6.80","","",
="086568","華新法興26購01","0.00","","1605","華新","46.60","＋","認購","歐式","111年10月04日","112年06月05日","112年06月01日","112年06月05日","0.20","    40.00","","",
="086571","T50反1國泰26購01","0.00","",="00632R","元大台灣50反1","4.94","－","認購","美式","111年10月04日","111年10月04日","112年06月01日","112年06月05日","1.00","    6.45","","",
="086572","長榮國泰26購01","0.00","","2603","長榮","157.00","＋","認購","美式","111年10月04日","111年10月04日","112年06月01日","112年06月05日","0.10","    160.00","","",
="086573","長榮國泰26購02","0.09","","2603","長榮","157.00","＋","認購","美式","111年10月04日","111年10月04日","112年06月01日","112年06月05日","0.10","    170.00","","",
="086574","長榮國泰26購03","0.89","","2603","長榮","157.00","＋","認購","美式","111年10月04日","111年10月04日","112年06月01日","112年06月05日","0.10","    150.00","","",
="086575","陽明國泰26購02","0.00","","2609","陽明","62.00","＋","認購","美式","111年10月04日","111年10月04日","112年06月01日","112年06月05日","0.15","    63.00","","",
="086576","陽明國泰26購03","0.00","","2609","陽明","62.00","＋","認購","美式","111年10月04日","111年10月04日","112年06月01日","112年06月05日","0.20","    67.00","","",
="086577","長榮航國泰26購02","0.00","","2618","長榮航","33.60","＋","認購","美式","111年10月04日","111年10月04日","112年06月01日","112年06月05日","0.35","    30.60","","",
="086578","欣興國泰26購01","0.00","","3037","欣興","182.50","－","認購","美式","111年10月04日","111年10月04日","112年06月01日","112年06月05日","0.05","    125.00","","",
="086582","臺股指國泰26購01","0.00","","IX0001","臺股指數","16,636.30","","認購","歐式","111年10月04日","112年06月05日","112年06月01日","112年06月05日","0.01","    16,500.00","","",
="086583","道瓊2X凱基2A購01","1.34","＋",="00852L","國泰美國道瓊正2","18.51","＋","認購","美式","111年10月04日","111年10月04日","112年09月28日","112年10月03日","0.40","    17.00","","",
="086584","亞德客凱基26購01","0.00","","1590","亞德客-KY","1,040.00","＋","認購","美式","111年10月04日","111年10月04日","112年06月01日","112年06月05日","0.015","    800.00","","",
="086585","中碳凱基26購01","0.00","","1723","中碳","113.00","","認購","美式","111年10月04日","111年10月04日","112年06月01日","112年06月05日","0.09","    120.00","","",
="086586","寶齡凱基27購01","0.00","","1760","寶齡富錦","148.50","","認購","美式","111年10月04日","111年10月04日","112年06月29日","112年07月03日","0.035","    140.00","","",
="086587","寶齡凱基28購01","0.00","","1760","寶齡富錦","148.50","","認購","美式","111年10月04日","111年10月04日","112年08月01日","112年08月03日","0.06","    200.00","","",
="086588","東鋼凱基26購01","0.00","","2006","東和鋼鐵","56.60","＋","認購","美式","111年10月04日","111年10月04日","112年06月01日","112年06月05日","0.318","    51.82","","",
="086591","台積電凱基27購10","0.00","","2330","台積電","568.00","＋","認購","美式","111年10月04日","111年10月04日","112年06月29日","112年07月03日","0.102","    504.35","","",
="086593","鴻準凱基26購01","0.00","","2354","鴻準","54.20","＋","認購","美式","111年10月04日","111年10月04日","112年06月01日","112年06月05日","0.45","    50.00","","",
="086596","晶華凱基26購01","0.00","","2707","晶華","288.00","＋","認購","美式","111年10月04日","111年10月04日","112年06月01日","112年06月05日","0.20","    290.00","","",
="086597","德律凱基26購01","0.04","","3030","德律","64.10","＋","認購","美式","111年10月04日","111年10月04日","112年06月01日","112年06月05日","0.35","    70.00","","",
="086598","大聯大凱基26購01","0.00","","3702","大聯大","53.00","＋","認購","美式","111年10月04日","111年10月04日","112年06月01日","112年06月05日","0.50","    55.00","","",
="086601","上海銀凱基26購01","0.00","","5876","上海商銀","45.85","＋","認購","美式","111年10月04日","111年10月04日","112年06月01日","112年06月05日","1.013","    64.17","","",
="086603","達方凱基26購01","0.00","","8163","達方","47.10","＋","認購","美式","111年10月04日","111年10月04日","112年06月01日","112年06月05日","0.30","    45.00","","",
="086617","寶齡元大26購03","0.00","","1760","寶齡富錦","148.50","","認購","美式","111年10月04日","111年10月04日","112年06月01日","112年06月05日","0.029","    160.00","","",
="086620","台積電元大28購08","0.00","","2330","台積電","568.00","＋","認購","美式","111年10月04日","111年10月04日","112年08月01日","112年08月03日","0.051","    449.97","","",
="086621","台積電元大29購04","0.00","","2330","台積電","568.00","＋","認購","美式","111年10月04日","111年10月04日","112年08月31日","112年09月04日","0.045","    440.07","","",
="086646","T50反1元富27購01","0.00","",="00632R","元大台灣50反1","4.94","－","認購","美式","111年10月04日","111年10月04日","112年06月29日","112年07月03日","1.00","    6.20","","",
="086647","寶齡元富27購01","0.00","","1760","寶齡富錦","148.50","","認購","美式","111年10月04日","111年10月04日","112年06月29日","112年07月03日","0.06","    190.00","","",
="086650","國巨元富27購01","0.00","","2327","國巨","508.00","＋","認購","美式","111年10月04日","111年10月04日","112年06月29日","112年07月03日","0.032","    448.86","","",
="086651","國巨元富27購02","0.00","","2327","國巨","508.00","＋","認購","美式","111年10月04日","111年10月04日","112年06月29日","112年07月03日","0.024","    411.45","","",
="086654","陽明元富27購01","0.00","","2609","陽明","62.00","＋","認購","美式","111年10月04日","111年10月04日","112年06月29日","112年07月03日","0.09","    80.00","","",
="086655","陽明元富27購02","0.00","","2609","陽明","62.00","＋","認購","美式","111年10月04日","111年10月04日","112年06月29日","112年07月03日","0.09","    70.00","","",
="086657","大立光元富2A購01","0.00","","3008","大立光","2,305.00","＋","認購","美式","111年10月04日","111年10月04日","112年09月28日","112年10月03日","0.01","    1,911.25","","",
="086659","寶齡富邦26購01","0.00","","1760","寶齡富錦","148.50","","認購","美式","111年10月04日","111年10月04日","112年06月01日","112年06月05日","0.03","    150.00","","",
="086660","鴻準富邦26購01","0.00","","2354","鴻準","54.20","＋","認購","美式","111年10月04日","111年10月04日","112年06月01日","112年06月05日","0.25","    50.00","","",
="086661","金像電富邦27購01","1.86","＋","2368","金像電","121.50","","認購","美式","111年10月04日","111年10月04日","112年06月29日","112年07月03日","0.072","    96.59","","",
="086662","華新科富邦27購01","0.00","","2492","華新科","101.00","＋","認購","美式","111年10月04日","111年10月04日","112年06月29日","112年07月03日","0.055","    68.00","","",
="086663","宏達電富邦26購01","0.00","","2498","宏達電","61.50","＋","認購","美式","111年10月04日","111年10月04日","112年06月01日","112年06月05日","0.06","    54.00","","",
="086664","華航富邦26購01","0.00","","2610","華航","21.65","＋","認購","美式","111年10月04日","111年10月04日","112年06月01日","112年06月05日","0.30","    18.00","","",
="086667","力積電富邦26購01","0.00","","6770","力積電","30.85","＋","認購","美式","111年10月04日","111年10月04日","112年06月01日","112年06月05日","0.202","    27.76","","",
="086669","儒鴻康和27購01","1.17","＋","1476","儒鴻","470.00","＋","認購","美式","111年10月05日","111年10月05日","112年06月30日","112年07月04日","0.03","    450.00","","",
="086672","晶華康和26購01","0.00","","2707","晶華","288.00","＋","認購","美式","111年10月05日","111年10月05日","112年06月01日","112年06月05日","0.08","    228.00","","",
="086673","美食康和26購01","0.00","","2723","美食-KY","152.50","－","認購","美式","111年10月05日","111年10月05日","112年06月01日","112年06月05日","0.08","    132.00","","",
="086674","和碩康和26購01","0.00","","4938","和碩","74.70","＋","認購","美式","111年10月05日","111年10月05日","112年06月01日","112年06月05日","0.20","    62.00","","",
="086692","儒鴻凱基26購01","0.00","","1476","儒鴻","470.00","＋","認購","美式","111年10月05日","111年10月05日","112年06月01日","112年06月05日","0.06","    500.00","","",
="086693","儒鴻凱基27購01","0.00","","1476","儒鴻","470.00","＋","認購","美式","111年10月05日","111年10月05日","112年06月30日","112年07月04日","0.03","    400.00","","",
="086695","亞德客凱基27購02","4.11","","1590","亞德客-KY","1,040.00","＋","認購","美式","111年10月05日","111年10月05日","112年06月30日","112年07月04日","0.03","    950.00","","",
="086696","亞德客凱基27購03","1.94","＋","1590","亞德客-KY","1,040.00","＋","認購","美式","111年10月05日","111年10月05日","112年06月30日","112年07月04日","0.035","    1,098.00","","",
="086698","華新凱基26購02","0.00","","1605","華新","46.60","＋","認購","美式","111年10月05日","111年10月05日","112年06月01日","112年06月05日","0.30","    43.00","","",
="086699","燁輝凱基26購01","0.26","","2023","燁輝","15.30","","認購","美式","111年10月05日","111年10月05日","112年06月01日","112年06月05日","1.00","    16.00","","",
="086702","台積電凱基27購11","0.00","","2330","台積電","568.00","＋","認購","美式","111年10月05日","111年10月05日","112年06月30日","112年07月04日","0.06","    454.91","","",
="086703","台積電凱基27購12","0.00","","2330","台積電","568.00","＋","認購","美式","111年10月05日","111年10月05日","112年06月30日","112年07月04日","0.162","    534.02","","",
="086704","可成凱基26購02","0.00","","2474","可成","189.00","＋","認購","美式","111年10月05日","111年10月05日","112年06月01日","112年06月05日","0.30","    210.00","","",
="086705","中航凱基27購01","1.45","","2612","中航","39.70","＋","認購","美式","111年10月05日","111年10月05日","112年06月30日","112年07月04日","0.40","    40.00","","",
="086706","世芯凱基26購03","0.00","","3661","世芯-KY","1,660.00","＋","認購","美式","111年10月05日","111年10月05日","112年06月01日","112年06月05日","0.025","    1,200.00","","",
="086712","聯發科兆豐27購01","0.00","","2454","聯發科","738.00","＋","認購","美式","111年10月05日","111年10月05日","112年06月30日","112年07月04日","0.015","    525.00","","",
="086715","國泰金兆豐26購01","1.12","＋","2882","國泰金","44.75","＋","認購","美式","111年10月05日","111年10月05日","112年06月01日","112年06月05日","0.305","    41.35","","",
="086717","景碩兆豐26購01","0.00","","3189","景碩","116.00","＋","認購","美式","111年10月05日","111年10月05日","112年06月01日","112年06月05日","0.06","    95.00","","",
="086718","威鋒電兆豐26購01","0.00","","6756","威鋒電子","223.00","＋","認購","美式","111年10月05日","111年10月05日","112年06月01日","112年06月05日","0.031","    183.95","","",
="086719","陽明統一2A購01","0.96","＋","2609","陽明","62.00","＋","認購","美式","111年10月05日","111年10月05日","112年10月02日","112年10月04日","0.10","    55.55","","",
="086720","長榮航統一26購02","1.29","＋","2618","長榮航","33.60","＋","認購","美式","111年10月05日","111年10月05日","112年06月01日","112年06月05日","0.20","    26.88","","",
="086721","寶齡國泰26購02","0.00","","1760","寶齡富錦","148.50","","認購","美式","111年10月05日","111年10月05日","112年06月01日","112年06月05日","0.07","    180.00","","",
="086722","台積電國泰26購01","0.00","","2330","台積電","568.00","＋","認購","美式","111年10月05日","111年10月05日","112年06月01日","112年06月05日","0.102","    449.97","","",
="086723","世芯國泰26購01","0.00","","3661","世芯-KY","1,660.00","＋","認購","美式","111年10月05日","111年10月05日","112年06月01日","112年06月05日","0.015","    1,080.00","","",
="086724","華新元大2A購01","3.73","＋","1605","華新","46.60","＋","認購","美式","111年10月05日","111年10月05日","112年10月02日","112年10月04日","0.439","    44.00","","",
="086726","台積電元大29購05","0.00","","2330","台積電","568.00","＋","認購","美式","111年10月05日","111年10月05日","112年08月31日","112年09月04日","0.199","    469.74","","",
="086727","台積電元大2A購01","0.00","","2330","台積電","568.00","＋","認購","美式","111年10月05日","111年10月05日","112年10月02日","112年10月04日","0.067","    484.08","","",
="086730","聯發科元大2A購01","16.90","＋","2454","聯發科","738.00","＋","認購","美式","111年10月05日","111年10月05日","112年10月02日","112年10月04日","0.091","    582.00","","",
="086731","長榮元大2A購01","7.10","＋","2603","長榮","157.00","＋","認購","美式","111年10月05日","111年10月05日","112年10月02日","112年10月04日","0.307","    170.00","","",
="086734","長榮航元大29購03","2.54","＋","2618","長榮航","33.60","＋","認購","美式","111年10月05日","111年10月05日","112年08月31日","112年09月04日","0.466","    30.95","","",
="086739","大立光元大29購02","6.30","＋","3008","大立光","2,305.00","＋","認購","美式","111年10月05日","111年10月05日","112年08月31日","112年09月04日","0.01","    1,729.93","","",
="086743","鴻準元富27購01","1.16","","2354","鴻準","54.20","＋","認購","美式","111年10月05日","111年10月05日","112年06月30日","112年07月04日","0.40","    55.00","","",
="086744","聯發科元富2A購01","0.00","","2454","聯發科","738.00","＋","認購","美式","111年10月05日","111年10月05日","112年10月02日","112年10月04日","0.027","    530.00","","",
="086750","鴻準麥證27購01","1.91","＋","2354","鴻準","54.20","＋","認購","歐式","111年10月05日","112年07月04日","112年06月30日","112年07月04日","0.90","    55.00","","",
="086752","上海銀麥證27購01","0.00","","5876","上海商銀","45.85","＋","認購","歐式","111年10月05日","112年07月04日","112年06月30日","112年07月04日","0.355","    54.29","","",
="086754","T50反1富邦29購02","0.00","",="00632R","元大台灣50反1","4.94","－","認購","美式","111年10月05日","111年10月05日","112年08月31日","112年09月04日","1.00","    7.00","","",
="086755","長榮富邦28購02","0.00","","2603","長榮","157.00","＋","認購","美式","111年10月05日","111年10月05日","112年08月02日","112年08月04日","0.06","    185.00","","",
="086763","宏達電群益26購01","0.01","","2498","宏達電","61.50","＋","認購","美式","111年10月05日","111年10月05日","112年06月01日","112年06月05日","0.92","    79.00","","",
="086764","益航群益26購01","0.12","－","2601","益航","9.02","＋","認購","美式","111年10月05日","111年10月05日","112年06月01日","112年06月05日","1.00","    9.80","","",
="086772","愛普群益26購01","0.00","","6531","愛普*","328.50","＋","認購","美式","111年10月05日","111年10月05日","112年06月01日","112年06月05日","0.09","    170.00","","",
="086773","愛普群益29購01","0.00","","6531","愛普*","328.50","＋","認購","美式","111年10月05日","111年10月05日","112年08月31日","112年09月04日","0.11","    210.00","","",
="086778","寶齡國票26購01","0.43","","1760","寶齡富錦","148.50","","認購","美式","111年10月05日","111年10月05日","112年06月01日","112年06月05日","0.02","    130.00","","",
="086779","華通國票26購01","0.00","","2313","華通","44.30","＋","認購","美式","111年10月05日","111年10月05日","112年06月01日","112年06月05日","0.451","    48.03","","",
="086783","世芯國票26購01","0.00","","3661","世芯-KY","1,660.00","＋","認購","美式","111年10月05日","111年10月05日","112年06月01日","112年06月05日","0.025","    1,200.00","","",
="086788","威鋒電國票26購01","0.00","","6756","威鋒電子","223.00","＋","認購","美式","111年10月05日","111年10月05日","112年06月01日","112年06月05日","0.087","    232.35","","",
="086790","T50反1第一29購01","0.00","",="00632R","元大台灣50反1","4.94","－","認購","美式","111年10月06日","111年10月06日","112年09月01日","112年09月05日","1.00","    6.74","","",
="086791","台積電第一2C購01","0.00","","2330","台積電","568.00","＋","認購","美式","111年10月06日","111年10月06日","112年12月01日","112年12月05日","0.01","    412.38","","",
="086792","長榮航第一29購02","1.03","＋","2618","長榮航","33.60","＋","認購","美式","111年10月06日","111年10月06日","112年09月01日","112年09月05日","0.136","    27.88","","",
="086807","高力國票26購01","12.30","－","8996","高力","254.00","－","認購","美式","111年10月06日","111年10月06日","112年06月01日","112年06月05日","0.121","    159.02","","",
="086808","和大國泰26購01","0.00","","1536","和大","71.40","＋","認購","美式","111年10月06日","111年10月06日","112年06月01日","112年06月05日","0.18","    106.00","","",
="086809","長榮國泰26購04","0.00","","2603","長榮","157.00","＋","認購","美式","111年10月06日","111年10月06日","112年06月01日","112年06月05日","0.07","    160.00","","",
="086810","長榮國泰26購05","0.00","","2603","長榮","157.00","＋","認購","美式","111年10月06日","111年10月06日","112年06月01日","112年06月05日","0.08","    170.00","","",
="086811","長榮國泰26購06","0.00","","2603","長榮","157.00","＋","認購","美式","111年10月06日","111年10月06日","112年06月01日","112年06月05日","0.15","    192.00","","",
="086812","威強電國泰26購01","0.00","","3022","威強電","91.20","＋","認購","美式","111年10月06日","111年10月06日","112年06月01日","112年06月05日","0.20","    70.00","","",
="086813","台泥兆豐26購01","1.21","","1101","台泥","38.15","＋","認購","美式","111年10月06日","111年10月06日","112年06月01日","112年06月05日","0.28","    33.80","","",
="086814","聯電兆豐26購01","0.00","","2303","聯電","51.20","＋","認購","美式","111年10月06日","111年10月06日","112年06月01日","112年06月05日","0.30","    35.80","","",
="086815","台積電兆豐26購04","0.00","","2330","台積電","568.00","＋","認購","美式","111年10月06日","111年10月06日","112年06月01日","112年06月05日","0.033","    433.15","","",
="086816","和大統一26購01","0.00","","1536","和大","71.40","＋","認購","美式","111年10月06日","111年10月06日","112年06月01日","112年06月05日","0.10","    101.50","","",
="086817","喬山統一26購01","0.00","","1736","喬山","61.20","＋","認購","美式","111年10月06日","111年10月06日","112年06月01日","112年06月05日","0.09","    89.20","","",
="086818","喬山統一26購02","0.00","","1736","喬山","61.20","＋","認購","美式","111年10月06日","111年10月06日","112年06月01日","112年06月05日","0.08","    85.10","","",
="086821","台達電統一26購01","0.00","","2308","台達電","315.50","－","認購","美式","111年10月06日","111年10月06日","112年06月01日","112年06月05日","0.033","    277.20","","",
="086822","台積電統一26購06","0.00","","2330","台積電","568.00","＋","認購","美式","111年10月06日","111年10月06日","112年06月01日","112年06月05日","0.038","    410.40","","",
="086823","精英統一26購01","0.46","－","2331","精英","28.70","＋","認購","美式","111年10月06日","111年10月06日","112年06月01日","112年06月05日","0.259","    27.42","","",
="086824","美律統一26購01","0.00","","2439","美律","88.60","＋","認購","美式","111年10月06日","111年10月06日","112年06月01日","112年06月05日","0.10","    94.90","","",
="086825","長榮統一28購02","0.00","","2603","長榮","157.00","＋","認購","美式","111年10月06日","111年10月06日","112年08月03日","112年08月07日","0.18","    143.00","","",
="086826","大立光統一2A購01","2.09","＋","3008","大立光","2,305.00","＋","認購","美式","111年10月06日","111年10月06日","112年10月03日","112年10月05日","0.003","    1,655.32","","",
="086827","晶睿統一26購01","0.00","","3454","晶睿","182.50","＋","認購","美式","111年10月06日","111年10月06日","112年06月01日","112年06月05日","0.033","    145.50","","",
="086828","晶睿統一27購01","0.00","","3454","晶睿","182.50","＋","認購","美式","111年10月06日","111年10月06日","112年07月03日","112年07月05日","0.035","    148.20","","",
="086829","晶睿統一28購01","0.00","","3454","晶睿","182.50","＋","認購","美式","111年10月06日","111年10月06日","112年08月03日","112年08月07日","0.028","    118.88","","",
="086830","晶睿統一29購01","0.00","","3454","晶睿","182.50","＋","認購","美式","111年10月06日","111年10月06日","112年09月01日","112年09月05日","0.028","    150.00","","",
="086831","晶睿統一2A購01","0.00","","3454","晶睿","182.50","＋","認購","美式","111年10月06日","111年10月06日","112年10月03日","112年10月05日","0.028","    188.88","","",
="086842","精英群益26購01","0.00","","2331","精英","28.70","＋","認購","美式","111年10月06日","111年10月06日","112年06月01日","112年06月05日","1.036","    37.18","","",
="086851","美時永豐27購01","0.00","","1795","美時","330.50","＋","認購","美式","111年10月06日","111年10月06日","112年07月03日","112年07月05日","0.043","    202.50","","",
="086881","順德中信26購01","0.13","","2351","順德","123.00","＋","認購","歐式","111年10月06日","112年06月05日","112年06月01日","112年06月05日","0.10","    130.00","","",
="086888","和大元富27購01","0.00","","1536","和大","71.40","＋","認購","美式","111年10月06日","111年10月06日","112年07月03日","112年07月05日","0.055","    115.00","","",
="086889","和大元富27購02","0.00","","1536","和大","71.40","＋","認購","美式","111年10月06日","111年10月06日","112年07月03日","112年07月05日","0.05","    100.00","","",
="086890","為升元富27購01","0.61","","2231","為升","172.50","＋","認購","美式","111年10月06日","111年10月06日","112年07月03日","112年07月05日","0.033","    163.64","","",
="086893","台達電元富27購01","0.00","","2308","台達電","315.50","－","認購","美式","111年10月06日","111年10月06日","112年07月03日","112年07月05日","0.025","    285.00","","",
="086894","台達電元富27購02","0.00","","2308","台達電","315.50","－","認購","美式","111年10月06日","111年10月06日","112年07月03日","112年07月05日","0.025","    260.00","","",
="086895","台積電元富27購04","0.94","－","2330","台積電","568.00","＋","認購","美式","111年10月06日","111年10月06日","112年07月03日","112年07月05日","0.102","    593.36","","",
="086896","台積電元富27購05","3.03","＋","2330","台積電","568.00","＋","認購","美式","111年10月06日","111年10月06日","112年07月03日","112年07月05日","0.04","    494.46","","",
="086897","台積電元富27購06","2.33","＋","2330","台積電","568.00","＋","認購","美式","111年10月06日","111年10月06日","112年07月03日","112年07月05日","0.07","    543.91","","",
="086899","玉晶光元富27購01","0.00","","3406","玉晶光","400.00","＋","認購","美式","111年10月06日","111年10月06日","112年07月03日","112年07月05日","0.03","    450.00","","",
="086901","健策元富27購01","0.00","","3653","健策","616.00","＋","認購","美式","111年10月06日","111年10月06日","112年07月03日","112年07月05日","0.02","    500.00","","",
="086903","中租元富27購01","0.00","","5871","中租-KY","210.50","＋","認購","美式","111年10月06日","111年10月06日","112年07月03日","112年07月05日","0.11","    230.00","","",
="086912","台達電富邦27購02","1.28","－","2308","台達電","315.50","－","認購","美式","111年10月06日","111年10月06日","112年07月03日","112年07月05日","0.033","    280.00","","",
="086915","樺漢富邦27購01","0.00","","6414","樺漢","281.00","＋","認購","美式","111年10月06日","111年10月06日","112年07月03日","112年07月05日","0.05","    220.00","","",
="086916","威鋒電富邦26購01","0.00","","6756","威鋒電子","223.00","＋","認購","美式","111年10月06日","111年10月06日","112年06月01日","112年06月05日","0.026","    203.31","","",
="08691P","宏達電元富26售01","0.00","","2498","宏達電","61.50","＋","認售","歐式","111年09月06日","112年06月05日","112年06月01日","112年06月05日","0.40","    50.00","","",
="086931","台灣50凱基27購05","8.55","＋",="0050","元大台灣50","126.75","＋","認購","美式","111年10月06日","111年10月06日","112年07月03日","112年07月05日","0.716","    115.40","","",
="086932","台灣50凱基2A購01","7.90","＋",="0050","元大台灣50","126.75","＋","認購","美式","111年10月06日","111年10月06日","112年10月03日","112年10月05日","1.023","    124.20","","",
="086933","美指2X凱基28購01","0.00","",="00683L","期元大美元指正2(原名：元大美元指數正2)","21.98","－","認購","美式","111年10月06日","111年10月06日","112年08月03日","112年08月07日","0.40","    26.00","","",
="08693P","聯電國票27售01","0.00","","2303","聯電","51.20","＋","認售","歐式","111年09月06日","112年07月05日","112年07月03日","112年07月05日","1.00","    22.00","","",
="086945","台達電凱基26購01","0.00","","2308","台達電","315.50","－","認購","美式","111年10月06日","111年10月06日","112年06月01日","112年06月05日","0.185","    370.00","","",
="086947","順德凱基26購01","0.04","","2351","順德","123.00","＋","認購","美式","111年10月06日","111年10月06日","112年06月01日","112年06月05日","0.07","    140.00","","",
="086951","燿華凱基26購01","0.00","","2367","燿華","18.05","＋","認購","美式","111年10月06日","111年10月06日","112年06月01日","112年06月05日","1.00","    26.00","","",
="086961","晶睿凱基26購01","0.00","","3454","晶睿","182.50","＋","認購","美式","111年10月06日","111年10月06日","112年06月01日","112年06月05日","0.085","    190.00","","",
="086964","材料凱基26購01","0.00","","4763","材料-KY","550.00","－","認購","美式","111年10月06日","111年10月06日","112年06月01日","112年06月05日","0.061","    156.41","","",
="086968","中租凱基26購01","0.00","","5871","中租-KY","210.50","＋","認購","美式","111年10月06日","111年10月06日","112年06月01日","112年06月05日","0.165","    260.00","","",
="086971","GIS凱基26購01","0.00","","6456","GIS-KY","75.40","＋","認購","美式","111年10月06日","111年10月06日","112年06月01日","112年06月05日","0.367","    109.66","","",
="086975","高力凱基26購01","0.00","","8996","高力","254.00","－","認購","美式","111年10月06日","111年10月06日","112年06月01日","112年06月05日","0.05","    149.08","","",
="086976","高力凱基26購02","0.00","","8996","高力","254.00","－","認購","美式","111年10月06日","111年10月06日","112年06月01日","112年06月05日","0.05","    129.20","","",
="086977","A50正2元大26購01","0.00","",="00655L","國泰中國A50正2","24.65","－","認購","美式","111年10月06日","111年10月06日","112年06月01日","112年06月05日","0.50","    31.00","","",
="086978","中興電元大2A購01","0.00","","1513","中興電","113.50","＋","認購","美式","111年10月06日","111年10月06日","112年10月03日","112年10月05日","0.152","    65.70","","",
="086982","華新元大2A購02","0.00","","1605","華新","46.60","＋","認購","美式","111年10月06日","111年10月06日","112年10月03日","112年10月05日","0.182","    39.20","","",
="086987","正新元大26購01","0.00","","2105","正新","39.60","＋","認購","美式","111年10月06日","111年10月06日","112年06月01日","112年06月05日","0.60","    42.63","","",
="086991","台達電元大29購01","2.54","＋","2308","台達電","315.50","－","認購","美式","111年10月06日","111年10月06日","112年09月01日","112年09月05日","0.055","    290.00","","",
="086992","台積電元大2A購02","0.00","","2330","台積電","568.00","＋","認購","美式","111年10月06日","111年10月06日","112年10月03日","112年10月05日","0.183","    460.35","","",
="086994","精英元大28購01","0.91","＋","2331","精英","28.70","＋","認購","美式","111年10月06日","111年10月06日","112年08月03日","112年08月07日","0.361","    29.98","","",
="086995","精英元大29購01","1.07","＋","2331","精英","28.70","＋","認購","美式","111年10月06日","111年10月06日","112年09月01日","112年09月05日","0.395","    32.48","","",
="086998","致茂元大27購01","0.58","＋","2360","致茂","226.50","＋","認購","美式","111年10月06日","111年10月06日","112年07月03日","112年07月05日","0.08","    259.35","","",
="087001","燿華元大27購01","0.00","","2367","燿華","18.05","＋","認購","美式","111年10月06日","111年10月06日","112年07月03日","112年07月05日","0.60","    27.30","","",
="087003","長榮元大2A購02","5.25","＋","2603","長榮","157.00","＋","認購","美式","111年10月06日","111年10月06日","112年10月03日","112年10月05日","0.316","    194.00","","",
="087006","威強電元大27購01","0.00","","3022","威強電","91.20","＋","認購","美式","111年10月06日","111年10月06日","112年07月03日","112年07月05日","0.20","    80.71","","",
="087010","晶睿元大27購01","1.40","＋","3454","晶睿","182.50","＋","認購","美式","111年10月06日","111年10月06日","112年07月03日","112年07月05日","0.07","    188.65","","",
="087020","緯穎元大29購01","4.58","＋","6669","緯穎","1,205.00","＋","認購","美式","111年10月06日","111年10月06日","112年09月01日","112年09月05日","0.018","    1,055.00","","",
="087024","高力元大27購01","6.35","","8996","高力","254.00","－","認購","美式","111年10月06日","111年10月06日","112年07月03日","112年07月05日","0.06","    159.52","","",
="087025","聯電第一29購02","0.00","","2303","聯電","51.20","＋","認購","美式","111年10月07日","111年10月07日","112年09月04日","112年09月06日","0.12","    37.70","","",
="087045","振樺電永豐26購01","0.00","","8114","振樺電","108.00","","認購","美式","111年10月07日","111年10月07日","112年06月02日","112年06月06日","0.025","    139.00","","",
="087049","道瓊2X國票26購01","0.00","",="00852L","國泰美國道瓊正2","18.51","＋","認購","美式","111年10月07日","111年10月07日","112年06月02日","112年06月06日","0.30","    16.50","","",
="087059","長榮統一27購05","0.17","＋","2603","長榮","157.00","＋","認購","美式","111年10月07日","111年10月07日","112年07月04日","112年07月06日","0.03","    163.20","","",
="087060","長榮統一2A購03","0.68","＋","2603","長榮","157.00","＋","認購","美式","111年10月07日","111年10月07日","112年10月04日","112年10月06日","0.03","    141.68","","",
="087062","晶睿統一28購02","0.00","","3454","晶睿","182.50","＋","認購","美式","111年10月07日","111年10月07日","112年08月03日","112年08月07日","0.033","    168.00","","",
="087065","長榮中信26購02","0.00","","2603","長榮","157.00","＋","認購","歐式","111年10月07日","112年06月06日","112年06月02日","112年06月06日","0.05","    188.00","","",
="087069","T50反1凱基28購04","0.00","",="00632R","元大台灣50反1","4.94","－","認購","美式","111年10月07日","111年10月07日","112年08月03日","112年08月07日","1.00","    6.30","","",
="087070","T50反1凱基2A購01","0.04","－",="00632R","元大台灣50反1","4.94","－","認購","美式","111年10月07日","111年10月07日","112年10月04日","112年10月06日","1.00","    6.10","","",
="087073","美指2X凱基28購02","0.26","－",="00683L","期元大美元指正2(原名：元大美元指數正2)","21.98","－","認購","美式","111年10月07日","111年10月07日","112年08月03日","112年08月07日","0.40","    23.00","","",
="087075","聯電凱基27購05","5.35","＋","2303","聯電","51.20","＋","認購","美式","111年10月07日","111年10月07日","112年07月04日","112年07月06日","0.75","    46.00","","",
="087077","精英凱基2A購01","0.96","＋","2331","精英","28.70","＋","認購","美式","111年10月07日","111年10月07日","112年10月04日","112年10月06日","0.518","    36.70","","",
="087084","聯詠凱基26購02","0.00","","3034","聯詠","423.50","＋","認購","美式","111年10月07日","111年10月07日","112年06月02日","112年06月06日","0.08","    285.00","","",
="087087","祥碩凱基26購01","0.00","","5269","祥碩","1,300.00","＋","認購","美式","111年10月07日","111年10月07日","112年06月02日","112年06月06日","0.03","    1,000.00","","",
="087089","華新元大2A購03","0.00","","1605","華新","46.60","＋","認購","美式","111年10月07日","111年10月07日","112年10月04日","112年10月06日","0.201","    40.35","","",
="087090","寶齡元大28購02","0.55","","1760","寶齡富錦","148.50","","認購","美式","111年10月07日","111年10月07日","112年08月03日","112年08月07日","0.04","    180.00","","",
="087093","鴻海元大2A購01","1.94","＋","2317","鴻海","105.50","＋","認購","美式","111年10月07日","111年10月07日","112年10月04日","112年10月06日","0.214","    107.50","","",
="087094","台積電元大29購06","0.00","","2330","台積電","568.00","＋","認購","美式","111年10月07日","111年10月07日","112年09月04日","112年09月06日","0.157","    435.13","","",
="087095","台積電元大2A購03","0.00","","2330","台積電","568.00","＋","認購","美式","111年10月07日","111年10月07日","112年10月04日","112年10月06日","0.049","    425.24","","",
="087096","聯發科元大2A購02","15.90","＋","2454","聯發科","738.00","＋","認購","美式","111年10月07日","111年10月07日","112年10月04日","112年10月06日","0.125","    678.00","","",
="087098","長榮元大2A購03","0.85","","2603","長榮","157.00","＋","認購","美式","111年10月07日","111年10月07日","112年10月04日","112年10月06日","0.061","    181.00","","",
="087109","順德元富27購01","0.26","＋","2351","順德","123.00","＋","認購","美式","111年10月07日","111年10月07日","112年07月04日","112年07月06日","0.035","    130.00","","",
="087110","長榮元富2A購02","3.49","","2603","長榮","157.00","＋","認購","美式","111年10月07日","111年10月07日","112年10月04日","112年10月06日","0.17","    175.00","","",
="087111","長榮元富2A購03","0.00","","2603","長榮","157.00","＋","認購","美式","111年10月07日","111年10月07日","112年10月04日","112年10月06日","0.23","    203.00","","",
="087114","大立光元富2A購02","0.00","","3008","大立光","2,305.00","＋","認購","美式","111年10月07日","111年10月07日","112年10月04日","112年10月06日","0.01","    1,813.24","","",
="087117","智易元富27購01","0.82","－","3596","智易","115.00","＋","認購","美式","111年10月07日","111年10月07日","112年07月04日","112年07月06日","0.10","    115.00","","",
="08714P","聯電凱基27售03","0.00","","2303","聯電","51.20","＋","認售","歐式","111年09月07日","112年07月06日","112年07月04日","112年07月06日","1.00","    21.00","","",
="087152","台積電富邦27購03","3.79","＋","2330","台積電","568.00","＋","認購","美式","111年10月07日","111年10月07日","112年07月04日","112年07月06日","0.03","    445.01","","",
="087156","元美指國票27購01","0.03","",="00682U","期元大美元指數(原名：元大美元指數)","20.75","－","認購","美式","111年10月11日","111年10月11日","112年07月06日","112年07月10日","0.728","    23.00","","",
="087168","台積電第一27購02","0.00","","2330","台積電","568.00","＋","認購","美式","111年10月11日","111年10月11日","112年07月06日","112年07月10日","0.019","    464.80","","",
="087169","台積電第一27購03","0.00","","2330","台積電","568.00","＋","認購","美式","111年10月11日","111年10月11日","112年07月06日","112年07月10日","0.023","    484.58","","",
="087184","滬深2X群益26購02","0.00","",="00637L","元大滬深300正2","13.77","－","認購","美式","111年10月11日","111年10月11日","112年06月08日","112年06月12日","1.00","    18.80","","",
="087198","中砂兆豐26購01","0.00","","1560","中砂","114.50","－","認購","美式","111年10月11日","111年10月11日","112年06月08日","112年06月12日","0.06","    138.00","","",
="08719P","聯發科凱基29售04","0.00","","2454","聯發科","738.00","＋","認售","歐式","111年09月07日","112年09月06日","112年09月04日","112年09月06日","0.105","    380.00","","",
="087202","聯詠兆豐26購01","0.00","","3034","聯詠","423.50","＋","認購","美式","111年10月11日","111年10月11日","112年06月08日","112年06月12日","0.035","    238.00","","",
="087206","富邦媒兆豐26購01","0.00","","8454","富邦媒","703.00","＋","認購","美式","111年10月11日","111年10月11日","112年06月08日","112年06月12日","0.01","    578.00","","",
="087208","聯電統一2A購02","2.94","","2303","聯電","51.20","＋","認購","美式","111年10月11日","111年10月11日","112年10月05日","112年10月11日","0.20","    37.77","","",
="087210","光罩統一27購01","0.00","","2338","光罩","81.80","＋","認購","美式","111年10月11日","111年10月11日","112年07月06日","112年07月10日","0.066","    70.77","","",
="087211","聯發科統一26購02","0.00","","2454","聯發科","738.00","＋","認購","美式","111年10月11日","111年10月11日","112年06月08日","112年06月12日","0.016","    585.00","","",
="087212","陽明統一27購05","0.52","＋","2609","陽明","62.00","＋","認購","美式","111年10月11日","111年10月11日","112年07月06日","112年07月10日","0.16","    63.30","","",
="087213","萬海統一27購03","0.00","","2615","萬海","60.00","＋","認購","美式","111年10月11日","111年10月11日","112年07月06日","112年07月10日","0.15","    74.10","","",
="087214","大立光統一28購01","1.80","＋","3008","大立光","2,305.00","＋","認購","美式","111年10月11日","111年10月11日","112年08月08日","112年08月10日","0.005","    2,011.23","","",
="087215","欣興統一27購03","0.00","","3037","欣興","182.50","－","認購","美式","111年10月11日","111年10月11日","112年07月06日","112年07月10日","0.05","    116.50","","",
="087216","嘉澤統一26購01","1.15","－","3533","嘉澤","909.00","－","認購","美式","111年10月11日","111年10月11日","112年06月08日","112年06月12日","0.011","    848.95","","",
="087217","力智統一26購01","0.00","","6719","力智","303.00","＋","認購","美式","111年10月11日","111年10月11日","112年06月08日","112年06月12日","0.017","    288.88","","",
="087218","南電統一2A購01","0.00","","8046","南電","302.50","－","認購","美式","111年10月11日","111年10月11日","112年10月05日","112年10月11日","0.02","    188.88","","",
="087221","旺宏凱基27購01","0.00","","2337","旺宏","33.40","＋","認購","美式","111年10月11日","111年10月11日","112年07月06日","112年07月10日","1.00","    48.00","","",
="087224","長榮凱基2A購01","0.52","","2603","長榮","157.00","＋","認購","美式","111年10月11日","111年10月11日","112年10月05日","112年10月11日","0.08","    185.00","","",
="087226","玉山金凱基26購01","0.00","","2884","玉山金","25.80","＋","認購","美式","111年10月11日","111年10月11日","112年06月08日","112年06月12日","1.009","    28.75","","",
="087228","奇鋐凱基29購01","5.35","＋","3017","奇鋐","206.00","－","認購","美式","111年10月11日","111年10月11日","112年09月07日","112年09月11日","0.121","    176.95","","",
="087234","高力凱基27購01","4.61","－","8996","高力","254.00","－","認購","美式","111年10月11日","111年10月11日","112年07月06日","112年07月10日","0.06","    188.83","","",
="087235","鈺齊凱基26購01","0.00","","9802","鈺齊-KY","124.00","－","認購","美式","111年10月11日","111年10月11日","112年06月08日","112年06月12日","0.066","    188.25","","",
="087236","臺股指凱基29購09","6.10","＋","IX0001","臺股指數","16,636.30","","認購","歐式","111年10月11日","112年09月11日","112年09月07日","112年09月11日","0.07","    19,000.00","","",
="087237","華新元大2A購04","1.94","＋","1605","華新","46.60","＋","認購","美式","111年10月11日","111年10月11日","112年10月05日","112年10月11日","0.233","    44.60","","",
="087238","寶齡元大2A購01","0.49","","1760","寶齡富錦","148.50","","認購","美式","111年10月11日","111年10月11日","112年10月05日","112年10月11日","0.04","    225.00","","",
="087241","台達電元大28購01","0.00","","2308","台達電","315.50","－","認購","美式","111年10月11日","111年10月11日","112年08月08日","112年08月10日","0.125","    397.00","","",
="087242","鴻海元大29購02","1.16","","2317","鴻海","105.50","＋","認購","美式","111年10月11日","111年10月11日","112年09月07日","112年09月11日","0.211","    111.00","","",
="087243","鴻海元大2A購02","0.00","","2317","鴻海","105.50","＋","認購","美式","111年10月11日","111年10月11日","112年10月05日","112年10月11日","0.291","    141.50","","",
="087244","台積電元大29購07","0.00","","2330","台積電","568.00","＋","認購","美式","111年10月11日","111年10月11日","112年09月07日","112年09月11日","0.138","    445.01","","",
="087245","台積電元大2A購04","0.00","","2330","台積電","568.00","＋","認購","美式","111年10月11日","111年10月11日","112年10月05日","112年10月11日","0.058","    479.14","","",
="087249","長榮元大2A購04","0.00","","2603","長榮","157.00","＋","認購","美式","111年10月11日","111年10月11日","112年10月05日","112年10月11日","0.057","    183.00","","",
="087258","世芯元大2A購01","0.00","","3661","世芯-KY","1,660.00","＋","認購","美式","111年10月11日","111年10月11日","112年10月05日","112年10月11日","0.014","    998.00","","",
="087269","台積電富邦27購04","1.01","－","2330","台積電","568.00","＋","認購","美式","111年10月11日","111年10月11日","112年07月06日","112年07月10日","0.102","    593.36","","",
="087272","世紀鋼富邦26購01","0.00","","9958","世紀鋼","109.50","＋","認購","美式","111年10月11日","111年10月11日","112年06月08日","112年06月12日","0.10","    77.00","","",
="087275","台積電元富27購10","0.00","","2330","台積電","568.00","＋","認購","美式","111年10月11日","111年10月11日","112年07月06日","112年07月10日","0.102","    642.80","","",
="087276","台積電元富27購11","0.83","－","2330","台積電","568.00","＋","認購","美式","111年10月11日","111年10月11日","112年07月06日","112年07月10日","0.07","    593.36","","",
="087277","台積電元富27購12","1.79","＋","2330","台積電","568.00","＋","認購","美式","111年10月11日","111年10月11日","112年07月06日","112年07月10日","0.05","    543.91","","",
="087281","高股息第一29購01","0.00","",="0056","元大高股息","30.65","＋","認購","美式","111年10月12日","111年10月12日","112年09月07日","112年09月11日","0.544","    25.15","","",
="087282","聯發科第一26購02","1.85","","2454","聯發科","738.00","＋","認購","美式","111年10月12日","111年10月12日","112年06月08日","112年06月12日","0.011","    587.48","","",
="087283","大立光第一29購01","0.00","","3008","大立光","2,305.00","＋","認購","美式","111年10月12日","111年10月12日","112年09月07日","112年09月11日","0.003","    1,821.57","","",
="087284","T50反1永豐27購01","0.00","",="00632R","元大台灣50反1","4.94","－","認購","美式","111年10月12日","111年10月12日","112年07月07日","112年07月11日","1.00","    6.52","","",
="087285","華城永豐26購01","0.00","","1519","華城","141.00","＋","認購","美式","111年10月12日","111年10月12日","112年06月08日","112年06月12日","0.082","    41.80","","",
="087288","臺股指永豐26購02","0.00","","IX0001","臺股指數","16,636.30","","認購","歐式","111年10月12日","112年06月12日","112年06月08日","112年06月12日","0.007","    16,200.00","","",
="087303","材料國票26購01","0.00","","4763","材料-KY","550.00","－","認購","美式","111年10月12日","111年10月12日","112年06月08日","112年06月12日","0.082","    166.19","","",
="087310","臺股指國票27購01","0.00","","IX0001","臺股指數","16,636.30","","認購","歐式","111年10月12日","112年07月11日","112年07月07日","112年07月11日","0.01","    17,000.00","","",
="087311","臺股指國票27購02","0.00","","IX0001","臺股指數","16,636.30","","認購","歐式","111年10月12日","112年07月11日","112年07月07日","112年07月11日","0.02","    18,000.00","","",
="087315","奇鋐康和26購01","0.00","","3017","奇鋐","206.00","－","認購","美式","111年10月12日","111年10月12日","112年06月08日","112年06月12日","0.121","    168.05","","",
="087323","台積電兆豐27購02","0.00","","2330","台積電","568.00","＋","認購","美式","111年10月12日","111年10月12日","112年07月07日","112年07月11日","0.033","    465.78","","",
="087324","長榮兆豐26購01","0.00","","2603","長榮","157.00","＋","認購","美式","111年10月12日","111年10月12日","112年06月08日","112年06月12日","0.05","    158.00","","",
="087325","萬海兆豐26購01","0.00","","2615","萬海","60.00","＋","認購","美式","111年10月12日","111年10月12日","112年06月08日","112年06月12日","0.12","    75.00","","",
="087326","長榮航兆豐26購01","1.12","＋","2618","長榮航","33.60","＋","認購","美式","111年10月12日","111年10月12日","112年06月08日","112年06月12日","0.30","    30.00","","",
="087327","台積電統一2A購02","0.00","","2330","台積電","568.00","＋","認購","美式","111年10月12日","111年10月12日","112年10月05日","112年10月11日","0.02","    445.01","","",
="087328","長榮統一28購03","0.00","","2603","長榮","157.00","＋","認購","美式","111年10月12日","111年10月12日","112年08月09日","112年08月11日","0.04","    172.00","","",
="087329","長榮統一29購05","0.65","＋","2603","長榮","157.00","＋","認購","美式","111年10月12日","111年10月12日","112年09月07日","112年09月11日","0.035","    150.00","","",
="087330","聯詠統一28購01","0.00","","3034","聯詠","423.50","＋","認購","美式","111年10月12日","111年10月12日","112年08月09日","112年08月11日","0.02","    228.88","","",
="087331","嘉聯益統一26購01","0.00","","6153","嘉聯益","23.15","＋","認購","美式","111年10月12日","111年10月12日","112年06月08日","112年06月12日","0.168","    34.56","","",
="087332","A50正2凱基26購01","0.00","",="00655L","國泰中國A50正2","24.65","－","認購","美式","111年10月12日","111年10月12日","112年06月08日","112年06月12日","0.277","    33.00","","",
="087333","美指2X凱基27購01","0.05","",="00683L","期元大美元指正2(原名：元大美元指數正2)","21.98","－","認購","美式","111年10月12日","111年10月12日","112年07月07日","112年07月11日","0.30","    24.50","","",
="087334","道瓊銀凱基2A購01","0.00","",="00738U","期元大道瓊白銀(原名：元大道瓊白銀)","22.79","＋","認購","美式","111年10月12日","111年10月12日","112年10月05日","112年10月11日","0.27","    21.00","","",
="087335","鴻海凱基2A購01","1.18","","2317","鴻海","105.50","＋","認購","美式","111年10月12日","111年10月12日","112年10月05日","112年10月11日","0.20","    112.00","","",
="087337","宏碁凱基26購01","0.00","","2353","宏碁","31.05","＋","認購","美式","111年10月12日","111年10月12日","112年06月08日","112年06月12日","1.00","    27.00","","",
="087340","美律凱基26購01","0.00","","2439","美律","88.60","＋","認購","美式","111年10月12日","111年10月12日","112年06月08日","112年06月12日","0.30","    120.00","","",
="087341","聯發科凱基26購06","0.00","","2454","聯發科","738.00","＋","認購","美式","111年10月12日","111年10月12日","112年06月08日","112年06月12日","0.04","    710.00","","",
="087351","金寶元大27購01","0.00","","2312","金寶","13.50","＋","認購","美式","111年10月12日","111年10月12日","112年07月07日","112年07月11日","1.00","    20.50","","",
="087353","鴻海元大29購03","0.32","","2317","鴻海","105.50","＋","認購","美式","111年10月12日","111年10月12日","112年09月07日","112年09月11日","0.055","    113.00","","",
="087354","台積電元大29購08","0.00","","2330","台積電","568.00","＋","認購","美式","111年10月12日","111年10月12日","112年09月07日","112年09月11日","0.171","    464.30","","",
="087355","台積電元大2A購05","5.90","＋","2330","台積電","568.00","＋","認購","美式","111年10月12日","111年10月12日","112年10月05日","112年10月11日","0.076","    531.06","","",
="087357","燿華元大29購01","0.00","","2367","燿華","18.05","＋","認購","美式","111年10月12日","111年10月12日","112年09月07日","112年09月11日","0.518","    25.85","","",
="087360","長榮元大2A購05","1.95","＋","2603","長榮","157.00","＋","認購","美式","111年10月12日","111年10月12日","112年10月05日","112年10月11日","0.08","    167.50","","",
="087363","國泰金元大27購01","0.00","","2882","國泰金","44.75","＋","認購","美式","111年10月12日","111年10月12日","112年07月07日","112年07月11日","1.016","    60.06","","",
="087369","緯穎元大29購02","5.10","＋","6669","緯穎","1,205.00","＋","認購","美式","111年10月12日","111年10月12日","112年09月07日","112年09月11日","0.028","    1,230.00","","",
="087370","中砂富邦26購01","0.00","","1560","中砂","114.50","－","認購","美式","111年10月12日","111年10月12日","112年06月08日","112年06月12日","0.04","    130.00","","",
="087371","台積電富邦28購01","3.24","＋","2330","台積電","568.00","＋","認購","美式","111年10月12日","111年10月12日","112年08月09日","112年08月11日","0.04","    494.46","","",
="087372","旺宏富邦26購02","0.00","","2337","旺宏","33.40","＋","認購","美式","111年10月12日","111年10月12日","112年06月08日","112年06月12日","0.40","    39.50","","",
="087373","T50反1元富27購03","0.00","",="00632R","元大台灣50反1","4.94","－","認購","美式","111年10月12日","111年10月12日","112年07月07日","112年07月11日","1.00","    6.00","","",
="087374","中興電元富2A購01","0.00","","1513","中興電","113.50","＋","認購","美式","111年10月12日","111年10月12日","112年10月05日","112年10月11日","0.25","    80.00","","",
="087376","鴻海元富27購01","0.00","","2317","鴻海","105.50","＋","認購","美式","111年10月12日","111年10月12日","112年07月07日","112年07月11日","0.30","    130.00","","",
="087377","燿華元富26購01","0.00","","2367","燿華","18.05","＋","認購","美式","111年10月12日","111年10月12日","112年06月08日","112年06月12日","0.60","    22.00","","",
="087384","愛普元富29購01","0.00","","6531","愛普*","328.50","＋","認購","美式","111年10月12日","111年10月12日","112年09月07日","112年09月11日","0.054","    210.00","","",
="087393","SGBR2X群益26購02","0.00","",="00715L","期街口布蘭特正2","12.73","＋","認購","美式","111年10月13日","111年10月13日","112年06月08日","112年06月12日","0.40","    24.80","","",
="087398","T50反1國票28購02","0.00","",="00632R","元大台灣50反1","4.94","－","認購","美式","111年10月13日","111年10月13日","112年08月10日","112年08月14日","1.00","    6.60","","",
="087399","T50反1國票2A購02","0.00","",="00632R","元大台灣50反1","4.94","－","認購","美式","111年10月13日","111年10月13日","112年10月06日","112年10月12日","1.00","    7.00","","",
="087405","瑞鼎中信26購01","0.00","","3592","瑞鼎","348.00","＋","認購","歐式","111年10月13日","112年06月12日","112年06月08日","112年06月12日","0.046","    250.00","","",
="087406","美律兆豐26購01","0.00","","2439","美律","88.60","＋","認購","美式","111年10月13日","111年10月13日","112年06月08日","112年06月12日","0.11","    98.00","","",
="087408","華航兆豐26購01","0.60","","2610","華航","21.65","＋","認購","美式","111年10月13日","111年10月13日","112年06月08日","112年06月12日","0.35","    19.80","","",
="087409","中磊兆豐26購01","0.00","","5388","中磊","93.30","＋","認購","美式","111年10月13日","111年10月13日","112年06月08日","112年06月12日","0.089","    81.71","","",
="087410","長榮統一28購04","0.00","","2603","長榮","157.00","＋","認購","美式","111年10月13日","111年10月13日","112年08月10日","112年08月14日","0.10","    196.90","","",
="087411","長榮統一28購05","0.37","＋","2603","長榮","157.00","＋","認購","美式","111年10月13日","111年10月13日","112年08月10日","112年08月14日","0.03","    159.00","","",
="087412","新唐統一27購01","0.78","","4919","新唐","130.50","＋","認購","美式","111年10月13日","111年10月13日","112年07月10日","112年07月12日","0.03","    108.88","","",
="087413","富鼎統一28購01","0.33","","8261","富鼎","106.50","＋","認購","美式","111年10月13日","111年10月13日","112年08月10日","112年08月14日","0.03","    108.88","","",
="087414","美指2X元富28購01","0.00","",="00683L","期元大美元指正2(原名：元大美元指數正2)","21.98","－","認購","美式","111年10月13日","111年10月13日","112年08月10日","112年08月14日","0.405","    25.00","","",
="087415","華城元富26購01","0.00","","1519","華城","141.00","＋","認購","美式","111年10月13日","111年10月13日","112年06月08日","112年06月12日","0.383","    60.00","","",
="087418","宏達電元富27購01","0.00","","2498","宏達電","61.50","＋","認購","美式","111年10月13日","111年10月13日","112年07月10日","112年07月12日","0.40","    75.00","","",
="087419","長榮元富2A購04","1.40","＋","2603","長榮","157.00","＋","認購","美式","111年10月13日","111年10月13日","112年10月06日","112年10月12日","0.067","    165.00","","",
="087420","玉晶光元富27購02","0.21","＋","3406","玉晶光","400.00","＋","認購","美式","111年10月13日","111年10月13日","112年07月10日","112年07月12日","0.044","    500.00","","",
="087421","潤泰新元富27購01","0.00","","9945","潤泰新","35.00","＋","認購","美式","111年10月13日","111年10月13日","112年07月10日","112年07月12日","0.15","    43.33","","",
="087422","元油反凱基28購03","0.00","",="00673R","期元大S&P原油反1(原名：元大S&P原油反1)","9.03","－","認購","美式","111年10月13日","111年10月13日","112年08月10日","112年08月14日","1.00","    8.00","","",
="087424","聚陽凱基28購01","1.87","＋","1477","聚陽","219.00","＋","認購","美式","111年10月13日","111年10月13日","112年08月10日","112年08月14日","0.08","    215.84","","",
="087425","台積電凱基2A購02","0.00","","2330","台積電","568.00","＋","認購","美式","111年10月13日","111年10月13日","112年10月06日","112年10月12日","0.152","    524.13","","",
="087426","台積電凱基2A購03","0.00","","2330","台積電","568.00","＋","認購","美式","111年10月13日","111年10月13日","112年10月06日","112年10月12日","0.05","    435.13","","",
="087428","長榮凱基27購04","0.00","","2603","長榮","157.00","＋","認購","美式","111年10月13日","111年10月13日","112年07月10日","112年07月12日","0.06","    165.00","","",
="087429","陽明凱基27購01","0.00","","2609","陽明","62.00","＋","認購","美式","111年10月13日","111年10月13日","112年07月10日","112年07月12日","0.20","    70.00","","",
="087430","華航凱基26購01","0.00","","2610","華航","21.65","＋","認購","美式","111年10月13日","111年10月13日","112年06月08日","112年06月12日","0.65","    22.00","","",
="087433","欣興凱基28購01","3.98","－","3037","欣興","182.50","－","認購","美式","111年10月13日","111年10月13日","112年08月10日","112年08月14日","0.15","    173.00","","",
="087435","貿聯凱基26購02","0.00","","3665","貿聯-KY","270.50","＋","認購","美式","111年10月13日","111年10月13日","112年06月08日","112年06月12日","0.08","    358.59","","",
="087436","元晶凱基26購01","0.00","","6443","元晶","36.20","＋","認購","美式","111年10月13日","111年10月13日","112年06月08日","112年06月12日","0.35","    42.00","","",
="087440","FB越南元大26購01","0.00","",="00885","富邦越南","11.45","＋","認購","美式","111年10月13日","111年10月13日","112年06月08日","112年06月12日","1.00","    14.00","","",
="087443","鴻海元大29購04","0.55","","2317","鴻海","105.50","＋","認購","美式","111年10月13日","111年10月13日","112年09月08日","112年09月12日","0.15","    117.50","","",
="087444","台積電元大29購09","0.00","","2330","台積電","568.00","＋","認購","美式","111年10月13日","111年10月13日","112年09月08日","112年09月12日","0.202","    480.62","","",
="087445","台積電元大2A購06","0.00","","2330","台積電","568.00","＋","認購","美式","111年10月13日","111年10月13日","112年10月06日","112年10月12日","0.047","    458.86","","",
="087453","晶睿元大28購01","0.00","","3454","晶睿","182.50","＋","認購","美式","111年10月13日","111年10月13日","112年08月10日","112年08月14日","0.047","    158.50","","",
="087454","晶睿元大29購01","1.70","＋","3454","晶睿","182.50","＋","認購","美式","111年10月13日","111年10月13日","112年09月08日","112年09月12日","0.046","    178.50","","",
="087458","晶碩元大28購01","0.81","＋","6491","晶碩","366.50","＋","認購","美式","111年10月13日","111年10月13日","112年08月10日","112年08月14日","0.032","    439.50","","",
="087459","晶碩元大29購01","0.75","＋","6491","晶碩","366.50","＋","認購","美式","111年10月13日","111年10月13日","112年09月08日","112年09月12日","0.034","    470.00","","",
="087461","滬深2X富邦26購01","0.00","",="00637L","元大滬深300正2","13.77","－","認購","美式","111年10月13日","111年10月13日","112年06月08日","112年06月12日","1.00","    22.00","","",
="087463","台達電富邦28購01","0.41","－","2308","台達電","315.50","－","認購","美式","111年10月13日","111年10月13日","112年08月10日","112年08月14日","0.055","    360.00","","",
="087464","台積電富邦28購02","2.21","＋","2330","台積電","568.00","＋","認購","美式","111年10月13日","111年10月13日","112年08月10日","112年08月14日","0.05","    543.91","","",
="087465","義隆富邦28購01","0.00","","2458","義隆","104.00","＋","認購","美式","111年10月13日","111年10月13日","112年08月10日","112年08月14日","0.057","    77.60","","",
="087466","元晶富邦26購01","0.00","","6443","元晶","36.20","＋","認購","美式","111年10月13日","111年10月13日","112年06月08日","112年06月12日","0.20","    50.00","","",
="087483","台積電中信26購04","3.33","＋","2330","台積電","568.00","＋","認購","歐式","111年10月14日","112年06月13日","112年06月09日","112年06月13日","0.02","    405.46","","",
="087484","台積電中信28購02","3.04","＋","2330","台積電","568.00","＋","認購","歐式","111年10月14日","112年08月14日","112年08月10日","112年08月14日","0.015","    365.90","","",
="087485","台積電中信2A購01","2.32","＋","2330","台積電","568.00","＋","認購","歐式","111年10月14日","112年10月13日","112年10月11日","112年10月13日","0.01","    336.23","","",
="087490","T50反1元富27購05","0.00","",="00632R","元大台灣50反1","4.94","－","認購","美式","111年10月14日","111年10月14日","112年07月11日","112年07月13日","1.00","    6.30","","",
="087497","台積電麥證28購05","0.00","","2330","台積電","568.00","＋","認購","歐式","111年10月14日","112年08月14日","112年08月10日","112年08月14日","0.05","    415.35","","",
="087498","台積電麥證2A購02","0.00","","2330","台積電","568.00","＋","認購","歐式","111年10月14日","112年10月13日","112年10月11日","112年10月13日","0.02","    395.57","","",
="087499","臺股指麥證26購11","0.00","","IX0001","臺股指數","16,636.30","","認購","歐式","111年10月14日","112年06月13日","112年06月09日","112年06月13日","0.001","    12,888.00","","",
="087500","T50反1兆豐2C購02","0.00","",="00632R","元大台灣50反1","4.94","－","認購","美式","111年10月14日","111年10月14日","112年12月11日","112年12月13日","1.00","    7.30","","",
="087502","裕民兆豐26購01","0.00","","2606","裕民","49.75","＋","認購","美式","111年10月14日","111年10月14日","112年06月09日","112年06月13日","0.25","    37.80","","",
="087503","新唐兆豐26購01","0.00","","4919","新唐","130.50","＋","認購","美式","111年10月14日","111年10月14日","112年06月09日","112年06月13日","0.06","    108.00","","",
="087506","長榮統一29購06","4.65","＋","2603","長榮","157.00","＋","認購","美式","111年10月14日","111年10月14日","112年09月11日","112年09月13日","0.066","    88.88","","",
="087507","玉晶光統一27購01","0.00","","3406","玉晶光","400.00","＋","認購","美式","111年10月14日","111年10月14日","112年07月11日","112年07月13日","0.016","    288.88","","",
="087521","滬深2X凱基26購04","0.00","",="00637L","元大滬深300正2","13.77","－","認購","美式","111年10月14日","111年10月14日","112年06月09日","112年06月13日","1.00","    16.00","","",
="087525","鴻海凱基28購01","0.88","＋","2317","鴻海","105.50","＋","認購","美式","111年10月14日","111年10月14日","112年08月10日","112年08月14日","0.18","    110.00","","",
="087527","飛宏凱基26購01","0.00","","2457","飛宏","76.40","＋","認購","美式","111年10月14日","111年10月14日","112年06月09日","112年06月13日","0.30","    40.00","","",
="087528","長榮凱基28購01","0.00","","2603","長榮","157.00","＋","認購","美式","111年10月14日","111年10月14日","112年08月10日","112年08月14日","0.10","    215.00","","",
="087536","晶碩凱基28購01","0.51","＋","6491","晶碩","366.50","＋","認購","美式","111年10月14日","111年10月14日","112年08月10日","112年08月14日","0.04","    450.00","","",
="087540","電子類凱基26購02","0.00","","IX0027","電子類","797.58","","認購","歐式","111年10月14日","112年06月13日","112年06月09日","112年06月13日","0.08","    650.00","","",
="087541","金融類凱基26購02","0.00","","IX0039","金融類","1,620.43","","認購","歐式","111年10月14日","112年06月13日","112年06月09日","112年06月13日","0.02","    1,500.00","","",
="087543","台積電富邦2A購01","0.00","","2330","台積電","568.00","＋","認購","美式","111年10月14日","111年10月14日","112年10月11日","112年10月13日","0.065","    494.46","","",
="087548","為升元大29購01","0.00","","2231","為升","172.50","＋","認購","美式","111年10月14日","111年10月14日","112年09月11日","112年09月13日","0.077","    184.50","","",
="087551","台積電元大28購09","0.00","","2330","台積電","568.00","＋","認購","美式","111年10月14日","111年10月14日","112年08月10日","112年08月14日","0.049","    403.97","","",
="087552","台積電元大29購10","0.00","","2330","台積電","568.00","＋","認購","美式","111年10月14日","111年10月14日","112年09月11日","112年09月13日","0.053","    419.30","","",
="087553","台積電元大2A購07","0.00","","2330","台積電","568.00","＋","認購","美式","111年10月14日","111年10月14日","112年10月11日","112年10月13日","0.046","    409.41","","",
="087566","臺股指元大26購12","0.00","","IX0001","臺股指數","16,636.30","","認購","歐式","111年10月14日","112年06月13日","112年06月09日","112年06月13日","0.002","    13,500.00","","",
="087567","臺股指元大26購13","0.00","","IX0001","臺股指數","16,636.30","","認購","歐式","111年10月14日","112年06月13日","112年06月09日","112年06月13日","0.001","    13,300.00","","",
="087568","臺股指元大26購14","0.00","","IX0001","臺股指數","16,636.30","","認購","歐式","111年10月14日","112年06月13日","112年06月09日","112年06月13日","0.001","    13,100.00","","",
="087570","台積電永豐26購01","0.00","","2330","台積電","568.00","＋","認購","美式","111年10月17日","111年10月17日","112年06月14日","112年06月16日","0.05","    458.89","","",
="087585","台灣50兆豐27購01","0.00","",="0050","元大台灣50","126.75","＋","認購","美式","111年10月17日","111年10月17日","112年07月13日","112年07月17日","0.143","    103.67","","",
="087588","台積電兆豐26購05","0.00","","2330","台積電","568.00","＋","認購","美式","111年10月17日","111年10月17日","112年06月14日","112年06月16日","0.04","    413.37","","",
="087589","台光電兆豐26購01","0.00","","2383","台光電","204.50","＋","認購","美式","111年10月17日","111年10月17日","112年06月14日","112年06月16日","0.04","    140.00","","",
="087590","日月光兆豐26購01","0.00","","3711","日月光投控","109.00","－","認購","美式","111年10月17日","111年10月17日","112年06月14日","112年06月16日","0.12","    75.00","","",
="087591","力智兆豐26購01","0.00","","6719","力智","303.00","＋","認購","美式","111年10月17日","111年10月17日","112年06月14日","112年06月16日","0.022","    235.00","","",
="087592","T50反1群益26購02","0.00","",="00632R","元大台灣50反1","4.94","－","認購","美式","111年10月17日","111年10月17日","112年06月14日","112年06月16日","1.00","    6.45","","",
="087594","智能車群益26購01","0.00","",="00893","國泰全球智能電動車ETF基金","15.74","＋","認購","美式","111年10月17日","111年10月17日","112年06月14日","112年06月16日","1.00","    12.00","","",
="087597","元油反中信27購01","0.00","",="00673R","期元大S&P原油反1(原名：元大S&P原油反1)","9.03","－","認購","歐式","111年10月17日","112年07月17日","112年07月13日","112年07月17日","1.00","    8.00","","",
="087603","元油反康和26購01","0.00","",="00673R","期元大S&P原油反1(原名：元大S&P原油反1)","9.03","－","認購","美式","111年10月17日","111年10月17日","112年06月14日","112年06月16日","1.00","    9.00","","",
="087604","華城康和26購01","0.00","","1519","華城","141.00","＋","認購","美式","111年10月17日","111年10月17日","112年06月14日","112年06月16日","0.30","    55.00","","",
="087605","聯電康和2A購01","7.30","＋","2303","聯電","51.20","＋","認購","美式","111年10月17日","111年10月17日","112年10月12日","112年10月16日","1.00","    47.70","","",
="087608","聯發科康和2A購01","2.89","＋","2454","聯發科","738.00","＋","認購","美式","111年10月17日","111年10月17日","112年10月12日","112年10月16日","0.04","    747.00","","",
="087610","大立光康和2A購01","3.57","","3008","大立光","2,305.00","＋","認購","美式","111年10月17日","111年10月17日","112年10月12日","112年10月16日","0.01","    2,144.52","","",
="087617","大立光元富2A購03","5.25","＋","3008","大立光","2,305.00","＋","認購","美式","111年10月17日","111年10月17日","112年10月12日","112年10月16日","0.012","    2,009.27","","",
="087619","愛普元富27購01","0.00","","6531","愛普*","328.50","＋","認購","美式","111年10月17日","111年10月17日","112年07月13日","112年07月17日","0.041","    150.00","","",
="087622","台積電麥證26購04","22.00","＋","2330","台積電","568.00","＋","認購","歐式","111年10月17日","112年06月16日","112年06月14日","112年06月16日","0.455","    529.08","","",
="087623","鈺齊麥證26購01","0.00","","9802","鈺齊-KY","124.00","－","認購","歐式","111年10月17日","112年06月16日","112年06月14日","112年06月16日","0.032","    166.45","","",
="087624","T50反1凱基29購01","0.00","",="00632R","元大台灣50反1","4.94","－","認購","美式","111年10月17日","111年10月17日","112年09月14日","112年09月18日","1.00","    6.80","","",
="087625","FB越南凱基2A購01","0.18","－",="00885","富邦越南","11.45","＋","認購","美式","111年10月17日","111年10月17日","112年10月12日","112年10月16日","1.00","    15.00","","",
="087630","南亞科凱基26購02","0.00","","2408","南亞科","71.20","－","認購","美式","111年10月17日","111年10月17日","112年06月14日","112年06月16日","0.75","    70.00","","",
="087631","宏達電凱基26購04","0.00","","2498","宏達電","61.50","＋","認購","美式","111年10月17日","111年10月17日","112年06月14日","112年06月16日","0.25","    65.00","","",
="087635","大立光凱基28購03","3.73","＋","3008","大立光","2,305.00","＋","認購","美式","111年10月17日","111年10月17日","112年08月14日","112年08月16日","0.015","    2,156.29","","",
="087638","臺股指凱基26購26","0.00","","IX0001","臺股指數","16,636.30","","認購","歐式","111年10月17日","112年06月16日","112年06月14日","112年06月16日","0.02","    16,800.00","","",
="087639","臺股指凱基26購27","0.00","","IX0001","臺股指數","16,636.30","","認購","歐式","111年10月17日","112年06月16日","112年06月14日","112年06月16日","0.002","    13,400.00","","",
="087640","臺股指凱基26購28","0.00","","IX0001","臺股指數","16,636.30","","認購","歐式","111年10月17日","112年06月16日","112年06月14日","112年06月16日","0.003","    13,600.00","","",
="087643","台灣50元大26購01","0.00","",="0050","元大台灣50","126.75","＋","認購","美式","111年10月17日","111年10月17日","112年06月14日","112年06月16日","0.205","    100.73","","",
="087644","T50反1元大26購06","0.00","",="00632R","元大台灣50反1","4.94","－","認購","美式","111年10月17日","111年10月17日","112年06月14日","112年06月16日","1.00","    6.40","","",
="087645","T50反1元大26購07","0.00","",="00632R","元大台灣50反1","4.94","－","認購","美式","111年10月17日","111年10月17日","112年06月14日","112年06月16日","1.00","    6.50","","",
="087646","T50反1元大27購04","0.00","",="00632R","元大台灣50反1","4.94","－","認購","美式","111年10月17日","111年10月17日","112年07月13日","112年07月17日","1.00","    6.60","","",
="087647","T50反1元大28購05","0.00","",="00632R","元大台灣50反1","4.94","－","認購","美式","111年10月17日","111年10月17日","112年08月14日","112年08月16日","1.00","    6.70","","",
="087651","鴻海元大2A購03","0.44","＋","2317","鴻海","105.50","＋","認購","美式","111年10月17日","111年10月17日","112年10月12日","112年10月16日","0.044","    104.00","","",
="087652","台積電元大29購11","8.35","","2330","台積電","568.00","＋","認購","美式","111年10月17日","111年10月17日","112年09月14日","112年09月18日","0.047","    401.51","","",
="087653","台積電元大2A購08","0.00","","2330","台積電","568.00","＋","認購","美式","111年10月17日","111年10月17日","112年10月12日","112年10月16日","0.06","    472.70","","",
="087656","友達元大29購02","0.00","","2409","友達","17.65","＋","認購","美式","111年10月17日","111年10月17日","112年09月14日","112年09月18日","0.627","    18.60","","",
="087660","晶華元大29購01","0.00","","2707","晶華","288.00","＋","認購","美式","111年10月17日","111年10月17日","112年09月14日","112年09月18日","0.054","    222.00","","",
="087664","台灣50富邦26購03","0.00","",="0050","元大台灣50","126.75","＋","認購","美式","111年10月17日","111年10月17日","112年06月14日","112年06月16日","0.153","    97.80","","",
="087665","台亞富邦28購01","0.77","＋","2340","台亞","36.30","＋","認購","美式","111年10月17日","111年10月17日","112年08月14日","112年08月16日","0.20","    36.00","","",
="087668","旺宏第一28購01","0.00","","2337","旺宏","33.40","＋","認購","美式","111年10月18日","111年10月18日","112年08月15日","112年08月17日","0.13","    30.55","","",
="087669","南亞科第一26購01","0.00","","2408","南亞科","71.20","－","認購","美式","111年10月18日","111年10月18日","112年06月15日","112年06月19日","0.095","    58.49","","",
="08766P","聯電第一29售01","0.22","－","2303","聯電","51.20","＋","認售","歐式","111年09月08日","112年09月07日","112年09月05日","112年09月07日","0.095","    37.81","","",
="087675","大立光中信26購01","0.00","","3008","大立光","2,305.00","＋","認購","歐式","111年10月18日","112年06月19日","112年06月15日","112年06月19日","0.005","    2,144.52","","",
="087677","T50反1國泰2A購02","0.00","",="00632R","元大台灣50反1","4.94","－","認購","美式","111年10月18日","111年10月18日","112年10月13日","112年10月17日","1.00","    6.89","","",
="087678","鴻海國泰26購01","0.00","","2317","鴻海","105.50","＋","認購","美式","111年10月18日","111年10月18日","112年06月15日","112年06月19日","0.12","    106.00","","",
="087679","台積電國泰27購01","7.40","－","2330","台積電","568.00","＋","認購","美式","111年10月18日","111年10月18日","112年07月13日","112年07月17日","0.354","    583.46","","",
="087680","台積電國泰27購02","10.50","＋","2330","台積電","568.00","＋","認購","美式","111年10月18日","111年10月18日","112年07月13日","112年07月17日","0.252","    543.91","","",
="087683","金像電永豐26購01","0.00","","2368","金像電","121.50","","認購","美式","111年10月18日","111年10月18日","112年06月15日","112年06月19日","0.047","    83.35","","",
="087694","晶心科群益26購01","0.00","","6533","晶心科","511.00","＋","認購","美式","111年10月18日","111年10月18日","112年06月15日","112年06月19日","0.03","    440.00","","",
="087702","台積電統一29購03","0.00","","2330","台積電","568.00","＋","認購","美式","111年10月18日","111年10月18日","112年09月14日","112年09月18日","0.02","    384.49","","",
="087703","台積電統一2A購03","0.00","","2330","台積電","568.00","＋","認購","美式","111年10月18日","111年10月18日","112年10月13日","112年10月17日","0.033","    384.57","","",
="087704","台積電統一2A購04","0.00","","2330","台積電","568.00","＋","認購","美式","111年10月18日","111年10月18日","112年10月13日","112年10月17日","0.02","    364.80","","",
="087705","晶心科統一26購01","0.00","","6533","晶心科","511.00","＋","認購","美式","111年10月18日","111年10月18日","112年06月15日","112年06月19日","0.015","    333.33","","",
="087707","台灣50凱基2A購02","7.10","",="0050","元大台灣50","126.75","＋","認購","美式","111年10月18日","111年10月18日","112年10月13日","112年10月17日","1.023","    127.14","","",
="087708","元日2X凱基29購01","0.42","－",="00706L","期元大S&P日圓正2(原名：元大S&P日圓正2)","8.72","－","認購","美式","111年10月18日","111年10月18日","112年09月14日","112年09月18日","0.50","    8.40","","",
="087711","台達電凱基26購03","1.61","＋","2308","台達電","315.50","－","認購","美式","111年10月18日","111年10月18日","112年06月15日","112年06月19日","0.07","    300.00","","",
="087712","金寶凱基28購01","0.00","","2312","金寶","13.50","＋","認購","美式","111年10月18日","111年10月18日","112年08月15日","112年08月17日","1.00","    15.50","","",
="087714","台積電凱基2A購04","0.00","","2330","台積電","568.00","＋","認購","美式","111年10月18日","111年10月18日","112年10月13日","112年10月17日","0.05","    405.46","","",
="087715","台積電凱基31購05","0.00","","2330","台積電","568.00","＋","認購","美式","111年10月18日","111年10月18日","113年01月15日","113年01月17日","0.07","    420.30","","",
="087720","臺股指凱基26購31","0.00","","IX0001","臺股指數","16,636.30","","認購","歐式","111年10月18日","112年06月19日","112年06月15日","112年06月19日","0.002","    12,682.00","","",
="087727","旺宏元富26購01","0.81","＋","2337","旺宏","33.40","＋","認購","美式","111年10月18日","111年10月18日","112年06月15日","112年06月19日","0.60","    34.00","","",
="087728","華邦電元富26購01","0.00","","2344","華邦電","26.90","＋","認購","美式","111年10月18日","111年10月18日","112年06月15日","112年06月19日","1.00","    21.40","","",
="087729","南亞科元富27購01","0.00","","2408","南亞科","71.20","－","認購","美式","111年10月18日","111年10月18日","112年07月13日","112年07月17日","0.37","    60.00","","",
="087733","晶心科元富27購01","0.00","","6533","晶心科","511.00","＋","認購","美式","111年10月18日","111年10月18日","112年07月13日","112年07月17日","0.03","    400.00","","",
="087736","FB台半元大26購02","0.00","",="00892","富邦台灣半導體","12.41","＋","認購","美式","111年10月18日","111年10月18日","112年06月15日","112年06月19日","1.033","    8.71","","",
="087737","FB台半元大28購01","0.00","",="00892","富邦台灣半導體","12.41","＋","認購","美式","111年10月18日","111年10月18日","112年08月15日","112年08月17日","1.033","    9.68","","",
="087738","華新元大2A購05","7.00","＋","1605","華新","46.60","＋","認購","美式","111年10月18日","111年10月18日","112年10月13日","112年10月17日","0.494","    35.00","","",
="087739","鴻海元大2A購04","0.62","","2317","鴻海","105.50","＋","認購","美式","111年10月18日","111年10月18日","112年10月13日","112年10月17日","0.06","    103.50","","",
="087740","台積電元大29購12","0.00","","2330","台積電","568.00","＋","認購","美式","111年10月18日","111年10月18日","112年09月14日","112年09月18日","0.076","    473.20","","",
="087741","台積電元大2A購09","6.85","＋","2330","台積電","568.00","＋","認購","美式","111年10月18日","111年10月18日","112年10月13日","112年10月17日","0.062","    491.00","","",
="087746","友達元大29購03","0.85","","2409","友達","17.65","＋","認購","美式","111年10月18日","111年10月18日","112年09月14日","112年09月18日","0.488","    19.10","","",
="087747","長榮元大2A購06","1.78","＋","2603","長榮","157.00","＋","認購","美式","111年10月18日","111年10月18日","112年10月13日","112年10月17日","0.066","    162.50","","",
="087749","榮運元大29購01","0.78","","2607","榮運","27.35","＋","認購","美式","111年10月18日","111年10月18日","112年09月14日","112年09月18日","0.422","    38.20","","",
="087754","台積電富邦2A購02","0.00","","2330","台積電","568.00","＋","認購","美式","111年10月18日","111年10月18日","112年10月13日","112年10月17日","0.04","    445.01","","",
="087755","友達富邦26購01","0.37","＋","2409","友達","17.65","＋","認購","美式","111年10月18日","111年10月18日","112年06月15日","112年06月19日","0.30","    17.00","","",
="087757","元油反第一26購02","0.00","",="00673R","期元大S&P原油反1(原名：元大S&P原油反1)","9.03","－","認購","美式","111年10月19日","111年10月19日","112年06月15日","112年06月19日","0.50","    9.08","","",
="087763","台積電國票26購02","0.00","","2330","台積電","568.00","＋","認購","美式","111年10月19日","111年10月19日","112年06月15日","112年06月19日","0.04","    405.46","","",
="087767","光罩兆豐26購01","0.00","","2338","光罩","81.80","＋","認購","美式","111年10月19日","111年10月19日","112年06月15日","112年06月19日","0.12","    58.80","","",
="087768","榮運兆豐26購01","0.20","","2607","榮運","27.35","＋","認購","美式","111年10月19日","111年10月19日","112年06月15日","112年06月19日","0.24","    28.00","","",
="087769","長榮航兆豐26購02","2.05","＋","2618","長榮航","33.60","＋","認購","美式","111年10月19日","111年10月19日","112年06月15日","112年06月19日","0.35","    28.00","","",
="087776","FB越南群益26購01","0.00","",="00885","富邦越南","11.45","＋","認購","美式","111年10月19日","111年10月19日","112年06月15日","112年06月19日","1.00","    13.88","","",
="087777","FB台半群益26購01","0.00","",="00892","富邦台灣半導體","12.41","＋","認購","美式","111年10月19日","111年10月19日","112年06月15日","112年06月19日","1.033","    8.59","","",
="087785","矽格群益26購01","0.10","－","6257","矽格","54.50","＋","認購","美式","111年10月19日","111年10月19日","112年06月15日","112年06月19日","0.30","    61.50","","",
="087788","臺股指群益2A購01","0.00","","IX0001","臺股指數","16,636.30","","認購","歐式","111年10月19日","112年10月18日","112年10月16日","112年10月18日","0.01","    16,000.00","","",
="087791","T50反1永豐26購01","0.00","",="00632R","元大台灣50反1","4.94","－","認購","美式","111年10月19日","111年10月19日","112年06月15日","112年06月19日","1.00","    7.00","","",
="087801","聯電麥證27購01","0.00","","2303","聯電","51.20","＋","認購","歐式","111年10月19日","112年07月18日","112年07月14日","112年07月18日","0.50","    39.88","","",
="087805","SGBR2X凱基28購06","0.00","",="00715L","期街口布蘭特正2","12.73","＋","認購","美式","111年10月19日","111年10月19日","112年08月16日","112年08月18日","0.40","    21.50","","",
="087806","東鹼凱基26購02","0.00","","1708","東鹼","36.40","＋","認購","美式","111年10月19日","111年10月19日","112年06月15日","112年06月19日","0.20","    44.00","","",
="087808","華通凱基26購02","0.00","","2313","華通","44.30","＋","認購","美式","111年10月19日","111年10月19日","112年06月15日","112年06月19日","0.849","    59.33","","",
="087809","台積電凱基2A購05","0.00","","2330","台積電","568.00","＋","認購","美式","111年10月19日","111年10月19日","112年10月16日","112年10月18日","0.07","    469.74","","",
="087810","台積電凱基2A購06","0.00","","2330","台積電","568.00","＋","認購","美式","111年10月19日","111年10月19日","112年10月16日","112年10月18日","0.122","    519.19","","",
="087812","聯發科凱基29購05","0.00","","2454","聯發科","738.00","＋","認購","美式","111年10月19日","111年10月19日","112年09月14日","112年09月18日","0.06","    620.00","","",
="087815","AES凱基26購01","0.30","","6781","AES-KY","690.00","＋","認購","美式","111年10月19日","111年10月19日","112年06月15日","112年06月19日","0.025","    850.00","","",
="087817","新唐中信26購01","0.00","","4919","新唐","130.50","＋","認購","歐式","111年10月19日","112年06月19日","112年06月15日","112年06月19日","0.056","    116.00","","",
="087818","聯電國泰26購01","0.00","","2303","聯電","51.20","＋","認購","美式","111年10月19日","111年10月19日","112年06月15日","112年06月19日","0.50","    45.60","","",
="087819","T50反1元大28購06","0.00","",="00632R","元大台灣50反1","4.94","－","認購","美式","111年10月19日","111年10月19日","112年08月16日","112年08月18日","1.00","    6.90","","",
="087820","T50反1元大29購03","0.00","",="00632R","元大台灣50反1","4.94","－","認購","美式","111年10月19日","111年10月19日","112年09月14日","112年09月18日","1.00","    6.80","","",
="087821","T50反1元大29購04","0.00","",="00632R","元大台灣50反1","4.94","－","認購","美式","111年10月19日","111年10月19日","112年09月14日","112年09月18日","1.00","    7.00","","",
="087822","美指2X元大2A購01","0.12","＋",="00683L","期元大美元指正2(原名：元大美元指數正2)","21.98","－","認購","美式","111年10月19日","111年10月19日","112年10月16日","112年10月18日","0.20","    25.50","","",
="087824","鴻海元大2A購05","0.00","","2317","鴻海","105.50","＋","認購","美式","111年10月19日","111年10月19日","112年10月16日","112年10月18日","0.353","    143.50","","",
="087825","台積電元大29購13","0.00","","2330","台積電","568.00","＋","認購","美式","111年10月19日","111年10月19日","112年09月14日","112年09月18日","0.045","    416.34","","",
="087826","台積電元大2A購10","5.55","＋","2330","台積電","568.00","＋","認購","美式","111年10月19日","111年10月19日","112年10月16日","112年10月18日","0.035","    423.76","","",
="087829","友達元大28購02","0.48","","2409","友達","17.65","＋","認購","美式","111年10月19日","111年10月19日","112年08月16日","112年08月18日","0.628","    21.25","","",
="087830","宏達電元大2A購01","1.70","＋","2498","宏達電","61.50","＋","認購","美式","111年10月19日","111年10月19日","112年10月16日","112年10月18日","0.11","    52.40","","",
="087831","長榮元大2A購07","1.65","＋","2603","長榮","157.00","＋","認購","美式","111年10月19日","111年10月19日","112年10月16日","112年10月18日","0.057","    157.50","","",
="087833","陽明元大29購01","1.07","＋","2609","陽明","62.00","＋","認購","美式","111年10月19日","111年10月19日","112年09月14日","112年09月18日","0.152","    67.50","","",
="087835","華航元大29購01","0.00","","2610","華航","21.65","＋","認購","美式","111年10月19日","111年10月19日","112年09月14日","112年09月18日","0.548","    18.95","","",
="087841","新光金元大26購01","0.00","","2888","新光金","8.63","＋","認購","美式","111年10月19日","111年10月19日","112年06月15日","112年06月19日","1.00","    8.83","","",
="087847","聯發科第一2B購02","0.00","","2454","聯發科","738.00","＋","認購","美式","111年10月20日","111年10月20日","112年11月16日","112年11月20日","0.007","    611.63","","",
="087848","欣興第一28購01","0.00","","3037","欣興","182.50","－","認購","美式","111年10月20日","111年10月20日","112年08月17日","112年08月21日","0.021","    119.50","","",
="087860","T50反1中信28購01","0.00","",="00632R","元大台灣50反1","4.94","－","認購","歐式","111年10月20日","112年08月21日","112年08月17日","112年08月21日","1.00","    6.00","","",
="087861","道瓊反中信27購01","0.00","",="00669R","國泰美國道瓊反1","8.06","－","認購","歐式","111年10月20日","112年07月19日","112年07月17日","112年07月19日","1.00","    9.00","","",
="087862","聯發科中信27購01","1.01","＋","2454","聯發科","738.00","＋","認購","歐式","111年10月20日","112年07月19日","112年07月17日","112年07月19日","0.018","    808.00","","",
="087864","大立光中信27購01","1.07","","3008","大立光","2,305.00","＋","認購","歐式","111年10月20日","112年07月19日","112年07月17日","112年07月19日","0.008","    2,536.58","","",
="087867","長榮航國泰26購03","0.00","","2618","長榮航","33.60","＋","認購","美式","111年10月20日","111年10月20日","112年06月15日","112年06月19日","0.50","    28.20","","",
="087871","A50正2群益26購01","0.00","",="00655L","國泰中國A50正2","24.65","－","認購","美式","111年10月20日","111年10月20日","112年06月15日","112年06月19日","0.40","    28.80","","",
="087875","長榮群益26購01","1.10","","2603","長榮","157.00","＋","認購","美式","111年10月20日","111年10月20日","112年06月15日","112年06月19日","0.10","    152.50","","",
="087876","長榮群益26購02","0.00","","2603","長榮","157.00","＋","認購","美式","111年10月20日","111年10月20日","112年06月15日","112年06月19日","0.10","    167.50","","",
="087877","長榮群益26購03","0.04","","2603","長榮","157.00","＋","認購","美式","111年10月20日","111年10月20日","112年06月15日","112年06月19日","0.20","    200.00","","",
="087886","T50反1元富27購07","0.00","",="00632R","元大台灣50反1","4.94","－","認購","美式","111年10月20日","111年10月20日","112年07月17日","112年07月19日","1.00","    6.50","","",
="087891","長榮元富27購06","0.75","＋","2603","長榮","157.00","＋","認購","美式","111年10月20日","111年10月20日","112年07月17日","112年07月19日","0.031","    140.00","","",
="087892","晶睿元富27購01","0.00","","3454","晶睿","182.50","＋","認購","美式","111年10月20日","111年10月20日","112年07月17日","112年07月19日","0.05","    160.00","","",
="087893","同欣電元富27購01","0.42","","6271","同欣電","179.50","＋","認購","美式","111年10月20日","111年10月20日","112年07月17日","112年07月19日","0.024","    176.86","","",
="087894","宏達電麥證26購01","0.00","","2498","宏達電","61.50","＋","認購","歐式","111年10月20日","112年06月19日","112年06月15日","112年06月19日","0.13","    60.00","","",
="087896","T50反1國票28購03","0.00","",="00632R","元大台灣50反1","4.94","－","認購","美式","111年10月20日","111年10月20日","112年08月17日","112年08月21日","1.00","    7.20","","",
="087897","T50反1國票29購02","0.00","",="00632R","元大台灣50反1","4.94","－","認購","美式","111年10月20日","111年10月20日","112年09月15日","112年09月19日","1.00","    6.85","","",
="087912","香港2X元大26購01","0.63","",="00650L","FH香港正2","11.60","＋","認購","美式","111年10月20日","111年10月20日","112年06月15日","112年06月19日","0.60","    11.00","","",
="087913","道瓊反元大27購01","0.00","",="00669R","國泰美國道瓊反1","8.06","－","認購","美式","111年10月20日","111年10月20日","112年07月17日","112年07月19日","1.00","    9.50","","",
="087915","東鹼元大27購01","0.00","","1708","東鹼","36.40","＋","認購","美式","111年10月20日","111年10月20日","112年07月17日","112年07月19日","0.15","    43.31","","",
="087916","台達電元大2A購01","2.32","＋","2308","台達電","315.50","－","認購","美式","111年10月20日","111年10月20日","112年10月17日","112年10月19日","0.035","    268.50","","",
="087921","宏達電元大26購02","0.00","","2498","宏達電","61.50","＋","認購","美式","111年10月20日","111年10月20日","112年06月15日","112年06月19日","0.15","    56.00","","",
="087923","敦泰元大27購02","0.00","","3545","敦泰","83.70","＋","認購","美式","111年10月20日","111年10月20日","112年07月17日","112年07月19日","0.069","    81.90","","",
="087924","新唐元大28購02","1.86","","4919","新唐","130.50","＋","認購","美式","111年10月20日","111年10月20日","112年08月17日","112年08月21日","0.06","    110.00","","",
="087925","天鈺元大26購01","0.00","","4961","天鈺","154.00","＋","認購","美式","111年10月20日","111年10月20日","112年06月15日","112年06月19日","0.05","    128.51","","",
="087927","富鼎元大27購01","0.00","","8261","富鼎","106.50","＋","認購","美式","111年10月20日","111年10月20日","112年07月17日","112年07月19日","0.05","    107.00","","",
="087932","元黃金凱基28購01","0.00","",="00635U","期元大S&P黃金(原名：元大S&P黃金)","24.50","－","認購","美式","111年10月20日","111年10月20日","112年08月17日","112年08月21日","0.60","    23.00","","",
="087939","乙盛凱基26購01","0.00","","5243","乙盛-KY","83.70","＋","認購","美式","111年10月20日","111年10月20日","112年06月15日","112年06月19日","0.135","    75.00","","",
="087941","臺股指凱基26購32","0.00","","IX0001","臺股指數","16,636.30","","認購","歐式","111年10月20日","112年06月19日","112年06月15日","112年06月19日","0.008","    15,400.00","","",
="087942","臺股指凱基26購33","0.00","","IX0001","臺股指數","16,636.30","","認購","歐式","111年10月20日","112年06月19日","112年06月15日","112年06月19日","0.01","    15,600.00","","",
="087943","臺股指凱基26購34","0.00","","IX0001","臺股指數","16,636.30","","認購","歐式","111年10月20日","112年06月19日","112年06月15日","112年06月19日","0.02","    16,500.00","","",
="087944","東鹼統一27購01","0.00","","1708","東鹼","36.40","＋","認購","美式","111年10月21日","111年10月21日","112年07月18日","112年07月20日","0.088","    36.66","","",
="087953","台積電兆豐26購06","0.00","","2330","台積電","568.00","＋","認購","美式","111年10月21日","111年10月21日","112年06月16日","112年06月20日","0.033","    423.26","","",
="087954","長榮兆豐26購02","0.00","","2603","長榮","157.00","＋","認購","美式","111年10月21日","111年10月21日","112年06月16日","112年06月20日","0.06","    148.00","","",
="087955","萬海兆豐26購02","0.00","","2615","萬海","60.00","＋","認購","美式","111年10月21日","111年10月21日","112年06月16日","112年06月20日","0.12","    68.00","","",
="087956","大立光元富27購02","3.26","＋","3008","大立光","2,305.00","＋","認購","美式","111年10月21日","111年10月21日","112年07月18日","112年07月20日","0.01","    2,058.27","","",
="087965","玉晶光永豐27購01","0.00","","3406","玉晶光","400.00","＋","認購","美式","111年10月21日","111年10月21日","112年07月18日","112年07月20日","0.023","    351.90","","",
="087968","元油反元大28購01","0.00","",="00673R","期元大S&P原油反1(原名：元大S&P原油反1)","9.03","－","認購","美式","111年10月21日","111年10月21日","112年08月17日","112年08月21日","1.00","    9.70","","",
="087970","台達電元大2A購02","2.00","－","2308","台達電","315.50","－","認購","美式","111年10月21日","111年10月21日","112年10月18日","112年10月20日","0.037","    280.00","","",
="087972","華通元大2A購01","1.47","","2313","華通","44.30","＋","認購","美式","111年10月21日","111年10月21日","112年10月18日","112年10月20日","0.214","    42.52","","",
="087973","台積電元大29購14","0.00","","2330","台積電","568.00","＋","認購","美式","111年10月21日","111年10月21日","112年09月18日","112年09月20日","0.06","    476.66","","",
="087974","台積電元大2A購11","0.00","","2330","台積電","568.00","＋","認購","美式","111年10月21日","111年10月21日","112年10月18日","112年10月20日","0.049","    450.95","","",
="087977","南亞科元大28購01","2.69","－","2408","南亞科","71.20","－","認購","美式","111年10月21日","111年10月21日","112年08月17日","112年08月21日","0.339","    71.20","","",
="087978","宏達電元大2A購02","1.50","＋","2498","宏達電","61.50","＋","認購","美式","111年10月21日","111年10月21日","112年10月18日","112年10月20日","0.12","    60.00","","",
="087980","萬海元大29購01","0.00","","2615","萬海","60.00","＋","認購","美式","111年10月21日","111年10月21日","112年09月18日","112年09月20日","0.165","    93.60","","",
="087982","玉晶光元大26購01","0.00","","3406","玉晶光","400.00","＋","認購","美式","111年10月21日","111年10月21日","112年06月16日","112年06月20日","0.02","    317.50","","",
="087987","力積電元大29購01","0.00","","6770","力積電","30.85","＋","認購","美式","111年10月21日","111年10月21日","112年09月18日","112年09月20日","0.545","    39.60","","",
="087988","滬深2X中信26購01","0.00","",="00637L","元大滬深300正2","13.77","－","認購","歐式","111年10月21日","112年06月20日","112年06月16日","112年06月20日","0.70","    16.80","","",
="087990","長榮中信26購04","0.41","","2603","長榮","157.00","＋","認購","歐式","111年10月21日","112年06月20日","112年06月16日","112年06月20日","0.06","    168.00","","",
="087993","南電中信27購01","2.17","＋","8046","南電","302.50","－","認購","歐式","111年10月21日","112年07月20日","112年07月18日","112年07月20日","0.048","    288.00","","",
="087995","道瓊反群益28購01","0.00","",="00669R","國泰美國道瓊反1","8.06","－","認購","美式","111年10月21日","111年10月21日","112年08月17日","112年08月21日","1.00","    9.60","","",
="087996","元油反群益26購02","0.00","",="00673R","期元大S&P原油反1(原名：元大S&P原油反1)","9.03","－","認購","美式","111年10月21日","111年10月21日","112年06月16日","112年06月20日","1.00","    9.80","","",
="088006","聯電康和26購03","5.70","＋","2303","聯電","51.20","＋","認購","美式","111年10月21日","111年10月21日","112年06月16日","112年06月20日","0.80","    45.30","","",
="088008","台積電康和26購02","0.00","","2330","台積電","568.00","＋","認購","美式","111年10月21日","111年10月21日","112年06月16日","112年06月20日","0.06","    454.91","","",
="088010","聯詠康和26購01","0.00","","3034","聯詠","423.50","＋","認購","美式","111年10月21日","111年10月21日","112年06月16日","112年06月20日","0.10","    350.00","","",
="088011","欣興康和26購01","3.39","－","3037","欣興","182.50","－","認購","美式","111年10月21日","111年10月21日","112年06月16日","112年06月20日","0.10","    156.00","","",
="088015","瑞昱凱基26購01","6.20","＋","2379","瑞昱","388.00","＋","認購","美式","111年10月21日","111年10月21日","112年06月16日","112年06月20日","0.15","    350.00","","",
="088017","大立光凱基26購01","1.37","","3008","大立光","2,305.00","＋","認購","美式","111年10月21日","111年10月21日","112年06月16日","112年06月20日","0.015","    2,352.31","","",
="088021","電子類凱基26購04","0.00","","IX0027","電子類","797.58","","認購","歐式","111年10月21日","112年06月20日","112年06月16日","112年06月20日","0.12","    680.00","","",
="088022","金融類凱基26購03","0.00","","IX0039","金融類","1,620.43","","認購","歐式","111年10月21日","112年06月20日","112年06月16日","112年06月20日","0.025","    1,450.00","","",
="088025","鴻海國票27購01","0.16","","2317","鴻海","105.50","＋","認購","美式","111年10月24日","111年10月24日","112年07月20日","112年07月24日","0.20","    120.00","","",
="08804P","鴻海凱基26售03","0.00","","2317","鴻海","105.50","＋","認售","歐式","111年09月12日","112年06月12日","112年06月08日","112年06月12日","1.00","    70.00","","",
="088052","長榮統一26購14","0.00","","2603","長榮","157.00","＋","認購","美式","111年10月24日","111年10月24日","112年06月20日","112年06月26日","0.07","    141.70","","",
="088053","上銀兆豐26購01","0.00","","2049","上銀","235.50","＋","認購","美式","111年10月24日","111年10月24日","112年06月20日","112年06月26日","0.045","    178.00","","",
="088054","南亞科兆豐26購01","0.00","","2408","南亞科","71.20","－","認購","美式","111年10月24日","111年10月24日","112年06月20日","112年06月26日","0.20","    58.80","","",
="088055","友達兆豐27購01","0.30","＋","2409","友達","17.65","＋","認購","美式","111年10月24日","111年10月24日","112年07月20日","112年07月24日","0.45","    19.50","","",
="088056","奇鋐兆豐27購01","0.00","","3017","奇鋐","206.00","－","認購","美式","111年10月24日","111年10月24日","112年07月20日","112年07月24日","0.046","    110.72","","",
="088059","道瓊反凱基29購01","0.14","－",="00669R","國泰美國道瓊反1","8.06","－","認購","美式","111年10月24日","111年10月24日","112年09月21日","112年09月25日","0.70","    9.00","","",
="088060","為升凱基26購01","0.26","","2231","為升","172.50","＋","認購","美式","111年10月24日","111年10月24日","112年06月20日","112年06月26日","0.12","    200.00","","",
="088071","聯發科麥證26購01","1.25","＋","2454","聯發科","738.00","＋","認購","歐式","111年10月24日","112年06月26日","112年06月20日","112年06月26日","0.02","    700.00","","",
="088080","T50反1元富27購09","0.00","",="00632R","元大台灣50反1","4.94","－","認購","美式","111年10月24日","111年10月24日","112年07月20日","112年07月24日","1.00","    6.40","","",
="088081","美指2X元富2A購01","0.13","",="00683L","期元大美元指正2(原名：元大美元指數正2)","21.98","－","認購","美式","111年10月24日","111年10月24日","112年10月19日","112年10月23日","0.40","    27.00","","",
="088082","台積電元富27購16","3.70","","2330","台積電","568.00","＋","認購","美式","111年10月24日","111年10月24日","112年07月20日","112年07月24日","0.05","    494.46","","",
="088083","台積電元富27購17","0.00","","2330","台積電","568.00","＋","認購","美式","111年10月24日","111年10月24日","112年07月20日","112年07月24日","0.05","    445.01","","",
="088084","富邦金元富27購01","2.28","＋","2881","富邦金","61.10","＋","認購","美式","111年10月24日","111年10月24日","112年07月20日","112年07月24日","0.70","    60.00","","",
="088085","玉山金元富27購01","0.69","－","2884","玉山金","25.80","＋","認購","美式","111年10月24日","111年10月24日","112年07月20日","112年07月24日","1.009","    27.76","","",
="088086","中信金元富27購02","0.82","＋","2891","中信金","24.40","＋","認購","美式","111年10月24日","111年10月24日","112年07月20日","112年07月24日","1.00","    25.00","","",
="088087","晶豪科元富26購01","0.00","","3006","晶豪科","88.20","＋","認購","美式","111年10月24日","111年10月24日","112年06月20日","112年06月26日","0.169","    75.00","","",
="088093","鴻海元大2A購06","0.86","＋","2317","鴻海","105.50","＋","認購","美式","111年10月24日","111年10月24日","112年10月19日","112年10月23日","0.115","    110.50","","",
="088094","台積電元大29購15","0.00","","2330","台積電","568.00","＋","認購","美式","111年10月24日","111年10月24日","112年09月21日","112年09月25日","0.043","    398.53","","",
="088095","台積電元大2A購12","0.00","","2330","台積電","568.00","＋","認購","美式","111年10月24日","111年10月24日","112年10月19日","112年10月23日","0.036","    395.57","","",
="088097","旺宏元大29購01","1.20","＋","2337","旺宏","33.40","＋","認購","美式","111年10月24日","111年10月24日","112年09月21日","112年09月25日","0.405","    37.15","","",
="088100","微星元大29購01","2.76","－","2377","微星","168.00","－","認購","美式","111年10月24日","111年10月24日","112年09月21日","112年09月25日","0.129","    163.00","","",
="088101","宏達電元大2A購03","1.66","＋","2498","宏達電","61.50","＋","認購","美式","111年10月24日","111年10月24日","112年10月19日","112年10月23日","0.126","    58.00","","",
="088102","長榮元大2A購08","2.05","＋","2603","長榮","157.00","＋","認購","美式","111年10月24日","111年10月24日","112年10月19日","112年10月23日","0.088","    175.50","","",
="088107","群創元大29購01","0.48","＋","3481","群創","14.10","＋","認購","美式","111年10月24日","111年10月24日","112年09月21日","112年09月25日","0.873","    19.50","","",
="088115","S&P500國票27購01","0.36","＋",="00646","元大S&P500","40.02","＋","認購","美式","111年10月25日","111年10月25日","112年07月20日","112年07月24日","1.00","    48.00","","",
="088117","道瓊反國票26購01","0.00","",="00669R","國泰美國道瓊反1","8.06","－","認購","美式","111年10月25日","111年10月25日","112年06月20日","112年06月26日","0.803","    9.25","","",
="088124","道瓊銀群益28購01","2.42","＋",="00738U","期元大道瓊白銀(原名：元大道瓊白銀)","22.79","＋","認購","美式","111年10月25日","111年10月25日","112年08月22日","112年08月24日","0.80","    20.88","","",
="088127","台積電群益2A購01","0.00","","2330","台積電","568.00","＋","認購","美式","111年10月25日","111年10月25日","112年10月20日","112年10月24日","0.07","    445.01","","",
="088128","台積電群益2A購02","0.00","","2330","台積電","568.00","＋","認購","美式","111年10月25日","111年10月25日","112年10月20日","112年10月24日","0.102","    474.68","","",
="088132","長榮群益27購01","0.00","","2603","長榮","157.00","＋","認購","美式","111年10月25日","111年10月25日","112年07月20日","112年07月24日","0.20","    180.00","","",
="088143","台積電麥證26購05","0.00","","2330","台積電","568.00","＋","認購","歐式","111年10月25日","112年06月26日","112年06月20日","112年06月26日","0.172","    474.68","","",
="088150","元石油元大28購01","0.00","",="00642U","期元大S&P石油(原名：元大S&P石油)","15.46","＋","認購","美式","111年10月25日","111年10月25日","112年08月22日","112年08月24日","0.60","    22.50","","",
="088152","台積電元大28購10","0.00","","2330","台積電","568.00","＋","認購","美式","111年10月25日","111年10月25日","112年08月22日","112年08月24日","0.046","    385.19","","",
="088153","台積電元大29購16","0.00","","2330","台積電","568.00","＋","認購","美式","111年10月25日","111年10月25日","112年09月21日","112年09月25日","0.045","    390.63","","",
="088154","台積電元大2A購13","0.00","","2330","台積電","568.00","＋","認購","美式","111年10月25日","111年10月25日","112年10月20日","112年10月24日","0.044","    445.01","","",
="088159","景碩元大2A購01","1.48","＋","3189","景碩","116.00","＋","認購","美式","111年10月25日","111年10月25日","112年10月20日","112年10月24日","0.047","    99.40","","",
="088166","台積電統一28購03","0.00","","2330","台積電","568.00","＋","認購","美式","111年10月25日","111年10月25日","112年08月22日","112年08月24日","0.08","    460.74","","",
="088167","台灣50凱基27購06","0.00","",="0050","元大台灣50","126.75","＋","認購","美式","111年10月25日","111年10月25日","112年07月20日","112年07月24日","0.511","    107.58","","",
="088168","T50反1凱基2A購02","0.00","",="00632R","元大台灣50反1","4.94","－","認購","美式","111年10月25日","111年10月25日","112年10月20日","112年10月24日","1.00","    7.00","","",
="088181","台積電元富27購18","0.00","","2330","台積電","568.00","＋","認購","美式","111年10月25日","111年10月25日","112年07月20日","112年07月24日","0.07","    445.01","","",
="088182","台積電元富27購19","0.00","","2330","台積電","568.00","＋","認購","美式","111年10月25日","111年10月25日","112年07月20日","112年07月24日","0.05","    395.57","","",
="088184","長榮元富2A購05","0.00","","2603","長榮","157.00","＋","認購","美式","111年10月25日","111年10月25日","112年10月20日","112年10月24日","0.073","    169.00","","",
="088185","陽明元富27購05","0.60","","2609","陽明","62.00","＋","認購","美式","111年10月25日","111年10月25日","112年07月20日","112年07月24日","0.20","    70.00","","",
="088187","欣興第一29購02","3.03","－","3037","欣興","182.50","－","認購","美式","111年10月26日","111年10月26日","112年09月21日","112年09月25日","0.024","    58.25","","",
="088207","群創兆豐26購01","0.41","","3481","群創","14.10","＋","認購","美式","111年10月26日","111年10月26日","112年06月20日","112年06月26日","0.70","    14.50","","",
="088211","欣興群益26購01","3.45","","3037","欣興","182.50","－","認購","美式","111年10月26日","111年10月26日","112年06月20日","112年06月26日","0.12","    155.00","","",
="088216","光罩中信26購01","0.00","","2338","光罩","81.80","＋","認購","歐式","111年10月26日","112年06月26日","112年06月20日","112年06月26日","0.09","    59.88","","",
="088220","美時富邦28購01","0.00","","1795","美時","330.50","＋","認購","美式","111年10月26日","111年10月26日","112年08月23日","112年08月25日","0.018","    150.00","","",
="088221","聯發科富邦26購01","0.00","","2454","聯發科","738.00","＋","認購","美式","111年10月26日","111年10月26日","112年06月20日","112年06月26日","0.02","    640.00","","",
="088222","義隆富邦28購02","0.00","","2458","義隆","104.00","＋","認購","美式","111年10月26日","111年10月26日","112年08月23日","112年08月25日","0.165","    97.01","","",
="088224","台積電元大2A購14","0.00","","2330","台積電","568.00","＋","認購","美式","111年10月26日","111年10月26日","112年10月23日","112年10月25日","0.041","    388.15","","",
="088226","群創元大29購02","0.73","＋","3481","群創","14.10","＋","認購","美式","111年10月26日","111年10月26日","112年09月21日","112年09月25日","0.523","    15.70","","",
="088229","台灣50凱基26購08","0.00","",="0050","元大台灣50","126.75","＋","認購","美式","111年10月26日","111年10月26日","112年06月20日","112年06月26日","0.205","    95.84","","",
="088230","台灣50凱基28購01","0.00","",="0050","元大台灣50","126.75","＋","認購","美式","111年10月26日","111年10月26日","112年08月23日","112年08月25日","1.023","    117.36","","",
="088231","香港2X凱基27購02","1.54","＋",="00650L","FH香港正2","11.60","＋","認購","美式","111年10月26日","111年10月26日","112年07月21日","112年07月25日","1.00","    11.00","","",
="088232","美時凱基26購01","0.00","","1795","美時","330.50","＋","認購","美式","111年10月26日","111年10月26日","112年06月20日","112年06月26日","0.085","    200.00","","",
="088234","台積電凱基2A購07","0.00","","2330","台積電","568.00","＋","認購","美式","111年10月26日","111年10月26日","112年10月23日","112年10月25日","0.07","    454.91","","",
="088235","台積電凱基2A購08","0.00","","2330","台積電","568.00","＋","認購","美式","111年10月26日","111年10月26日","112年10月23日","112年10月25日","0.05","    390.63","","",
="088236","南亞科凱基26購04","0.00","","2408","南亞科","71.20","－","認購","美式","111年10月26日","111年10月26日","112年06月20日","112年06月26日","0.40","    67.00","","",
="088237","南亞科凱基28購01","1.44","－","2408","南亞科","71.20","－","認購","美式","111年10月26日","111年10月26日","112年08月23日","112年08月25日","0.40","    77.00","","",
="088246","滬深2X元富27購01","0.20","－",="00637L","元大滬深300正2","13.77","－","認購","美式","111年10月26日","111年10月26日","112年07月21日","112年07月25日","1.00","    17.00","","",
="088247","華通元富26購01","1.45","－","2313","華通","44.30","＋","認購","美式","111年10月26日","111年10月26日","112年06月20日","112年06月26日","0.531","    43.32","","",
="088248","聯發科元富26購04","0.00","","2454","聯發科","738.00","＋","認購","美式","111年10月26日","111年10月26日","112年06月20日","112年06月26日","0.035","    635.00","","",
="088249","聯發科元富26購05","0.00","","2454","聯發科","738.00","＋","認購","美式","111年10月26日","111年10月26日","112年06月20日","112年06月26日","0.03","    575.00","","",
="088254","臺股指麥證2A購03","0.00","","IX0001","臺股指數","16,636.30","","認購","歐式","111年10月26日","112年10月25日","112年10月23日","112年10月25日","0.018","    17,000.00","","",
="088259","台積電永豐26購02","0.00","","2330","台積電","568.00","＋","認購","美式","111年10月27日","111年10月27日","112年06月20日","112年06月26日","0.062","    435.13","","",
="088261","長榮永豐26購02","0.00","","2603","長榮","157.00","＋","認購","美式","111年10月27日","111年10月27日","112年06月20日","112年06月26日","0.11","    206.25","","",
="08826P","鴻海兆豐26售02","0.00","","2317","鴻海","105.50","＋","認售","歐式","111年09月12日","112年06月12日","112年06月08日","112年06月12日","0.075","    105.00","","",
="088271","啟碁麥證26購01","0.00","","6285","啟碁","87.50","＋","認購","歐式","111年10月27日","112年06月26日","112年06月20日","112年06月26日","0.05","    90.00","","",
="088278","奇鋐富邦26購01","0.00","","3017","奇鋐","206.00","－","認購","美式","111年10月27日","111年10月27日","112年06月20日","112年06月26日","0.051","    108.74","","",
="088279","智易富邦26購01","0.63","－","3596","智易","115.00","＋","認購","美式","111年10月27日","111年10月27日","112年06月20日","112年06月26日","0.05","    105.00","","",
="088280","滬深2X群益26購04","0.00","",="00637L","元大滬深300正2","13.77","－","認購","美式","111年10月27日","111年10月27日","112年06月20日","112年06月26日","1.00","    14.00","","",
="088281","香港2X群益26購01","1.85","",="00650L","FH香港正2","11.60","＋","認購","美式","111年10月27日","111年10月27日","112年06月20日","112年06月26日","1.00","    10.00","","",
="088291","愛普群益26購02","0.00","","6531","愛普*","328.50","＋","認購","美式","111年10月27日","111年10月27日","112年06月20日","112年06月26日","0.15","    230.00","","",
="088294","道瓊反元大29購01","0.00","",="00669R","國泰美國道瓊反1","8.06","－","認購","美式","111年10月27日","111年10月27日","112年09月22日","112年09月26日","1.00","    9.70","","",
="088300","台積電元大29購17","0.00","","2330","台積電","568.00","＋","認購","美式","111年10月27日","111年10月27日","112年09月22日","112年09月26日","0.054","    420.30","","",
="088306","眾達元大28購01","1.36","＋","4977","眾達-KY","113.00","＋","認購","美式","111年10月27日","111年10月27日","112年08月24日","112年08月28日","0.046","    92.23","","",
="088319","台積電永豐27購01","0.00","","2330","台積電","568.00","＋","認購","美式","111年10月28日","111年10月28日","112年07月25日","112年07月27日","0.085","    433.01","","",
="088320","香港2X群益26購02","0.00","",="00650L","FH香港正2","11.60","＋","認購","美式","111年10月28日","111年10月28日","112年06月21日","112年06月27日","1.00","    9.00","","",
="088333","為升兆豐26購01","0.00","","2231","為升","172.50","＋","認購","美式","111年10月28日","111年10月28日","112年06月21日","112年06月27日","0.045","    148.00","","",
="088334","台積電兆豐26購08","0.00","","2330","台積電","568.00","＋","認購","美式","111年10月28日","111年10月28日","112年06月21日","112年06月27日","0.035","    394.59","","",
="088335","聯發科兆豐26購01","0.00","","2454","聯發科","738.00","＋","認購","美式","111年10月28日","111年10月28日","112年06月21日","112年06月27日","0.018","    575.00","","",
="088336","華航兆豐26購02","2.16","","2610","華航","21.65","＋","認購","美式","111年10月28日","111年10月28日","112年06月21日","112年06月27日","0.45","    16.80","","",
="088337","緯穎兆豐26購01","0.00","","6669","緯穎","1,205.00","＋","認購","美式","111年10月28日","111年10月28日","112年06月21日","112年06月27日","0.012","    728.00","","",
="088339","台積電統一27購02","0.00","","2330","台積電","568.00","＋","認購","美式","111年10月28日","111年10月28日","112年07月25日","112年07月27日","0.038","    346.13","","",
="088342","香港2X凱基26購01","0.00","",="00650L","FH香港正2","11.60","＋","認購","美式","111年10月28日","111年10月28日","112年06月21日","112年06月27日","1.00","    9.50","","",
="088344","台積電凱基26購09","0.00","","2330","台積電","568.00","＋","認購","美式","111年10月28日","111年10月28日","112年06月21日","112年06月27日","0.07","    425.24","","",
="088345","台積電凱基2A購09","0.00","","2330","台積電","568.00","＋","認購","美式","111年10月28日","111年10月28日","112年10月25日","112年10月27日","0.04","    385.68","","",
="088349","眾達凱基28購01","1.15","＋","4977","眾達-KY","113.00","＋","認購","美式","111年10月28日","111年10月28日","112年08月24日","112年08月28日","0.046","    98.43","","",
="088352","世紀鋼凱基27購01","2.64","＋","9958","世紀鋼","109.50","＋","認購","美式","111年10月28日","111年10月28日","112年07月25日","112年07月27日","0.12","    90.00","","",
="088353","香港2X中信27購01","1.49","＋",="00650L","FH香港正2","11.60","＋","認購","歐式","111年10月28日","112年07月27日","112年07月25日","112年07月27日","0.60","    9.88","","",
="088355","T50反1國泰26購02","0.00","",="00632R","元大台灣50反1","4.94","－","認購","美式","111年10月28日","111年10月28日","112年06月21日","112年06月27日","1.00","    7.10","","",
="088356","台積電國泰26購05","0.00","","2330","台積電","568.00","＋","認購","美式","111年10月28日","111年10月28日","112年06月21日","112年06月27日","0.304","    504.35","","",
="088359","新唐富邦26購01","0.00","","4919","新唐","130.50","＋","認購","美式","111年10月28日","111年10月28日","112年06月21日","112年06月27日","0.04","    110.00","","",
="088361","台積電元富27購22","0.00","","2330","台積電","568.00","＋","認購","美式","111年10月28日","111年10月28日","112年07月25日","112年07月27日","0.05","    395.57","","",
="088362","台積電元富27購23","0.00","","2330","台積電","568.00","＋","認購","美式","111年10月28日","111年10月28日","112年07月25日","112年07月27日","0.102","    445.01","","",
="088363","欣興元富26購02","0.00","","3037","欣興","182.50","－","認購","美式","111年10月28日","111年10月28日","112年06月21日","112年06月27日","0.09","    145.00","","",
="088364","嘉澤元富26購01","0.00","","3533","嘉澤","909.00","－","認購","美式","111年10月28日","111年10月28日","112年06月21日","112年06月27日","0.025","    796.11","","",
="088366","台灣50麥證26購04","0.00","",="0050","元大台灣50","126.75","＋","認購","歐式","111年10月28日","112年06月27日","112年06月21日","112年06月27日","0.205","    96.82","","",
="088368","台積電麥證28購07","0.00","","2330","台積電","568.00","＋","認購","歐式","111年10月28日","112年08月28日","112年08月24日","112年08月28日","0.03","    385.68","","",
="088369","台積電麥證29購01","0.00","","2330","台積電","568.00","＋","認購","歐式","111年10月28日","112年09月27日","112年09月25日","112年09月27日","0.05","    375.80","","",
="088374","中石化法興26購01","0.70","－","1314","中石化","9.72","－","認購","歐式","111年10月28日","112年06月27日","112年06月21日","112年06月27日","1.00","    9.30","","",
="088382","景碩法興26購01","0.62","－","3189","景碩","116.00","＋","認購","歐式","111年10月28日","112年06月27日","112年06月21日","112年06月27日","0.15","    125.00","","",
="088383","A50正2元大27購01","0.78","－",="00655L","國泰中國A50正2","24.65","－","認購","美式","111年10月28日","111年10月28日","112年07月25日","112年07月27日","0.60","    27.00","","",
="088384","道瓊反元大2A購01","0.00","",="00669R","國泰美國道瓊反1","8.06","－","認購","美式","111年10月28日","111年10月28日","112年10月25日","112年10月27日","1.00","    8.70","","",
="088385","台積電元大28購11","0.00","","2330","台積電","568.00","＋","認購","美式","111年10月28日","111年10月28日","112年08月24日","112年08月28日","0.05","    378.26","","",
="088386","台積電元大29購18","0.00","","2330","台積電","568.00","＋","認購","美式","111年10月28日","111年10月28日","112年09月25日","112年09月27日","0.04","    371.34","","",
="088400","臺股指元大29購08","0.00","","IX0001","臺股指數","16,636.30","","認購","歐式","111年10月28日","112年09月27日","112年09月25日","112年09月27日","0.003","    15,000.00","","",
="088402","道瓊反國票26購02","0.00","",="00669R","國泰美國道瓊反1","8.06","－","認購","美式","111年10月31日","111年10月31日","112年06月28日","112年06月30日","1.00","    8.75","","",
="088415","台積電統一27購03","4.94","＋","2330","台積電","568.00","＋","認購","美式","111年10月31日","111年10月31日","112年07月27日","112年07月31日","0.03","    408.53","","",
="088416","第一銅凱基26購02","0.00","","2009","第一銅","32.10","＋","認購","美式","111年10月31日","111年10月31日","112年06月28日","112年06月30日","0.60","    40.00","","",
="088429","T50反1元大26購08","0.00","",="00632R","元大台灣50反1","4.94","－","認購","美式","111年10月31日","111年10月31日","112年06月28日","112年06月30日","1.00","    6.75","","",
="088430","T50反1元大27購05","0.00","",="00632R","元大台灣50反1","4.94","－","認購","美式","111年10月31日","111年10月31日","112年07月27日","112年07月31日","1.00","    6.65","","",
="088431","上証2X元大26購01","0.43","－",="00633L","富邦上証正2","35.01","－","認購","美式","111年10月31日","111年10月31日","112年06月28日","112年06月30日","0.25","    36.00","","",
="088433","香港2X元大26購02","0.00","",="00650L","FH香港正2","11.60","＋","認購","美式","111年10月31日","111年10月31日","112年06月28日","112年06月30日","0.70","    9.50","","",
="088434","美指2X元大2A購02","0.16","－",="00683L","期元大美元指正2(原名：元大美元指數正2)","21.98","－","認購","美式","111年10月31日","111年10月31日","112年10月26日","112年10月30日","0.20","    25.00","","",
="088444","道瓊反元富27購01","0.00","",="00669R","國泰美國道瓊反1","8.06","－","認購","美式","111年10月31日","111年10月31日","112年07月27日","112年07月31日","1.00","    9.50","","",
="088446","台積電元富27購26","0.00","","2330","台積電","568.00","＋","認購","美式","111年10月31日","111年10月31日","112年07月27日","112年07月31日","0.05","    395.57","","",
="088447","宏達電元富27購03","1.86","","2498","宏達電","61.50","＋","認購","美式","111年10月31日","111年10月31日","112年07月27日","112年07月31日","0.387","    65.00","","",
="088448","AES元富27購01","2.21","","6781","AES-KY","690.00","＋","認購","美式","111年10月31日","111年10月31日","112年07月27日","112年07月31日","0.02","    650.00","","",
="088451","台積電麥證27購06","4.96","＋","2330","台積電","568.00","＋","認購","歐式","111年10月31日","112年07月31日","112年07月27日","112年07月31日","0.122","    553.80","","",
="088468","台達電國泰26購02","0.00","","2308","台達電","315.50","－","認購","美式","111年10月31日","111年10月31日","112年06月28日","112年06月30日","0.07","    299.00","","",
="088471","同欣電富邦26購01","0.00","","6271","同欣電","179.50","＋","認購","美式","111年10月31日","111年10月31日","112年06月28日","112年06月30日","0.032","    198.97","","",
="088472","道瓊反國票2A購01","0.00","",="00669R","國泰美國道瓊反1","8.06","－","認購","美式","111年11月01日","111年11月01日","112年09月27日","112年10月02日","1.00","    10.00","","",
="088473","第一銅國票25購02","0.00","","2009","第一銅","32.10","＋","認購","美式","111年11月01日","111年11月01日","112年05月29日","112年05月31日","0.60","    35.00","","",
="088474","裕隆國票25購02","14.10","","2201","裕隆","82.80","＋","認購","美式","111年11月01日","111年11月01日","112年05月29日","112年05月31日","1.00","    69.00","","",
="088475","長榮國票25購07","0.00","","2603","長榮","157.00","＋","認購","美式","111年11月01日","111年11月01日","112年05月29日","112年05月31日","0.30","    210.00","","",
="088476","萬海國票25購04","0.00","","2615","萬海","60.00","＋","認購","美式","111年11月01日","111年11月01日","112年05月29日","112年05月31日","0.60","    100.00","","",
="088477","嘉晶國票25購03","0.00","","3016","嘉晶","65.10","＋","認購","美式","111年11月01日","111年11月01日","112年05月29日","112年05月31日","0.126","    75.00","","",
="088478","揚明光國票25購01","0.72","","3504","揚明光","81.70","＋","認購","美式","111年11月01日","111年11月01日","112年05月29日","112年05月31日","0.106","    75.00","","",
="088479","富邦媒國票25購01","0.00","","8454","富邦媒","703.00","＋","認購","美式","111年11月01日","111年11月01日","112年05月29日","112年05月31日","0.03","    600.00","","",
="088480","潤泰新國票25購02","0.00","","9945","潤泰新","35.00","＋","認購","美式","111年11月01日","111年11月01日","112年05月29日","112年05月31日","0.60","    55.00","","",
="088484","欣興康和26購02","3.11","－","3037","欣興","182.50","－","認購","美式","111年11月01日","111年11月01日","112年06月28日","112年06月30日","0.065","    135.50","","",
="088489","宏達電永豐25購02","0.00","","2498","宏達電","61.50","＋","認購","美式","111年11月01日","111年11月01日","112年05月29日","112年05月31日","0.285","    64.22","","",
="088494","同欣電永豐25購01","0.00","","6271","同欣電","179.50","＋","認購","美式","111年11月01日","111年11月01日","112年05月29日","112年05月31日","0.051","    227.49","","",
="088497","鈺齊永豐25購02","0.00","","9802","鈺齊-KY","124.00","－","認購","美式","111年11月01日","111年11月01日","112年05月29日","112年05月31日","0.061","    158.13","","",
="088498","上証2X群益25購01","0.29","－",="00633L","富邦上証正2","35.01","－","認購","美式","111年11月01日","111年11月01日","112年05月29日","112年05月31日","0.50","    35.50","","",
="088499","美指2X群益26購01","0.00","",="00683L","期元大美元指正2(原名：元大美元指數正2)","21.98","－","認購","美式","111年11月01日","111年11月01日","112年06月28日","112年06月30日","0.66","    24.80","","",
="088500","光罩群益26購01","0.00","","2338","光罩","81.80","＋","認購","美式","111年11月01日","111年11月01日","112年06月28日","112年06月30日","0.12","    68.00","","",
="088508","道瓊反中信27購02","0.00","",="00669R","國泰美國道瓊反1","8.06","－","認購","歐式","111年11月01日","112年07月31日","112年07月27日","112年07月31日","1.00","    10.00","","",
="088509","美時中信26購01","0.00","","1795","美時","330.50","＋","認購","歐式","111年11月01日","112年06月30日","112年06月28日","112年06月30日","0.035","    162.00","","",
="088510","友達中信27購01","0.59","＋","2409","友達","17.65","＋","認購","歐式","111年11月01日","112年07月31日","112年07月27日","112年07月31日","0.65","    20.00","","",
="088512","潤泰新中信25購02","0.00","","9945","潤泰新","35.00","＋","認購","歐式","111年11月01日","112年05月31日","112年05月29日","112年05月31日","0.28","    50.00","","",
="088513","鴻海國泰26購02","0.00","","2317","鴻海","105.50","＋","認購","美式","111年11月01日","111年11月01日","112年06月28日","112年06月30日","0.15","    113.50","","",
="088514","SGBR2X凱基28購08","0.38","",="00715L","期街口布蘭特正2","12.73","＋","認購","美式","111年11月01日","111年11月01日","112年08月29日","112年08月31日","0.35","    18.00","","",
="088515","南亞科凱基25購03","0.00","","2408","南亞科","71.20","－","認購","美式","111年11月01日","111年11月01日","112年05月29日","112年05月31日","0.25","    62.00","","",
="088518","AES凱基25購05","0.00","","6781","AES-KY","690.00","＋","認購","美式","111年11月01日","111年11月01日","112年05月29日","112年05月31日","0.025","    750.00","","",
="088519","台灣50元大26購03","0.00","",="0050","元大台灣50","126.75","＋","認購","美式","111年11月01日","111年11月01日","112年06月28日","112年06月30日","0.307","    105.62","","",
="08851P","聯電凱基27售04","0.00","","2303","聯電","51.20","＋","認售","歐式","111年09月13日","112年07月12日","112年07月10日","112年07月12日","0.50","    35.00","","",
="088520","台灣50元大26購04","0.00","",="0050","元大台灣50","126.75","＋","認購","美式","111年11月01日","111年11月01日","112年06月28日","112年06月30日","0.256","    103.67","","",
="088521","台灣50元大26購05","0.00","",="0050","元大台灣50","126.75","＋","認購","美式","111年11月01日","111年11月01日","112年06月28日","112年06月30日","0.205","    99.75","","",
="088522","台灣50元大26購06","4.60","",="0050","元大台灣50","126.75","＋","認購","美式","111年11月01日","111年11月01日","112年06月28日","112年06月30日","0.153","    96.82","","",
="088523","台灣50元大27購01","0.00","",="0050","元大台灣50","126.75","＋","認購","美式","111年11月01日","111年11月01日","112年07月27日","112年07月31日","0.256","    104.64","","",
="088524","台灣50元大27購02","0.00","",="0050","元大台灣50","126.75","＋","認購","美式","111年11月01日","111年11月01日","112年07月27日","112年07月31日","0.205","    101.71","","",
="088525","台灣50元大27購03","0.00","",="0050","元大台灣50","126.75","＋","認購","美式","111年11月01日","111年11月01日","112年07月27日","112年07月31日","0.174","    98.78","","",
="088537","台積電台新26購01","0.00","","2330","台積電","568.00","＋","認購","歐式","111年11月01日","112年06月30日","112年06月28日","112年06月30日","0.035","    399.52","","",
="088538","T50反1元富27購11","0.00","",="00632R","元大台灣50反1","4.94","－","認購","美式","111年11月01日","111年11月01日","112年07月27日","112年07月31日","1.00","    6.50","","",
="08853P","創意元大27售03","0.00","","3443","創意","1,515.00","＋","認售","歐式","111年11月30日","112年07月31日","112年07月27日","112年07月31日","0.012","    620.00","","",
="088540","台積電元富2A購01","8.70","","2330","台積電","568.00","＋","認購","美式","111年11月01日","111年11月01日","112年10月27日","112年10月31日","0.102","    494.46","","",
="088541","敦泰元富27購01","0.81","","3545","敦泰","83.70","＋","認購","美式","111年11月01日","111年11月01日","112年07月27日","112年07月31日","0.087","    85.00","","",
="088542","華通麥證26購01","0.00","","2313","華通","44.30","＋","認購","歐式","111年11月01日","112年06月30日","112年06月28日","112年06月30日","0.743","    51.80","","",
="088544","中砂富邦26購02","0.41","－","1560","中砂","114.50","－","認購","美式","111年11月01日","111年11月01日","112年06月28日","112年06月30日","0.04","    110.00","","",
="088546","晶心科統一2A購01","1.64","＋","6533","晶心科","511.00","＋","認購","美式","111年11月01日","111年11月01日","112年10月27日","112年10月31日","0.01","    388.88","","",
="088547","美時永豐26購01","0.00","","1795","美時","330.50","＋","認購","美式","111年11月02日","111年11月02日","112年05月30日","112年06月01日","0.043","    179.98","","",
="088549","長榮第一26購03","0.00","","2603","長榮","157.00","＋","認購","美式","111年11月02日","111年11月02日","112年05月30日","112年06月01日","0.02","    130.63","","",
="088554","台積電元大29購19","0.00","","2330","台積電","568.00","＋","認購","美式","111年11月02日","111年11月02日","112年08月30日","112年09月01日","0.049","    425.74","","",
="088560","上証2X凱基26購02","0.00","",="00633L","富邦上証正2","35.01","－","認購","美式","111年11月02日","111年11月02日","112年05月30日","112年06月01日","0.60","    35.80","","",
="088561","滬深2X凱基26購05","0.00","",="00637L","元大滬深300正2","13.77","－","認購","美式","111年11月02日","111年11月02日","112年05月30日","112年06月01日","1.00","    13.50","","",
="088563","光罩凱基27購01","0.00","","2338","光罩","81.80","＋","認購","美式","111年11月02日","111年11月02日","112年06月29日","112年07月03日","0.082","    70.00","","",
="088565","欣興凱基27購01","3.45","－","3037","欣興","182.50","－","認購","美式","111年11月02日","111年11月02日","112年06月29日","112年07月03日","0.10","    150.00","","",
="088570","A50正2元富28購01","1.36","＋",="00655L","國泰中國A50正2","24.65","－","認購","美式","111年11月02日","111年11月02日","112年07月28日","112年08月01日","0.50","    23.50","","",
="088571","道瓊反元富26購01","0.00","",="00669R","國泰美國道瓊反1","8.06","－","認購","美式","111年11月02日","111年11月02日","112年05月30日","112年06月01日","1.00","    8.50","","",
="088572","台積電元富28購01","0.00","","2330","台積電","568.00","＋","認購","美式","111年11月02日","111年11月02日","112年07月28日","112年08月01日","0.05","    375.80","","",
="088573","祥碩元富27購01","0.00","","5269","祥碩","1,300.00","＋","認購","美式","111年11月02日","111年11月02日","112年06月29日","112年07月03日","0.03","    750.00","","",
="088574","大成鋼麥證26購01","0.00","","2027","大成鋼","45.25","＋","認購","歐式","111年11月02日","112年06月01日","112年05月30日","112年06月01日","1.00","    45.00","","",
="088575","上銀麥證26購01","0.00","","2049","上銀","235.50","＋","認購","歐式","111年11月02日","112年06月01日","112年05月30日","112年06月01日","0.10","    200.00","","",
="088576","友達麥證27購01","0.00","","2409","友達","17.65","＋","認購","歐式","111年11月02日","112年07月03日","112年06月29日","112年07月03日","1.00","    22.00","","",
="088580","滬深2X群益27購01","0.47","－",="00637L","元大滬深300正2","13.77","－","認購","美式","111年11月02日","111年11月02日","112年06月29日","112年07月03日","1.00","    15.00","","",
="088581","滬深反群益27購01","0.00","",="00638R","元大滬深300反1","9.79","＋","認購","美式","111年11月02日","111年11月02日","112年06月29日","112年07月03日","1.00","    12.00","","",
="088582","元美指群益27購01","0.00","",="00682U","期元大美元指數(原名：元大美元指數)","20.75","－","認購","美式","111年11月02日","111年11月02日","112年06月29日","112年07月03日","0.60","    22.50","","",
="088585","台積電群益26購01","0.00","","2330","台積電","568.00","＋","認購","美式","111年11月02日","111年11月02日","112年05月30日","112年06月01日","0.152","    435.13","","",
="088586","台積電群益27購01","0.00","","2330","台積電","568.00","＋","認購","美式","111年11月02日","111年11月02日","112年06月29日","112年07月03日","0.252","    484.58","","",
="088592","A50正2國票26購01","0.00","",="00655L","國泰中國A50正2","24.65","－","認購","美式","111年11月02日","111年11月02日","112年05月30日","112年06月01日","1.00","    27.00","","",
="088593","奇鋐國票26購01","0.00","","3017","奇鋐","206.00","－","認購","美式","111年11月02日","111年11月02日","112年05月30日","112年06月01日","0.104","    108.74","","",
="088594","新唐國票26購01","0.00","","4919","新唐","130.50","＋","認購","美式","111年11月02日","111年11月02日","112年05月30日","112年06月01日","0.375","    135.00","","",
="088595","瑞儀國票26購01","0.00","","6176","瑞儀","120.00","＋","認購","美式","111年11月02日","111年11月02日","112年05月30日","112年06月01日","0.30","    120.00","","",
="088596","台積電中信29購03","3.78","＋","2330","台積電","568.00","＋","認購","歐式","111年11月02日","112年09月01日","112年08月30日","112年09月01日","0.015","    316.46","","",
="088597","台積電中信29購04","0.00","","2330","台積電","568.00","＋","認購","歐式","111年11月02日","112年09月01日","112年08月30日","112年09月01日","0.03","    420.30","","",
="088598","台積電中信29購05","0.00","","2330","台積電","568.00","＋","認購","歐式","111年11月02日","112年09月01日","112年08月30日","112年09月01日","0.05","    459.85","","",
="088599","創意富邦29購01","0.00","","3443","創意","1,515.00","＋","認購","美式","111年11月02日","111年11月02日","112年08月30日","112年09月01日","0.01","    500.00","","",
="088601","欣興兆豐27購01","0.00","","3037","欣興","182.50","－","認購","美式","111年11月02日","111年11月02日","112年06月29日","112年07月03日","0.05","    118.00","","",
="088604","滬深2X國票26購02","0.00","",="00637L","元大滬深300正2","13.77","－","認購","美式","111年11月03日","111年11月03日","112年05月31日","112年06月02日","1.00","    16.00","","",
="088605","道瓊反國票26購03","0.00","",="00669R","國泰美國道瓊反1","8.06","－","認購","美式","111年11月03日","111年11月03日","112年05月31日","112年06月02日","1.00","    8.50","","",
="088607","貿聯國票26購01","0.00","","3665","貿聯-KY","270.50","＋","認購","美式","111年11月03日","111年11月03日","112年05月31日","112年06月02日","0.06","    268.94","","",
="088608","台表科國票26購01","1.05","＋","6278","台表科","100.50","＋","認購","美式","111年11月03日","111年11月03日","112年05月31日","112年06月02日","0.30","    100.00","","",
="088610","滬深2X群益27購02","0.00","",="00637L","元大滬深300正2","13.77","－","認購","美式","111年11月03日","111年11月03日","112年06月29日","112年07月03日","1.00","    13.00","","",
="088614","聯發科群益26購01","0.00","","2454","聯發科","738.00","＋","認購","美式","111年11月03日","111年11月03日","112年05月31日","112年06月02日","0.035","    630.00","","",
="088615","聯發科群益26購02","0.00","","2454","聯發科","738.00","＋","認購","美式","111年11月03日","111年11月03日","112年05月31日","112年06月02日","0.10","    740.00","","",
="088616","聯發科群益26購03","0.00","","2454","聯發科","738.00","＋","認購","美式","111年11月03日","111年11月03日","112年05月31日","112年06月02日","0.20","    885.00","","",
="088617","聯發科群益27購01","0.00","","2454","聯發科","738.00","＋","認購","美式","111年11月03日","111年11月03日","112年06月29日","112年07月03日","0.035","    650.00","","",
="088622","AES群益26購01","0.00","","6781","AES-KY","690.00","＋","認購","美式","111年11月03日","111年11月03日","112年05月31日","112年06月02日","0.025","    800.00","","",
="088623","南電群益26購01","0.00","","8046","南電","302.50","－","認購","美式","111年11月03日","111年11月03日","112年05月31日","112年06月02日","0.15","    285.00","","",
="088625","美時永豐28購01","0.00","","1795","美時","330.50","＋","認購","美式","111年11月03日","111年11月03日","112年07月31日","112年08月02日","0.05","    199.06","","",
="088626","國巨永豐26購01","3.00","－","2327","國巨","508.00","＋","認購","美式","111年11月03日","111年11月03日","112年05月31日","112年06月02日","0.049","    444.89","","",
="088627","台積電永豐2B購01","9.65","","2330","台積電","568.00","＋","認購","美式","111年11月03日","111年11月03日","112年10月31日","112年11月02日","0.075","    447.23","","",
="088630","王品永豐26購01","0.00","","2727","王品","320.00","－","認購","美式","111年11月03日","111年11月03日","112年05月31日","112年06月02日","0.065","    147.21","","",
="088632","同欣電永豐27購01","0.00","","6271","同欣電","179.50","＋","認購","美式","111年11月03日","111年11月03日","112年06月29日","112年07月03日","0.133","    286.85","","",
="088633","富邦媒永豐26購01","0.00","","8454","富邦媒","703.00","＋","認購","美式","111年11月03日","111年11月03日","112年05月31日","112年06月02日","0.02","    564.93","","",
="088634","台積電第一2C購02","0.00","","2330","台積電","568.00","＋","認購","美式","111年11月03日","111年11月03日","112年11月30日","112年12月04日","0.011","    375.80","","",
="088635","台積電第一2C購03","0.00","","2330","台積電","568.00","＋","認購","美式","111年11月03日","111年11月03日","112年11月30日","112年12月04日","0.012","    395.57","","",
="088636","台積電第一31購01","0.00","","2330","台積電","568.00","＋","認購","美式","111年11月03日","111年11月03日","112年12月28日","113年01月02日","0.013","    415.35","","",
="088637","台積電第一31購02","0.00","","2330","台積電","568.00","＋","認購","美式","111年11月03日","111年11月03日","112年12月28日","113年01月02日","0.014","    435.13","","",
="088638","景碩康和26購02","0.00","","3189","景碩","116.00","＋","認購","美式","111年11月03日","111年11月03日","112年05月31日","112年06月02日","0.07","    130.00","","",
="088641","美時凱基2A購01","0.00","","1795","美時","330.50","＋","認購","美式","111年11月03日","111年11月03日","112年09月27日","112年10月02日","0.05","    180.00","","",
="088642","裕隆凱基27購01","0.00","","2201","裕隆","82.80","＋","認購","美式","111年11月03日","111年11月03日","112年06月29日","112年07月03日","0.30","    50.00","","",
="088643","台積電凱基27購15","0.00","","2330","台積電","568.00","＋","認購","美式","111年11月03日","111年11月03日","112年06月29日","112年07月03日","0.06","    440.07","","",
="088644","光罩凱基27購02","0.00","","2338","光罩","81.80","＋","認購","美式","111年11月03日","111年11月03日","112年06月29日","112年07月03日","0.053","    60.00","","",
="088646","聯發科凱基26購07","0.00","","2454","聯發科","738.00","＋","認購","美式","111年11月03日","111年11月03日","112年05月31日","112年06月02日","0.09","    840.00","","",
="088647","景碩凱基26購02","0.00","","3189","景碩","116.00","＋","認購","美式","111年11月03日","111年11月03日","112年05月31日","112年06月02日","0.10","    130.00","","",
="088648","鈺齊凱基26購02","0.00","","9802","鈺齊-KY","124.00","－","認購","美式","111年11月03日","111年11月03日","112年05月31日","112年06月02日","0.076","    158.53","","",
="088650","滬深2X元大27購04","1.26","－",="00637L","元大滬深300正2","13.77","－","認購","美式","111年11月03日","111年11月03日","112年06月29日","112年07月03日","1.00","    13.00","","",
="088651","道瓊反元大28購02","0.00","",="00669R","國泰美國道瓊反1","8.06","－","認購","美式","111年11月03日","111年11月03日","112年07月31日","112年08月02日","1.00","    8.60","","",
="088654","台積電元大29購20","0.00","","2330","台積電","568.00","＋","認購","美式","111年11月03日","111年11月03日","112年08月31日","112年09月04日","0.06","    434.14","","",
="088662","國巨兆豐27購01","0.00","","2327","國巨","508.00","＋","認購","美式","111年11月03日","111年11月03日","112年06月29日","112年07月03日","0.03","    390.00","","",
="088663","智易兆豐28購01","0.00","","3596","智易","115.00","＋","認購","美式","111年11月03日","111年11月03日","112年07月31日","112年08月02日","0.045","    93.00","","",
="088665","裕隆元富28購01","0.00","","2201","裕隆","82.80","＋","認購","美式","111年11月03日","111年11月03日","112年07月31日","112年08月02日","0.47","    60.00","","",
="088666","晶豪科元富26購02","0.00","","3006","晶豪科","88.20","＋","認購","美式","111年11月03日","111年11月03日","112年05月31日","112年06月02日","0.20","    65.00","","",
="088667","景碩元富28購01","1.68","＋","3189","景碩","116.00","＋","認購","美式","111年11月03日","111年11月03日","112年07月31日","112年08月02日","0.15","    120.00","","",
="088668","健策元富28購01","0.00","","3653","健策","616.00","＋","認購","美式","111年11月03日","111年11月03日","112年07月31日","112年08月02日","0.036","    400.00","","",
="088671","道瓊反中信27購03","0.00","",="00669R","國泰美國道瓊反1","8.06","－","認購","歐式","111年11月04日","112年07月03日","112年06月29日","112年07月03日","1.00","    8.00","","",
="088672","道瓊反國票26購04","0.00","",="00669R","國泰美國道瓊反1","8.06","－","認購","美式","111年11月04日","111年11月04日","112年06月01日","112年06月05日","1.00","    8.00","","",
="088673","台達電國票26購01","0.00","","2308","台達電","315.50","－","認購","美式","111年11月04日","111年11月04日","112年06月01日","112年06月05日","0.15","    330.00","","",
="088674","華新科國票26購01","1.15","＋","2492","華新科","101.00","＋","認購","美式","111年11月04日","111年11月04日","112年06月01日","112年06月05日","0.40","    100.00","","",
="088675","奇鋐國票26購02","0.00","","3017","奇鋐","206.00","－","認購","美式","111年11月04日","111年11月04日","112年06月01日","112年06月05日","0.236","    128.51","","",
="088676","台郡國票26購01","0.00","","6269","台郡","99.00","＋","認購","美式","111年11月04日","111年11月04日","112年06月01日","112年06月05日","0.20","    110.00","","",
="088677","元晶國票26購01","0.18","＋","6443","元晶","36.20","＋","認購","美式","111年11月04日","111年11月04日","112年06月01日","112年06月05日","0.184","    36.00","","",
="088678","AES國票26購01","0.00","","6781","AES-KY","690.00","＋","認購","美式","111年11月04日","111年11月04日","112年06月01日","112年06月05日","0.02","    700.00","","",
="088679","道瓊反群益29購01","0.00","",="00669R","國泰美國道瓊反1","8.06","－","認購","美式","111年11月04日","111年11月04日","112年08月31日","112年09月04日","1.00","    8.60","","",
="088683","景碩群益26購01","0.00","","3189","景碩","116.00","＋","認購","美式","111年11月04日","111年11月04日","112年06月01日","112年06月05日","0.05","    125.00","","",
="088686","同欣電群益26購01","0.00","","6271","同欣電","179.50","＋","認購","美式","111年11月04日","111年11月04日","112年06月01日","112年06月05日","0.029","    210.02","","",
="088687","富邦媒統一26購01","0.00","","8454","富邦媒","703.00","＋","認購","美式","111年11月04日","111年11月04日","112年06月01日","112年06月05日","0.011","    515.60","","",
="088689","台達電兆豐28購01","1.56","＋","2308","台達電","315.50","－","認購","美式","111年11月04日","111年11月04日","112年08月01日","112年08月03日","0.028","    270.00","","",
="088690","友達兆豐28購01","0.00","","2409","友達","17.65","＋","認購","美式","111年11月04日","111年11月04日","112年08月01日","112年08月03日","0.44","    18.50","","",
="088691","長榮航兆豐27購01","0.00","","2618","長榮航","33.60","＋","認購","美式","111年11月04日","111年11月04日","112年06月29日","112年07月03日","0.40","    26.00","","",
="088692","景碩兆豐29購01","0.64","＋","3189","景碩","116.00","＋","認購","美式","111年11月04日","111年11月04日","112年08月31日","112年09月04日","0.044","    115.00","","",
="088693","貿聯兆豐27購01","0.80","＋","3665","貿聯-KY","270.50","＋","認購","美式","111年11月04日","111年11月04日","112年06月29日","112年07月03日","0.028","    247.03","","",
="088694","元油反富邦26購01","0.00","",="00673R","期元大S&P原油反1(原名：元大S&P原油反1)","9.03","－","認購","美式","111年11月04日","111年11月04日","112年06月01日","112年06月05日","1.00","    9.50","","",
="088695","國巨富邦26購01","0.00","","2327","國巨","508.00","＋","認購","美式","111年11月04日","111年11月04日","112年06月01日","112年06月05日","0.03","    420.00","","",
="088696","可成富邦27購01","0.30","","2474","可成","189.00","＋","認購","美式","111年11月04日","111年11月04日","112年06月29日","112年07月03日","0.07","    200.00","","",
="088697","萬海富邦26購01","0.00","","2615","萬海","60.00","＋","認購","美式","111年11月04日","111年11月04日","112年06月01日","112年06月05日","0.10","    75.00","","",
="088698","日月光富邦26購02","0.00","","3711","日月光投控","109.00","－","認購","美式","111年11月04日","111年11月04日","112年06月01日","112年06月05日","0.07","    77.00","","",
="088700","台積電永豐26購03","0.00","","2330","台積電","568.00","＋","認購","美式","111年11月04日","111年11月04日","112年06月01日","112年06月05日","0.04","    410.40","","",
="088701","順德永豐26購01","0.00","","2351","順德","123.00","＋","認購","美式","111年11月04日","111年11月04日","112年06月01日","112年06月05日","0.105","    116.05","","",
="088710","台積電元大29購21","0.00","","2330","台積電","568.00","＋","認購","美式","111年11月04日","111年11月04日","112年08月31日","112年09月04日","0.07","    500.39","","",
="088720","臺股指元大26購17","0.00","","IX0001","臺股指數","16,636.30","","認購","歐式","111年11月04日","112年06月05日","112年06月01日","112年06月05日","0.005","    15,000.00","","",
="088721","臺股指元大26購18","0.00","","IX0001","臺股指數","16,636.30","","認購","歐式","111年11月04日","112年06月05日","112年06月01日","112年06月05日","0.003","    14,200.00","","",
="088722","臺股指元大26購19","0.00","","IX0001","臺股指數","16,636.30","","認購","歐式","111年11月04日","112年06月05日","112年06月01日","112年06月05日","0.002","    13,500.00","","",
="088723","臺股指元大26購20","0.00","","IX0001","臺股指數","16,636.30","","認購","歐式","111年11月04日","112年06月05日","112年06月01日","112年06月05日","0.001","    12,800.00","","",
="088724","臺股指元大27購02","0.00","","IX0001","臺股指數","16,636.30","","認購","歐式","111年11月04日","112年07月03日","112年06月29日","112年07月03日","0.003","    14,500.00","","",
="088725","臺股指元大27購03","0.00","","IX0001","臺股指數","16,636.30","","認購","歐式","111年11月04日","112年07月03日","112年06月29日","112年07月03日","0.002","    13,800.00","","",
="088726","臺股指元大27購04","0.00","","IX0001","臺股指數","16,636.30","","認購","歐式","111年11月04日","112年07月03日","112年06月29日","112年07月03日","0.001","    13,000.00","","",
="088727","鴻海凱基27購03","0.00","","2317","鴻海","105.50","＋","認購","美式","111年11月04日","111年11月04日","112年06月29日","112年07月03日","0.30","    124.00","","",
="088728","致茂凱基27購01","0.94","＋","2360","致茂","226.50","＋","認購","美式","111年11月04日","111年11月04日","112年06月29日","112年07月03日","0.13","    245.00","","",
="088729","聯發科凱基27購03","0.00","","2454","聯發科","738.00","＋","認購","美式","111年11月04日","111年11月04日","112年06月29日","112年07月03日","0.025","    630.00","","",
="088730","大立光凱基27購06","0.00","","3008","大立光","2,305.00","＋","認購","美式","111年11月04日","111年11月04日","112年06月29日","112年07月03日","0.007","    1,862.25","","",
="088732","敦泰凱基26購01","0.00","","3545","敦泰","83.70","＋","認購","美式","111年11月04日","111年11月04日","112年06月01日","112年06月05日","0.075","    70.00","","",
="088734","台表科凱基26購01","0.00","","6278","台表科","100.50","＋","認購","美式","111年11月04日","111年11月04日","112年06月01日","112年06月05日","0.20","    100.00","","",
="088735","世紀鋼凱基29購01","2.32","＋","9958","世紀鋼","109.50","＋","認購","美式","111年11月04日","111年11月04日","112年08月31日","112年09月04日","0.192","    110.00","","",
="088738","臺股指凱基26購41","0.00","","IX0001","臺股指數","16,636.30","","認購","歐式","111年11月04日","112年06月05日","112年06月01日","112年06月05日","0.005","    14,000.00","","",
="088739","臺股指凱基2A購04","0.00","","IX0001","臺股指數","16,636.30","","認購","歐式","111年11月04日","112年10月03日","112年09月28日","112年10月03日","0.05","    18,000.00","","",
="088740","華新元富28購01","4.31","","1605","華新","46.60","＋","認購","美式","111年11月04日","111年11月04日","112年08月01日","112年08月03日","0.70","    42.90","","",
="088741","廣宇元富28購01","2.72","＋","2328","廣宇","39.40","＋","認購","美式","111年11月04日","111年11月04日","112年08月01日","112年08月03日","0.70","    38.22","","",
="088742","台亞元富28購01","0.00","","2340","台亞","36.30","＋","認購","美式","111年11月04日","111年11月04日","112年08月01日","112年08月03日","0.60","    38.00","","",
="088743","宏碁元富28購01","0.00","","2353","宏碁","31.05","＋","認購","美式","111年11月04日","111年11月04日","112年08月01日","112年08月03日","1.00","    26.52","","",
="088744","華碩元富28購01","5.15","＋","2357","華碩","303.50","－","認購","美式","111年11月04日","111年11月04日","112年08月01日","112年08月03日","0.15","    283.20","","",
="088745","技嘉元富28購01","0.00","","2376","技嘉","186.00","＋","認購","美式","111年11月04日","111年11月04日","112年08月01日","112年08月03日","0.25","    111.00","","",
="088746","台光電元富27購01","0.00","","2383","台光電","204.50","＋","認購","美式","111年11月04日","111年11月04日","112年06月29日","112年07月03日","0.065","    160.00","","",
="088747","凌陽元富28購01","1.35","","2401","凌陽","24.90","＋","認購","美式","111年11月04日","111年11月04日","112年08月01日","112年08月03日","0.80","    27.06","","",
="088748","友達元富27購01","0.00","","2409","友達","17.65","＋","認購","美式","111年11月04日","111年11月04日","112年06月29日","112年07月03日","0.90","    22.00","","",
="088750","長榮元富26購06","0.00","","2603","長榮","157.00","＋","認購","美式","111年11月04日","111年11月04日","112年06月01日","112年06月05日","0.091","    148.00","","",
="088751","華航元富28購01","2.42","＋","2610","華航","21.65","＋","認購","美式","111年11月04日","111年11月04日","112年08月01日","112年08月03日","1.00","    20.00","","",
="088752","健和興元富28購01","2.04","－","3003","健和興","79.20","＋","認購","美式","111年11月04日","111年11月04日","112年08月01日","112年08月03日","0.309","    80.67","","",
="088755","鴻海麥證28購01","0.52","＋","2317","鴻海","105.50","＋","認購","歐式","111年11月04日","112年08月03日","112年08月01日","112年08月03日","0.08","    105.00","","",
="088756","旺宏麥證26購01","0.00","","2337","旺宏","33.40","＋","認購","歐式","111年11月04日","112年06月05日","112年06月01日","112年06月05日","1.00","    35.00","","",
="088760","道瓊反群益29購02","0.21","",="00669R","國泰美國道瓊反1","8.06","－","認購","美式","111年11月07日","111年11月07日","112年09月04日","112年09月06日","1.00","    8.90","","",
="088761","美費半群益27購01","0.00","",="00830","國泰費城半導體","31.65","＋","認購","美式","111年11月07日","111年11月07日","112年07月04日","112年07月06日","0.603","    25.87","","",
="088762","FB越南群益27購01","0.00","",="00885","富邦越南","11.45","＋","認購","美式","111年11月07日","111年11月07日","112年07月04日","112年07月06日","1.00","    12.00","","",
="088766","威鋒電群益27購01","0.00","","6756","威鋒電子","223.00","＋","認購","美式","111年11月07日","111年11月07日","112年07月04日","112年07月06日","0.052","    261.40","","",
="088767","欣興第一31購01","1.39","－","3037","欣興","182.50","－","認購","美式","111年11月07日","111年11月07日","113年01月04日","113年01月08日","0.019","    127.50","","",
="088768","南電第一26購03","0.00","","8046","南電","302.50","－","認購","美式","111年11月07日","111年11月07日","112年06月02日","112年06月06日","0.016","    206.63","","",
="088769","香港反國票27購01","0.00","",="00651R","FH香港反1","8.90","－","認購","美式","111年11月07日","111年11月07日","112年07月04日","112年07月06日","0.842","    12.00","","",
="088771","揚明光國票26購01","0.00","","3504","揚明光","81.70","＋","認購","美式","111年11月07日","111年11月07日","112年06月02日","112年06月06日","0.235","    110.00","","",
="088772","聯茂國票26購01","0.39","＋","6213","聯茂","72.30","＋","認購","美式","111年11月07日","111年11月07日","112年06月02日","112年06月06日","0.40","    75.00","","",
="088773","T50反1凱基29購02","0.00","",="00632R","元大台灣50反1","4.94","－","認購","美式","111年11月07日","111年11月07日","112年09月04日","112年09月06日","1.00","    6.50","","",
="088774","T50反1凱基29購03","0.00","",="00632R","元大台灣50反1","4.94","－","認購","美式","111年11月07日","111年11月07日","112年09月04日","112年09月06日","1.00","    6.70","","",
="088775","滬深2X凱基26購06","0.00","",="00637L","元大滬深300正2","13.77","－","認購","美式","111年11月07日","111年11月07日","112年06月02日","112年06月06日","1.00","    16.80","","",
="088776","滬深2X凱基26購07","0.00","",="00637L","元大滬深300正2","13.77","－","認購","美式","111年11月07日","111年11月07日","112年06月02日","112年06月06日","1.00","    15.00","","",
="088777","道瓊反凱基2B購01","0.00","",="00669R","國泰美國道瓊反1","8.06","－","認購","美式","111年11月07日","111年11月07日","112年11月02日","112年11月06日","1.00","    9.50","","",
="088778","永續息凱基2B購01","0.00","",="00878","國泰永續高股息","18.36","＋","認購","美式","111年11月07日","111年11月07日","112年11月02日","112年11月06日","1.049","    15.25","","",
="088779","怡利電凱基27購01","0.57","","2497","怡利電","71.30","＋","認購","美式","111年11月07日","111年11月07日","112年07月04日","112年07月06日","0.20","    80.00","","",
="088783","康舒凱基26購01","6.85","","6282","康舒","44.05","＋","認購","美式","111年11月07日","111年11月07日","112年06月02日","112年06月06日","1.00","    38.00","","",
="088784","元晶凱基29購01","0.60","","6443","元晶","36.20","＋","認購","美式","111年11月07日","111年11月07日","112年09月04日","112年09月06日","0.15","    38.00","","",
="088785","威鋒電凱基26購01","0.00","","6756","威鋒電子","223.00","＋","認購","美式","111年11月07日","111年11月07日","112年06月02日","112年06月06日","0.088","    251.71","","",
="088787","萬海中信28購01","0.00","","2615","萬海","60.00","＋","認購","歐式","111年11月07日","112年08月07日","112年08月03日","112年08月07日","0.168","    88.80","","",
="088788","玉晶光中信28購01","1.38","","3406","玉晶光","400.00","＋","認購","歐式","111年11月07日","112年08月07日","112年08月03日","112年08月07日","0.038","    428.00","","",
="088789","AES中信28購01","1.10","＋","6781","AES-KY","690.00","＋","認購","歐式","111年11月07日","112年08月07日","112年08月03日","112年08月07日","0.018","    768.00","","",
="088790","滬深2X國泰27購01","0.00","",="00637L","元大滬深300正2","13.77","－","認購","美式","111年11月07日","111年11月07日","112年07月04日","112年07月06日","1.00","    15.14","","",
="088791","T50反1元大27購06","0.00","",="00632R","元大台灣50反1","4.94","－","認購","美式","111年11月07日","111年11月07日","112年07月04日","112年07月06日","1.00","    6.35","","",
="088792","T50反1元大28購07","0.00","",="00632R","元大台灣50反1","4.94","－","認購","美式","111年11月07日","111年11月07日","112年08月03日","112年08月07日","1.00","    6.45","","",
="088794","台積電元大29購22","0.00","","2330","台積電","568.00","＋","認購","美式","111年11月07日","111年11月07日","112年09月04日","112年09月06日","0.06","    462.32","","",
="088800","華新元富28購02","2.85","","1605","華新","46.60","＋","認購","美式","111年11月07日","111年11月07日","112年08月03日","112年08月07日","0.60","    45.00","","",
="088801","中鋼元富28購01","1.15","","2002","中鋼","29.05","－","認購","美式","111年11月07日","111年11月07日","112年08月03日","112年08月07日","1.00","    30.00","","",
="088802","鴻海元富28購01","0.47","＋","2317","鴻海","105.50","＋","認購","美式","111年11月07日","111年11月07日","112年08月03日","112年08月07日","0.50","    120.00","","",
="088803","晶技元富28購01","1.69","＋","3042","晶技","89.40","＋","認購","美式","111年11月07日","111年11月07日","112年08月03日","112年08月07日","0.25","    90.00","","",
="088804","景碩元富28購02","1.44","＋","3189","景碩","116.00","＋","認購","美式","111年11月07日","111年11月07日","112年08月03日","112年08月07日","0.15","    120.00","","",
="088805","群創元富28購01","0.56","＋","3481","群創","14.10","＋","認購","美式","111年11月07日","111年11月07日","112年08月03日","112年08月07日","1.00","    15.00","","",
="088806","致伸元富28購01","0.00","","4915","致伸","64.40","＋","認購","美式","111年11月07日","111年11月07日","112年08月03日","112年08月07日","0.50","    64.00","","",
="088807","和碩元富28購01","4.58","＋","4938","和碩","74.70","＋","認購","美式","111年11月07日","111年11月07日","112年08月03日","112年08月07日","0.70","    70.00","","",
="088808","力智元富28購01","2.97","","6719","力智","303.00","＋","認購","美式","111年11月07日","111年11月07日","112年08月03日","112年08月07日","0.06","    285.00","","",
="088809","AES元富28購01","1.89","－","6781","AES-KY","690.00","＋","認購","美式","111年11月07日","111年11月07日","112年08月03日","112年08月07日","0.025","    700.00","","",
="08880P","T50反1富邦29售01","0.00","",="00632R","元大台灣50反1","4.94","－","認售","歐式","111年09月13日","112年09月12日","112年09月08日","112年09月12日","1.00","    6.20","","",
="088815","天鈺康和26購01","0.00","","4961","天鈺","154.00","＋","認購","美式","111年11月07日","111年11月07日","112年06月02日","112年06月06日","0.075","    125.00","","",
="088817","上銀永豐26購01","2.94","","2049","上銀","235.50","＋","認購","美式","111年11月07日","111年11月07日","112年06月02日","112年06月06日","0.09","    202.96","","",
="088818","台積電永豐27購03","0.00","","2330","台積電","568.00","＋","認購","美式","111年11月07日","111年11月07日","112年07月04日","112年07月06日","0.077","    464.80","","",
="088819","致茂永豐27購01","1.38","＋","2360","致茂","226.50","＋","認購","美式","111年11月07日","111年11月07日","112年07月04日","112年07月06日","0.044","    201.54","","",
="088820","台光電永豐26購01","0.00","","2383","台光電","204.50","＋","認購","美式","111年11月07日","111年11月07日","112年06月02日","112年06月06日","0.082","    211.25","","",
="088822","帆宣永豐26購01","0.80","－","6196","帆宣","131.50","","認購","美式","111年11月07日","111年11月07日","112年06月02日","112年06月06日","0.068","    120.90","","",
="088827","南電永豐26購01","0.93","－","8046","南電","302.50","－","認購","美式","111年11月07日","111年11月07日","112年06月02日","112年06月06日","0.084","    301.63","","",
="088828","嘉晶統一28購01","0.00","","3016","嘉晶","65.10","＋","認購","美式","111年11月07日","111年11月07日","112年08月03日","112年08月07日","0.06","    77.77","","",
="088829","中砂兆豐27購01","0.27","－","1560","中砂","114.50","－","認購","美式","111年11月07日","111年11月07日","112年07月04日","112年07月06日","0.05","    118.00","","",
="088830","台積電兆豐27購03","0.00","","2330","台積電","568.00","＋","認購","美式","111年11月07日","111年11月07日","112年07月04日","112年07月06日","0.036","    403.48","","",
="088832","長榮兆豐27購01","1.33","＋","2603","長榮","157.00","＋","認購","美式","111年11月07日","111年11月07日","112年07月04日","112年07月06日","0.06","    138.00","","",
="088835","台灣50富邦27購02","0.00","",="0050","元大台灣50","126.75","＋","認購","美式","111年11月07日","111年11月07日","112年07月04日","112年07月06日","1.023","    122.25","","",
="088836","上証2X富邦26購01","0.00","",="00633L","富邦上証正2","35.01","－","認購","美式","111年11月07日","111年11月07日","112年06月02日","112年06月06日","0.45","    38.00","","",
="088837","滬深2X富邦26購02","0.00","",="00637L","元大滬深300正2","13.77","－","認購","美式","111年11月07日","111年11月07日","112年06月02日","112年06月06日","1.00","    15.00","","",
="088840","長榮航富邦26購01","0.00","","2618","長榮航","33.60","＋","認購","美式","111年11月07日","111年11月07日","112年06月02日","112年06月06日","0.50","    27.00","","",
="088841","欣興富邦27購02","2.21","＋","3037","欣興","182.50","－","認購","美式","111年11月07日","111年11月07日","112年07月04日","112年07月06日","0.055","    150.00","","",
="088842","嘉澤富邦26購01","0.00","","3533","嘉澤","909.00","－","認購","美式","111年11月07日","111年11月07日","112年06月02日","112年06月06日","0.008","    895.62","","",
="088843","力積電富邦26購02","0.00","","6770","力積電","30.85","＋","認購","美式","111年11月07日","111年11月07日","112年06月02日","112年06月06日","0.404","    34.70","","",
="088844","世紀鋼富邦26購02","0.00","","9958","世紀鋼","109.50","＋","認購","美式","111年11月07日","111年11月07日","112年06月02日","112年06月06日","0.10","    88.00","","",
="088845","聯詠第一28購01","0.00","","3034","聯詠","423.50","＋","認購","美式","111年11月08日","111年11月08日","112年08月03日","112年08月07日","0.019","    264.08","","",
="088846","道瓊反國票27購01","0.00","",="00669R","國泰美國道瓊反1","8.06","－","認購","美式","111年11月08日","111年11月08日","112年07月05日","112年07月07日","1.00","    7.75","","",
="088847","陽明國票26購01","0.60","＋","2609","陽明","62.00","＋","認購","美式","111年11月08日","111年11月08日","112年06月05日","112年06月07日","0.20","    60.00","","",
="088848","欣興國票26購02","0.00","","3037","欣興","182.50","－","認購","美式","111年11月08日","111年11月08日","112年06月05日","112年06月07日","0.30","    190.00","","",
="088849","群創國票26購01","0.26","＋","3481","群創","14.10","＋","認購","美式","111年11月08日","111年11月08日","112年06月05日","112年06月07日","1.00","    14.50","","",
="088850","智易國票26購01","2.72","－","3596","智易","115.00","＋","認購","美式","111年11月08日","111年11月08日","112年06月05日","112年06月07日","0.178","    100.00","","",
="088851","正文國票26購01","0.26","","4906","正文","31.40","＋","認購","美式","111年11月08日","111年11月08日","112年06月05日","112年06月07日","1.00","    34.00","","",
="088852","致伸國票26購01","0.01","","4915","致伸","64.40","＋","認購","美式","111年11月08日","111年11月08日","112年06月05日","112年06月07日","1.00","    80.00","","",
="088853","樺漢國票26購01","0.00","","6414","樺漢","281.00","＋","認購","美式","111年11月08日","111年11月08日","112年06月05日","112年06月07日","0.119","    210.00","","",
="088854","南電國票26購01","6.90","","8046","南電","302.50","－","認購","美式","111年11月08日","111年11月08日","112年06月05日","112年06月07日","0.16","    270.00","","",
="088855","振樺電國票26購01","0.00","","8114","振樺電","108.00","","認購","美式","111年11月08日","111年11月08日","112年06月05日","112年06月07日","0.203","    178.00","","",
="088856","愛普中信28購01","0.00","","6531","愛普*","328.50","＋","認購","歐式","111年11月08日","112年08月07日","112年08月03日","112年08月07日","0.08","    218.00","","",
="088858","新唐康和26購01","0.00","","4919","新唐","130.50","＋","認購","美式","111年11月08日","111年11月08日","112年06月05日","112年06月07日","0.075","    125.00","","",
="088860","中砂永豐26購01","0.00","","1560","中砂","114.50","－","認購","美式","111年11月08日","111年11月08日","112年06月05日","112年06月07日","0.072","    130.20","","",
="088867","T50反1群益28購04","0.00","",="00632R","元大台灣50反1","4.94","－","認購","美式","111年11月08日","111年11月08日","112年08月03日","112年08月07日","1.00","    6.66","","",
="088869","華城群益26購01","0.00","","1519","華城","141.00","＋","認購","美式","111年11月08日","111年11月08日","112年06月05日","112年06月07日","0.492","    50.00","","",
="088870","台積電群益27購02","0.00","","2330","台積電","568.00","＋","認購","美式","111年11月08日","111年11月08日","112年07月05日","112年07月07日","0.102","    459.85","","",
="088871","台積電群益27購03","16.40","＋","2330","台積電","568.00","＋","認購","美式","111年11月08日","111年11月08日","112年07月05日","112年07月07日","0.252","    509.29","","",
="088872","台積電群益27購04","9.95","＋","2330","台積電","568.00","＋","認購","美式","111年11月08日","111年11月08日","112年07月05日","112年07月07日","0.252","    541.93","","",
="088879","威鋒電群益27購02","0.00","","6756","威鋒電子","223.00","＋","認購","美式","111年11月08日","111年11月08日","112年07月05日","112年07月07日","0.072","    212.02","","",
="088881","啟碁兆豐27購01","0.00","","6285","啟碁","87.50","＋","認購","美式","111年11月08日","111年11月08日","112年07月05日","112年07月07日","0.13","    103.00","","",
="088882","鈺齊兆豐26購01","0.00","","9802","鈺齊-KY","124.00","－","認購","美式","111年11月08日","111年11月08日","112年06月05日","112年06月07日","0.056","    156.54","","",
="088883","美時統一27購01","0.00","","1795","美時","330.50","＋","認購","美式","111年11月08日","111年11月08日","112年07月05日","112年07月07日","0.025","    183.10","","",
="088884","飛宏統一28購01","0.00","","2457","飛宏","76.40","＋","認購","美式","111年11月08日","111年11月08日","112年08月03日","112年08月07日","0.13","    45.66","","",
="088885","宏達電統一27購01","0.68","＋","2498","宏達電","61.50","＋","認購","美式","111年11月08日","111年11月08日","112年07月05日","112年07月07日","0.10","    60.66","","",
="088886","新唐統一28購01","0.00","","4919","新唐","130.50","＋","認購","美式","111年11月08日","111年11月08日","112年08月03日","112年08月07日","0.03","    133.66","","",
="088887","愛普統一28購01","0.00","","6531","愛普*","328.50","＋","認購","美式","111年11月08日","111年11月08日","112年08月03日","112年08月07日","0.025","    200.00","","",
="088888","力智統一27購01","0.20","＋","6719","力智","303.00","＋","認購","美式","111年11月08日","111年11月08日","112年07月05日","112年07月07日","0.02","    345.67","","",
="088892","國巨元大29購01","2.11","＋","2327","國巨","508.00","＋","認購","美式","111年11月08日","111年11月08日","112年09月05日","112年09月07日","0.04","    545.00","","",
="088895","嘉聯益元大27購01","0.00","","6153","嘉聯益","23.15","＋","認購","美式","111年11月08日","111年11月08日","112年07月05日","112年07月07日","0.20","    34.10","","",
="088899","緯穎元大29購03","2.47","＋","6669","緯穎","1,205.00","＋","認購","美式","111年11月08日","111年11月08日","112年09月05日","112年09月07日","0.01","    1,200.00","","",
="088900","嘉澤元富27購01","0.00","","3533","嘉澤","909.00","－","認購","美式","111年11月08日","111年11月08日","112年07月05日","112年07月07日","0.015","    995.14","","",
="088902","啟碁元富27購01","0.00","","6285","啟碁","87.50","＋","認購","美式","111年11月08日","111年11月08日","112年07月05日","112年07月07日","0.20","    115.00","","",
="088903","緯穎元富28購01","2.28","＋","6669","緯穎","1,205.00","＋","認購","美式","111年11月08日","111年11月08日","112年08月03日","112年08月07日","0.013","    1,100.00","","",
="088906","台積電麥證26購06","0.00","","2330","台積電","568.00","＋","認購","歐式","111年11月08日","112年06月07日","112年06月05日","112年06月07日","0.182","    395.57","","",
="088907","台積電麥證26購07","0.00","","2330","台積電","568.00","＋","認購","歐式","111年11月08日","112年06月07日","112年06月05日","112年06月07日","0.202","    514.24","","",
="088909","臺股指麥證2B購01","0.00","","IX0001","臺股指數","16,636.30","","認購","歐式","111年11月08日","112年11月07日","112年11月03日","112年11月07日","0.005","    15,000.00","","",
="088911","國巨富邦26購02","2.50","","2327","國巨","508.00","＋","認購","美式","111年11月08日","111年11月08日","112年06月05日","112年06月07日","0.045","    450.00","","",
="088912","健策富邦26購01","0.00","","3653","健策","616.00","＋","認購","美式","111年11月08日","111年11月08日","112年06月05日","112年06月07日","0.01","    420.00","","",
="088913","遠傳富邦26購01","0.00","","4904","遠傳","77.10","－","認購","美式","111年11月08日","111年11月08日","112年06月05日","112年06月07日","0.25","    80.00","","",
="088914","力智富邦27購01","0.93","＋","6719","力智","303.00","＋","認購","美式","111年11月08日","111年11月08日","112年07月05日","112年07月07日","0.015","    250.00","","",
="088915","富鼎富邦26購01","0.00","","8261","富鼎","106.50","＋","認購","美式","111年11月08日","111年11月08日","112年06月05日","112年06月07日","0.06","    105.00","","",
="088916","台灣50凱基28購02","0.00","",="0050","元大台灣50","126.75","＋","認購","美式","111年11月08日","111年11月08日","112年08月03日","112年08月07日","0.511","    104.64","","",
="088917","台積電凱基26購11","0.00","","2330","台積電","568.00","＋","認購","美式","111年11月08日","111年11月08日","112年06月05日","112年06月07日","0.08","    445.01","","",
="088918","台積電凱基27購17","0.00","","2330","台積電","568.00","＋","認購","美式","111年11月08日","111年11月08日","112年07月05日","112年07月07日","0.05","    410.40","","",
="088920","偉詮電凱基28購01","0.00","","2436","偉詮電","51.60","＋","認購","美式","111年11月08日","111年11月08日","112年08月03日","112年08月07日","0.122","    45.00","","",
="088921","偉詮電凱基2A購01","1.14","","2436","偉詮電","51.60","＋","認購","美式","111年11月08日","111年11月08日","112年10月05日","112年10月11日","0.16","    55.00","","",
="088924","嘉聯益凱基29購01","0.00","","6153","嘉聯益","23.15","＋","認購","美式","111年11月08日","111年11月08日","112年09月05日","112年09月07日","0.20","    35.00","","",
="088927","緯穎凱基29購02","2.71","＋","6669","緯穎","1,205.00","＋","認購","美式","111年11月08日","111年11月08日","112年09月05日","112年09月07日","0.015","    1,200.00","","",
="088928","南電第一29購02","0.00","","8046","南電","302.50","－","認購","美式","111年11月09日","111年11月09日","112年09月06日","112年09月08日","0.015","    225.00","","",
="088929","中興電國票26購01","0.00","","1513","中興電","113.50","＋","認購","美式","111年11月09日","111年11月09日","112年06月06日","112年06月08日","0.473","    72.00","","",
="088930","智邦國票26購01","0.00","","2345","智邦","357.50","＋","認購","美式","111年11月09日","111年11月09日","112年06月06日","112年06月08日","0.08","    300.00","","",
="088931","敦泰國票26購03","0.00","","3545","敦泰","83.70","＋","認購","美式","111年11月09日","111年11月09日","112年06月06日","112年06月08日","0.159","    74.00","","",
="088932","康舒國票26購01","0.00","","6282","康舒","44.05","＋","認購","美式","111年11月09日","111年11月09日","112年06月06日","112年06月08日","1.00","    36.00","","",
="088933","友達中信28購01","0.00","","2409","友達","17.65","＋","認購","歐式","111年11月09日","112年08月08日","112年08月04日","112年08月08日","0.65","    22.00","","",
="088934","欣興中信27購02","2.21","－","3037","欣興","182.50","－","認購","歐式","111年11月09日","112年07月10日","112年07月06日","112年07月10日","0.055","    145.00","","",
="088935","聯茂中信26購01","0.00","","6213","聯茂","72.30","＋","認購","歐式","111年11月09日","112年06月08日","112年06月06日","112年06月08日","0.10","    76.88","","",
="088937","道瓊反國泰27購01","0.00","",="00669R","國泰美國道瓊反1","8.06","－","認購","美式","111年11月09日","111年11月09日","112年07月06日","112年07月10日","1.00","    8.70","","",
="088939","香港2X群益27購01","1.27","",="00650L","FH香港正2","11.60","＋","認購","美式","111年11月09日","111年11月09日","112年07月06日","112年07月10日","1.00","    11.60","","",
="088945","愛普群益26購03","0.00","","6531","愛普*","328.50","＋","認購","美式","111年11月09日","111年11月09日","112年06月06日","112年06月08日","0.036","    180.00","","",
="088947","富鼎群益26購01","0.00","","8261","富鼎","106.50","＋","認購","美式","111年11月09日","111年11月09日","112年06月06日","112年06月08日","0.054","    111.00","","",
="088950","智邦元富27購01","0.00","","2345","智邦","357.50","＋","認購","美式","111年11月09日","111年11月09日","112年07月06日","112年07月10日","0.05","    270.00","","",
="088952","智邦麥證27購01","2.55","＋","2345","智邦","357.50","＋","認購","歐式","111年11月09日","112年07月10日","112年07月06日","112年07月10日","0.06","    330.00","","",
="088954","嘉聯益麥證27購01","0.00","","6153","嘉聯益","23.15","＋","認購","歐式","111年11月09日","112年07月10日","112年07月06日","112年07月10日","0.058","    32.00","","",
="088956","儒鴻富邦27購01","0.44","＋","1476","儒鴻","470.00","＋","認購","美式","111年11月09日","111年11月09日","112年07月06日","112年07月10日","0.025","    500.00","","",
="088958","技嘉富邦26購01","0.00","","2376","技嘉","186.00","＋","認購","美式","111年11月09日","111年11月09日","112年06月06日","112年06月08日","0.08","    100.00","","",
="088959","友達富邦26購04","0.00","","2409","友達","17.65","＋","認購","美式","111年11月09日","111年11月09日","112年06月06日","112年06月08日","0.50","    19.00","","",
="088960","華新科富邦27購02","1.13","＋","2492","華新科","101.00","＋","認購","美式","111年11月09日","111年11月09日","112年07月06日","112年07月10日","0.13","    96.00","","",
="088961","漢翔富邦26購01","0.00","","2634","漢翔","55.80","＋","認購","美式","111年11月09日","111年11月09日","112年06月06日","112年06月08日","0.30","    40.00","","",
="088962","聯詠富邦26購01","0.00","","3034","聯詠","423.50","＋","認購","美式","111年11月09日","111年11月09日","112年06月06日","112年06月08日","0.04","    268.00","","",
="088963","聯茂富邦26購01","0.00","","6213","聯茂","72.30","＋","認購","美式","111年11月09日","111年11月09日","112年06月06日","112年06月08日","0.10","    78.00","","",
="088964","南茂富邦26購01","0.00","","8150","南茂","39.55","＋","認購","美式","111年11月09日","111年11月09日","112年06月06日","112年06月08日","0.30","    35.00","","",
="088965","道瓊反凱基2A購01","0.43","－",="00669R","國泰美國道瓊反1","8.06","－","認購","美式","111年11月09日","111年11月09日","112年10月05日","112年10月11日","1.00","    8.40","","",
="088966","美時凱基2A購02","0.00","","1795","美時","330.50","＋","認購","美式","111年11月09日","111年11月09日","112年10月05日","112年10月11日","0.05","    230.00","","",
="088968","光罩凱基29購01","1.29","","2338","光罩","81.80","＋","認購","美式","111年11月09日","111年11月09日","112年09月06日","112年09月08日","0.13","    90.00","","",
="088970","宏達電凱基26購06","0.00","","2498","宏達電","61.50","＋","認購","美式","111年11月09日","111年11月09日","112年06月06日","112年06月08日","0.14","    60.00","","",
="088971","晶豪科凱基26購01","0.00","","3006","晶豪科","88.20","＋","認購","美式","111年11月09日","111年11月09日","112年06月06日","112年06月08日","0.20","    75.00","","",
="088972","大立光凱基26購03","0.00","","3008","大立光","2,305.00","＋","認購","美式","111年11月09日","111年11月09日","112年06月06日","112年06月08日","0.01","    2,205.29","","",
="088973","欣興凱基26購03","0.00","","3037","欣興","182.50","－","認購","美式","111年11月09日","111年11月09日","112年06月06日","112年06月08日","0.10","    135.00","","",
="088974","景碩凱基28購01","0.56","＋","3189","景碩","116.00","＋","認購","美式","111年11月09日","111年11月09日","112年08月04日","112年08月08日","0.12","    145.00","","",
="088975","嘉聯益凱基26購01","0.00","","6153","嘉聯益","23.15","＋","認購","美式","111年11月09日","111年11月09日","112年06月06日","112年06月08日","0.20","    33.00","","",
="088976","南電凱基26購01","0.00","","8046","南電","302.50","－","認購","美式","111年11月09日","111年11月09日","112年06月06日","112年06月08日","0.045","    230.00","","",
="088982","聚陽永豐26購01","0.00","","1477","聚陽","219.00","＋","認購","美式","111年11月09日","111年11月09日","112年06月06日","112年06月08日","0.123","    280.50","","",
="088983","長榮永豐27購01","0.58","＋","2603","長榮","157.00","＋","認購","美式","111年11月09日","111年11月09日","112年07月06日","112年07月10日","0.07","    167.33","","",
="088984","長榮航永豐26購01","1.95","＋","2618","長榮航","33.60","＋","認購","美式","111年11月09日","111年11月09日","112年06月06日","112年06月08日","0.88","    32.44","","",
="088985","玉晶光永豐26購01","0.38","","3406","玉晶光","400.00","＋","認購","美式","111年11月09日","111年11月09日","112年06月06日","112年06月08日","0.045","    414.74","","",
="088990","同欣電法興26購01","0.00","","6271","同欣電","179.50","＋","認購","歐式","111年11月09日","112年06月08日","112年06月06日","112年06月08日","0.09","    221.08","","",
="088991","力積電法興26購01","0.00","","6770","力積電","30.85","＋","認購","歐式","111年11月09日","112年06月08日","112年06月06日","112年06月08日","0.504","    32.71","","",
="088994","永續息元大28購01","0.00","",="00878","國泰永續高股息","18.36","＋","認購","美式","111年11月09日","111年11月09日","112年08月04日","112年08月08日","1.049","    15.25","","",
="088995","永續息元大29購01","0.00","",="00878","國泰永續高股息","18.36","＋","認購","美式","111年11月09日","111年11月09日","112年09月06日","112年09月08日","1.049","    16.21","","",
="088998","台積電元大29購23","0.00","","2330","台積電","568.00","＋","認購","美式","111年11月09日","111年11月09日","112年09月06日","112年09月08日","0.073","    452.43","","",
="089009","台灣50第一29購01","2.25","",="0050","元大台灣50","126.75","＋","認購","美式","111年11月10日","111年11月10日","112年09月07日","112年09月11日","0.097","    105.82","","",
="089010","道瓊反國票28購02","0.00","",="00669R","國泰美國道瓊反1","8.06","－","認購","美式","111年11月10日","111年11月10日","112年08月07日","112年08月09日","1.00","    9.00","","",
="089011","華新國票26購01","0.00","","1605","華新","46.60","＋","認購","美式","111年11月10日","111年11月10日","112年06月07日","112年06月09日","0.50","    50.00","","",
="089012","第一銅國票26購01","0.00","","2009","第一銅","32.10","＋","認購","美式","111年11月10日","111年11月10日","112年06月07日","112年06月09日","1.00","    43.00","","",
="089013","宏碁國票26購01","0.00","","2353","宏碁","31.05","＋","認購","美式","111年11月10日","111年11月10日","112年06月07日","112年06月09日","1.00","    28.00","","",
="089014","仲琦國票26購01","0.00","","2419","仲琦","26.70","＋","認購","美式","111年11月10日","111年11月10日","112年06月07日","112年06月09日","0.70","    38.00","","",
="089015","美食國票26購01","0.00","","2723","美食-KY","152.50","－","認購","美式","111年11月10日","111年11月10日","112年06月07日","112年06月09日","0.10","    120.00","","",
="089016","王品國票26購01","0.00","","2727","王品","320.00","－","認購","美式","111年11月10日","111年11月10日","112年06月07日","112年06月09日","0.12","    190.00","","",
="089017","威強電國票26購01","0.00","","3022","威強電","91.20","＋","認購","美式","111年11月10日","111年11月10日","112年06月07日","112年06月09日","0.15","    65.00","","",
="089018","碩天國票26購01","0.00","","3617","碩天","191.00","－","認購","美式","111年11月10日","111年11月10日","112年06月07日","112年06月09日","0.10","    120.00","","",
="089019","嘉基國票26購01","0.00","","6715","嘉基","145.50","＋","認購","美式","111年11月10日","111年11月10日","112年06月07日","112年06月09日","0.05","    135.00","","",
="089020","富邦媒國票26購01","0.00","","8454","富邦媒","703.00","＋","認購","美式","111年11月10日","111年11月10日","112年06月07日","112年06月09日","0.05","    700.00","","",
="089021","大立光康和26購02","0.00","","3008","大立光","2,305.00","＋","認購","美式","111年11月10日","111年11月10日","112年06月07日","112年06月09日","0.008","    2,293.50","","",
="089022","滬深2X永豐26購01","0.05","－",="00637L","元大滬深300正2","13.77","－","認購","美式","111年11月10日","111年11月10日","112年06月07日","112年06月09日","1.00","    15.64","","",
="089023","華城永豐26購02","0.00","","1519","華城","141.00","＋","認購","美式","111年11月10日","111年11月10日","112年06月07日","112年06月09日","0.179","    40.77","","",
="089026","宏碁永豐26購01","0.00","","2353","宏碁","31.05","＋","認購","美式","111年11月10日","111年11月10日","112年06月07日","112年06月09日","1.00","    30.40","","",
="089027","裕民永豐26購01","0.00","","2606","裕民","49.75","＋","認購","美式","111年11月10日","111年11月10日","112年06月07日","112年06月09日","0.435","    45.49","","",
="089028","晶豪科永豐26購01","1.05","","3006","晶豪科","88.20","＋","認購","美式","111年11月10日","111年11月10日","112年06月07日","112年06月09日","0.182","    82.59","","",
="089030","威鋒電永豐26購01","0.00","","6756","威鋒電子","223.00","＋","認購","美式","111年11月10日","111年11月10日","112年06月07日","112年06月09日","0.059","    223.54","","",
="089031","元晶統一27購01","0.00","","6443","元晶","36.20","＋","認購","美式","111年11月10日","111年11月10日","112年07月06日","112年07月10日","0.15","    38.90","","",
="089032","上証2X元富28購01","0.15","－",="00633L","富邦上証正2","35.01","－","認購","美式","111年11月10日","111年11月10日","112年08月07日","112年08月09日","0.25","    45.00","","",
="089033","金像電元富28購01","0.00","","2368","金像電","121.50","","認購","美式","111年11月10日","111年11月10日","112年08月07日","112年08月09日","0.083","    101.41","","",
="089034","奇鋐元富27購01","5.25","","3017","奇鋐","206.00","－","認購","美式","111年11月10日","111年11月10日","112年07月06日","112年07月10日","0.066","    128.51","","",
="089035","欣興元富27購01","0.00","","3037","欣興","182.50","－","認購","美式","111年11月10日","111年11月10日","112年07月06日","112年07月10日","0.045","    155.00","","",
="089036","欣興元富27購02","0.00","","3037","欣興","182.50","－","認購","美式","111年11月10日","111年11月10日","112年07月06日","112年07月10日","0.045","    140.00","","",
="089039","台灣50元大27購04","0.00","",="0050","元大台灣50","126.75","＋","認購","美式","111年11月10日","111年11月10日","112年07月06日","112年07月10日","0.614","    115.40","","",
="089040","台灣50元大27購05","0.00","",="0050","元大台灣50","126.75","＋","認購","美式","111年11月10日","111年11月10日","112年07月06日","112年07月10日","0.409","    109.53","","",
="089041","台灣50元大27購06","0.00","",="0050","元大台灣50","126.75","＋","認購","美式","111年11月10日","111年11月10日","112年07月06日","112年07月10日","0.205","    99.75","","",
="089042","台灣50元大28購01","0.00","",="0050","元大台灣50","126.75","＋","認購","美式","111年11月10日","111年11月10日","112年08月07日","112年08月09日","1.023","    123.23","","",
="089043","台灣50元大28購02","0.00","",="0050","元大台灣50","126.75","＋","認購","美式","111年11月10日","111年11月10日","112年08月07日","112年08月09日","0.409","    111.49","","",
="089044","台灣50元大28購03","0.00","",="0050","元大台灣50","126.75","＋","認購","美式","111年11月10日","111年11月10日","112年08月07日","112年08月09日","0.307","    107.58","","",
="089046","中砂元大28購01","0.00","","1560","中砂","114.50","－","認購","美式","111年11月10日","111年11月10日","112年08月07日","112年08月09日","0.08","    135.00","","",
="089051","台積電元大29購24","0.00","","2330","台積電","568.00","＋","認購","美式","111年11月10日","111年11月10日","112年09月07日","112年09月11日","0.079","    467.27","","",
="089052","台積電元大2B購01","0.00","","2330","台積電","568.00","＋","認購","美式","111年11月10日","111年11月10日","112年11月07日","112年11月09日","0.076","    487.04","","",
="089055","大立光元大27購08","2.10","","3008","大立光","2,305.00","＋","認購","美式","111年11月10日","111年11月10日","112年07月06日","112年07月10日","0.006","    1,994.56","","",
="089056","大立光元大29購03","2.39","＋","3008","大立光","2,305.00","＋","認購","美式","111年11月10日","111年11月10日","112年09月07日","112年09月11日","0.006","    2,068.07","","",
="089061","T50反1凱基2B購01","0.00","",="00632R","元大台灣50反1","4.94","－","認購","美式","111年11月10日","111年11月10日","112年11月07日","112年11月09日","1.00","    6.90","","",
="089062","滬深2X凱基2A購01","0.00","",="00637L","元大滬深300正2","13.77","－","認購","美式","111年11月10日","111年11月10日","112年10月05日","112年10月11日","1.00","    17.00","","",
="089063","中砂凱基26購01","0.00","","1560","中砂","114.50","－","認購","美式","111年11月10日","111年11月10日","112年06月07日","112年06月09日","0.12","    140.00","","",
="089064","光罩凱基26購01","0.00","","2338","光罩","81.80","＋","認購","美式","111年11月10日","111年11月10日","112年06月07日","112年06月09日","0.088","    75.00","","",
="089067","義隆凱基28購01","0.00","","2458","義隆","104.00","＋","認購","美式","111年11月10日","111年11月10日","112年08月07日","112年08月09日","0.082","    97.01","","",
="089070","立積凱基27購03","0.00","","4968","立積","170.00","＋","認購","美式","111年11月10日","111年11月10日","112年07月06日","112年07月10日","0.038","    130.00","","",
="089072","富邦媒凱基27購01","2.11","","8454","富邦媒","703.00","＋","認購","美式","111年11月10日","111年11月10日","112年07月06日","112年07月10日","0.03","    700.00","","",
="089073","華新中信28購01","0.87","","1605","華新","46.60","＋","認購","歐式","111年11月10日","112年08月09日","112年08月07日","112年08月09日","0.26","    51.60","","",
="089075","聯詠中信27購01","0.00","","3034","聯詠","423.50","＋","認購","歐式","111年11月10日","112年07月10日","112年07月06日","112年07月10日","0.05","    326.00","","",
="089076","天鈺中信27購01","0.00","","4961","天鈺","154.00","＋","認購","歐式","111年11月10日","112年07月10日","112年07月06日","112年07月10日","0.031","    120.88","","",
="089077","AES中信27購01","0.11","＋","6781","AES-KY","690.00","＋","認購","歐式","111年11月10日","112年07月10日","112年07月06日","112年07月10日","0.012","    888.00","","",
="089078","南電中信26購01","1.80","＋","8046","南電","302.50","－","認購","歐式","111年11月10日","112年06月09日","112年06月07日","112年06月09日","0.028","    248.00","","",
="089085","台積電群益27購05","16.40","＋","2330","台積電","568.00","＋","認購","美式","111年11月10日","111年11月10日","112年07月06日","112年07月10日","0.606","    573.58","","",
="089086","台積電群益28購01","0.00","","2330","台積電","568.00","＋","認購","美式","111年11月10日","111年11月10日","112年08月07日","112年08月09日","0.05","    418.32","","",
="089088","敦泰群益28購02","0.00","","3545","敦泰","83.70","＋","認購","美式","111年11月10日","111年11月10日","112年08月07日","112年08月09日","0.05","    85.00","","",
="089089","GIS群益26購01","0.00","","6456","GIS-KY","75.40","＋","認購","美式","111年11月10日","111年11月10日","112年06月07日","112年06月09日","0.105","    94.40","","",
="089092","T50正2中信27購01","4.14","",="00631L","元大台灣50正2","129.10","＋","認購","歐式","111年11月11日","112年07月10日","112年07月06日","112年07月10日","0.10","    88.00","","",
="089093","宏達電中信28購01","0.87","","2498","宏達電","61.50","＋","認購","歐式","111年11月11日","112年08月10日","112年08月08日","112年08月10日","0.18","    72.80","","",
="089094","陽明中信27購01","0.00","","2609","陽明","62.00","＋","認購","歐式","111年11月11日","112年07月10日","112年07月06日","112年07月10日","0.14","    75.88","","",
="089100","國巨兆豐26購01","0.00","","2327","國巨","508.00","＋","認購","美式","111年11月11日","111年11月11日","112年06月08日","112年06月12日","0.022","    410.00","","",
="089101","友達兆豐26購02","0.00","","2409","友達","17.65","＋","認購","美式","111年11月11日","111年11月11日","112年06月08日","112年06月12日","0.42","    18.50","","",
="089102","慧洋兆豐27購01","0.00","","2637","慧洋-KY","60.30","＋","認購","美式","111年11月11日","111年11月11日","112年07月06日","112年07月10日","0.134","    53.53","","",
="089103","富邦金兆豐27購01","1.22","＋","2881","富邦金","61.10","＋","認購","美式","111年11月11日","111年11月11日","112年07月06日","112年07月10日","0.28","    58.00","","",
="089104","大立光兆豐26購01","0.00","","3008","大立光","2,305.00","＋","認購","美式","111年11月11日","111年11月11日","112年06月08日","112年06月12日","0.006","    2,058.27","","",
="089107","技嘉康和26購01","0.00","","2376","技嘉","186.00","＋","認購","美式","111年11月11日","111年11月11日","112年06月08日","112年06月12日","0.10","    130.00","","",
="089109","王品康和26購01","0.00","","2727","王品","320.00","－","認購","美式","111年11月11日","111年11月11日","112年06月08日","112年06月12日","0.08","    180.00","","",
="089110","欣興康和26購03","2.24","－","3037","欣興","182.50","－","認購","美式","111年11月11日","111年11月11日","112年06月08日","112年06月12日","0.10","    168.00","","",
="089111","日月光康和26購01","1.36","－","3711","日月光投控","109.00","－","認購","美式","111年11月11日","111年11月11日","112年06月08日","112年06月12日","0.35","    110.00","","",
="089112","AES康和26購02","0.00","","6781","AES-KY","690.00","＋","認購","美式","111年11月11日","111年11月11日","112年06月08日","112年06月12日","0.015","    777.00","","",
="089113","台灣50永豐27購02","0.00","",="0050","元大台灣50","126.75","＋","認購","美式","111年11月11日","111年11月11日","112年07月06日","112年07月10日","0.578","    117.98","","",
="089115","國巨永豐26購02","0.00","","2327","國巨","508.00","＋","認購","美式","111年11月11日","111年11月11日","112年06月08日","112年06月12日","0.055","    519.98","","",
="089117","八方永豐26購01","0.00","","2753","八方雲集","167.00","","認購","美式","111年11月11日","111年11月11日","112年06月08日","112年06月12日","0.056","    196.07","","",
="089121","力積電永豐26購01","0.00","","6770","力積電","30.85","＋","認購","美式","111年11月11日","111年11月11日","112年06月08日","112年06月12日","0.666","    38.84","","",
="089124","川湖國票26購01","0.11","＋","2059","川湖","436.00","＋","認購","美式","111年11月11日","111年11月11日","112年06月08日","112年06月12日","0.04","    500.00","","",
="089125","三陽國票26購01","14.50","＋","2206","三陽工業","74.20","＋","認購","美式","111年11月11日","111年11月11日","112年06月08日","112年06月12日","0.60","    50.00","","",
="089126","南亞科國票26購01","0.00","","2408","南亞科","71.20","－","認購","美式","111年11月11日","111年11月11日","112年06月08日","112年06月12日","0.60","    70.00","","",
="089127","怡利電國票26購01","0.00","","2497","怡利電","71.30","＋","認購","美式","111年11月11日","111年11月11日","112年06月08日","112年06月12日","0.068","    85.00","","",
="089128","玉晶光國票27購01","1.38","＋","3406","玉晶光","400.00","＋","認購","美式","111年11月11日","111年11月11日","112年07月06日","112年07月10日","0.05","    400.00","","",
="089129","敦泰國票26購04","0.24","","3545","敦泰","83.70","＋","認購","美式","111年11月11日","111年11月11日","112年06月08日","112年06月12日","0.06","    84.00","","",
="089130","愛普國票26購01","0.00","","6531","愛普*","328.50","＋","認購","美式","111年11月11日","111年11月11日","112年06月08日","112年06月12日","0.05","    180.00","","",
="089131","力智國票26購01","0.00","","6719","力智","303.00","＋","認購","美式","111年11月11日","111年11月11日","112年06月08日","112年06月12日","0.035","    280.00","","",
="089132","矽創國票26購01","0.00","","8016","矽創","225.50","＋","認購","美式","111年11月11日","111年11月11日","112年06月08日","112年06月12日","0.30","    270.00","","",
="089134","第一銅凱基27購01","0.00","","2009","第一銅","32.10","＋","認購","美式","111年11月11日","111年11月11日","112年07月06日","112年07月10日","0.40","    35.00","","",
="089135","大成鋼凱基27購01","0.00","","2027","大成鋼","45.25","＋","認購","美式","111年11月11日","111年11月11日","112年07月06日","112年07月10日","0.80","    48.00","","",
="089139","華新科凱基26購01","0.00","","2492","華新科","101.00","＋","認購","美式","111年11月11日","111年11月11日","112年06月08日","112年06月12日","0.25","    100.00","","",
="089142","大立光凱基29購02","1.69","＋","3008","大立光","2,305.00","＋","認購","美式","111年11月11日","111年11月11日","112年09月07日","112年09月11日","0.02","    2,744.36","","",
="089144","敦泰凱基29購01","0.00","","3545","敦泰","83.70","＋","認購","美式","111年11月11日","111年11月11日","112年09月07日","112年09月11日","0.06","    75.00","","",
="089147","臺股指凱基2A購05","0.00","","IX0001","臺股指數","16,636.30","","認購","歐式","111年11月11日","112年10月11日","112年10月05日","112年10月11日","0.018","    16,000.00","","",
="089149","FB越南群益27購02","0.00","",="00885","富邦越南","11.45","＋","認購","美式","111年11月11日","111年11月11日","112年07月06日","112年07月10日","1.00","    12.88","","",
="089151","聯發科群益26購04","0.00","","2454","聯發科","738.00","＋","認購","美式","111年11月11日","111年11月11日","112年06月08日","112年06月12日","0.035","    670.00","","",
="089152","聯發科群益26購05","0.00","","2454","聯發科","738.00","＋","認購","美式","111年11月11日","111年11月11日","112年06月08日","112年06月12日","0.035","    710.00","","",
="089153","聯發科群益26購06","0.00","","2454","聯發科","738.00","＋","認購","美式","111年11月11日","111年11月11日","112年06月08日","112年06月12日","0.10","    780.00","","",
="089154","聯發科群益26購07","0.00","","2454","聯發科","738.00","＋","認購","美式","111年11月11日","111年11月11日","112年06月08日","112年06月12日","0.10","    865.00","","",
="089156","陽明群益26購02","0.00","","2609","陽明","62.00","＋","認購","美式","111年11月11日","111年11月11日","112年06月08日","112年06月12日","0.25","    70.00","","",
="089157","陽明群益26購03","0.00","","2609","陽明","62.00","＋","認購","美式","111年11月11日","111年11月11日","112年06月08日","112年06月12日","0.35","    90.00","","",
="089158","長榮航群益26購03","0.00","","2618","長榮航","33.60","＋","認購","美式","111年11月11日","111年11月11日","112年06月08日","112年06月12日","0.50","    26.00","","",
="089159","長榮航群益27購02","0.00","","2618","長榮航","33.60","＋","認購","美式","111年11月11日","111年11月11日","112年07月06日","112年07月10日","1.00","    29.00","","",
="089160","長榮航群益27購03","2.94","＋","2618","長榮航","33.60","＋","認購","美式","111年11月11日","111年11月11日","112年07月06日","112年07月10日","1.00","    32.50","","",
="089161","長榮航群益27購04","1.37","＋","2618","長榮航","33.60","＋","認購","美式","111年11月11日","111年11月11日","112年07月06日","112年07月10日","1.00","    36.50","","",
="089163","王品群益26購01","0.00","","2727","王品","320.00","－","認購","美式","111年11月11日","111年11月11日","112年06月08日","112年06月12日","0.10","    200.00","","",
="089165","愛普群益27購02","0.00","","6531","愛普*","328.50","＋","認購","美式","111年11月11日","111年11月11日","112年07月06日","112年07月10日","0.14","    253.50","","",
="089170","美時元大28購01","0.00","","1795","美時","330.50","＋","認購","美式","111年11月11日","111年11月11日","112年08月08日","112年08月10日","0.02","    170.00","","",
="089173","裕隆元大29購01","0.00","","2201","裕隆","82.80","＋","認購","美式","111年11月11日","111年11月11日","112年09月07日","112年09月11日","0.50","    65.00","","",
="089174","台積電元大29購25","0.00","","2330","台積電","568.00","＋","認購","美式","111年11月11日","111年11月11日","112年09月07日","112年09月11日","0.072","    473.70","","",
="089175","台積電元大2A購15","0.00","","2330","台積電","568.00","＋","認購","美式","111年11月11日","111年11月11日","112年10月05日","112年10月11日","0.079","    502.37","","",
="089176","台積電元大2B購02","0.00","","2330","台積電","568.00","＋","認購","美式","111年11月11日","111年11月11日","112年11月08日","112年11月10日","0.071","    513.25","","",
="089185","南電元大2B購01","2.91","－","8046","南電","302.50","－","認購","美式","111年11月11日","111年11月11日","112年11月08日","112年11月10日","0.032","    235.50","","",
="089188","大立光元富28購02","2.82","＋","3008","大立光","2,305.00","＋","認購","美式","111年11月11日","111年11月11日","112年08月08日","112年08月10日","0.01","    2,156.29","","",
="089189","聯詠元富27購01","0.00","","3034","聯詠","423.50","＋","認購","美式","111年11月11日","111年11月11日","112年07月06日","112年07月10日","0.08","    315.00","","",
="089190","AES元富28購02","0.84","","6781","AES-KY","690.00","＋","認購","美式","111年11月11日","111年11月11日","112年08月08日","112年08月10日","0.03","    900.00","","",
="089191","矽創元富27購01","0.00","","8016","矽創","225.50","＋","認購","美式","111年11月11日","111年11月11日","112年07月06日","112年07月10日","0.08","    225.00","","",
="089192","台泥麥證26購01","0.00","","1101","台泥","38.15","＋","認購","歐式","111年11月11日","112年06月12日","112年06月08日","112年06月12日","0.80","    36.00","","",
="089193","川湖麥證26購01","0.00","","2059","川湖","436.00","＋","認購","歐式","111年11月11日","112年06月12日","112年06月08日","112年06月12日","0.03","    490.00","","",
="089195","金寶麥證26購01","0.00","","2312","金寶","13.50","＋","認購","歐式","111年11月11日","112年06月12日","112年06月08日","112年06月12日","1.00","    18.00","","",
="089196","鴻海麥證2A購01","0.26","","2317","鴻海","105.50","＋","認購","歐式","111年11月11日","112年10月11日","112年10月05日","112年10月11日","0.35","    140.00","","",
="089197","元晶麥證27購01","0.32","","6443","元晶","36.20","＋","認購","歐式","111年11月11日","112年07月10日","112年07月06日","112年07月10日","0.098","    36.00","","",
="089198","T50正2富邦26購01","0.00","",="00631L","元大台灣50正2","129.10","＋","認購","美式","111年11月11日","111年11月11日","112年06月08日","112年06月12日","0.10","    90.00","","",
="089200","宏達電富邦27購01","0.00","","2498","宏達電","61.50","＋","認購","美式","111年11月11日","111年11月11日","112年07月06日","112年07月10日","0.10","    60.00","","",
="089201","大立光富邦28購03","2.05","＋","3008","大立光","2,305.00","＋","認購","美式","111年11月11日","111年11月11日","112年08月08日","112年08月10日","0.005","    1,960.26","","",
="089205","國巨中信27購01","0.00","","2327","國巨","508.00","＋","認購","歐式","111年11月14日","112年07月13日","112年07月11日","112年07月13日","0.02","    486.00","","",
="089208","愛普中信27購01","1.71","","6531","愛普*","328.50","＋","認購","歐式","111年11月14日","112年07月13日","112年07月11日","112年07月13日","0.025","    262.00","","",
="089209","緯穎中信26購01","0.92","＋","6669","緯穎","1,205.00","＋","認購","歐式","111年11月14日","112年06月13日","112年06月09日","112年06月13日","0.006","    1,088.00","","",
="089210","矽創中信26購01","0.00","","8016","矽創","225.50","＋","認購","歐式","111年11月14日","112年06月13日","112年06月09日","112年06月13日","0.032","    268.00","","",
="089211","道瓊反第一29購01","0.00","",="00669R","國泰美國道瓊反1","8.06","－","認購","美式","111年11月14日","111年11月14日","112年09月11日","112年09月13日","1.00","    8.52","","",
="089212","旺宏第一26購01","0.00","","2337","旺宏","33.40","＋","認購","美式","111年11月14日","111年11月14日","112年06月09日","112年06月13日","0.19","    34.58","","",
="089213","宏達電康和27購01","0.48","","2498","宏達電","61.50","＋","認購","美式","111年11月14日","111年11月14日","112年07月11日","112年07月13日","0.14","    65.00","","",
="089215","台勝科康和26購01","0.00","","3532","台勝科","157.00","＋","認購","美式","111年11月14日","111年11月14日","112年06月09日","112年06月13日","0.075","    183.00","","",
="089217","緯穎康和26購01","0.00","","6669","緯穎","1,205.00","＋","認購","美式","111年11月14日","111年11月14日","112年06月09日","112年06月13日","0.015","    995.00","","",
="089220","東鹼永豐26購01","0.00","","1708","東鹼","36.40","＋","認購","美式","111年11月14日","111年11月14日","112年06月09日","112年06月13日","0.28","    50.71","","",
="089222","金寶永豐26購01","0.00","","2312","金寶","13.50","＋","認購","美式","111年11月14日","111年11月14日","112年06月09日","112年06月13日","0.695","    16.70","","",
="089223","聯發科永豐26購01","0.11","","2454","聯發科","738.00","＋","認購","美式","111年11月14日","111年11月14日","112年06月09日","112年06月13日","0.027","    809.20","","",
="089225","欣興永豐26購01","0.00","","3037","欣興","182.50","－","認購","美式","111年11月14日","111年11月14日","112年06月09日","112年06月13日","0.056","    184.53","","",
="089228","愛普永豐26購01","0.00","","6531","愛普*","328.50","＋","認購","美式","111年11月14日","111年11月14日","112年06月09日","112年06月13日","0.07","    230.42","","",
="089230","宏達電統一27購02","0.00","","2498","宏達電","61.50","＋","認購","美式","111年11月14日","111年11月14日","112年07月11日","112年07月13日","0.10","    55.10","","",
="089231","欣興統一27購04","0.50","","3037","欣興","182.50","－","認購","美式","111年11月14日","111年11月14日","112年07月11日","112年07月13日","0.02","    177.77","","",
="089232","矽創統一27購01","0.00","","8016","矽創","225.50","＋","認購","美式","111年11月14日","111年11月14日","112年07月11日","112年07月13日","0.016","    222.22","","",
="089233","台灣50兆豐2B購01","0.00","",="0050","元大台灣50","126.75","＋","認購","美式","111年11月14日","111年11月14日","112年11月09日","112年11月13日","0.153","    112.47","","",
="089235","台積電國泰27購03","0.00","","2330","台積電","568.00","＋","認購","美式","111年11月14日","111年11月14日","112年07月11日","112年07月13日","0.07","    459.85","","",
="089238","道瓊反國票29購01","0.00","",="00669R","國泰美國道瓊反1","8.06","－","認購","美式","111年11月14日","111年11月14日","112年09月11日","112年09月13日","1.00","    9.75","","",
="089239","中鴻國票26購01","0.00","","2014","中鴻","23.15","＋","認購","美式","111年11月14日","111年11月14日","112年06月09日","112年06月13日","1.00","    26.00","","",
="089240","金寶國票26購01","0.00","","2312","金寶","13.50","＋","認購","美式","111年11月14日","111年11月14日","112年06月09日","112年06月13日","1.00","    18.00","","",
="089242","長榮國票26購01","0.00","","2603","長榮","157.00","＋","認購","美式","111年11月14日","111年11月14日","112年06月09日","112年06月13日","0.10","    170.00","","",
="089243","欣興國票26購03","0.32","－","3037","欣興","182.50","－","認購","美式","111年11月14日","111年11月14日","112年06月09日","112年06月13日","0.30","    210.00","","",
="089244","玉晶光國票26購01","0.06","＋","3406","玉晶光","400.00","＋","認購","美式","111年11月14日","111年11月14日","112年06月09日","112年06月13日","0.10","    480.00","","",
="089245","瑞鼎國票26購01","0.00","","3592","瑞鼎","348.00","＋","認購","美式","111年11月14日","111年11月14日","112年06月09日","112年06月13日","0.08","    360.00","","",
="089246","合勤控國票26購01","0.00","","3704","合勤控","43.85","＋","認購","美式","111年11月14日","111年11月14日","112年06月09日","112年06月13日","0.80","    38.00","","",
="089248","祥碩國票26購01","0.00","","5269","祥碩","1,300.00","＋","認購","美式","111年11月14日","111年11月14日","112年06月09日","112年06月13日","0.025","    900.00","","",
="089249","AES國票26購02","0.00","","6781","AES-KY","690.00","＋","認購","美式","111年11月14日","111年11月14日","112年06月09日","112年06月13日","0.025","    900.00","","",
="08924P","SGBR2X國票26售02","0.00","",="00715L","期街口布蘭特正2","12.73","＋","認售","歐式","111年09月14日","112年06月13日","112年06月09日","112年06月13日","0.50","    15.00","","",
="089250","南電國票26購02","0.57","－","8046","南電","302.50","－","認購","美式","111年11月14日","111年11月14日","112年06月09日","112年06月13日","0.25","    350.00","","",
="089251","富鼎國票26購01","0.00","","8261","富鼎","106.50","＋","認購","美式","111年11月14日","111年11月14日","112年06月09日","112年06月13日","0.14","    130.00","","",
="089252","潤泰新國票26購01","0.00","","9945","潤泰新","35.00","＋","認購","美式","111年11月14日","111年11月14日","112年06月09日","112年06月13日","1.00","    65.00","","",
="089257","台積電元大29購26","0.00","","2330","台積電","568.00","＋","認購","美式","111年11月14日","111年11月14日","112年09月11日","112年09月13日","0.072","    485.56","","",
="089258","台積電元大2A購16","5.65","＋","2330","台積電","568.00","＋","認購","美式","111年11月14日","111年11月14日","112年10月11日","112年10月13日","0.06","    517.21","","",
="089259","台積電元大2B購03","0.00","","2330","台積電","568.00","＋","認購","美式","111年11月14日","111年11月14日","112年11月09日","112年11月13日","0.077","    527.10","","",
="089264","聯發科元大2A購03","10.90","＋","2454","聯發科","738.00","＋","認購","美式","111年11月14日","111年11月14日","112年10月11日","112年10月13日","0.101","    739.00","","",
="089265","聯發科元大2B購01","2.52","＋","2454","聯發科","738.00","＋","認購","美式","111年11月14日","111年11月14日","112年11月09日","112年11月13日","0.026","    769.00","","",
="089275","臺股指元大26購24","5.85","＋","IX0001","臺股指數","16,636.30","","認購","歐式","111年11月14日","112年06月13日","112年06月09日","112年06月13日","0.007","    16,000.00","","",
="089276","臺股指元大26購25","0.00","","IX0001","臺股指數","16,636.30","","認購","歐式","111年11月14日","112年06月13日","112年06月09日","112年06月13日","0.001","    13,700.00","","",
="089277","FB越南群益27購03","0.75","",="00885","富邦越南","11.45","＋","認購","美式","111年11月14日","111年11月14日","112年07月11日","112年07月13日","1.00","    11.50","","",
="089282","怡利電群益27購01","0.00","","2497","怡利電","71.30","＋","認購","美式","111年11月14日","111年11月14日","112年07月11日","112年07月13日","0.11","    90.00","","",
="089283","宏達電群益26購03","0.00","","2498","宏達電","61.50","＋","認購","美式","111年11月14日","111年11月14日","112年06月09日","112年06月13日","0.30","    66.00","","",
="089286","晶豪科群益26購01","1.00","＋","3006","晶豪科","88.20","＋","認購","美式","111年11月14日","111年11月14日","112年06月09日","112年06月13日","0.25","    90.00","","",
="089290","群創群益26購01","0.00","","3481","群創","14.10","＋","認購","美式","111年11月14日","111年11月14日","112年06月09日","112年06月13日","1.00","    15.80","","",
="089294","道瓊反元富28購01","0.00","",="00669R","國泰美國道瓊反1","8.06","－","認購","美式","111年11月14日","111年11月14日","112年08月10日","112年08月14日","1.00","    8.70","","",
="089295","華新元富28購03","0.00","","1605","華新","46.60","＋","認購","美式","111年11月14日","111年11月14日","112年08月10日","112年08月14日","0.50","    60.00","","",
="089296","緯創元富28購01","0.00","","3231","緯創","68.00","＋","認購","美式","111年11月14日","111年11月14日","112年08月10日","112年08月14日","1.00","    32.70","","",
="089297","大聯大元富28購01","1.81","","3702","大聯大","53.00","＋","認購","美式","111年11月14日","111年11月14日","112年08月10日","112年08月14日","0.60","    53.00","","",
="089299","瑞儀元富28購01","0.00","","6176","瑞儀","120.00","＋","認購","美式","111年11月14日","111年11月14日","112年08月10日","112年08月14日","0.25","    130.00","","",
="089300","啟碁元富26購01","0.00","","6285","啟碁","87.50","＋","認購","美式","111年11月14日","111年11月14日","112年06月09日","112年06月13日","0.20","    94.00","","",
="089301","鈺齊元富28購01","0.00","","9802","鈺齊-KY","124.00","－","認購","美式","111年11月14日","111年11月14日","112年08月10日","112年08月14日","0.101","    163.48","","",
="089302","義隆麥證27購01","0.00","","2458","義隆","104.00","＋","認購","歐式","111年11月14日","112年07月13日","112年07月11日","112年07月13日","0.046","    85.36","","",
="089304","國巨富邦26購03","0.00","","2327","國巨","508.00","＋","認購","美式","111年11月14日","111年11月14日","112年06月09日","112年06月13日","0.03","    500.00","","",
="089305","萬海富邦26購02","0.00","","2615","萬海","60.00","＋","認購","美式","111年11月14日","111年11月14日","112年06月09日","112年06月13日","0.12","    85.00","","",
="089307","樺漢富邦28購01","0.00","","6414","樺漢","281.00","＋","認購","美式","111年11月14日","111年11月14日","112年08月10日","112年08月14日","0.05","    250.00","","",
="089309","FB越南凱基29購01","0.43","",="00885","富邦越南","11.45","＋","認購","美式","111年11月14日","111年11月14日","112年09月11日","112年09月13日","1.00","    13.00","","",
="089312","怡利電凱基28購01","0.26","＋","2497","怡利電","71.30","＋","認購","美式","111年11月14日","111年11月14日","112年08月10日","112年08月14日","0.054","    85.00","","",
="089313","台驊控凱基26購01","0.00","","2636","台驊投控","71.70","","認購","美式","111年11月14日","111年11月14日","112年06月09日","112年06月13日","0.345","    82.75","","",
="089314","大立光凱基27購07","0.00","","3008","大立光","2,305.00","＋","認購","美式","111年11月14日","111年11月14日","112年07月11日","112年07月13日","0.018","    2,646.35","","",
="089316","碩天凱基27購01","0.00","","3617","碩天","191.00","－","認購","美式","111年11月14日","111年11月14日","112年07月11日","112年07月13日","0.08","    130.00","","",
="089317","中磊凱基27購02","2.41","＋","5388","中磊","93.30","＋","認購","美式","111年11月14日","111年11月14日","112年07月11日","112年07月13日","0.294","    90.47","","",
="089318","穎崴凱基26購01","0.00","","6515","穎崴","830.00","－","認購","美式","111年11月14日","111年11月14日","112年06月09日","112年06月13日","0.06","    400.00","","",
="089320","威鋒電凱基26購02","0.00","","6756","威鋒電子","223.00","＋","認購","美式","111年11月14日","111年11月14日","112年06月09日","112年06月13日","0.052","    212.99","","",
="089321","世紀鋼凱基27購03","3.16","＋","9958","世紀鋼","109.50","＋","認購","美式","111年11月14日","111年11月14日","112年07月11日","112年07月13日","0.55","    115.00","","",
="089322","臺股指凱基2B購01","0.00","","IX0001","臺股指數","16,636.30","","認購","歐式","111年11月14日","112年11月13日","112年11月09日","112年11月13日","0.05","    20,000.00","","",
="089323","台積電第一33購03","1.45","－","2330","台積電","568.00","＋","認購","美式","111年11月15日","111年11月15日","113年03月12日","113年03月14日","0.01","    464.65","","",
="089324","金寶中信28購01","0.00","","2312","金寶","13.50","＋","認購","歐式","111年11月15日","112年08月14日","112年08月10日","112年08月14日","0.38","    18.00","","",
="089326","台積電永豐27購04","0.00","","2330","台積電","568.00","＋","認購","美式","111年11月15日","111年11月15日","112年07月12日","112年07月14日","0.053","    494.46","","",
="089327","微星永豐26購01","0.00","","2377","微星","168.00","－","認購","美式","111年11月15日","111年11月15日","112年06月12日","112年06月14日","0.115","    147.30","","",
="089328","力智永豐26購01","0.00","","6719","力智","303.00","＋","認購","美式","111年11月15日","111年11月15日","112年06月12日","112年06月14日","0.04","    331.54","","",
="089329","寶齡統一28購02","0.81","","1760","寶齡富錦","148.50","","認購","美式","111年11月15日","111年11月15日","112年08月10日","112年08月14日","0.03","    147.70","","",
="089330","寶齡統一29購01","0.00","","1760","寶齡富錦","148.50","","認購","美式","111年11月15日","111年11月15日","112年09月12日","112年09月14日","0.013","    177.77","","",
="089331","愛普統一28購02","1.87","＋","6531","愛普*","328.50","＋","認購","美式","111年11月15日","111年11月15日","112年08月10日","112年08月14日","0.019","    245.00","","",
="089332","台積電兆豐28購01","0.00","","2330","台積電","568.00","＋","認購","美式","111年11月15日","111年11月15日","112年08月10日","112年08月14日","0.04","    443.04","","",
="089333","台灣50台新26購02","0.00","",="0050","元大台灣50","126.75","＋","認購","歐式","111年11月15日","112年06月14日","112年06月12日","112年06月14日","1.023","    112.45","","",
="089335","台積電康和27購02","0.00","","2330","台積電","568.00","＋","認購","美式","111年11月15日","111年11月15日","112年07月12日","112年07月14日","0.05","    474.68","","",
="089336","長榮康和27購01","0.00","","2603","長榮","157.00","＋","認購","美式","111年11月15日","111年11月15日","112年07月12日","112年07月14日","0.10","    185.00","","",
="089337","陽明康和26購01","0.00","","2609","陽明","62.00","＋","認購","美式","111年11月15日","111年11月15日","112年06月12日","112年06月14日","0.30","    83.00","","",
="089339","欣興康和27購01","1.76","－","3037","欣興","182.50","－","認購","美式","111年11月15日","111年11月15日","112年07月12日","112年07月14日","0.08","    176.00","","",
="089340","景碩康和27購01","0.20","＋","3189","景碩","116.00","＋","認購","美式","111年11月15日","111年11月15日","112年07月12日","112年07月14日","0.08","    141.00","","",
="089341","群創康和27購01","0.14","","3481","群創","14.10","＋","認購","美式","111年11月15日","111年11月15日","112年07月12日","112年07月14日","1.00","    17.00","","",
="089344","南電康和26購02","2.11","＋","8046","南電","302.50","－","認購","美式","111年11月15日","111年11月15日","112年06月12日","112年06月14日","0.05","    273.00","","",
="089345","滬深2X群益27購03","0.00","",="00637L","元大滬深300正2","13.77","－","認購","美式","111年11月15日","111年11月15日","112年07月12日","112年07月14日","1.00","    16.00","","",
="089346","美指2X群益27購01","0.00","",="00683L","期元大美元指正2(原名：元大美元指數正2)","21.98","－","認購","美式","111年11月15日","111年11月15日","112年07月12日","112年07月14日","0.59","    25.80","","",
="089351","台積電群益27購06","0.00","","2330","台積電","568.00","＋","認購","美式","111年11月15日","111年11月15日","112年07月12日","112年07月14日","0.304","    603.25","","",
="089352","台積電群益29購01","0.00","","2330","台積電","568.00","＋","認購","美式","111年11月15日","111年11月15日","112年09月12日","112年09月14日","0.102","    494.46","","",
="089353","台積電群益2B購01","0.00","","2330","台積電","568.00","＋","認購","美式","111年11月15日","111年11月15日","112年11月10日","112年11月14日","0.102","    514.24","","",
="089355","友達群益27購04","0.00","","2409","友達","17.65","＋","認購","美式","111年11月15日","111年11月15日","112年07月12日","112年07月14日","1.00","    22.00","","",
="089356","聯發科群益27購02","0.95","＋","2454","聯發科","738.00","＋","認購","美式","111年11月15日","111年11月15日","112年07月12日","112年07月14日","0.035","    800.00","","",
="089357","聯發科群益29購02","1.70","＋","2454","聯發科","738.00","＋","認購","美式","111年11月15日","111年11月15日","112年09月12日","112年09月14日","0.10","    980.00","","",
="089358","長榮群益27購02","0.19","","2603","長榮","157.00","＋","認購","美式","111年11月15日","111年11月15日","112年07月12日","112年07月14日","0.20","    198.00","","",
="089359","長榮航群益29購01","5.00","＋","2618","長榮航","33.60","＋","認購","美式","111年11月15日","111年11月15日","112年09月12日","112年09月14日","1.00","    31.00","","",
="089365","道瓊反國票2B購01","0.00","",="00669R","國泰美國道瓊反1","8.06","－","認購","美式","111年11月15日","111年11月15日","112年11月10日","112年11月14日","1.00","    11.00","","",
="089366","寶齡國票26購02","0.00","","1760","寶齡富錦","148.50","","認購","美式","111年11月15日","111年11月15日","112年06月12日","112年06月14日","0.06","    180.00","","",
="089367","美時國票27購01","0.00","","1795","美時","330.50","＋","認購","美式","111年11月15日","111年11月15日","112年07月12日","112年07月14日","0.07","    225.00","","",
="089368","宏達電國票27購02","1.10","","2498","宏達電","61.50","＋","認購","美式","111年11月15日","111年11月15日","112年07月12日","112年07月14日","0.546","    70.00","","",
="089370","台勝科國票26購01","0.00","","3532","台勝科","157.00","＋","認購","美式","111年11月15日","111年11月15日","112年06月12日","112年06月14日","0.12","    200.00","","",
="089371","碩天國票26購02","0.00","","3617","碩天","191.00","－","認購","美式","111年11月15日","111年11月15日","112年06月12日","112年06月14日","0.14","    140.00","","",
="089375","新唐法興27購01","0.00","","4919","新唐","130.50","＋","認購","歐式","111年11月15日","112年07月14日","112年07月12日","112年07月14日","0.10","    115.00","","",
="089376","S&P反1元大29購01","0.10","",="00648R","元大S&P500反1","6.93","－","認購","美式","111年11月15日","111年11月15日","112年09月12日","112年09月14日","1.00","    8.30","","",
="089379","台積電元大29購27","0.00","","2330","台積電","568.00","＋","認購","美式","111年11月15日","111年11月15日","112年09月12日","112年09月14日","0.089","    478.14","","",
="089380","台積電元大2A購17","0.00","","2330","台積電","568.00","＋","認購","美式","111年11月15日","111年11月15日","112年10月12日","112年10月16日","0.066","    448.47","","",
="089381","台積電元大2B購04","0.00","","2330","台積電","568.00","＋","認購","美式","111年11月15日","111年11月15日","112年11月10日","112年11月14日","0.061","    475.18","","",
="089396","富邦媒元大2A購01","2.69","－","8454","富邦媒","703.00","＋","認購","美式","111年11月15日","111年11月15日","112年10月12日","112年10月16日","0.019","    688.00","","",
="089398","寶齡元富27購02","0.00","","1760","寶齡富錦","148.50","","認購","美式","111年11月15日","111年11月15日","112年07月12日","112年07月14日","0.055","    160.00","","",
="089399","鴻海元富28購02","0.80","＋","2317","鴻海","105.50","＋","認購","美式","111年11月15日","111年11月15日","112年08月10日","112年08月14日","0.30","    110.00","","",
="089400","國巨元富28購01","2.37","＋","2327","國巨","508.00","＋","認購","美式","111年11月15日","111年11月15日","112年08月10日","112年08月14日","0.05","    500.00","","",
="089401","台積電元富28購02","0.00","","2330","台積電","568.00","＋","認購","美式","111年11月15日","111年11月15日","112年08月10日","112年08月14日","0.102","    494.46","","",
="089402","長榮元富28購06","0.00","","2603","長榮","157.00","＋","認購","美式","111年11月15日","111年11月15日","112年08月10日","112年08月14日","0.11","    210.00","","",
="089404","萬海富邦26購03","0.00","","2615","萬海","60.00","＋","認購","美式","111年11月15日","111年11月15日","112年06月12日","112年06月14日","0.10","    85.00","","",
="089405","大立光富邦28購04","0.00","","3008","大立光","2,305.00","＋","認購","美式","111年11月15日","111年11月15日","112年08月10日","112年08月14日","0.008","    2,548.34","","",
="089406","玉晶光富邦29購01","1.37","","3406","玉晶光","400.00","＋","認購","美式","111年11月15日","111年11月15日","112年09月12日","112年09月14日","0.02","    370.00","","",
="089407","合勤控富邦26購01","0.00","","3704","合勤控","43.85","＋","認購","美式","111年11月15日","111年11月15日","112年06月12日","112年06月14日","0.30","    40.00","","",
="089408","臺股指富邦26購03","0.00","","IX0001","臺股指數","16,636.30","","認購","歐式","111年11月15日","112年06月14日","112年06月12日","112年06月14日","0.003","    14,500.00","","",
="089409","道瓊反凱基2A購02","0.00","",="00669R","國泰美國道瓊反1","8.06","－","認購","美式","111年11月15日","111年11月15日","112年10月12日","112年10月16日","1.00","    9.30","","",
="089410","FB越南凱基28購01","0.00","",="00885","富邦越南","11.45","＋","認購","美式","111年11月15日","111年11月15日","112年08月10日","112年08月14日","1.00","    11.50","","",
="089411","寶齡凱基26購01","0.00","","1760","寶齡富錦","148.50","","認購","美式","111年11月15日","111年11月15日","112年06月12日","112年06月14日","0.065","    160.00","","",
="089412","寶齡凱基27購02","0.41","","1760","寶齡富錦","148.50","","認購","美式","111年11月15日","111年11月15日","112年07月12日","112年07月14日","0.08","    180.00","","",
="089413","美時凱基2A購03","0.00","","1795","美時","330.50","＋","認購","美式","111年11月15日","111年11月15日","112年10月12日","112年10月16日","0.10","    210.00","","",
="089414","長榮凱基28購03","1.03","＋","2603","長榮","157.00","＋","認購","美式","111年11月15日","111年11月15日","112年08月10日","112年08月14日","0.10","    175.00","","",
="089416","欣興凱基26購04","2.33","－","3037","欣興","182.50","－","認購","美式","111年11月15日","111年11月15日","112年06月12日","112年06月14日","0.10","    160.00","","",
="089417","嘉澤凱基26購01","0.00","","3533","嘉澤","909.00","－","認購","美式","111年11月15日","111年11月15日","112年06月12日","112年06月14日","0.03","    995.14","","",
="089418","乙盛凱基27購01","0.00","","5243","乙盛-KY","83.70","＋","認購","美式","111年11月15日","111年11月15日","112年07月12日","112年07月14日","0.20","    70.00","","",
="089420","力智凱基26購01","0.00","","6719","力智","303.00","＋","認購","美式","111年11月15日","111年11月15日","112年06月12日","112年06月14日","0.05","    330.00","","",
="089421","矽創凱基27購01","0.00","","8016","矽創","225.50","＋","認購","美式","111年11月15日","111年11月15日","112年07月12日","112年07月14日","0.10","    290.00","","",
="089422","南電凱基27購02","0.00","","8046","南電","302.50","－","認購","美式","111年11月15日","111年11月15日","112年07月12日","112年07月14日","0.05","    250.00","","",
="089423","聯詠第一2B購01","0.00","","3034","聯詠","423.50","＋","認購","美式","111年11月16日","111年11月16日","112年11月13日","112年11月15日","0.013","    323.46","","",
="089433","晶豪科永豐27購01","0.82","＋","3006","晶豪科","88.20","＋","認購","美式","111年11月16日","111年11月16日","112年07月13日","112年07月17日","0.126","    92.11","","",
="089435","啟碁永豐26購01","0.00","","6285","啟碁","87.50","＋","認購","美式","111年11月16日","111年11月16日","112年06月13日","112年06月15日","0.339","    112.48","","",
="089437","世紀鋼永豐26購01","3.14","＋","9958","世紀鋼","109.50","＋","認購","美式","111年11月16日","111年11月16日","112年06月13日","112年06月15日","0.216","    96.47","","",
="089438","道瓊反群益29購03","0.00","",="00669R","國泰美國道瓊反1","8.06","－","認購","美式","111年11月16日","111年11月16日","112年09月13日","112年09月15日","1.00","    8.38","","",
="089442","台積電群益27購07","0.00","","2330","台積電","568.00","＋","認購","美式","111年11月16日","111年11月16日","112年07月13日","112年07月17日","0.05","    519.19","","",
="089444","漢唐群益26購01","0.00","","2404","漢唐","227.50","＋","認購","美式","111年11月16日","111年11月16日","112年06月13日","112年06月15日","0.10","    195.00","","",
="089447","宏達電群益27購01","0.63","","2498","宏達電","61.50","＋","認購","美式","111年11月16日","111年11月16日","112年07月13日","112年07月17日","0.354","    73.00","","",
="089448","長榮群益28購01","0.39","","2603","長榮","157.00","＋","認購","美式","111年11月16日","111年11月16日","112年08月11日","112年08月15日","0.20","    209.00","","",
="089455","南電群益26購03","0.00","","8046","南電","302.50","－","認購","美式","111年11月16日","111年11月16日","112年06月13日","112年06月15日","0.10","    380.00","","",
="089458","貿聯法興26購01","0.00","","3665","貿聯-KY","270.50","＋","認購","歐式","111年11月16日","112年06月15日","112年06月13日","112年06月15日","0.03","    268.94","","",
="089459","景碩統一27購01","0.00","","3189","景碩","116.00","＋","認購","美式","111年11月16日","111年11月16日","112年07月13日","112年07月17日","0.025","    150.00","","",
="089463","T50正2凱基28購01","0.00","",="00631L","元大台灣50正2","129.10","＋","認購","美式","111年11月16日","111年11月16日","112年08月11日","112年08月15日","0.20","    100.00","","",
="089464","T50正2凱基29購01","0.00","",="00631L","元大台灣50正2","129.10","＋","認購","美式","111年11月16日","111年11月16日","112年09月13日","112年09月15日","0.25","    110.00","","",
="089465","東鹼凱基27購01","0.00","","1708","東鹼","36.40","＋","認購","美式","111年11月16日","111年11月16日","112年07月13日","112年07月17日","0.24","    50.00","","",
="089466","寶齡凱基29購01","0.76","－","1760","寶齡富錦","148.50","","認購","美式","111年11月16日","111年11月16日","112年09月13日","112年09月15日","0.06","    190.00","","",
="089467","美時凱基27購01","0.00","","1795","美時","330.50","＋","認購","美式","111年11月16日","111年11月16日","112年07月13日","112年07月17日","0.065","    255.00","","",
="089468","為升凱基26購02","0.00","","2231","為升","172.50","＋","認購","美式","111年11月16日","111年11月16日","112年06月13日","112年06月15日","0.12","    170.00","","",
="089469","台達電凱基28購01","0.36","－","2308","台達電","315.50","－","認購","美式","111年11月16日","111年11月16日","112年08月11日","112年08月15日","0.20","    420.00","","",
="089471","台積電凱基26購12","0.00","","2330","台積電","568.00","＋","認購","美式","111年11月16日","111年11月16日","112年06月13日","112年06月15日","0.04","    474.68","","",
="089473","欣興凱基28購02","0.91","－","3037","欣興","182.50","－","認購","美式","111年11月16日","111年11月16日","112年08月11日","112年08月15日","0.10","    230.00","","",
="089474","瑞鼎凱基27購01","0.00","","3592","瑞鼎","348.00","＋","認購","美式","111年11月16日","111年11月16日","112年07月13日","112年07月17日","0.06","    440.00","","",
="089475","新唐凱基27購01","0.80","＋","4919","新唐","130.50","＋","認購","美式","111年11月16日","111年11月16日","112年07月13日","112年07月17日","0.10","    140.00","","",
="089476","天鈺凱基26購01","0.00","","4961","天鈺","154.00","＋","認購","美式","111年11月16日","111年11月16日","112年06月13日","112年06月15日","0.10","    160.00","","",
="089477","祥碩凱基26購02","0.00","","5269","祥碩","1,300.00","＋","認購","美式","111年11月16日","111年11月16日","112年06月13日","112年06月15日","0.025","    800.00","","",
="089478","矽創凱基26購01","0.00","","8016","矽創","225.50","＋","認購","美式","111年11月16日","111年11月16日","112年06月13日","112年06月15日","0.08","    230.00","","",
="089480","富邦媒凱基27購02","1.01","","8454","富邦媒","703.00","＋","認購","美式","111年11月16日","111年11月16日","112年07月13日","112年07月17日","0.03","    800.00","","",
="089481","臺股指凱基26購42","0.00","","IX0001","臺股指數","16,636.30","","認購","歐式","111年11月16日","112年06月15日","112年06月13日","112年06月15日","0.002","    14,200.00","","",
="089482","臺股指凱基29購13","0.00","","IX0001","臺股指數","16,636.30","","認購","歐式","111年11月16日","112年09月15日","112年09月13日","112年09月15日","0.03","    18,200.00","","",
="089484","國巨中信26購01","0.00","","2327","國巨","508.00","＋","認購","歐式","111年11月16日","112年06月15日","112年06月13日","112年06月15日","0.016","    526.00","","",
="089490","南電中信26購02","0.00","","8046","南電","302.50","－","認購","歐式","111年11月16日","112年06月15日","112年06月13日","112年06月15日","0.02","    348.00","","",
="089491","南電中信27購02","0.15","－","8046","南電","302.50","－","認購","歐式","111年11月16日","112年07月17日","112年07月13日","112年07月17日","0.018","    382.00","","",
="089492","聯電國泰27購01","1.13","＋","2303","聯電","51.20","＋","認購","美式","111年11月16日","111年11月16日","112年07月13日","112年07月17日","0.40","    52.00","","",
="089493","T50正2富邦27購01","0.00","",="00631L","元大台灣50正2","129.10","＋","認購","美式","111年11月16日","111年11月16日","112年07月13日","112年07月17日","0.20","    100.00","","",
="089494","聯發科富邦26購03","0.00","","2454","聯發科","738.00","＋","認購","美式","111年11月16日","111年11月16日","112年06月13日","112年06月15日","0.02","    850.00","","",
="089495","大立光富邦28購05","0.00","","3008","大立光","2,305.00","＋","認購","美式","111年11月16日","111年11月16日","112年08月11日","112年08月15日","0.008","    2,940.39","","",
="089497","貿聯富邦27購01","0.77","＋","3665","貿聯-KY","270.50","＋","認購","美式","111年11月16日","111年11月16日","112年07月13日","112年07月17日","0.03","    258.98","","",
="089500","FB越南元大28購01","0.69","＋",="00885","富邦越南","11.45","＋","認購","美式","111年11月16日","111年11月16日","112年08月11日","112年08月15日","1.00","    12.00","","",
="089506","國巨元大2A購01","1.73","＋","2327","國巨","508.00","＋","認購","美式","111年11月16日","111年11月16日","112年10月12日","112年10月16日","0.028","    569.00","","",
="089520","T50正2元富28購01","0.00","",="00631L","元大台灣50正2","129.10","＋","認購","美式","111年11月16日","111年11月16日","112年08月11日","112年08月15日","0.31","    90.00","","",
="089521","鴻海元富28購03","1.56","＋","2317","鴻海","105.50","＋","認購","美式","111年11月16日","111年11月16日","112年08月11日","112年08月15日","0.20","    100.00","","",
="089522","台積電元富28購03","4.81","＋","2330","台積電","568.00","＋","認購","美式","111年11月16日","111年11月16日","112年08月11日","112年08月15日","0.06","    494.46","","",
="089523","台積電元富28購04","0.00","","2330","台積電","568.00","＋","認購","美式","111年11月16日","111年11月16日","112年08月11日","112年08月15日","0.05","    445.01","","",
="089524","微星元富28購01","0.00","","2377","微星","168.00","－","認購","美式","111年11月16日","111年11月16日","112年08月11日","112年08月15日","0.055","    132.00","","",
="089526","聯電麥證26購01","0.00","","2303","聯電","51.20","＋","認購","歐式","111年11月16日","112年06月15日","112年06月13日","112年06月15日","1.00","    60.00","","",
="089527","台積電麥證2A購05","0.00","","2330","台積電","568.00","＋","認購","歐式","111年11月16日","112年10月16日","112年10月12日","112年10月16日","0.02","    445.01","","",
="089528","聯發科麥證28購01","0.97","＋","2454","聯發科","738.00","＋","認購","歐式","111年11月16日","112年08月15日","112年08月11日","112年08月15日","0.02","    777.00","","",
="089530","臺股指麥證2A購05","0.00","","IX0001","臺股指數","16,636.30","","認購","歐式","111年11月16日","112年10月16日","112年10月12日","112年10月16日","0.003","    14,000.00","","",
="089531","台達電第一2B購01","0.78","－","2308","台達電","315.50","－","認購","美式","111年11月17日","111年11月17日","112年11月14日","112年11月16日","0.017","    308.20","","",
="089532","愛普康和26購01","0.00","","6531","愛普*","328.50","＋","認購","美式","111年11月17日","111年11月17日","112年06月14日","112年06月16日","0.05","    215.00","","",
="089533","台積電兆豐27購04","0.00","","2330","台積電","568.00","＋","認購","美式","111年11月17日","111年11月17日","112年07月13日","112年07月17日","0.04","    482.60","","",
="089535","創意統一29購01","4.84","","3443","創意","1,515.00","＋","認購","美式","111年11月17日","111年11月17日","112年09月14日","112年09月18日","0.008","    960.00","","",
="089536","創意統一2B購01","0.00","","3443","創意","1,515.00","＋","認購","美式","111年11月17日","111年11月17日","112年11月14日","112年11月16日","0.008","    588.88","","",
="089537","晶心科統一2B購01","0.64","＋","6533","晶心科","511.00","＋","認購","美式","111年11月17日","111年11月17日","112年11月14日","112年11月16日","0.01","    599.70","","",
="089539","裕隆永豐26購01","0.00","","2201","裕隆","82.80","＋","認購","美式","111年11月17日","111年11月17日","112年06月14日","112年06月16日","0.315","    63.75","","",
="089540","光罩永豐27購01","0.00","","2338","光罩","81.80","＋","認購","美式","111年11月17日","111年11月17日","112年07月13日","112年07月17日","0.228","    100.95","","",
="089544","華航永豐26購01","0.71","＋","2610","華航","21.65","＋","認購","美式","111年11月17日","111年11月17日","112年06月14日","112年06月16日","0.795","    21.38","","",
="089547","晶心科永豐26購01","0.00","","6533","晶心科","511.00","＋","認購","美式","111年11月17日","111年11月17日","112年06月14日","112年06月16日","0.021","    657.09","","",
="089550","T50正2中信27購03","2.33","＋",="00631L","元大台灣50正2","129.10","＋","認購","歐式","111年11月17日","112年07月17日","112年07月13日","112年07月17日","0.16","    120.00","","",
="089551","中磊中信27購01","1.83","＋","5388","中磊","93.30","＋","認購","歐式","111年11月17日","112年07月17日","112年07月13日","112年07月17日","0.126","    81.90","","",
="089553","滬深2X富邦26購04","0.00","",="00637L","元大滬深300正2","13.77","－","認購","美式","111年11月17日","111年11月17日","112年06月14日","112年06月16日","1.00","    17.00","","",
="089554","台積電富邦28購03","0.00","","2330","台積電","568.00","＋","認購","美式","111年11月17日","111年11月17日","112年08月14日","112年08月16日","0.038","    494.46","","",
="089555","創意富邦27購02","0.00","","3443","創意","1,515.00","＋","認購","美式","111年11月17日","111年11月17日","112年07月13日","112年07月17日","0.01","    640.00","","",
="089556","晶心科富邦27購01","0.14","","6533","晶心科","511.00","＋","認購","美式","111年11月17日","111年11月17日","112年07月13日","112年07月17日","0.01","    650.00","","",
="089557","T50正2凱基29購03","0.00","",="00631L","元大台灣50正2","129.10","＋","認購","美式","111年11月17日","111年11月17日","112年09月14日","112年09月18日","0.25","    125.00","","",
="089558","臺指反凱基2B購01","0.05","",="00664R","國泰臺灣加權反1","5.58","－","認購","美式","111年11月17日","111年11月17日","112年11月14日","112年11月16日","0.55","    7.00","","",
="089564","瑞昱凱基27購01","2.10","＋","2379","瑞昱","388.00","＋","認購","美式","111年11月17日","111年11月17日","112年07月13日","112年07月17日","0.10","    400.00","","",
="089565","大立光凱基27購08","0.46","＋","3008","大立光","2,305.00","＋","認購","美式","111年11月17日","111年11月17日","112年07月13日","112年07月17日","0.031","    2,940.39","","",
="089566","彩晶凱基27購01","0.10","","6116","彩晶","12.25","＋","認購","美式","111年11月17日","111年11月17日","112年07月13日","112年07月17日","1.00","    15.00","","",
="089567","嘉聯益凱基27購01","0.00","","6153","嘉聯益","23.15","＋","認購","美式","111年11月17日","111年11月17日","112年07月13日","112年07月17日","1.00","    43.00","","",
="089571","晶心科凱基27購01","0.00","","6533","晶心科","511.00","＋","認購","美式","111年11月17日","111年11月17日","112年07月13日","112年07月17日","0.02","    750.00","","",
="089572","AES凱基28購01","0.00","","6781","AES-KY","690.00","＋","認購","美式","111年11月17日","111年11月17日","112年08月14日","112年08月16日","0.025","    1,000.00","","",
="089574","聯發科元富27購01","0.54","＋","2454","聯發科","738.00","＋","認購","美式","111年11月17日","111年11月17日","112年07月13日","112年07月17日","0.01","    735.00","","",
="089575","創意元富28購01","0.00","","3443","創意","1,515.00","＋","認購","美式","111年11月17日","111年11月17日","112年08月14日","112年08月16日","0.02","    700.00","","",
="089576","創意元富28購02","0.00","","3443","創意","1,515.00","＋","認購","美式","111年11月17日","111年11月17日","112年08月14日","112年08月16日","0.025","    750.00","","",
="089577","天鈺元富28購01","0.00","","4961","天鈺","154.00","＋","認購","美式","111年11月17日","111年11月17日","112年08月14日","112年08月16日","0.08","    130.00","","",
="089580","南電元富28購01","1.56","＋","8046","南電","302.50","－","認購","美式","111年11月17日","111年11月17日","112年08月14日","112年08月16日","0.05","    310.00","","",
="089582","大立光麥證26購01","0.00","","3008","大立光","2,305.00","＋","認購","歐式","111年11月17日","112年06月16日","112年06月14日","112年06月16日","0.015","    2,450.32","","",
="089588","FBNQ2X群益27購01","0.00","",="00670L","富邦NASDAQ正2","78.90","＋","認購","美式","111年11月17日","111年11月17日","112年07月13日","112年07月17日","0.15","    66.00","","",
="089589","FBNQ反群益26購01","0.00","",="00671R","富邦NASDAQ 反1","5.07","－","認購","美式","111年11月17日","111年11月17日","112年06月14日","112年06月16日","1.00","    6.50","","",
="089590","FBNQ反群益27購01","0.00","",="00671R","富邦NASDAQ 反1","5.07","－","認購","美式","111年11月17日","111年11月17日","112年07月13日","112年07月17日","1.00","    7.00","","",
="089591","道瓊銀群益27購01","0.00","",="00738U","期元大道瓊白銀(原名：元大道瓊白銀)","22.79","＋","認購","美式","111年11月17日","111年11月17日","112年07月13日","112年07月17日","1.00","    26.00","","",
="089594","聯發科群益26購08","0.73","＋","2454","聯發科","738.00","＋","認購","美式","111年11月17日","111年11月17日","112年06月14日","112年06月16日","0.025","    750.00","","",
="089595","聯發科群益26購09","0.00","","2454","聯發科","738.00","＋","認購","美式","111年11月17日","111年11月17日","112年06月14日","112年06月16日","0.03","    845.00","","",
="089596","聯發科群益26購10","0.00","","2454","聯發科","738.00","＋","認購","美式","111年11月17日","111年11月17日","112年06月14日","112年06月16日","0.035","    890.00","","",
="08959P","南亞科麥證26售01","0.01","","2408","南亞科","71.20","－","認售","歐式","111年09月15日","112年06月14日","112年06月12日","112年06月14日","1.00","    28.88","","",
="089600","玉晶光群益26購01","0.42","","3406","玉晶光","400.00","＋","認購","美式","111年11月17日","111年11月17日","112年06月14日","112年06月16日","0.142","    480.00","","",
="089605","T50反1元大2A購02","0.00","",="00632R","元大台灣50反1","4.94","－","認購","美式","111年11月17日","111年11月17日","112年10月12日","112年10月16日","1.00","    5.95","","",
="089606","T50反1元大2A購03","0.00","",="00632R","元大台灣50反1","4.94","－","認購","美式","111年11月17日","111年11月17日","112年10月12日","112年10月16日","1.00","    6.05","","",
="089607","道瓊反元大2B購01","0.39","",="00669R","國泰美國道瓊反1","8.06","－","認購","美式","111年11月17日","111年11月17日","112年11月14日","112年11月16日","1.00","    9.00","","",
="089608","美時元大2B購01","0.00","","1795","美時","330.50","＋","認購","美式","111年11月17日","111年11月17日","112年11月14日","112年11月16日","0.055","    223.50","","",
="089612","台積電元大2A購18","5.25","＋","2330","台積電","568.00","＋","認購","美式","111年11月17日","111年11月17日","112年10月12日","112年10月16日","0.056","    529.08","","",
="089613","台積電元大2B購05","4.22","＋","2330","台積電","568.00","＋","認購","美式","111年11月17日","111年11月17日","112年11月14日","112年11月16日","0.042","    525.12","","",
="089616","宏達電元大2B購01","1.32","＋","2498","宏達電","61.50","＋","認購","美式","111年11月17日","111年11月17日","112年11月14日","112年11月16日","0.10","    59.00","","",
="089623","祥碩元大2A購01","5.95","＋","5269","祥碩","1,300.00","＋","認購","美式","111年11月17日","111年11月17日","112年10月12日","112年10月16日","0.015","    1,060.00","","",
="089627","晶心科元大27購02","0.00","","6533","晶心科","511.00","＋","認購","美式","111年11月17日","111年11月17日","112年07月13日","112年07月17日","0.018","    680.00","","",
="089638","瑞昱永豐26購01","0.00","","2379","瑞昱","388.00","＋","認購","美式","111年11月18日","111年11月18日","112年06月15日","112年06月19日","0.073","    418.93","","",
="089639","威盛永豐26購01","0.69","","2388","威盛","83.10","＋","認購","美式","111年11月18日","111年11月18日","112年06月15日","112年06月19日","0.12","    83.84","","",
="089640","威盛永豐27購01","0.00","","2388","威盛","83.10","＋","認購","美式","111年11月18日","111年11月18日","112年07月13日","112年07月17日","0.17","    105.45","","",
="089641","威盛永豐28購01","1.02","＋","2388","威盛","83.10","＋","認購","美式","111年11月18日","111年11月18日","112年08月15日","112年08月17日","0.135","    96.23","","",
="089646","三福化永豐26購01","0.30","－","4755","三福化","131.00","＋","認購","美式","111年11月18日","111年11月18日","112年06月15日","112年06月19日","0.084","    144.57","","",
="089647","天鈺永豐26購01","0.00","","4961","天鈺","154.00","＋","認購","美式","111年11月18日","111年11月18日","112年06月15日","112年06月19日","0.06","    160.00","","",
="089648","帆宣永豐26購02","0.00","","6196","帆宣","131.50","","認購","美式","111年11月18日","111年11月18日","112年06月15日","112年06月19日","0.11","    160.31","","",
="089651","穎崴永豐26購01","0.00","","6515","穎崴","830.00","－","認購","美式","111年11月18日","111年11月18日","112年06月15日","112年06月19日","0.02","    393.81","","",
="089652","中砂統一27購01","0.00","","1560","中砂","114.50","－","認購","美式","111年11月18日","111年11月18日","112年07月13日","112年07月17日","0.028","    160.66","","",
="089653","華新統一27購01","0.00","","1605","華新","46.60","＋","認購","美式","111年11月18日","111年11月18日","112年07月13日","112年07月17日","0.10","    60.66","","",
="089654","威盛統一28購01","0.67","","2388","威盛","83.10","＋","認購","美式","111年11月18日","111年11月18日","112年08月15日","112年08月17日","0.06","    88.88","","",
="089655","威盛統一28購02","1.50","＋","2388","威盛","83.10","＋","認購","美式","111年11月18日","111年11月18日","112年08月15日","112年08月17日","0.057","    56.66","","",
="089656","元晶統一2A購01","0.43","","6443","元晶","36.20","＋","認購","美式","111年11月18日","111年11月18日","112年10月13日","112年10月17日","0.13","    39.99","","",
="089657","華新兆豐26購01","0.00","","1605","華新","46.60","＋","認購","美式","111年11月18日","111年11月18日","112年06月15日","112年06月19日","0.24","    60.00","","",
="089658","華新兆豐28購01","0.27","","1605","華新","46.60","＋","認購","美式","111年11月18日","111年11月18日","112年08月15日","112年08月17日","0.16","    53.00","","",
="089659","美時兆豐26購01","0.00","","1795","美時","330.50","＋","認購","美式","111年11月18日","111年11月18日","112年06月15日","112年06月19日","0.05","    208.00","","",
="089660","大成鋼兆豐28購01","0.58","＋","2027","大成鋼","45.25","＋","認購","美式","111年11月18日","111年11月18日","112年08月15日","112年08月17日","0.30","    48.00","","",
="089661","鴻海兆豐28購01","0.35","","2317","鴻海","105.50","＋","認購","美式","111年11月18日","111年11月18日","112年08月15日","112年08月17日","0.14","    110.00","","",
="089662","國巨兆豐27購02","0.00","","2327","國巨","508.00","＋","認購","美式","111年11月18日","111年11月18日","112年07月13日","112年07月17日","0.028","    520.00","","",
="089663","景碩兆豐28購01","0.25","","3189","景碩","116.00","＋","認購","美式","111年11月18日","111年11月18日","112年08月15日","112年08月17日","0.043","    130.00","","",
="089664","玉晶光兆豐26購01","0.00","","3406","玉晶光","400.00","＋","認購","美式","111年11月18日","111年11月18日","112年06月15日","112年06月19日","0.025","    400.00","","",
="089665","創意兆豐27購01","0.00","","3443","創意","1,515.00","＋","認購","美式","111年11月18日","111年11月18日","112年07月13日","112年07月17日","0.01","    688.00","","",
="089666","矽力兆豐26購01","0.00","","6415","矽力*-KY","394.50","＋","認購","美式","111年11月18日","111年11月18日","112年06月15日","112年06月19日","0.013","    545.17","","",
="089667","愛普兆豐26購01","0.00","","6531","愛普*","328.50","＋","認購","美式","111年11月18日","111年11月18日","112年06月15日","112年06月19日","0.038","    200.00","","",
="089670","T50正2中信28購02","0.00","",="00631L","元大台灣50正2","129.10","＋","認購","歐式","111年11月18日","112年08月17日","112年08月15日","112年08月17日","0.12","    128.00","","",
="089672","玉晶光中信26購02","0.00","","3406","玉晶光","400.00","＋","認購","歐式","111年11月18日","112年06月19日","112年06月15日","112年06月19日","0.026","    508.00","","",
="089674","T50正2國泰27購02","0.00","",="00631L","元大台灣50正2","129.10","＋","認購","美式","111年11月18日","111年11月18日","112年07月13日","112年07月17日","0.20","    110.00","","",
="089675","聯電國泰27購02","1.21","＋","2303","聯電","51.20","＋","認購","美式","111年11月18日","111年11月18日","112年07月13日","112年07月17日","0.50","    53.00","","",
="089676","聯電國泰27購03","1.52","＋","2303","聯電","51.20","＋","認購","美式","111年11月18日","111年11月18日","112年07月13日","112年07月17日","0.40","    50.00","","",
="089677","台積電國泰27購04","3.77","＋","2330","台積電","568.00","＋","認購","美式","111年11月18日","111年11月18日","112年07月13日","112年07月17日","0.122","    563.69","","",
="089678","臺指反國票26購01","0.00","",="00664R","國泰臺灣加權反1","5.58","－","認購","美式","111年11月18日","111年11月18日","112年06月15日","112年06月19日","1.00","    6.60","","",
="089679","中砂國票26購01","0.00","","1560","中砂","114.50","－","認購","美式","111年11月18日","111年11月18日","112年06月15日","112年06月19日","0.40","    177.00","","",
="089680","中鴻國票26購02","0.02","","2014","中鴻","23.15","＋","認購","美式","111年11月18日","111年11月18日","112年06月15日","112年06月19日","1.00","    32.00","","",
="089681","裕隆國票26購01","0.00","","2201","裕隆","82.80","＋","認購","美式","111年11月18日","111年11月18日","112年06月15日","112年06月19日","1.00","    76.00","","",
="089682","威盛國票26購01","0.14","＋","2388","威盛","83.10","＋","認購","美式","111年11月18日","111年11月18日","112年06月15日","112年06月19日","0.40","    105.00","","",
="089684","裕民國票26購01","0.00","","2606","裕民","49.75","＋","認購","美式","111年11月18日","111年11月18日","112年06月15日","112年06月19日","1.00","    60.00","","",
="089685","潤泰全國票26購01","0.00","","2915","潤泰全","56.40","＋","認購","美式","111年11月18日","111年11月18日","112年06月15日","112年06月19日","0.30","    80.00","","",
="089686","創意國票26購01","0.00","","3443","創意","1,515.00","＋","認購","美式","111年11月18日","111年11月18日","112年06月15日","112年06月19日","0.06","    960.00","","",
="089687","揚明光國票26購02","0.00","","3504","揚明光","81.70","＋","認購","美式","111年11月18日","111年11月18日","112年06月15日","112年06月19日","0.194","    120.00","","",
="089688","聯合再國票26購01","0.00","","3576","聯合再生","20.30","＋","認購","美式","111年11月18日","111年11月18日","112年06月15日","112年06月19日","1.00","    32.00","","",
="089689","健策國票26購02","10.50","＋","3653","健策","616.00","＋","認購","美式","111年11月18日","111年11月18日","112年06月15日","112年06月19日","0.169","    570.00","","",
="089690","啟碁國票26購02","0.00","","6285","啟碁","87.50","＋","認購","美式","111年11月18日","111年11月18日","112年06月15日","112年06月19日","1.00","    122.00","","",
="089691","志強國票26購01","0.00","","6768","志強-KY","69.70","","認購","美式","111年11月18日","111年11月18日","112年06月15日","112年06月19日","0.20","    100.00","","",
="089692","南電國票26購03","0.00","","8046","南電","302.50","－","認購","美式","111年11月18日","111年11月18日","112年06月15日","112年06月19日","0.16","    400.00","","",
="089696","台灣50凱基28購03","2.88","＋",="0050","元大台灣50","126.75","＋","認購","美式","111年11月18日","111年11月18日","112年08月15日","112年08月17日","0.358","    122.25","","",
="089697","台泥凱基26購01","0.00","","1101","台泥","38.15","＋","認購","美式","111年11月18日","111年11月18日","112年06月15日","112年06月19日","1.00","    40.00","","",
="089698","中鴻凱基26購02","0.00","","2014","中鴻","23.15","＋","認購","美式","111年11月18日","111年11月18日","112年06月15日","112年06月19日","1.00","    30.00","","",
="089699","中華凱基26購01","0.00","","2204","中華","91.60","－","認購","美式","111年11月18日","111年11月18日","112年06月15日","112年06月19日","0.35","    50.00","","",
="089700","鴻海凱基29購01","0.47","","2317","鴻海","105.50","＋","認購","美式","111年11月18日","111年11月18日","112年09月14日","112年09月18日","0.20","    122.00","","",
="089703","威盛凱基27購03","0.82","","2388","威盛","83.10","＋","認購","美式","111年11月18日","111年11月18日","112年07月13日","112年07月17日","0.25","    100.00","","",
="089707","創意凱基27購01","0.00","","3443","創意","1,515.00","＋","認購","美式","111年11月18日","111年11月18日","112年07月13日","112年07月17日","0.022","    950.00","","",
="089709","健策凱基26購01","4.97","＋","3653","健策","616.00","＋","認購","美式","111年11月18日","111年11月18日","112年06月15日","112年06月19日","0.03","    450.00","","",
="089710","材料凱基27購01","0.00","","4763","材料-KY","550.00","－","認購","美式","111年11月18日","111年11月18日","112年07月13日","112年07月17日","0.072","    185.74","","",
="089711","致伸凱基26購01","0.06","","4915","致伸","64.40","＋","認購","美式","111年11月18日","111年11月18日","112年06月15日","112年06月19日","1.00","    80.00","","",
="089712","天鈺凱基27購01","0.00","","4961","天鈺","154.00","＋","認購","美式","111年11月18日","111年11月18日","112年07月13日","112年07月17日","0.10","    180.00","","",
="089714","元晶凱基27購01","0.00","","6443","元晶","36.20","＋","認購","美式","111年11月18日","111年11月18日","112年07月13日","112年07月17日","1.00","    48.00","","",
="089717","臺股指凱基26購44","0.00","","IX0001","臺股指數","16,636.30","","認購","歐式","111年11月18日","112年06月19日","112年06月15日","112年06月19日","0.003","    15,800.00","","",
="089718","臺股指凱基26購45","0.00","","IX0001","臺股指數","16,636.30","","認購","歐式","111年11月18日","112年06月19日","112年06月15日","112年06月19日","0.02","    17,800.00","","",
="089719","臺股指凱基26購46","0.00","","IX0001","臺股指數","16,636.30","","認購","歐式","111年11月18日","112年06月19日","112年06月15日","112年06月19日","0.003","    15,100.00","","",
="089720","臺股指凱基29購14","2.29","＋","IX0001","臺股指數","16,636.30","","認購","歐式","111年11月18日","112年09月18日","112年09月14日","112年09月18日","0.02","    18,200.00","","",
="089721","中鴻群益27購01","0.00","","2014","中鴻","23.15","＋","認購","美式","111年11月18日","111年11月18日","112年07月13日","112年07月17日","1.00","    36.00","","",
="089723","台積電群益26購02","0.00","","2330","台積電","568.00","＋","認購","美式","111年11月18日","111年11月18日","112年06月15日","112年06月19日","0.05","    548.85","","",
="089724","台積電群益26購03","1.83","＋","2330","台積電","568.00","＋","認購","美式","111年11月18日","111年11月18日","112年06月15日","112年06月19日","0.102","    568.63","","",
="089725","台積電群益28購02","0.00","","2330","台積電","568.00","＋","認購","美式","111年11月18日","111年11月18日","112年08月15日","112年08月17日","0.152","    712.03","","",
="089728","威盛群益26購01","0.00","","2388","威盛","83.10","＋","認購","美式","111年11月18日","111年11月18日","112年06月15日","112年06月19日","0.20","    90.00","","",
="089729","威盛群益27購01","0.28","＋","2388","威盛","83.10","＋","認購","美式","111年11月18日","111年11月18日","112年07月13日","112年07月17日","0.25","    105.00","","",
="089732","祥碩群益26購02","0.00","","5269","祥碩","1,300.00","＋","認購","美式","111年11月18日","111年11月18日","112年06月15日","112年06月19日","0.025","    1,025.00","","",
="089743","T50正2元富29購01","3.02","＋",="00631L","元大台灣50正2","129.10","＋","認購","美式","111年11月18日","111年11月18日","112年09月14日","112年09月18日","0.089","    100.00","","",
="089745","滬深2X元富28購01","0.00","",="00637L","元大滬深300正2","13.77","－","認購","美式","111年11月18日","111年11月18日","112年08月15日","112年08月17日","1.00","    16.50","","",
="08974P","臺股指中信26售05","0.00","","IX0001","臺股指數","16,636.30","","認售","歐式","111年09月16日","112年06月15日","112年06月13日","112年06月15日","0.001","    15,000.00","","",
="089751","台積電元富2B購01","3.38","＋","2330","台積電","568.00","＋","認購","美式","111年11月18日","111年11月18日","112年11月15日","112年11月17日","0.08","    593.36","","",
="089752","威盛元富28購01","1.76","＋","2388","威盛","83.10","＋","認購","美式","111年11月18日","111年11月18日","112年08月15日","112年08月17日","0.20","    82.00","","",
="089753","威盛元富28購02","2.39","＋","2388","威盛","83.10","＋","認購","美式","111年11月18日","111年11月18日","112年08月15日","112年08月17日","0.20","    75.00","","",
="089754","聯發科元富27購02","0.00","","2454","聯發科","738.00","＋","認購","美式","111年11月18日","111年11月18日","112年07月13日","112年07月17日","0.03","    900.00","","",
="089755","聯發科元富27購03","0.00","","2454","聯發科","738.00","＋","認購","美式","111年11月18日","111年11月18日","112年07月13日","112年07月17日","0.03","    800.00","","",
="089756","大立光元富28購03","1.00","＋","3008","大立光","2,305.00","＋","認購","美式","111年11月18日","111年11月18日","112年08月15日","112年08月17日","0.01","    2,548.34","","",
="089757","台積電麥證29購02","0.00","","2330","台積電","568.00","＋","認購","歐式","111年11月18日","112年09月18日","112年09月14日","112年09月18日","0.03","    504.35","","",
="089758","台積電麥證29購03","0.00","","2330","台積電","568.00","＋","認購","歐式","111年11月18日","112年09月18日","112年09月14日","112年09月18日","0.05","    593.36","","",
="089759","聯發科麥證27購01","0.00","","2454","聯發科","738.00","＋","認購","歐式","111年11月18日","112年07月17日","112年07月13日","112年07月17日","0.03","    999.00","","",
="08975P","臺股指中信26售06","0.00","","IX0001","臺股指數","16,636.30","","認售","歐式","111年09月16日","112年06月15日","112年06月13日","112年06月15日","0.004","    8,888.00","","",
="089760","T50正2元大28購01","0.00","",="00631L","元大台灣50正2","129.10","＋","認購","美式","111年11月18日","111年11月18日","112年08月15日","112年08月17日","0.25","    132.00","","",
="089762","滬深2X元大26購05","0.00","",="00637L","元大滬深300正2","13.77","－","認購","美式","111年11月18日","111年11月18日","112年06月15日","112年06月19日","1.00","    15.50","","",
="089763","臺指反元大29購01","0.00","",="00664R","國泰臺灣加權反1","5.58","－","認購","美式","111年11月18日","111年11月18日","112年09月14日","112年09月18日","1.00","    6.85","","",
="089764","道瓊反元大2A購02","0.00","",="00669R","國泰美國道瓊反1","8.06","－","認購","美式","111年11月18日","111年11月18日","112年10月13日","112年10月17日","1.00","    9.00","","",
="089770","鴻海元大2B購01","0.49","＋","2317","鴻海","105.50","＋","認購","美式","111年11月18日","111年11月18日","112年11月15日","112年11月17日","0.464","    150.00","","",
="089771","台積電元大2A購19","3.79","－","2330","台積電","568.00","＋","認購","美式","111年11月18日","111年11月18日","112年10月13日","112年10月17日","0.052","    561.71","","",
="089772","台積電元大2B購06","0.00","","2330","台積電","568.00","＋","認購","美式","111年11月18日","111年11月18日","112年11月15日","112年11月17日","0.06","    680.38","","",
="089775","威盛元大2A購01","1.67","＋","2388","威盛","83.10","＋","認購","美式","111年11月18日","111年11月18日","112年10月13日","112年10月17日","0.10","    87.50","","",
="089777","長榮元大2B購01","0.00","","2603","長榮","157.00","＋","認購","美式","111年11月18日","111年11月18日","112年11月15日","112年11月17日","0.076","    197.00","","",
="089780","聯詠元大29購01","3.81","","3034","聯詠","423.50","＋","認購","美式","111年11月18日","111年11月18日","112年09月14日","112年09月18日","0.068","    408.00","","",
="089781","聯詠元大2A購01","0.00","","3034","聯詠","423.50","＋","認購","美式","111年11月18日","111年11月18日","112年10月13日","112年10月17日","0.073","    449.50","","",
="089782","欣興元大2B購01","7.15","－","3037","欣興","182.50","－","認購","美式","111年11月18日","111年11月18日","112年11月15日","112年11月17日","0.215","    181.50","","",
="089789","臺股指元大29購12","0.00","","IX0001","臺股指數","16,636.30","","認購","歐式","111年11月18日","112年09月18日","112年09月14日","112年09月18日","0.003","    16,000.00","","",
="089790","臺股指元大29購13","0.00","","IX0001","臺股指數","16,636.30","","認購","歐式","111年11月18日","112年09月18日","112年09月14日","112年09月18日","0.002","    14,500.00","","",
="089791","臺股指元大29購14","0.00","","IX0001","臺股指數","16,636.30","","認購","歐式","111年11月18日","112年09月18日","112年09月14日","112年09月18日","0.001","    13,800.00","","",
="089792","臺股指元大2A購05","0.00","","IX0001","臺股指數","16,636.30","","認購","歐式","111年11月18日","112年10月17日","112年10月13日","112年10月17日","0.002","    15,000.00","","",
="089793","臺股指元大2A購06","2.48","","IX0001","臺股指數","16,636.30","","認購","歐式","111年11月18日","112年10月17日","112年10月13日","112年10月17日","0.001","    14,000.00","","",
="089798","臺指反富邦2B購01","0.00","",="00664R","國泰臺灣加權反1","5.58","－","認購","美式","111年11月18日","111年11月18日","112年11月15日","112年11月17日","1.00","    7.00","","",
="08979P","創意元大28售03","0.03","","3443","創意","1,515.00","＋","認售","歐式","111年11月30日","112年08月29日","112年08月25日","112年08月29日","0.03","    400.00","","",
="089800","為升富邦27購01","0.00","","2231","為升","172.50","＋","認購","美式","111年11月18日","111年11月18日","112年07月13日","112年07月17日","0.06","    180.00","","",
="089801","聯電富邦27購01","0.49","＋","2303","聯電","51.20","＋","認購","美式","111年11月18日","111年11月18日","112年07月13日","112年07月17日","0.20","    52.50","","",
="089802","台達電富邦26購01","0.00","","2308","台達電","315.50","－","認購","美式","111年11月18日","111年11月18日","112年06月15日","112年06月19日","0.18","    430.00","","",
="089803","光罩富邦26購01","0.00","","2338","光罩","81.80","＋","認購","美式","111年11月18日","111年11月18日","112年06月15日","112年06月19日","0.10","    85.00","","",
="089805","義隆富邦27購01","0.26","＋","2458","義隆","104.00","＋","認購","美式","111年11月18日","111年11月18日","112年07月13日","112年07月17日","0.227","    126.11","","",
="089806","宏達電富邦27購02","0.00","","2498","宏達電","61.50","＋","認購","美式","111年11月18日","111年11月18日","112年07月13日","112年07月17日","0.10","    75.00","","",
="089807","中磊富邦27購01","1.20","","5388","中磊","93.30","＋","認購","美式","111年11月18日","111年11月18日","112年07月13日","112年07月17日","0.105","    85.71","","",
="089808","力積電富邦26購03","0.00","","6770","力積電","30.85","＋","認購","美式","111年11月18日","111年11月18日","112年06月15日","112年06月19日","0.404","    39.65","","",
="089809","台泥兆豐27購01","0.00","","1101","台泥","38.15","＋","認購","美式","111年11月21日","111年11月21日","112年07月18日","112年07月20日","0.38","    36.80","","",
="08980P","臺股指麥證27售06","0.00","","IX0001","臺股指數","16,636.30","","認售","歐式","111年12月01日","112年07月31日","112年07月27日","112年07月31日","0.003","    13,000.00","","",
="089810","光寶科兆豐27購01","0.00","","2301","光寶科","86.40","＋","認購","美式","111年11月21日","111年11月21日","112年07月18日","112年07月20日","0.156","    66.01","","",
="089811","聯電兆豐27購01","1.02","＋","2303","聯電","51.20","＋","認購","美式","111年11月21日","111年11月21日","112年07月18日","112年07月20日","0.30","    49.80","","",
="089812","台積電兆豐27購05","0.00","","2330","台積電","568.00","＋","認購","美式","111年11月21日","111年11月21日","112年07月18日","112年07月20日","0.036","    536.98","","",
="089813","聯發科兆豐26購02","0.00","","2454","聯發科","738.00","＋","認購","美式","111年11月21日","111年11月21日","112年06月16日","112年06月20日","0.015","    730.00","","",
="089814","聯發科兆豐27購02","0.68","＋","2454","聯發科","738.00","＋","認購","美式","111年11月21日","111年11月21日","112年07月18日","112年07月20日","0.018","    770.00","","",
="089815","國泰金兆豐26購02","0.27","＋","2882","國泰金","44.75","＋","認購","美式","111年11月21日","111年11月21日","112年06月16日","112年06月20日","0.406","    47.26","","",
="089816","大立光兆豐26購02","0.00","","3008","大立光","2,305.00","＋","認購","美式","111年11月21日","111年11月21日","112年06月16日","112年06月20日","0.006","    2,254.30","","",
="089817","群創兆豐27購01","0.75","＋","3481","群創","14.10","＋","認購","美式","111年11月21日","111年11月21日","112年07月18日","112年07月20日","0.60","    13.80","","",
="089818","天鈺兆豐27購01","0.00","","4961","天鈺","154.00","＋","認購","美式","111年11月21日","111年11月21日","112年07月18日","112年07月20日","0.055","    145.00","","",
="089822","T50正2國票26購02","0.00","",="00631L","元大台灣50正2","129.10","＋","認購","美式","111年11月21日","111年11月21日","112年06月16日","112年06月20日","0.35","    130.00","","",
="089823","T50正2國票27購02","0.00","",="00631L","元大台灣50正2","129.10","＋","認購","美式","111年11月21日","111年11月21日","112年07月18日","112年07月20日","0.25","    120.00","","",
="089825","玉晶光國票27購02","0.00","","3406","玉晶光","400.00","＋","認購","美式","111年11月21日","111年11月21日","112年07月18日","112年07月20日","0.055","    550.00","","",
="089827","瑞鼎國票26購02","0.00","","3592","瑞鼎","348.00","＋","認購","美式","111年11月21日","111年11月21日","112年06月16日","112年06月20日","0.10","    480.00","","",
="089828","正文國票26購02","0.00","","4906","正文","31.40","＋","認購","美式","111年11月21日","111年11月21日","112年06月16日","112年06月20日","1.00","    41.00","","",
="089829","聯茂國票26購02","0.00","","6213","聯茂","72.30","＋","認購","美式","111年11月21日","111年11月21日","112年06月16日","112年06月20日","0.50","    100.00","","",
="089830","矽力國票26購01","0.00","","6415","矽力*-KY","394.50","＋","認購","美式","111年11月21日","111年11月21日","112年06月16日","112年06月20日","0.05","    693.86","","",
="089831","力智國票26購02","0.00","","6719","力智","303.00","＋","認購","美式","111年11月21日","111年11月21日","112年06月16日","112年06月20日","0.061","    400.00","","",
="089832","中鴻中信26購01","0.00","","2014","中鴻","23.15","＋","認購","歐式","111年11月21日","112年06月20日","112年06月16日","112年06月20日","0.28","    32.00","","",
="089833","聯發科中信26購01","0.00","","2454","聯發科","738.00","＋","認購","歐式","111年11月21日","112年06月20日","112年06月16日","112年06月20日","0.012","    988.00","","",
="089834","萬海中信26購01","0.00","","2615","萬海","60.00","＋","認購","歐式","111年11月21日","112年06月20日","112年06月16日","112年06月20日","0.10","    82.00","","",
="089835","道瓊反國泰27購02","0.28","",="00669R","國泰美國道瓊反1","8.06","－","認購","美式","111年11月21日","111年11月21日","112年07月18日","112年07月20日","1.00","    8.20","","",
="089836","台積電國泰27購07","2.20","＋","2330","台積電","568.00","＋","認購","美式","111年11月21日","111年11月21日","112年07月18日","112年07月20日","0.122","    603.25","","",
="089837","T50正2永豐26購02","0.00","",="00631L","元大台灣50正2","129.10","＋","認購","美式","111年11月21日","111年11月21日","112年06月16日","112年06月20日","0.235","    131.86","","",
="089838","T50正2永豐27購02","0.00","",="00631L","元大台灣50正2","129.10","＋","認購","美式","111年11月21日","111年11月21日","112年07月18日","112年07月20日","0.16","    122.09","","",
="089839","台積電永豐26購04","0.00","","2330","台積電","568.00","＋","認購","美式","111年11月21日","111年11月21日","112年06月16日","112年06月20日","0.054","    624.80","","",
="089848","樺漢永豐26購01","0.00","","6414","樺漢","281.00","＋","認購","美式","111年11月21日","111年11月21日","112年06月16日","112年06月20日","0.053","    234.03","","",
="089849","威鋒電永豐27購01","0.36","","6756","威鋒電子","223.00","＋","認購","美式","111年11月21日","111年11月21日","112年07月18日","112年07月20日","0.043","    271.41","","",
="089851","T50正2凱基29購05","0.00","",="00631L","元大台灣50正2","129.10","＋","認購","美式","111年11月21日","111年11月21日","112年09月18日","112年09月20日","0.35","    135.00","","",
="089852","臺指反凱基2B購02","0.00","",="00664R","國泰臺灣加權反1","5.58","－","認購","美式","111年11月21日","111年11月21日","112年11月16日","112年11月20日","1.00","    6.80","","",
="089853","力麗凱基27購01","0.00","","1444","力麗","10.50","＋","認購","美式","111年11月21日","111年11月21日","112年07月18日","112年07月20日","1.00","    12.00","","",
="089854","裕隆凱基26購01","0.00","","2201","裕隆","82.80","＋","認購","美式","111年11月21日","111年11月21日","112年06月16日","112年06月20日","0.50","    65.00","","",
="089855","鴻海凱基26購05","0.00","","2317","鴻海","105.50","＋","認購","美式","111年11月21日","111年11月21日","112年06月16日","112年06月20日","0.25","    114.00","","",
="089856","仁寶凱基26購01","4.04","＋","2324","仁寶","28.15","＋","認購","美式","111年11月21日","111年11月21日","112年06月16日","112年06月20日","1.049","    24.78","","",
="089858","台積電凱基26購13","0.00","","2330","台積電","568.00","＋","認購","美式","111年11月21日","111年11月21日","112年06月16日","112年06月20日","0.025","    484.58","","",
="089859","台積電凱基26購14","0.00","","2330","台積電","568.00","＋","認購","美式","111年11月21日","111年11月21日","112年06月16日","112年06月20日","0.035","    524.13","","",
="089860","台積電凱基27購18","0.00","","2330","台積電","568.00","＋","認購","美式","111年11月21日","111年11月21日","112年07月18日","112年07月20日","0.06","    593.36","","",
="089861","台積電凱基2B購02","0.00","","2330","台積電","568.00","＋","認購","美式","111年11月21日","111年11月21日","112年11月16日","112年11月20日","0.03","    534.02","","",
="089862","技嘉凱基26購01","0.00","","2376","技嘉","186.00","＋","認購","美式","111年11月21日","111年11月21日","112年06月16日","112年06月20日","0.25","    140.00","","",
="089863","義隆凱基26購01","0.00","","2458","義隆","104.00","＋","認購","美式","111年11月21日","111年11月21日","112年06月16日","112年06月20日","0.258","    116.41","","",
="089864","晶豪科凱基26購02","0.20","＋","3006","晶豪科","88.20","＋","認購","美式","111年11月21日","111年11月21日","112年06月16日","112年06月20日","0.35","    110.00","","",
="089867","晶睿凱基27購01","0.31","","3454","晶睿","182.50","＋","認購","美式","111年11月21日","111年11月21日","112年07月18日","112年07月20日","0.035","    230.00","","",
="089868","晶睿凱基29購01","0.00","","3454","晶睿","182.50","＋","認購","美式","111年11月21日","111年11月21日","112年09月18日","112年09月20日","0.04","    260.00","","",
="089869","健策凱基27購01","4.00","＋","3653","健策","616.00","＋","認購","美式","111年11月21日","111年11月21日","112年07月18日","112年07月20日","0.05","    570.00","","",
="089870","矽格凱基26購01","0.00","","6257","矽格","54.50","＋","認購","美式","111年11月21日","111年11月21日","112年06月16日","112年06月20日","0.65","    65.00","","",
="089872","南電凱基28購04","1.47","－","8046","南電","302.50","－","認購","美式","111年11月21日","111年11月21日","112年08月17日","112年08月21日","0.04","    290.00","","",
="089873","滬深2X富邦26購05","0.00","",="00637L","元大滬深300正2","13.77","－","認購","美式","111年11月21日","111年11月21日","112年06月16日","112年06月20日","0.90","    16.00","","",
="089874","國巨富邦26購05","0.00","","2327","國巨","508.00","＋","認購","美式","111年11月21日","111年11月21日","112年06月16日","112年06月20日","0.03","    560.00","","",
="089875","台積電富邦26購08","1.60","＋","2330","台積電","568.00","＋","認購","美式","111年11月21日","111年11月21日","112年06月16日","112年06月20日","0.05","    543.91","","",
="089876","台積電富邦29購01","0.00","","2330","台積電","568.00","＋","認購","美式","111年11月21日","111年11月21日","112年09月18日","112年09月20日","0.055","    603.25","","",
="089877","同欣電富邦27購01","0.03","","6271","同欣電","179.50","＋","認購","美式","111年11月21日","111年11月21日","112年07月18日","112年07月20日","0.032","    248.71","","",
="089878","元晶富邦27購01","0.64","＋","6443","元晶","36.20","＋","認購","美式","111年11月21日","111年11月21日","112年07月18日","112年07月20日","0.20","    36.00","","",
="089879","南茂富邦26購02","0.43","","8150","南茂","39.55","＋","認購","美式","111年11月21日","111年11月21日","112年06月16日","112年06月20日","0.80","    45.00","","",
="089880","T50正2元富26購01","0.00","",="00631L","元大台灣50正2","129.10","＋","認購","美式","111年11月21日","111年11月21日","112年06月16日","112年06月20日","0.23","    130.00","","",
="089881","T50正2元富28購02","0.00","",="00631L","元大台灣50正2","129.10","＋","認購","美式","111年11月21日","111年11月21日","112年08月17日","112年08月21日","0.31","    146.00","","",
="089885","威盛元富28購05","2.15","＋","2388","威盛","83.10","＋","認購","美式","111年11月21日","111年11月21日","112年08月17日","112年08月21日","0.20","    80.00","","",
="089886","台灣50麥證27購01","0.00","",="0050","元大台灣50","126.75","＋","認購","歐式","111年11月21日","112年07月20日","112年07月18日","112年07月20日","0.511","    127.14","","",
="089887","華新麥證26購01","0.00","","1605","華新","46.60","＋","認購","歐式","111年11月21日","112年06月20日","112年06月16日","112年06月20日","0.30","    70.00","","",
="089888","威盛麥證26購01","0.34","","2388","威盛","83.10","＋","認購","歐式","111年11月21日","112年06月20日","112年06月16日","112年06月20日","0.10","    99.00","","",
="089893","緯穎麥證26購01","0.85","＋","6669","緯穎","1,205.00","＋","認購","歐式","111年11月21日","112年06月20日","112年06月16日","112年06月20日","0.01","    1,200.00","","",
="089895","美費半群益27購02","2.58","",="00830","國泰費城半導體","31.65","＋","認購","美式","111年11月21日","111年11月21日","112年07月18日","112年07月20日","0.603","    28.36","","",
="089896","FB越南群益26購02","0.00","",="00885","富邦越南","11.45","＋","認購","美式","111年11月21日","111年11月21日","112年06月16日","112年06月20日","1.00","    11.00","","",
="089898","台積電群益27購08","1.39","＋","2330","台積電","568.00","＋","認購","美式","111年11月21日","111年11月21日","112年07月18日","112年07月20日","0.05","    578.52","","",
="089903","怡利電群益29購01","0.30","","2497","怡利電","71.30","＋","認購","美式","111年11月21日","111年11月21日","112年09月18日","112年09月20日","0.052","    85.00","","",
="089910","晶睿群益26購01","0.00","","3454","晶睿","182.50","＋","認購","美式","111年11月21日","111年11月21日","112年06月16日","112年06月20日","0.077","    230.00","","",
="089913","新唐群益27購01","0.49","＋","4919","新唐","130.50","＋","認購","美式","111年11月21日","111年11月21日","112年07月18日","112年07月20日","0.10","    150.00","","",
="089919","臺股指群益29購05","0.00","","IX0001","臺股指數","16,636.30","","認購","歐式","111年11月21日","112年09月20日","112年09月18日","112年09月20日","0.003","    15,300.00","","",
="089920","臺股指群益29購06","0.00","","IX0001","臺股指數","16,636.30","","認購","歐式","111年11月21日","112年09月20日","112年09月18日","112年09月20日","0.01","    18,000.00","","",
="089921","T50正2元大28購02","2.61","＋",="00631L","元大台灣50正2","129.10","＋","認購","美式","111年11月21日","111年11月21日","112年08月17日","112年08月21日","0.12","    115.00","","",
="089922","臺指反元大29購02","0.00","",="00664R","國泰臺灣加權反1","5.58","－","認購","美式","111年11月21日","111年11月21日","112年09月18日","112年09月20日","1.00","    6.60","","",
="089923","臺指反元大2A購01","0.00","",="00664R","國泰臺灣加權反1","5.58","－","認購","美式","111年11月21日","111年11月21日","112年10月18日","112年10月20日","1.00","    6.50","","",
="089924","道瓊反元大29購02","0.00","",="00669R","國泰美國道瓊反1","8.06","－","認購","美式","111年11月21日","111年11月21日","112年09月18日","112年09月20日","1.00","    8.40","","",
="089928","華新元大2B購01","0.00","","1605","華新","46.60","＋","認購","美式","111年11月21日","111年11月21日","112年11月16日","112年11月20日","0.312","    72.00","","",
="089932","鴻海元大2A購07","1.01","＋","2317","鴻海","105.50","＋","認購","美式","111年11月21日","111年11月21日","112年10月18日","112年10月20日","0.131","    109.00","","",
="089933","鴻海元大2B購02","0.72","＋","2317","鴻海","105.50","＋","認購","美式","111年11月21日","111年11月21日","112年11月16日","112年11月20日","0.40","    139.00","","",
="089934","台積電元大2A購20","0.00","","2330","台積電","568.00","＋","認購","美式","111年11月21日","111年11月21日","112年10月18日","112年10月20日","0.168","    623.02","","",
="089935","台積電元大2B購07","2.92","＋","2330","台積電","568.00","＋","認購","美式","111年11月21日","111年11月21日","112年11月16日","112年11月20日","0.043","    601.27","","",
="089937","威盛元大29購01","1.08","＋","2388","威盛","83.10","＋","認購","美式","111年11月21日","111年11月21日","112年09月18日","112年09月20日","0.08","    92.50","","",
="089938","威盛元大2A購02","1.08","＋","2388","威盛","83.10","＋","認購","美式","111年11月21日","111年11月21日","112年10月18日","112年10月20日","0.079","    97.50","","",
="089944","欣興元大2B購02","7.05","－","3037","欣興","182.50","－","認購","美式","111年11月21日","111年11月21日","112年11月16日","112年11月20日","0.209","    178.50","","",
="089950","祥碩元大2A購02","0.00","","5269","祥碩","1,300.00","＋","認購","美式","111年11月21日","111年11月21日","112年10月18日","112年10月20日","0.011","    1,020.00","","",
="089952","愛普元大27購01","0.00","","6531","愛普*","328.50","＋","認購","美式","111年11月21日","111年11月21日","112年07月18日","112年07月20日","0.09","    275.00","","",
="089953","南電元大2B購02","1.36","－","8046","南電","302.50","－","認購","美式","111年11月21日","111年11月21日","112年11月16日","112年11月20日","0.026","    318.50","","",
="089955","中華國票26購01","0.00","","2204","中華","91.60","－","認購","美式","111年11月22日","111年11月22日","112年06月19日","112年06月21日","0.60","    60.00","","",
="089957","宏達電國票26購01","1.24","＋","2498","宏達電","61.50","＋","認購","美式","111年11月22日","111年11月22日","112年06月19日","112年06月21日","0.20","    55.00","","",
="089958","大立光國票26購02","0.00","","3008","大立光","2,305.00","＋","認購","美式","111年11月22日","111年11月22日","112年06月19日","112年06月21日","0.051","    3,332.44","","",
="089959","智原國票26購01","0.00","","3035","智原","173.50","＋","認購","美式","111年11月22日","111年11月22日","112年06月19日","112年06月21日","0.30","    255.00","","",
="089960","中磊國票26購01","2.73","","5388","中磊","93.30","＋","認購","美式","111年11月22日","111年11月22日","112年06月19日","112年06月21日","0.228","    81.90","","",
="089969","祥碩群益27購01","0.00","","5269","祥碩","1,300.00","＋","認購","美式","111年11月22日","111年11月22日","112年07月19日","112年07月21日","0.015","    835.00","","",
="089970","愛普群益27購03","10.40","","6531","愛普*","328.50","＋","認購","美式","111年11月22日","111年11月22日","112年07月19日","112年07月21日","0.182","    280.00","","",
="089973","大立光元富28購04","0.00","","3008","大立光","2,305.00","＋","認購","美式","111年11月22日","111年11月22日","112年08月17日","112年08月21日","0.01","    2,744.36","","",
="089974","智原元富27購01","0.66","","3035","智原","173.50","＋","認購","美式","111年11月22日","111年11月22日","112年07月19日","112年07月21日","0.05","    185.00","","",
="089979","南電兆豐27購01","0.70","－","8046","南電","302.50","－","認購","美式","111年11月22日","111年11月22日","112年07月19日","112年07月21日","0.03","    298.00","","",
="089981","台積電統一27購04","0.00","","2330","台積電","568.00","＋","認購","美式","111年11月22日","111年11月22日","112年07月19日","112年07月21日","0.025","    549.40","","",
="089982","台積電統一2B購04","0.00","","2330","台積電","568.00","＋","認購","美式","111年11月22日","111年11月22日","112年11月17日","112年11月21日","0.02","    598.89","","",
="089983","台積電統一2B購05","1.14","＋","2330","台積電","568.00","＋","認購","美式","111年11月22日","111年11月22日","112年11月17日","112年11月21日","0.025","    582.36","","",
="089984","智原統一27購02","0.78","＋","3035","智原","173.50","＋","認購","美式","111年11月22日","111年11月22日","112年07月19日","112年07月21日","0.04","    169.90","","",
="089985","智原統一27購03","0.60","＋","3035","智原","173.50","＋","認購","美式","111年11月22日","111年11月22日","112年07月19日","112年07月21日","0.04","    173.20","","",
="089986","智原統一29購02","0.64","＋","3035","智原","173.50","＋","認購","美式","111年11月22日","111年11月22日","112年09月19日","112年09月21日","0.026","    188.88","","",
="089987","晶心科統一2B購02","0.00","","6533","晶心科","511.00","＋","認購","美式","111年11月22日","111年11月22日","112年11月17日","112年11月21日","0.01","    777.77","","",
="089988","振樺電統一27購01","0.00","","8114","振樺電","108.00","","認購","美式","111年11月22日","111年11月22日","112年07月19日","112年07月21日","0.029","    150.00","","",
="089989","台泥永豐27購01","0.00","","1101","台泥","38.15","＋","認購","美式","111年11月22日","111年11月22日","112年07月19日","112年07月21日","1.00","    44.65","","",
="089993","智原永豐26購01","0.00","","3035","智原","173.50","＋","認購","美式","111年11月22日","111年11月22日","112年06月19日","112年06月21日","0.064","    198.00","","",
="089994","智原永豐26購02","0.00","","3035","智原","173.50","＋","認購","美式","111年11月22日","111年11月22日","112年06月19日","112年06月21日","0.09","    239.25","","",
="089995","智原永豐27購01","0.00","","3035","智原","173.50","＋","認購","美式","111年11月22日","111年11月22日","112年07月19日","112年07月21日","0.06","    214.50","","",
="089996","T50正2凱基2A購01","0.00","",="00631L","元大台灣50正2","129.10","＋","認購","美式","111年11月22日","111年11月22日","112年10月19日","112年10月23日","0.30","    145.00","","",
="089997","T50反1凱基2B購02","0.09","",="00632R","元大台灣50反1","4.94","－","認購","美式","111年11月22日","111年11月22日","112年11月17日","112年11月21日","1.00","    6.00","","",
="089998","上証2X凱基26購03","0.00","",="00633L","富邦上証正2","35.01","－","認購","美式","111年11月22日","111年11月22日","112年06月19日","112年06月21日","1.00","    49.00","","",
="089999","臺指反凱基2B購03","0.00","",="00664R","國泰臺灣加權反1","5.58","－","認購","美式","111年11月22日","111年11月22日","112年11月17日","112年11月21日","1.00","    7.40","","",
